18988 1
19528 1
26387 1
27257 1
32728 1
41419 1
48003 1
53356 1
57993 1
67943 1
80686 1
83055 1
83165 1
87398 1
97635 1
102353 1
106686 1
107887 1
120616 1
124274 1
124870 1
125445 1
125722 1
127409 1
129710 1
132985 1
135875 1
142273 1
147249 1
157832 1
163007 1
163738 1
164907 1
166748 1
169181 1
179415 1
185552 1
192955 1
194125 1
194555 1
207270 1
208794 1
214000 1
222063 1
225448 1
230904 1
232266 1
241146 1
247021 1
252068 1
256293 1
259723 1
262100 1
265354 1
267396 1
270216 1
272105 1
273524 1
275298 1
276380 1
280818 1
282264 1
284942 1
311117 1
311872 1
312286 1
313750 1
324535 1
333335 1
339015 1
344493 1
347190 1
353240 1
357942 1
359032 1
363464 1
364875 1
365048 1
365877 1
367982 1
372338 1
372345 1
376383 1
380403 1
387577 1
395245 1
409166 1
422821 1
425660 1
427116 1
429640 1
432034 1
438701 1
440165 1
451031 1
451263 1
456274 1
457004 1
461347 1
468350 1
487456 1
491437 1
492096 1
493610 1
504597 1
506091 1
515903 1
521616 1
533219 1
533240 1
533629 1
535624 1
560266 1
565254 1
567899 1
569426 1
570050 1
572593 1
574460 1
577604 1
583792 1
583919 1
587189 1
589112 1
598294 1
602001 1
611250 1
633629 1
651230 1
651466 1
655673 1
659757 1
663305 1
664474 1
665214 1
669212 1
672197 1
677691 1
683158 1
701354 1
703632 1
703702 1
707696 1
723044 1
725387 1
726382 1
733254 1
740455 1
754217 1
755665 1
757069 1
762072 1
766905 1
768024 1
770323 1
778131 1
779031 1
779987 1
780980 1
782054 1
782270 1
793464 1
797659 1
808025 1
812875 1
825644 1
829213 1
829231 1
835369 1
837641 1
841996 1
856296 1
860769 1
860831 1
869531 1
871827 1
876959 1
881361 1
887036 1
894818 1
898077 1
906952 1
919449 1
922594 1
929646 1
934060 1
944104 1
952580 1
956786 1
959112 1
963070 1
979936 1
989965 1
1000778 1
1003999 1
1009625 1
1011775 1
1012160 1
1021086 1
1029296 1
1033273 1
1035641 1
1036582 1
1041891 1
1051505 1
1053402 1
1057642 1
1063931 1
1066741 1
1070364 1
1076095 1
1084334 1
1095734 1
1096113 1
1096324 1
1098594 1
1099229 1
1105462 1
1107561 1
1118124 1
1122059 1
1122686 1
1126426 1
1136385 1
1142434 1
1143973 1
1149879 1
1160447 1
1162748 1
1166554 1
1175915 1
1176700 1
1186833 1
1189143 1
1195510 1
1200391 1
1217804 1
1222900 1
1223671 1
1225764 1
1230302 1
1239413 1
1241747 1
1245242 1
1245501 1
1253002 1
1260217 1
1261665 1
1267483 1
1268071 1
1269038 1
1270466 1
1270828 1
1271036 1
1271426 1
1271845 1
1276359 1
1280199 1
1283488 1
1285967 1
1287188 1
1287631 1
1289044 1
1289885 1
1290519 1
1290718 1
1296810 1
1307606 1
1311210 1
1312529 1
1314076 1
1314382 1
1317370 1
1318131 1
1318134 1
1318573 1
1321634 1
1321875 1
1325005 1
1329789 1
1329924 1
1333398 1
1337270 1
1347148 1
1368501 1
1371877 1
1383132 1
1390106 1
1397837 1
1406382 1
1406673 1
1413562 1
1414882 1
1419224 1
1421637 1
1429040 1
1429175 1
1436004 1
1443774 1
1443935 1
1460057 1
1461652 1
1461652 1
1468942 1
1471045 1
1471153 1
1480991 1
1480991 1
1494266 1
1504036 1
1506262 1
1519941 1
1524931 1
1533976 1
1536391 1
1539276 1
1539877 1
1545042 1
1556972 1
1564035 1
1571742 1
1591004 1
1597396 1
1599102 1
1609467 1
1616484 1
1618930 1
1623317 1
1633282 1
1637017 1
1637304 1
1638934 1
1643858 1
1645163 1
1648397 1
1652055 1
1653865 1
1661520 1
1662902 1
1662931 1
1663642 1
1668251 1
1675129 1
1677802 1
1679648 1
1680344 1
1687407 1
1697942 1
1698967 1
1700485 1
1707113 1
1707903 1
1707903 1
1710708 1
1713455 1
1714236 1
1715271 1
1715703 1
1715920 1
1722321 1
1725820 1
1730527 1
1731125 1
1731659 1
1733736 1
1735173 1
1738900 1
1739881 1
1755271 1
1763934 1
1772404 1
1776814 1
1776822 1
1782872 1
1786594 1
1788265 1
1793657 1
1794391 1
1798856 1
1801443 1
1807411 1
1807991 1
1812936 1
1816150 1
1826699 1
1827203 1
1830227 1
1839884 1
1848682 1
1852287 1
1853231 1
1884595 1
1888631 1
1891221 1
1904736 1
1907705 1
1912566 1
1918328 1
1923875 1
1940982 1
1950402 1
1952692 1
1954945 1
1957312 1
1960007 1
1962984 1
1964106 1
1964950 1
1974108 1
1976542 1
1991494 1
1991678 1
1992989 1
1994714 1
1996019 1
1998474 1
1998475 1
2002028 1
2006244 1
2009308 1
2011387 1
2019965 1
2043383 1
2046019 1
2047270 1
2047345 1
2047713 1
2047716 1
2047968 1
2049192 1
2054979 1
2065911 1
2075001 1
2082767 1
2091377 1
2093273 1
2093355 1
2096890 1
2096976 1
2097406 1
2098740 1
2099282 1
2100748 1
2102498 1
2103264 1
2105650 1
2107904 1
2110596 1
2114588 1
2115401 1
2119126 1
2122671 1
2125924 1
2126134 1
2132543 1
2133564 1
2139905 1
2139905 1
2140610 1
2140724 1
2142713 1
2156021 1
2165125 1
2180466 1
2181536 1
2187779 1
2200757 1
2200807 1
2209727 1
2211070 1
2212877 1
2220545 1
2231899 1
2232701 1
2236879 1
2237884 1
2238511 1
2239982 1
2240263 1
2259989 1
2262835 1
2264367 1
2273203 1
2277903 1
2278058 1
2301604 1
2302280 1
2304814 1
2307233 1
2311436 1
2313750 1
2322389 1
2323428 1
2323543 1
2328726 1
2329554 1
2331372 1
2335463 1
2337784 1
2357426 1
2363550 1
2365387 1
2373411 1
2373416 1
2375841 1
2381095 1
2384074 1
2384346 1
2392308 1
2398190 1
2402865 1
2404302 1
2408745 1
2423371 1
2423878 1
2424435 1
2425638 1
2430742 1
2435951 1
2438371 1
2451573 1
2462037 1
2466300 1
2472202 1
2473955 1
2494118 1
2514644 1
2515592 1
2515819 1
2525453 1
2528068 1
2529172 1
2529787 1
2530963 1
2541026 1
2543621 1
2555851 1
2558921 1
2563259 1
2564071 1
2565748 1
2566383 1
2569895 1
2590264 1
2619666 1
2624691 1
2641776 1
2642926 1
2645010 1
2651115 1
2668029 1
2671866 1
2677374 1
2681381 1
2684731 1
2685249 1
2686766 1
2689440 1
2692638 1
2702703 1
2706246 1
2715846 1
2716131 1
2721443 1
2734279 1
2734942 1
2737018 1
2739525 1
2739981 1
2740914 1
2743102 1
2748429 1
2756399 1
2756526 1
2776941 1
2776963 1
2782083 1
2782249 1
2786299 1
2789762 1
2790212 1
2792535 1
2796524 1
2799576 1
2801170 1
2804239 1
2804557 1
2813749 1
2816022 1
2825610 1
2826535 1
2828589 1
2828793 1
2829410 1
2834584 1
2838964 1
2866338 1
2872018 1
2876420 1
2877208 1
2885792 1
2887363 1
2889479 1
2893751 1
2897943 1
2907881 1
2910571 1
2911799 1
2915055 1
2915728 1
2917056 1
2950815 1
2960056 1
2966744 1
2976124 1
2982996 1
2986367 1
2988530 1
2998105 1
3003105 1
3008841 1
3009954 1
3010721 1
3011736 1
3016756 1
3016855 1
3025816 1
3026756 1
3029123 1
3035991 1
3038068 1
3038150 1
3040710 1
3043901 1
3045600 1
3054543 1
3066491 1
3066633 1
3070273 1
3078671 1
3080964 1
3083627 1
3083807 1
3085872 1
3086494 1
3093227 1
3093627 1
3094702 1
3097041 1
3098242 1
3099810 1
3105946 1
3123396 1
3128622 1
3129814 1
3129847 1
3135871 1
3138863 1
3146451 1
3160854 1
3162127 1
3169200 1
3177608 1
3187407 1
3187970 1
3191597 1
3197490 1
3202217 1
3204870 1
3207514 1
3214734 1
3219902 1
3221283 1
3264128 1
3264962 1
3266147 1
3275306 1
3276969 1
3281810 1
3297882 1
3302225 1
3305686 1
3307978 1
3313155 1
3320289 1
3321443 1
3325052 1
3326621 1
3328149 1
3330766 1
3334592 1
3338451 1
3340210 1
3342658 1
3346859 1
3352223 1
3352833 1
3365100 1
3366401 1
3368181 1
3369033 1
3370755 1
3372335 1
3382653 1
3384457 1
3390946 1
3403233 1
3405001 1
3405001 1
3415826 1
3421836 1
3424032 1
3432410 1
3432628 1
3436573 1
3437167 1
3437465 1
3439834 1
3443140 1
3445623 1
3448964 1
3451688 1
3451929 1
3457294 1
3459415 1
3463163 1
3469151 1
3472738 1
3474458 1
3476455 1
3476976 1
3478571 1
3481251 1
3494243 1
3495249 1
3495472 1
3499530 1
3505591 1
3505873 1
3511363 1
3511363 1
3515035 1
3515124 1
3517305 1
3521741 1
3523520 1
3525818 1
3534787 1
3535015 1
3544464 1
3550880 1
3559354 1
3576921 1
3577274 1
3583588 1
3590951 1
3595804 1
3617645 1
3619074 1
3620331 1
3622105 1
3622601 1
3636719 1
3645285 1
3650121 1
3656013 1
3658098 1
3665268 1
3667861 1
3669626 1
3671702 1
3677178 1
3686668 1
3688674 1
3690416 1
3695497 1
3701272 1
3705157 1
3709192 1
3717557 1
3718134 1
3727390 1
3734056 1
3739378 1
3749712 1
3757948 1
3765111 1
3767409 1
3775676 1
3777879 1
3780868 1
3782334 1
3784228 1
3788533 1
3791348 1
3793377 1
3794690 1
3799752 1
3805517 1
3815156 1
3840713 1
3844386 1
3856831 1
3866918 1
3879374 1
3887952 1
3894063 1
3902127 1
3937425 1
3937538 1
3939871 1
3946826 1
3947376 1
3949431 1
3955191 1
3963234 1
3987295 1
3991588 1
3994562 1
4015342 1
4018205 1
4018540 1
4020774 1
4023434 1
4025220 1
4027675 1
4027802 1
4029638 1
4046670 1
4046899 1
4052961 1
4053769 1
4058578 1
4059624 1
4063650 1
4070019 1
4073861 1
4075388 1
4082482 1
4085528 1
4087507 1
4087766 1
4096654 1
4100331 1
4102122 1
4102632 1
4108019 1
4108657 1
4109879 1
4109983 1
4129093 1
4130626 1
4138460 1
4144006 1
4148151 1
4151956 1
4159511 1
4166712 1
4178743 1
4179792 1
4192781 1
4196722 1
4198733 1
4199624 1
4202890 1
4205279 1
4207381 1
4208658 1
4212614 1
4219516 1
4219517 1
4219733 1
4231940 1
4239549 1
4242681 1
4243553 1
4251270 1
4253855 1
4255141 1
4255669 1
4264053 1
4264642 1
4278200 1
4293806 1
4300288 1
4303610 1
4314807 1
4316336 1
4317115 1
4328754 1
4336075 1
4339150 1
4341584 1
4342592 1
4344379 1
4344516 1
4346330 1
4346448 1
4346649 1
4348300 1
4352650 1
4353079 1
4360431 1
4362831 1
4365235 1
4372994 1
4373087 1
4378752 1
4396208 1
4399759 1
4400440 1
4404727 1
4410440 1
4410558 1
4412830 1
4415572 1
4416851 1
4416989 1
4418476 1
4420526 1
4420651 1
4426843 1
4427481 1
4428144 1
4430393 1
4437137 1
4437919 1
4440165 1
4442269 1
4445044 1
4452110 1
4461907 1
4462781 1
4463938 1
4464643 1
4470755 1
4472572 1
4476455 1
4480956 1
4487088 1
4506765 1
4516754 1
4518663 1
4519941 1
4525939 1
4528548 1
4531836 1
4532308 1
4543287 1
4554207 1
4560150 1
4577547 1
4579789 1
4584856 1
4586948 1
4594317 1
4595508 1
4596858 1
4609615 1
4629591 1
4632345 1
4633506 1
4637986 1
4641431 1
4648917 1
4649347 1
4651697 1
4659887 1
4665277 1
4666750 1
4678357 1
4683635 1
4702218 1
4705190 1
4709932 1
4709932 1
4712778 1
4713372 1
4714464 1
4716334 1
4729700 1
4730327 1
4733043 1
4733831 1
4734630 1
4735833 1
4745506 1
4745662 1
4748744 1
4757745 1
4759356 1
4766551 1
4768812 1
4771531 1
4772790 1
4778076 1
4779864 1
4783910 1
4784088 1
4784786 1
4792579 1
4793929 1
4801207 1
4801359 1
4812088 1
4814502 1
4828906 1
4842026 1
4875415 1
4883426 1
4884599 1
4889062 1
4895249 1
4896542 1
4899473 1
4899788 1
4900151 1
4902920 1
4904811 1
4905134 1
4917503 1
4921899 1
4922498 1
4923657 1
4931322 1
4948731 1
4955787 1
4959256 1
4960049 1
4965733 1
4971443 1
4971759 1
4983756 1
4987351 1
4993684 1
4993690 1
4996398 1
4996766 1
4998728 1
5001314 1
5010538 1
5017472 1
5031317 1
5033578 1
5041820 1
5046883 1
5047200 1
5047261 1
5049996 1
5052657 1
5052818 1
5063614 1
5075620 1
5080615 1
5090701 1
5094847 1
5101700 1
5116767 1
5123059 1
5135295 1
5151126 1
5152371 1
5154321 1
5156691 1
5169807 1
5172245 1
5179062 1
5200770 1
5229778 1
5235851 1
5244120 1
5247023 1
5267679 1
5277506 1
5278120 1
5283684 1
5304098 1
5304457 1
5308278 1
5319919 1
5324807 1
5325363 1
5328212 1
5329295 1
5332103 1
5341528 1
5346957 1
5356146 1
5375890 1
5376801 1
5378230 1
5385743 1
5387417 1
5392405 1
5392405 1
5394352 1
5395484 1
5410483 1
5415905 1
5417385 1
5422311 1
5437388 1
5439258 1
5454882 1
5456390 1
5460912 1
5468016 1
5472581 1
5473426 1
5473515 1
5488465 1
5491910 1
5493461 1
5503544 1
5505779 1
5511656 1
5511959 1
5514450 1
5515701 1
5521795 1
5522292 1
5523278 1
5523513 1
5525158 1
5527147 1
5533477 1
5539276 1
5543280 1
5550427 1
5558909 1
5563527 1
5564146 1
5568730 1
5569226 1
5573132 1
5575475 1
5578039 1
5579960 1
5582604 1
5587381 1
5591806 1
5593132 1
5604740 1
5605328 1
5606680 1
5607317 1
5608790 1
5612607 1
5612708 1
5613911 1
5613975 1
5615112 1
5617190 1
5631293 1
5635213 1
5637184 1
5638490 1
5638601 1
5650966 1
5654223 1
5658664 1
5667457 1
5671689 1
5673105 1
5676341 1
5679595 1
5679905 1
5680368 1
5681353 1
5681674 1
5688556 1
5688806 1
5696064 1
5705948 1
5708853 1
5713350 1
5716184 1
5741460 1
5743338 1
5749152 1
5752921 1
5759160 1
5765380 1
5765753 1
5766074 1
5776457 1
5779081 1
5791079 1
5798785 1
5809294 1
5810749 1
5811318 1
5811510 1
5816573 1
5819817 1
5820336 1
5821191 1
5824590 1
5824631 1
5825300 1
5838996 1
5848325 1
5857585 1
5857791 1
5858207 1
5858810 1
5861379 1
5868760 1
5874228 1
5877247 1
5878600 1
5879072 1
5879075 1
5882470 1
5883824 1
5886750 1
5892762 1
5894843 1
5896535 1
5917558 1
5918611 1
5919917 1
5924335 1
5931357 1
5931928 1
5934248 1
5948555 1
5950138 1
5953978 1
5957807 1
5967193 1
5968722 1
5971303 1
5972389 1
5972729 1
5973626 1
5975338 1
5976258 1
5980616 1
5983009 1
5991891 1
6001037 1
6003662 1
6004901 1
6007210 1
6008910 1
6010285 1
6010381 1
6012205 1
6028862 1
6036419 1
6039499 1
6040366 1
6070707 1
6071850 1
6073976 1
6078262 1
6088550 1
6092381 1
6095950 1
6096074 1
6100051 1
6100073 1
6101876 1
6108209 1
6109092 1
6118983 1
6120703 1
6121343 1
6133102 1
6133518 1
6137267 1
6142457 1
6155091 1
6157240 1
6163573 1
6164017 1
6177621 1
6179678 1
6182941 1
6186590 1
6186683 1
6192646 1
6195651 1
6225014 1
6237276 1
6244393 1
6256678 1
6267327 1
6268194 1
6271504 1
6271548 1
6281509 1
6286539 1
6293774 1
6299417 1
6302920 1
6304521 1
6309488 1
6322054 1
6322319 1
6332017 1
6332017 1
6332060 1
6333801 1
6334195 1
6341229 1
6344472 1
6346763 1
6347211 1
6351022 1
6355618 1
6356037 1
6357893 1
6359478 1
6364840 1
6365867 1
6368624 1
6370903 1
6372956 1
6377578 1
6378664 1
6379208 1
6380892 1
6393739 1
6398531 1
6400094 1
6406754 1
6409120 1
6409606 1
6409617 1
6411987 1
6417433 1
6417642 1
6417669 1
6423933 1
6431432 1
6434073 1
6434598 1
6434748 1
6436050 1
6440120 1
6452869 1
6459882 1
6470253 1
6470253 1
6473355 1
6478909 1
6480194 1
6488236 1
6496559 1
6506154 1
6512681 1
6517369 1
6518492 1
6520399 1
6523777 1
6525078 1
6525957 1
6529009 1
6529092 1
6532504 1
6533094 1
6534015 1
6535701 1
6546539 1
6548248 1
6557008 1
6558502 1
6565533 1
6573109 1
6581439 1
6582441 1
6583602 1
6590021 1
6601676 1
6627363 1
6629270 1
6630773 1
6637353 1
6639075 1
6640975 1
6642683 1
6651029 1
6657854 1
6658728 1
6665458 1
6666601 1
6678742 1
6683114 1
6684709 1
6696976 1
6697254 1
6697964 1
6698847 1
6709157 1
6710480 1
6717553 1
6726858 1
6735359 1
6736244 1
6738576 1
6741129 1
6743594 1
6747161 1
6748015 1
6749330 1
6749641 1
6750539 1
6755583 1
6760321 1
6770043 1
6774082 1
6785764 1
6788467 1
6804411 1
6806618 1
6817929 1
6819095 1
6831343 1
6832883 1
6844570 1
6850009 1
6851318 1
6851437 1
6851891 1
6852922 1
6856401 1
6860869 1
6866992 1
6870022 1
6870216 1
6873341 1
6892651 1
6895019 1
6900005 1
6900798 1
6915690 1
6926153 1
6933192 1
6934431 1
6937255 1
6938579 1
6949433 1
6950880 1
6954946 1
6955179 1
6959934 1
6960644 1
6964575 1
6965994 1
6967641 1
6969930 1
6972953 1
6982317 1
7009627 1
7011098 1
7013919 1
7014703 1
7020765 1
7021434 1
7027438 1
7028187 1
7029910 1
7030056 1
7034649 1
7037751 1
7042322 1
7056998 1
7057850 1
7058097 1
7062773 1
7067660 1
7073185 1
7077701 1
7079443 1
7079504 1
7085590 1
7099053 1
7102582 1
7111514 1
7113264 1
7127304 1
7129279 1
7135502 1
7138450 1
7143164 1
7158677 1
7175766 1
7180940 1
7181108 1
7189063 1
7202562 1
7215363 1
7216949 1
7220577 1
7224112 1
7224304 1
7233681 1
7234873 1
7236038 1
7244958 1
7254914 1
7257169 1
7257743 1
7259642 1
7260690 1
7261239 1
7272760 1
7282565 1
7283514 1
7285183 1
7289308 1
7302499 1
7306104 1
7308812 1
7321816 1
7322796 1
7323856 1
7325337 1
7333587 1
7337452 1
7341301 1
7353335 1
7366775 1
7369440 1
7369942 1
7375969 1
7385408 1
7395534 1
7401787 1
7405754 1
7414836 1
7415728 1
7418177 1
7420175 1
7420389 1
7420389 1
7420515 1
7420717 1
7424238 1
7426576 1
7431664 1
7435777 1
7440023 1
7445202 1
7445527 1
7461505 1
7464941 1
7467573 1
7470149 1
7491604 1
7508359 1
7519502 1
7522080 1
7525795 1
7535406 1
7535406 1
7540821 1
7542307 1
7546764 1
7550032 1
7550032 1
7560124 1
7561876 1
7562314 1
7576629 1
7610439 1
7621027 1
7627560 1
7636721 1
7639898 1
7646601 1
7651728 1
7659215 1
7660522 1
7665912 1
7674666 1
7680402 1
7684536 1
7701362 1
7709939 1
7716149 1
7727897 1
7732112 1
7733555 1
7737219 1
7737745 1
7741525 1
7744674 1
7773833 1
7784159 1
7790831 1
7792751 1
7792991 1
7827479 1
7831311 1
7836311 1
7846982 1
7856805 1
7857005 1
7858544 1
7865004 1
7865323 1
7865991 1
7871774 1
7871973 1
7874657 1
7881788 1
7883039 1
7883183 1
7884537 1
7890536 1
7892372 1
7892820 1
7893558 1
7902572 1
7904995 1
7908163 1
7910353 1
7910621 1
7911289 1
7914443 1
7918953 1
7921062 1
7923981 1
7925531 1
7949715 1
7953629 1
7956967 1
7959071 1
7961548 1
7963549 1
7963549 1
7963845 1
7966294 1
7970105 1
7978498 1
7981876 1
7985242 1
7989378 1
7996152 1
7996237 1
8000558 1
8005637 1
8013379 1
8021158 1
8021178 1
8023295 1
8025973 1
8033594 1
8034209 1
8035190 1
8040612 1
8041083 1
8042868 1
8043197 1
8049546 1
8054726 1
8062027 1
8069263 1
8070422 1
8070982 1
8071835 1
8075497 1
8089227 1
8092896 1
8096599 1
8116144 1
8118033 1
8121340 1
8125491 1
8132520 1
8133190 1
8133939 1
8142481 1
8143316 1
8143922 1
8145291 1
8146522 1
8150894 1
8164114 1
8178163 1
8187379 1
8202949 1
8203740 1
8213959 1
8214750 1
8215430 1
8219653 1
8231347 1
8251894 1
8254203 1
8254204 1
8269426 1
8271930 1
8296950 1
8298004 1
8302498 1
8302956 1
8303511 1
8310634 1
8310813 1
5351 1
8170 1
12017 1
35971 1
46316 1
46674 1
52482 1
53610 1
58357 1
59654 1
62853 1
68156 1
88814 1
89073 1
98420 1
122707 1
127181 1
128655 1
134275 1
139178 1
142425 1
143392 1
145219 1
148997 1
150430 1
152613 1
154921 1
157001 1
161767 1
163041 1
163069 1
176272 1
176796 1
185167 1
186336 1
190568 1
195388 1
205226 1
210981 1
220970 1
221614 1
243809 1
267586 1
270661 1
275812 1
277389 1
278338 1
299277 1
310103 1
318837 1
321817 1
325209 1
335196 1
336767 1
340965 1
341932 1
354228 1
357037 1
358799 1
363510 1
379862 1
389785 1
389832 1
396022 1
409988 1
416683 1
429858 1
431577 1
436869 1
447030 1
450019 1
456809 1
457672 1
458737 1
461146 1
461234 1
463528 1
465850 1
470048 1
475348 1
483793 1
485494 1
491544 1
491579 1
491774 1
496681 1
509863 1
513531 1
526336 1
535163 1
555497 1
556549 1
557662 1
564012 1
568864 1
572412 1
575305 1
576443 1
584013 1
584141 1
584628 1
587359 1
599390 1
606586 1
642454 1
644985 1
650099 1
662274 1
664203 1
668308 1
669619 1
672142 1
678386 1
678457 1
680190 1
684186 1
684619 1
684965 1
687537 1
705119 1
709460 1
710636 1
713628 1
716688 1
717483 1
729128 1
741586 1
743101 1
744711 1
756591 1
759398 1
760946 1
768613 1
771962 1
772121 1
772129 1
773277 1
778532 1
783544 1
785270 1
790276 1
804934 1
812818 1
816545 1
824443 1
829244 1
831737 1
832412 1
835355 1
843106 1
847347 1
851510 1
853356 1
861782 1
864830 1
875178 1
881040 1
884433 1
888775 1
891286 1
891370 1
891914 1
895233 1
911653 1
912848 1
915605 1
916390 1
919243 1
924911 1
941140 1
949420 1
949420 1
962631 1
964172 1
979327 1
982837 1
985129 1
986410 1
990117 1
990898 1
992217 1
993604 1
1007335 1
1008190 1
1014159 1
1017352 1
1020200 1
1020260 1
1021660 1
1025811 1
1026236 1
1028184 1
1032823 1
1034269 1
1045252 1
1045312 1
1047052 1
1047597 1
1051205 1
1054469 1
1073538 1
1073639 1
1076810 1
1079916 1
1080481 1
1082145 1
1083110 1
1086411 1
1086431 1
1092200 1
1092510 1
1097979 1
1099523 1
1102613 1
1107402 1
1110520 1
1111450 1
1114839 1
1139473 1
1142077 1
1154337 1
1158967 1
1159851 1
1161346 1
1161510 1
1180904 1
1184735 1
1186197 1
1187735 1
1196088 1
1196626 1
1196938 1
1198838 1
1199111 1
1206917 1
1212723 1
1214572 1
1215494 1
1215840 1
1218132 1
1218150 1
1219544 1
1220142 1
1222738 1
1225917 1
1229871 1
1241713 1
1255741 1
1258352 1
1259213 1
1265936 1
1279227 1
1289577 1
1291596 1
1294170 1
1297555 1
1300981 1
1303590 1
1306872 1
1314263 1
1316796 1
1319649 1
1322923 1
1323119 1
1323948 1
1329566 1
1330182 1
1331794 1
1336429 1
1347452 1
1349133 1
1356147 1
1356399 1
1360932 1
1360932 1
1367290 1
1373000 1
1373102 1
1381056 1
1382025 1
1391576 1
1392202 1
1395864 1
1403804 1
1406033 1
1406193 1
1418980 1
1421486 1
1423477 1
1424488 1
1424852 1
1425113 1
1436565 1
1444981 1
1445412 1
1446882 1
1450294 1
1450668 1
1457960 1
1460485 1
1460882 1
1461224 1
1469170 1
1470744 1
1473614 1
1473815 1
1480938 1
1481154 1
1481212 1
1486587 1
1490154 1
1494848 1
1495247 1
1505222 1
1507223 1
1507424 1
1507425 1
1513622 1
1517309 1
1528299 1
1528692 1
1529686 1
1538899 1
1542180 1
1548650 1
1559929 1
1563320 1
1570934 1
1572796 1
1576564 1
1585634 1
1588494 1
1591215 1
1591316 1
1591400 1
1591425 1
1604381 1
1610472 1
1620781 1
1627375 1
1629775 1
1629981 1
1636234 1
1636887 1
1642540 1
1642559 1
1659171 1
1661079 1
1663789 1
1670466 1
1670747 1
1674456 1
1676082 1
1678685 1
1682045 1
1684208 1
1685609 1
1686542 1
1694984 1
1699598 1
1704523 1
1706026 1
1706570 1
1707351 1
1709439 1
1709505 1
1714569 1
1716433 1
1717944 1
1722416 1
1734814 1
1735833 1
1737227 1
1745476 1
1748237 1
1755406 1
1761607 1
1763124 1
1771761 1
1774497 1
1778294 1
1779218 1
1781995 1
1784771 1
1786231 1
1786551 1
1787184 1
1790968 1
1792587 1
1794016 1
1797937 1
1812239 1
1815667 1
1818006 1
1821591 1
1824001 1
1825049 1
1825877 1
1827313 1
1830843 1
1833703 1
1835379 1
1843672 1
1845655 1
1853459 1
1874728 1
1875486 1
1881800 1
1888146 1
1894404 1
1902270 1
1905737 1
1907807 1
1910035 1
1916393 1
1918748 1
1934427 1
1937558 1
1940201 1
1951786 1
1955128 1
1959571 1
1964645 1
1967740 1
1968951 1
1974234 1
1977334 1
1997774 1
2007248 1
2008727 1
2009245 1
2009252 1
2010571 1
2011287 1
2012325 1
2012888 1
2016914 1
2017010 1
2025188 1
2047559 1
2048823 1
2054754 1
2055119 1
2057396 1
2064556 1
2068018 1
2069231 1
2070759 1
2074153 1
2076562 1
2080507 1
2087492 1
2088313 1
2094202 1
2099701 1
2099701 1
2103059 1
2107587 1
2112464 1
2115804 1
2116541 1
2122753 1
2131994 1
2132081 1
2132825 1
2136545 1
2141356 1
2148421 1
2157558 1
2170077 1
2187334 1
2197603 1
2212857 1
2216125 1
2222346 1
2228019 1
2239377 1
2240464 1
2246856 1
2252858 1
2262491 1
2272664 1
2278719 1
2280728 1
2282667 1
2291957 1
2307317 1
2315553 1
2321460 1
2325240 1
2329594 1
2332015 1
2335290 1
2344036 1
2350911 1
2351316 1
2353748 1
2362287 1
2366779 1
2377015 1
2377569 1
2378464 1
2382304 1
2384892 1
2385049 1
2386972 1
2402236 1
2410182 1
2415868 1
2420339 1
2420941 1
2421090 1
2424043 1
2428013 1
2430741 1
2439776 1
2446366 1
2448709 1
2455128 1
2455701 1
2458125 1
2459140 1
2459768 1
2466738 1
2468578 1
2470468 1
2473325 1
2480692 1
2483748 1
2487476 1
2495014 1
2498937 1
2503008 1
2506218 1
2513352 1
2518316 1
2521963 1
2522321 1
2523135 1
2523698 1
2528299 1
2543299 1
2546208 1
2549750 1
2550274 1
2551352 1
2557347 1
2564690 1
2567207 1
2579787 1
2580251 1
2581566 1
2581833 1
2587182 1
2589721 1
2607042 1
2608765 1
2618066 1
2619250 1
2622857 1
2623012 1
2623244 1
2625311 1
2626407 1
2639075 1
2643318 1
2644503 1
2650210 1
2662019 1
2662151 1
2665411 1
2676387 1
2680361 1
2684673 1
2685791 1
2687084 1
2687907 1
2690741 1
2705830 1
2708272 1
2710875 1
2720433 1
2727537 1
2728658 1
2729114 1
2749033 1
2751337 1
2752085 1
2756989 1
2758826 1
2758987 1
2765103 1
2765512 1
2769761 1
2773559 1
2774056 1
2788193 1
2802711 1
2805279 1
2807818 1
2810186 1
2814801 1
2822250 1
2837317 1
2840031 1
2842920 1
2867174 1
2871969 1
2874370 1
2879082 1
2881570 1
2895451 1
2899134 1
2902183 1
2903444 1
2913647 1
2916057 1
2924857 1
2928710 1
2929460 1
2935182 1
2939695 1
2950731 1
2954835 1
2955834 1
2958284 1
2965371 1
2971585 1
2971594 1
2975110 1
2976096 1
2977565 1
2978919 1
2980695 1
2980889 1
2996213 1
3003756 1
3005213 1
3006244 1
3009754 1
3011689 1
3011914 1
3032818 1
3035802 1
3043876 1
3045994 1
3046566 1
3058331 1
3061040 1
3073278 1
3075215 1
3077141 1
3079753 1
3080694 1
3086108 1
3086228 1
3092679 1
3096704 1
3105398 1
3105938 1
3111955 1
3117266 1
3118596 1
3118900 1
3124319 1
3129830 1
3134071 1
3138907 1
3142293 1
3144819 1
3147739 1
3151025 1
3152656 1
3152910 1
3167162 1
3167712 1
3169172 1
3181276 1
3183164 1
3184340 1
3187215 1
3188482 1
3190818 1
3192541 1
3199459 1
3203217 1
3212456 1
3215081 1
3215081 1
3221516 1
3229376 1
3244042 1
3245768 1
3245861 1
3248675 1
3261418 1
3261582 1
3264144 1
3272867 1
3284673 1
3288454 1
3292634 1
3293705 1
3297400 1
3297477 1
3302294 1
3305961 1
3312150 1
3321991 1
3324327 1
3333203 1
3340206 1
3343115 1
3343275 1
3355545 1
3365020 1
3367525 1
3371385 1
3373516 1
3379542 1
3393318 1
3396251 1
3403613 1
3405133 1
3405698 1
3407015 1
3415678 1
3418247 1
3420349 1
3427719 1
3427719 1
3434109 1
3435143 1
3437156 1
3438150 1
3438462 1
3439056 1
3445375 1
3459434 1
3465426 1
3466036 1
3471277 1
3473503 1
3474605 1
3477794 1
3481850 1
3487425 1
3488913 1
3489265 1
3490112 1
3490308 1
3502990 1
3507081 1
3507722 1
3508226 1
3508637 1
3514429 1
3520218 1
3521152 1
3522590 1
3523467 1
3525572 1
3533480 1
3542183 1
3545958 1
3550852 1
3565536 1
3570745 1
3593701 1
3602932 1
3606351 1
3606634 1
3613626 1
3615642 1
3621877 1
3627490 1
3629234 1
3645549 1
3646335 1
3650095 1
3657182 1
3665566 1
3682078 1
3695056 1
3698407 1
3698428 1
3706399 1
3708775 1
3722353 1
3725163 1
3727185 1
3741014 1
3741821 1
3758930 1
3761889 1
3770052 1
3771117 1
3772732 1
3773964 1
3774085 1
3776290 1
3782173 1
3784258 1
3795454 1
3797141 1
3800576 1
3810034 1
3813070 1
3813207 1
3814774 1
3814899 1
3818987 1
3830551 1
3832546 1
3845641 1
3848217 1
3851932 1
3860295 1
3860748 1
3861210 1
3868269 1
3871456 1
3874064 1
3891099 1
3895000 1
3913968 1
3914557 1
3920306 1
3935583 1
3944303 1
3944675 1
3954050 1
3954679 1
3978508 1
3979576 1
3982634 1
3985289 1
3985813 1
3995467 1
4006528 1
4015837 1
4016761 1
4018528 1
4022667 1
4026511 1
4046742 1
4057441 1
4057855 1
4059009 1
4061375 1
4069090 1
4079403 1
4080384 1
4087565 1
4087737 1
4089778 1
4095959 1
4096796 1
4098212 1
4108671 1
4117790 1
4138124 1
4142699 1
4146567 1
4149253 1
4156055 1
4160259 1
4171446 1
4173639 1
4178813 1
4180059 1
4184603 1
4187495 1
4187684 1
4192278 1
4195803 1
4197774 1
4202981 1
4212028 1
4220266 1
4224061 1
4234661 1
4238341 1
4238821 1
4240599 1
4241830 1
4245801 1
4246150 1
4259464 1
4262401 1
4264322 1
4267064 1
4270282 1
4272269 1
4273136 1
4276380 1
4279621 1
4280599 1
4281268 1
4283194 1
4294163 1
4295324 1
4304380 1
4317935 1
4321601 1
4332431 1
4334806 1
4336792 1
4341235 1
4341685 1
4342157 1
4348811 1
4350436 1
4350595 1
4350796 1
4351530 1
4352222 1
4352315 1
4355406 1
4356027 1
4359608 1
4374749 1
4375628 1
4378721 1
4379454 1
4379650 1
4380266 1
4383764 1
4384295 1
4386208 1
4389177 1
4398794 1
4399488 1
4402856 1
4404332 1
4416452 1
4425278 1
4428494 1
4430435 1
4431389 1
4431536 1
4437725 1
4437953 1
4438686 1
4442389 1
4442538 1
4463377 1
4464485 1
4474219 1
4475732 1
4478856 1
4480630 1
4485596 1
4494037 1
4495571 1
4510217 1
4520971 1
4524054 1
4529034 1
4529105 1
4531555 1
4533534 1
4538274 1
4543623 1
4548242 1
4551355 1
4554582 1
4562664 1
4574433 1
4586155 1
4586989 1
4592542 1
4600909 1
4609066 1
4613715 1
4620080 1
4629047 1
4630585 1
4643686 1
4650902 1
4651568 1
4655349 1
4658169 1
4667307 1
4668928 1
4669700 1
4670189 1
4706022 1
4709770 1
4722987 1
4726107 1
4741684 1
4747243 1
4748529 1
4751958 1
4754011 1
4759724 1
4767820 1
4768464 1
4773052 1
4773443 1
4784658 1
4789821 1
4792079 1
4798598 1
4800502 1
4808039 1
4813395 1
4814043 1
4814860 1
4816886 1
4823591 1
4826454 1
4833966 1
4836110 1
4838241 1
4848541 1
4850579 1
4853487 1
4857017 1
4859336 1
4860830 1
4870752 1
4875623 1
4891813 1
4892021 1
4895728 1
4896401 1
4901288 1
4908492 1
4911098 1
4931194 1
4949809 1
4955289 1
4955289 1
4955588 1
4956086 1
4957655 1
4969090 1
4976603 1
4977331 1
4986074 1
5000809 1
5001041 1
5008507 1
5012178 1
5022477 1
5030531 1
5030721 1
5038596 1
5044275 1
5045612 1
5045703 1
5046319 1
5046530 1
5047551 1
5048813 1
5053965 1
5066961 1
5069951 1
5070484 1
5076110 1
5077362 1
5078784 1
5079467 1
5083951 1
5091683 1
5091935 1
5101572 1
5103803 1
5112237 1
5118424 1
5119697 1
5122755 1
5132435 1
5133703 1
5133904 1
5138800 1
5151444 1
5153503 1
5163602 1
5164437 1
5169748 1
5177679 1
5198099 1
5198682 1
5203034 1
5206837 1
5216508 1
5217453 1
5220199 1
5228407 1
5233730 1
5235444 1
5237100 1
5240632 1
5257264 1
5258205 1
5268854 1
5280438 1
5281459 1
5282138 1
5292163 1
5301193 1
5313265 1
5313941 1
5319527 1
5320410 1
5323889 1
5324527 1
5328144 1
5329422 1
5332173 1
5334257 1
5346565 1
5350782 1
5350817 1
5356027 1
5361481 1
5364206 1
5366076 1
5369154 1
5379401 1
5384522 1
5408782 1
5411551 1
5416754 1
5417223 1
5424733 1
5424983 1
5426633 1
5429423 1
5448452 1
5452676 1
5462726 1
5463702 1
5466039 1
5471425 1
5471714 1
5472599 1
5477533 1
5478330 1
5482740 1
5495780 1
5495944 1
5500700 1
5511731 1
5519061 1
5523732 1
5526062 1
5535238 1
5538415 1
5541903 1
5550384 1
5550384 1
5552446 1
5560377 1
5580673 1
5586089 1
5591468 1
5591983 1
5593792 1
5595587 1
5605313 1
5605835 1
5609201 1
5616583 1
5617114 1
5621469 1
5628822 1
5637769 1
5654325 1
5656086 1
5658333 1
5678929 1
5680214 1
5680784 1
5688196 1
5691278 1
5693132 1
5693495 1
5694249 1
5697222 1
5702860 1
5709733 1
5723390 1
5724009 1
5736590 1
5738081 1
5744527 1
5745716 1
5751717 1
5767830 1
5770323 1
5773134 1
5773626 1
5808251 1
5810610 1
5810610 1
5818014 1
5818373 1
5833979 1
5837804 1
5850376 1
5851273 1
5860266 1
5860330 1
5860339 1
5862372 1
5862892 1
5867684 1
5872422 1
5874734 1
5877119 1
5877933 1
5878226 1
5881846 1
5883920 1
5886668 1
5893224 1
5893799 1
5894905 1
5904432 1
5918846 1
5922269 1
5927588 1
5931831 1
5932836 1
5933360 1
5947547 1
5948102 1
5957004 1
5960410 1
5968224 1
5974413 1
5979394 1
5985151 1
5990822 1
5998911 1
6003189 1
6004059 1
6011532 1
6014621 1
6018861 1
6025266 1
6029139 1
6032429 1
6036976 1
6039780 1
6043524 1
6052673 1
6054155 1
6054279 1
6060877 1
6066045 1
6070969 1
6071877 1
6071877 1
6078317 1
6083140 1
6086549 1
6087202 1
6089387 1
6099384 1
6100882 1
6101174 1
6105181 1
6108895 1
6112891 1
6114355 1
6114505 1
6119507 1
6126113 1
6128997 1
6131043 1
6137223 1
6140632 1
6144466 1
6147167 1
6149826 1
6151836 1
6154497 1
6156223 1
6157239 1
6161162 1
6161253 1
6176501 1
6184524 1
6188955 1
6192405 1
6195191 1
6199158 1
6231690 1
6232703 1
6240874 1
6249412 1
6252341 1
6253357 1
6255232 1
6256144 1
6256722 1
6268695 1
6277251 1
6279289 1
6283968 1
6284574 1
6284760 1
6297640 1
6305623 1
6307426 1
6309284 1
6309483 1
6309821 1
6310985 1
6320407 1
6321474 1
6324265 1
6334104 1
6335065 1
6335355 1
6336109 1
6336964 1
6346671 1
6349415 1
6361262 1
6364098 1
6369181 1
6369660 1
6371658 1
6372549 1
6373834 1
6375528 1
6377554 1
6377555 1
6377699 1
6381363 1
6387502 1
6394185 1
6396724 1
6401600 1
6404698 1
6405039 1
6405721 1
6407699 1
6408124 1
6409565 1
6414276 1
6426622 1
6428898 1
6429208 1
6434308 1
6442527 1
6444035 1
6453273 1
6459517 1
6480381 1
6482314 1
6488836 1
6489727 1
6490584 1
6494252 1
6501348 1
6505665 1
6508950 1
6509466 1
6522675 1
6526025 1
6526986 1
6528048 1
6531078 1
6537515 1
6538056 1
6539732 1
6542975 1
6543014 1
6543633 1
6546389 1
6555237 1
6556776 1
6559205 1
6563668 1
6569716 1
6580418 1
6581237 1
6584017 1
6587757 1
6612426 1
6620660 1
6621259 1
6624728 1
6626718 1
6629073 1
6630464 1
6639188 1
6640863 1
6647474 1
6654361 1
6667226 1
6675905 1
6679076 1
6680776 1
6680973 1
6689518 1
6694227 1
6702610 1
6707586 1
6711162 1
6714759 1
6718532 1
6723593 1
6723596 1
6725219 1
6726487 1
6726550 1
6730136 1
6734623 1
6736302 1
6741477 1
6755263 1
6756684 1
6757068 1
6759839 1
6761434 1
6762749 1
6763246 1
6766742 1
6773263 1
6776323 1
6777753 1
6778862 1
6781592 1
6783964 1
6784800 1
6788676 1
6793659 1
6794698 1
6807735 1
6808277 1
6813687 1
6815331 1
6818205 1
6819776 1
6824363 1
6836491 1
6843579 1
6847390 1
6848012 1
6849825 1
6850569 1
6855724 1
6858455 1
6859405 1
6864509 1
6866238 1
6869411 1
6871198 1
6882911 1
6884903 1
6890107 1
6896858 1
6898715 1
6907007 1
6913438 1
6915154 1
6929471 1
6929523 1
6932509 1
6933596 1
6934221 1
6938033 1
6940550 1
6940575 1
6949351 1
6950966 1
6951915 1
6955943 1
6963602 1
6963605 1
6969550 1
6970362 1
6975705 1
6981583 1
6982221 1
6983074 1
6986564 1
6993501 1
7002557 1
7002564 1
7003689 1
7010036 1
7025017 1
7031485 1
7034906 1
7037729 1
7041546 1
7042835 1
7043534 1
7044132 1
7049747 1
7066725 1
7067922 1
7069821 1
7073116 1
7074015 1
7074554 1
7099253 1
7101858 1
7113774 1
7114320 1
7118619 1
7120847 1
7123041 1
7133907 1
7135470 1
7136429 1
7139916 1
7148285 1
7154369 1
7173033 1
7174208 1
7176382 1
7177517 1
7178216 1
7182707 1
7193139 1
7194326 1
7198871 1
7200001 1
7202852 1
7212136 1
7220325 1
7222623 1
7223427 1
7227084 1
7229795 1
7232484 1
7232794 1
7239723 1
7253539 1
7257803 1
7260031 1
7261575 1
7266288 1
7272492 1
7272725 1
7275497 1
7279037 1
7281260 1
7281535 1
7284472 1
7286768 1
7288498 1
7289318 1
7293824 1
7294672 1
7301921 1
7303754 1
7305697 1
7306260 1
7306529 1
7310994 1
7313275 1
7318611 1
7322143 1
7322825 1
7323080 1
7326840 1
7334879 1
7338207 1
7342540 1
7350795 1
7351611 1
7369567 1
7369945 1
7374076 1
7375013 1
7380157 1
7382576 1
7387878 1
7390486 1
7393046 1
7396115 1
7400976 1
7402262 1
7407202 1
7407577 1
7408008 1
7409191 1
7410203 1
7410546 1
7410856 1
7412255 1
7413072 1
7416271 1
7416512 1
7420888 1
7426491 1
7441701 1
7448771 1
7475451 1
7477436 1
7481347 1
7481935 1
7487434 1
7524216 1
7526259 1
7526690 1
7529859 1
7534828 1
7539065 1
7539876 1
7542680 1
7542781 1
7545710 1
7555958 1
7560956 1
7562783 1
7569761 1
7571365 1
7578998 1
7585615 1
7587756 1
7588501 1
7590781 1
7601603 1
7602998 1
7613091 1
7617251 1
7621891 1
7630267 1
7641421 1
7646154 1
7648346 1
7650135 1
7650345 1
7653314 1
7654393 1
7660744 1
7664349 1
7670012 1
7675410 1
7681728 1
7697953 1
7698745 1
7699423 1
7699491 1
7700145 1
7705492 1
7706208 1
7707809 1
7709870 1
7712532 1
7721048 1
7722035 1
7733018 1
7733113 1
7733623 1
7740857 1
7741192 1
7750920 1
7752533 1
7753336 1
7771862 1
7772875 1
7776330 1
7779834 1
7784988 1
7794514 1
7812994 1
7827983 1
7828926 1
7831110 1
7835370 1
7835774 1
7839603 1
7840914 1
7841694 1
7845244 1
7849684 1
7855466 1
7855670 1
7857525 1
7857753 1
7868602 1
7873926 1
7884447 1
7889042 1
7889042 1
7894555 1
7896713 1
7920060 1
7922684 1
7931046 1
7936237 1
7939513 1
7939524 1
7941159 1
7945404 1
7946519 1
7949249 1
7959893 1
7960409 1
7961655 1
7963660 1
7963999 1
7995793 1
7995969 1
7997165 1
7998113 1
8003031 1
8005083 1
8005340 1
8012354 1
8014490 1
8015813 1
8021038 1
8024227 1
8034239 1
8036010 1
8042694 1
8047644 1
8051649 1
8053925 1
8062813 1
8064139 1
8070120 1
8076431 1
8076981 1
8081246 1
8085053 1
8086893 1
8087191 1
8089912 1
8090076 1
8091825 1
8096154 1
8096160 1
8097760 1
8098344 1
8098362 1
8100196 1
8103032 1
8103634 1
8106934 1
8110522 1
8110982 1
8112358 1
8116175 1
8116212 1
8118929 1
8124022 1
8129820 1
8133191 1
8133901 1
8142228 1
8143697 1
8145439 1
8151913 1
8162746 1
8163257 1
8165016 1
8166652 1
8167129 1
8170633 1
8180428 1
8191688 1
8209987 1
8222912 1
8236386 1
8240640 1
8248724 1
8249786 1
8253156 1
8264056 1
8264997 1
8265266 1
8271979 1
8272258 1
8272323 1
8272329 1
8276670 1
8300262 1
8302687 1
8312380 1
46110 1
62023 1
63639 1
82974 1
98064 1
98647 1
102797 1
106561 1
107192 1
110643 1
112431 1
120591 1
122080 1
123129 1
131444 1
132421 1
132476 1
133020 1
135635 1
140830 1
143547 1
145363 1
145455 1
145508 1
146806 1
149333 1
150868 1
151137 1
153206 1
154761 1
155444 1
155458 1
159117 1
163253 1
171544 1
172564 1
174171 1
180129 1
182896 1
183063 1
200098 1
201559 1
201661 1
201706 1
203724 1
205842 1
205853 1
207781 1
209019 1
209644 1
210396 1
216290 1
221941 1
225505 1
226205 1
229453 1
229713 1
230844 1
231838 1
240072 1
241749 1
248579 1
250899 1
274104 1
277187 1
281199 1
292758 1
294032 1
295493 1
302475 1
304100 1
305067 1
310509 1
315245 1
335506 1
339578 1
352130 1
352556 1
352843 1
356240 1
367330 1
368685 1
377816 1
381135 1
386363 1
386390 1
389735 1
391081 1
414693 1
421783 1
425016 1
429817 1
443804 1
444991 1
445951 1
447879 1
448822 1
450371 1
453429 1
459484 1
464559 1
472424 1
482989 1
483405 1
490811 1
510384 1
511696 1
512074 1
514097 1
519463 1
520203 1
526687 1
531711 1
535390 1
539449 1
559373 1
562368 1
565020 1
567073 1
569979 1
571943 1
574515 1
574993 1
583831 1
583834 1
583834 1
586698 1
594947 1
599875 1
603576 1
606708 1
614674 1
615065 1
633134 1
633456 1
636837 1
641499 1
642065 1
654770 1
656663 1
658290 1
658516 1
659152 1
660715 1
664817 1
671290 1
671930 1
675946 1
678429 1
682306 1
687473 1
710870 1
715785 1
716163 1
716525 1
718727 1
719844 1
721282 1
725351 1
725928 1
729053 1
735693 1
737838 1
759963 1
765859 1
771825 1
775706 1
779121 1
809785 1
813453 1
816097 1
832810 1
840998 1
847185 1
871387 1
873008 1
873486 1
878298 1
878475 1
881052 1
881827 1
888266 1
888630 1
889299 1
895822 1
902229 1
912264 1
912505 1
915458 1
917929 1
921026 1
931251 1
941835 1
947196 1
951397 1
952462 1
957309 1
961773 1
962591 1
965840 1
971043 1
979223 1
980997 1
986127 1
990603 1
990905 1
993620 1
995566 1
996852 1
998487 1
1003923 1
1008703 1
1024560 1
1028717 1
1030793 1
1030845 1
1035158 1
1041197 1
1041286 1
1041595 1
1047365 1
1051902 1
1059639 1
1062594 1
1065394 1
1068292 1
1074521 1
1078023 1
1081651 1
1083311 1
1092876 1
1093705 1
1093983 1
1095387 1
1095390 1
1095795 1
1097561 1
1098809 1
1098908 1
1098969 1
1099148 1
1100168 1
1101621 1
1105358 1
1109977 1
1115808 1
1118385 1
1126057 1
1127841 1
1134712 1
1137585 1
1145749 1
1150242 1
1150413 1
1151320 1
1158620 1
1167231 1
1176760 1
1180181 1
1194951 1
1201187 1
1221057 1
1222843 1
1236975 1
1237483 1
1240859 1
1245774 1
1250829 1
1256879 1
1257973 1
1265561 1
1270579 1
1270760 1
1278454 1
1278881 1
1280018 1
1287189 1
1291159 1
1301046 1
1303527 1
1304880 1
1308861 1
1318571 1
1319627 1
1325360 1
1334914 1
1334925 1
1337543 1
1341625 1
1348322 1
1352491 1
1353177 1
1357902 1
1359476 1
1364438 1
1366409 1
1371541 1
1375834 1
1375863 1
1376509 1
1380853 1
1383505 1
1385127 1
1403179 1
1409272 1
1425513 1
1433034 1
1447270 1
1448962 1
1450778 1
1471240 1
1471411 1
1472176 1
1473544 1
1474276 1
1477974 1
1488515 1
1489918 1
1491457 1
1494917 1
1495209 1
1501568 1
1502149 1
1504424 1
1508505 1
1510359 1
1516524 1
1516950 1
1517817 1
1520628 1
1523995 1
1523995 1
1570124 1
1576635 1
1581430 1
1586198 1
1587163 1
1590911 1
1611871 1
1612584 1
1613791 1
1617559 1
1619524 1
1621511 1
1625513 1
1639001 1
1643908 1
1645819 1
1647402 1
1648342 1
1651790 1
1655476 1
1656866 1
1658024 1
1660234 1
1662605 1
1669352 1
1671128 1
1671134 1
1679348 1
1685731 1
1687290 1
1698484 1
1699945 1
1700230 1
1702058 1
1703075 1
1707180 1
1709529 1
1713383 1
1719362 1
1726754 1
1732777 1
1738698 1
1739173 1
1740991 1
1761307 1
1765126 1
1766602 1
1767063 1
1776466 1
1779292 1
1782407 1
1790789 1
1802781 1
1815801 1
1818782 1
1820364 1
1833847 1
1844564 1
1850721 1
1852262 1
1853540 1
1854777 1
1856985 1
1857168 1
1857260 1
1858119 1
1859809 1
1865987 1
1867492 1
1873738 1
1882468 1
1885147 1
1885391 1
1886414 1
1887488 1
1895595 1
1900184 1
1905020 1
1907026 1
1908818 1
1912476 1
1930201 1
1931065 1
1931905 1
1934515 1
1939821 1
1940045 1
1947701 1
1949644 1
1968129 1
1969888 1
1980048 1
1989442 1
1989467 1
1992970 1
1998635 1
2001832 1
2002554 1
2013292 1
2016868 1
2036822 1
2047387 1
2048115 1
2049238 1
2065952 1
2069186 1
2069536 1
2078715 1
2080351 1
2080459 1
2084993 1
2095210 1
2098287 1
2114697 1
2118044 1
2121752 1
2123988 1
2133220 1
2138110 1
2148417 1
2150374 1
2153047 1
2155794 1
2158912 1
2166339 1
2167527 1
2172727 1
2174849 1
2185543 1
2187279 1
2197455 1
2204211 1
2205074 1
2205426 1
2214648 1
2230848 1
2236013 1
2241378 1
2241482 1
2248657 1
2248781 1
2251240 1
2255626 1
2256592 1
2265282 1
2272472 1
2273649 1
2297720 1
2302134 1
2307358 1
2308721 1
2309153 1
2309779 1
2312428 1
2316012 1
2317766 1
2321563 1
2322319 1
2326485 1
2334533 1
2336011 1
2350449 1
2377072 1
2378850 1
2384640 1
2406829 1
2407342 1
2409587 1
2413018 1
2413718 1
2416128 1
2426894 1
2430780 1
2432416 1
2432816 1
2437800 1
2439426 1
2443395 1
2443542 1
2468786 1
2469927 1
2470024 1
2482507 1
2491713 1
2491910 1
2493226 1
2494298 1
2496776 1
2497032 1
2501969 1
2506930 1
2507676 1
2508723 1
2509010 1
2514930 1
2517944 1
2518453 1
2520153 1
2527526 1
2531221 1
2531858 1
2536407 1
2542577 1
2544043 1
2556237 1
2560872 1
2567261 1
2568487 1
2572370 1
2581414 1
2581634 1
2581635 1
2588793 1
2592322 1
2605840 1
2607071 1
2613321 1
2615528 1
2616988 1
2623862 1
2629462 1
2630495 1
2632003 1
2636417 1
2666411 1
2678365 1
2678573 1
2690084 1
2691894 1
2707849 1
2707849 1
2710979 1
2714507 1
2726104 1
2726412 1
2727581 1
2735639 1
2745962 1
2762785 1
2764211 1
2774762 1
2775087 1
2777775 1
2781151 1
2782961 1
2788031 1
2803763 1
2816915 1
2831922 1
2835266 1
2840351 1
2844054 1
2851571 1
2862231 1
2870185 1
2876937 1
2886700 1
2886710 1
2893572 1
2894217 1
2903799 1
2919981 1
2922386 1
2923272 1
2926383 1
2927897 1
2928605 1
2930708 1
2934932 1
2937991 1
2941881 1
2944929 1
2949706 1
2949706 1
2961045 1
2965518 1
2967446 1
2972172 1
2974965 1
2985576 1
2986117 1
2992002 1
2992545 1
2993265 1
2993670 1
2994483 1
2994484 1
2995082 1
2996765 1
3003302 1
3005336 1
3006496 1
3009958 1
3009971 1
3011651 1
3011789 1
3015568 1
3017776 1
3018281 1
3019272 1
3019676 1
3022919 1
3024516 1
3026523 1
3027565 1
3036064 1
3046663 1
3049224 1
3056184 1
3057042 1
3058801 1
3061584 1
3062507 1
3073736 1
3075188 1
3075654 1
3078017 1
3081668 1
3086041 1
3086101 1
3088536 1
3091520 1
3095310 1
3107962 1
3116532 1
3129446 1
3132917 1
3139695 1
3139837 1
3140098 1
3141998 1
3144172 1
3146051 1
3155548 1
3159112 1
3163958 1
3164835 1
3166259 1
3179710 1
3180523 1
3197233 1
3199125 1
3203533 1
3206749 1
3222978 1
3231949 1
3243942 1
3246637 1
3250509 1
3253750 1
3256827 1
3269762 1
3271410 1
3271972 1
3273156 1
3280686 1
3284572 1
3284612 1
3286722 1
3289016 1
3295167 1
3299959 1
3300595 1
3300972 1
3303647 1
3311889 1
3319316 1
3329427 1
3329615 1
3333416 1
3336517 1
3337266 1
3342394 1
3349270 1
3351345 1
3352756 1
3360393 1
3361638 1
3362377 1
3364911 1
3365646 1
3369984 1
3372232 1
3372399 1
3373746 1
3378747 1
3382315 1
3383095 1
3388192 1
3393049 1
3401455 1
3401826 1
3403454 1
3405271 1
3411076 1
3420313 1
3422407 1
3427463 1
3436112 1
3437067 1
3439489 1
3441765 1
3448924 1
3457609 1
3458029 1
3460197 1
3462352 1
3463537 1
3465120 1
3470179 1
3477906 1
3486940 1
3487487 1
3490805 1
3493705 1
3497766 1
3498058 1
3501833 1
3505921 1
3506138 1
3507645 1
3513687 1
3517479 1
3518899 1
3521135 1
3526605 1
3529869 1
3533710 1
3537546 1
3540929 1
3549964 1
3555612 1
3556090 1
3567576 1
3571639 1
3573451 1
3573957 1
3574612 1
3583521 1
3585606 1
3605686 1
3606309 1
3607054 1
3609658 1
3609886 1
3616100 1
3616117 1
3616734 1
3618336 1
3619052 1
3619885 1
3623735 1
3627076 1
3629312 1
3652714 1
3659773 1
3660136 1
3664481 1
3674417 1
3677603 1
3679554 1
3680459 1
3685495 1
3687044 1
3689873 1
3692057 1
3692761 1
3692944 1
3721501 1
3734465 1
3739540 1
3741557 1
3743355 1
3744786 1
3751368 1
3752456 1
3759056 1
3761037 1
3762837 1
3768907 1
3775200 1
3781654 1
3785610 1
3791746 1
3794300 1
3798421 1
3801426 1
3815508 1
3818663 1
3823297 1
3831853 1
3837795 1
3837944 1
3846737 1
3852242 1
3860547 1
3867085 1
3870225 1
3871542 1
3873049 1
3874201 1
3880136 1
3883245 1
3885526 1
3899008 1
3915007 1
3934760 1
3936598 1
3947691 1
3954827 1
3955030 1
3959520 1
3974077 1
3976153 1
3983680 1
3984092 1
4003294 1
4004630 1
4008378 1
4017406 1
4020376 1
4020870 1
4022708 1
4023157 1
4025628 1
4029515 1
4037147 1
4037966 1
4043433 1
4049377 1
4053688 1
4066020 1
4066719 1
4070193 1
4071470 1
4073459 1
4089100 1
4092509 1
4095232 1
4096832 1
4102835 1
4104821 1
4107143 1
4108633 1
4110690 1
4128740 1
4134245 1
4141062 1
4141145 1
4143562 1
4152526 1
4154363 1
4164059 1
4165940 1
4184170 1
4186924 1
4191419 1
4193356 1
4193522 1
4194048 1
4205996 1
4210107 1
4212613 1
4213328 1
4216302 1
4216799 1
4225319 1
4235503 1
4237418 1
4249301 1
4253652 1
4253667 1
4255578 1
4256724 1
4256878 1
4259443 1
4260594 1
4263172 1
4270839 1
4274634 1
4276242 1
4278939 1
4279136 1
4281534 1
4282631 1
4288565 1
4289838 1
4292907 1
4298197 1
4305844 1
4333259 1
4335853 1
4337472 1
4340671 1
4343113 1
4359484 1
4361702 1
4368020 1
4375429 1
4377657 1
4380569 1
4383575 1
4390859 1
4399445 1
4402573 1
4404795 1
4411129 1
4416210 1
4416954 1
4418388 1
4421647 1
4422819 1
4429468 1
4436572 1
4439877 1
4469679 1
4471029 1
4479003 1
4479715 1
4500737 1
4501510 1
4506237 1
4513020 1
4521048 1
4521218 1
4532777 1
4537639 1
4548460 1
4552662 1
4555576 1
4558337 1
4562537 1
4568554 1
4570857 1
4571161 1
4571365 1
4578321 1
4579729 1
4583541 1
4585430 1
4606474 1
4608915 1
4611738 1
4633620 1
4634506 1
4635305 1
4636203 1
4640926 1
4645970 1
4660642 1
4661872 1
4665729 1
4671048 1
4677615 1
4681383 1
4682651 1
4684858 1
4687774 1
4700643 1
4702702 1
4703464 1
4706109 1
4707957 1
4709385 1
4718546 1
4735714 1
4736608 1
4753746 1
4761185 1
4762026 1
4773703 1
4783604 1
4789364 1
4798940 1
4799101 1
4805411 1
4806435 1
4810132 1
4816748 1
4820075 1
4820219 1
4822744 1
4825289 1
4828141 1
4836559 1
4836989 1
4839786 1
4840767 1
4846670 1
4854784 1
4854977 1
4860604 1
4868620 1
4868870 1
4870795 1
4874372 1
4899573 1
4905326 1
4911668 1
4939380 1
4948447 1
4959336 1
4962703 1
4964584 1
4965931 1
4969937 1
4970102 1
4979263 1
4982982 1
4983819 1
4999803 1
5017836 1
5030422 1
5030893 1
5034383 1
5036941 1
5041067 1
5041844 1
5046088 1
5047512 1
5055446 1
5068704 1
5071843 1
5073790 1
5075414 1
5075419 1
5075440 1
5079101 1
5082229 1
5084180 1
5087263 1
5107756 1
5122424 1
5131013 1
5131125 1
5143469 1
5154685 1
5157154 1
5163756 1
5171593 1
5173577 1
5197272 1
5198417 1
5209375 1
5209889 1
5210374 1
5221279 1
5228150 1
5229201 1
5257153 1
5259837 1
5272191 1
5272930 1
5275692 1
5283507 1
5283656 1
5290977 1
5293406 1
5294320 1
5313280 1
5316316 1
5322185 1
5324260 1
5331019 1
5331713 1
5331940 1
5331988 1
5346386 1
5347546 1
5350196 1
5351575 1
5354394 1
5369488 1
5372468 1
5374329 1
5381955 1
5385484 1
5388173 1
5392673 1
5406361 1
5422477 1
5427135 1
5437957 1
5439095 1
5446315 1
5449576 1
5451095 1
5461703 1
5465460 1
5469370 1
5471666 1
5492922 1
5495037 1
5498730 1
5499559 1
5509580 1
5519444 1
5521769 1
5535858 1
5536071 1
5536730 1
5543732 1
5543895 1
5544865 1
5548162 1
5548811 1
5550454 1
5552983 1
5554295 1
5568220 1
5588697 1
5591415 1
5591546 1
5591577 1
5594937 1
5595630 1
5596296 1
5609490 1
5612872 1
5615371 1
5630583 1
5644160 1
5646048 1
5649982 1
5652344 1
5652600 1
5657441 1
5659696 1
5661186 1
5663569 1
5679705 1
5681000 1
5681171 1
5687275 1
5690250 1
5692197 1
5700328 1
5704869 1
5708426 1
5712088 1
5712486 1
5716526 1
5724339 1
5730250 1
5730627 1
5731951 1
5732175 1
5734986 1
5741193 1
5746832 1
5751655 1
5751917 1
5758285 1
5758731 1
5761416 1
5764563 1
5765857 1
5765862 1
5767445 1
5771735 1
5773519 1
5773890 1
5776130 1
5776877 1
5779100 1
5788195 1
5796818 1
5796873 1
5797375 1
5798185 1
5800005 1
5800214 1
5800318 1
5800360 1
5807069 1
5809102 1
5809136 1
5810121 1
5810621 1
5818383 1
5818962 1
5820051 1
5822072 1
5825768 1
5840872 1
5848394 1
5851610 1
5854671 1
5870083 1
5871327 1
5879678 1
5879979 1
5881496 1
5884391 1
5888256 1
5890835 1
5891981 1
5893107 1
5899460 1
5905129 1
5915233 1
5920357 1
5934287 1
5938756 1
5941142 1
5942769 1
5958632 1
5959563 1
5965775 1
5972458 1
5972537 1
5972651 1
5972714 1
5976442 1
5976634 1
5980483 1
5983131 1
5986589 1
5994705 1
5994802 1
5996681 1
5998073 1
6002196 1
6005572 1
6007184 1
6015332 1
6030480 1
6031031 1
6041485 1
6041952 1
6043842 1
6044995 1
6049397 1
6067485 1
6071780 1
6076402 1
6088405 1
6093786 1
6098989 1
6100780 1
6104204 1
6104376 1
6105849 1
6116591 1
6123901 1
6126902 1
6130241 1
6134722 1
6136008 1
6146648 1
6163088 1
6165410 1
6166782 1
6170662 1
6173735 1
6182837 1
6192476 1
6197557 1
6198343 1
6200644 1
6202766 1
6225084 1
6228138 1
6237307 1
6238326 1
6249136 1
6252934 1
6253705 1
6261354 1
6261458 1
6277362 1
6281087 1
6281879 1
6282564 1
6284898 1
6285824 1
6285824 1
6294651 1
6295008 1
6300423 1
6302365 1
6305288 1
6314413 1
6319138 1
6326157 1
6330563 1
6341183 1
6346929 1
6347814 1
6354656 1
6355186 1
6355373 1
6360686 1
6364522 1
6367932 1
6371636 1
6375683 1
6380648 1
6380667 1
6382121 1
6383915 1
6387219 1
6394485 1
6397853 1
6400898 1
6404893 1
6411245 1
6414852 1
6425880 1
6432768 1
6434179 1
6439410 1
6459921 1
6467954 1
6469345 1
6474307 1
6475664 1
6477972 1
6481246 1
6488331 1
6492856 1
6493111 1
6494819 1
6504884 1
6506549 1
6508544 1
6525042 1
6527060 1
6541017 1
6541916 1
6550852 1
6570977 1
6572055 1
6576393 1
6576495 1
6589095 1
6591852 1
6603244 1
6619068 1
6619954 1
6620813 1
6626672 1
6628466 1
6632995 1
6636691 1
6645387 1
6650752 1
6653502 1
6653596 1
6658806 1
6658813 1
6658865 1
6664666 1
6665103 1
6674961 1
6680679 1
6680995 1
6681189 1
6683420 1
6692739 1
6700240 1
6707398 1
6709952 1
6713764 1
6729621 1
6732437 1
6738251 1
6742391 1
6742832 1
6755529 1
6761858 1
6766514 1
6768349 1
6770979 1
6774671 1
6777155 1
6779860 1
6792355 1
6794770 1
6798381 1
6809113 1
6811435 1
6816289 1
6821156 1
6824167 1
6824379 1
6829761 1
6831874 1
6837497 1
6840003 1
6845485 1
6850342 1
6851922 1
6853993 1
6854842 1
6855468 1
6859849 1
6868711 1
6869447 1
6870694 1
6871382 1
6884846 1
6887756 1
6889024 1
6893329 1
6893968 1
6896193 1
6896235 1
6896261 1
6906624 1
6910004 1
6919700 1
6925617 1
6927522 1
6931259 1
6931636 1
6933183 1
6937172 1
6937590 1
6938909 1
6943448 1
6958870 1
6964528 1
6975592 1
6976037 1
6990659 1
6991350 1
6999160 1
7012596 1
7015763 1
7036594 1
7039735 1
7042418 1
7046595 1
7051071 1
7051194 1
7059799 1
7060943 1
7075288 1
7076186 1
7077350 1
7077792 1
7099038 1
7103474 1
7114362 1
7119983 1
7123379 1
7124203 1
7133144 1
7136006 1
7142310 1
7145675 1
7145938 1
7151452 1
7152383 1
7155140 1
7162711 1
7164143 1
7164996 1
7172228 1
7195424 1
7196711 1
7206096 1
7219046 1
7223807 1
7225007 1
7227907 1
7237625 1
7240102 1
7245517 1
7246303 1
7254444 1
7260014 1
7260740 1
7266422 1
7268648 1
7277323 1
7283586 1
7289095 1
7290170 1
7295102 1
7297437 1
7304728 1
7312998 1
7322507 1
7323259 1
7323531 1
7324233 1
7328831 1
7329826 1
7335872 1
7346441 1
7353312 1
7356405 1
7362410 1
7367955 1
7368981 1
7370655 1
7372071 1
7373120 1
7376728 1
7381583 1
7382794 1
7401375 1
7406666 1
7412078 1
7417189 1
7417196 1
7417912 1
7418981 1
7419597 1
7420828 1
7420934 1
7421014 1
7422326 1
7426167 1
7437940 1
7453047 1
7454063 1
7460841 1
7462925 1
7472013 1
7472414 1
7484539 1
7487859 1
7493209 1
7496756 1
7499186 1
7502438 1
7504209 1
7512247 1
7515269 1
7519777 1
7537313 1
7540154 1
7545271 1
7549356 1
7552922 1
7557796 1
7560431 1
7563145 1
7576640 1
7579937 1
7580925 1
7590891 1
7591161 1
7594632 1
7603422 1
7629991 1
7629996 1
7630755 1
7633943 1
7634072 1
7637715 1
7638588 1
7642766 1
7644263 1
7648328 1
7651449 1
7657132 1
7658017 1
7662005 1
7672251 1
7679997 1
7683471 1
7684729 1
7691130 1
7693003 1
7695379 1
7695577 1
7703123 1
7707536 1
7708013 1
7715895 1
7721853 1
7723558 1
7729252 1
7732581 1
7749462 1
7750358 1
7758624 1
7761927 1
7776825 1
7777196 1
7784514 1
7790464 1
7794268 1
7803526 1
7805022 1
7805976 1
7822080 1
7826699 1
7828567 1
7828822 1
7831665 1
7835642 1
7837544 1
7837683 1
7838806 1
7850080 1
7850990 1
7855868 1
7863087 1
7867429 1
7871816 1
7879488 1
7885545 1
7890750 1
7898934 1
7900183 1
7900803 1
7903331 1
7906412 1
7906739 1
7915250 1
7916099 1
7919928 1
7920119 1
7926852 1
7927139 1
7930077 1
7930983 1
7936126 1
7938270 1
7942480 1
7946206 1
7953855 1
7957212 1
7962914 1
7970182 1
7994362 1
7994388 1
7995958 1
7997554 1
8003058 1
8009112 1
8010436 1
8012119 1
8023240 1
8024317 1
8024668 1
8034651 1
8039774 1
8042418 1
8042790 1
8044154 1
8059514 1
8066292 1
8067288 1
8085299 1
8087359 1
8087541 1
8088240 1
8096132 1
8099918 1
8117942 1
8121569 1
8122486 1
8123461 1
8126053 1
8129678 1
8131777 1
8135781 1
8136498 1
8144204 1
8144598 1
8145507 1
8145602 1
8148243 1
8156521 1
8157290 1
8161299 1
8167866 1
8185394 1
8195216 1
8195993 1
8202931 1
8207169 1
8210303 1
8213103 1
8213119 1
8218918 1
8219885 1
8219957 1
8221415 1
8224123 1
8225152 1
8226784 1
8230061 1
8235410 1
8237568 1
8241792 1
8245334 1
8259177 1
8259826 1
8262887 1
8265179 1
8267508 1
8269942 1
8274890 1
8287999 1
2477 1
2477 1
32559 1
33603 1
46362 1
46834 1
52605 1
54372 1
54780 1
61692 1
62226 1
68585 1
72007 1
78218 1
78502 1
88117 1
98330 1
105512 1
106556 1
107159 1
111455 1
116719 1
126014 1
141125 1
143605 1
151940 1
157164 1
162677 1
166867 1
166874 1
167462 1
170675 1
171823 1
178607 1
179578 1
181228 1
185698 1
186619 1
191748 1
191808 1
200448 1
202377 1
203849 1
208350 1
209511 1
211330 1
219549 1
221972 1
225543 1
231306 1
231641 1
234697 1
246919 1
251934 1
255309 1
290166 1
295085 1
295797 1
299817 1
302670 1
304177 1
308196 1
308800 1
312495 1
317669 1
318418 1
333380 1
333400 1
334025 1
334633 1
334659 1
337036 1
340610 1
350063 1
358560 1
359241 1
374715 1
374715 1
376891 1
391869 1
428985 1
452227 1
454335 1
456336 1
456880 1
462008 1
467023 1
471302 1
474145 1
477409 1
481801 1
483197 1
483929 1
487533 1
490345 1
499827 1
500036 1
502189 1
504016 1
505365 1
511399 1
524956 1
525051 1
525807 1
531518 1
549324 1
556497 1
565287 1
565397 1
567262 1
567766 1
570768 1
572746 1
578372 1
584181 1
588608 1
592362 1
592830 1
601528 1
603328 1
608494 1
610864 1
620923 1
628991 1
633659 1
644752 1
646421 1
648072 1
648856 1
651272 1
652898 1
655208 1
663595 1
665577 1
676284 1
677739 1
678397 1
679869 1
684573 1
694230 1
699113 1
709107 1
711096 1
733077 1
751169 1
760103 1
765496 1
769698 1
793090 1
807473 1
807503 1
811850 1
814097 1
816095 1
817813 1
819071 1
819198 1
820532 1
826715 1
834109 1
845065 1
845275 1
845478 1
851234 1
853765 1
860654 1
861889 1
863806 1
863917 1
864739 1
871180 1
872854 1
874412 1
875282 1
877615 1
879391 1
892435 1
906704 1
912769 1
920922 1
933175 1
936265 1
952570 1
953141 1
953826 1
957283 1
971500 1
979577 1
986168 1
993996 1
1001422 1
1004084 1
1004666 1
1006106 1
1007395 1
1025227 1
1038341 1
1038969 1
1039144 1
1039766 1
1041275 1
1041560 1
1046653 1
1050348 1
1059198 1
1065085 1
1071795 1
1073824 1
1086730 1
1088478 1
1089387 1
1095332 1
1097451 1
1099619 1
1109455 1
1116123 1
1122741 1
1136340 1
1142612 1
1144006 1
1153320 1
1156853 1
1164529 1
1168583 1
1175603 1
1177725 1
1184409 1
1186463 1
1195480 1
1200245 1
1205462 1
1207041 1
1207859 1
1211569 1
1219414 1
1221103 1
1225355 1
1227025 1
1241210 1
1242653 1
1244777 1
1249297 1
1254619 1
1255191 1
1256261 1
1259963 1
1265289 1
1265702 1
1266990 1
1271257 1
1272430 1
1276987 1
1295546 1
1298134 1
1298561 1
1301116 1
1301208 1
1307221 1
1310581 1
1311662 1
1317853 1
1324736 1
1328276 1
1340039 1
1341345 1
1346073 1
1347922 1
1348114 1
1350142 1
1356400 1
1356566 1
1357321 1
1357474 1
1367913 1
1369484 1
1372498 1
1379063 1
1379675 1
1381647 1
1397500 1
1397995 1
1398085 1
1400326 1
1404863 1
1407506 1
1411380 1
1411906 1
1421053 1
1422954 1
1422961 1
1424335 1
1432424 1
1433263 1
1434256 1
1441222 1
1442429 1
1443657 1
1444811 1
1447072 1
1458537 1
1459567 1
1462492 1
1471402 1
1474878 1
1475006 1
1475652 1
1476153 1
1479084 1
1479763 1
1480810 1
1481933 1
1483544 1
1486360 1
1486360 1
1491203 1
1499121 1
1511986 1
1520886 1
1521846 1
1521852 1
1521998 1
1527655 1
1540601 1
1543158 1
1549032 1
1553578 1
1557159 1
1557410 1
1562766 1
1566250 1
1570020 1
1572668 1
1574452 1
1590893 1
1591386 1
1592922 1
1594084 1
1595138 1
1619248 1
1624685 1
1627539 1
1627991 1
1633845 1
1634634 1
1634819 1
1635300 1
1641510 1
1643628 1
1644066 1
1652341 1
1660409 1
1660855 1
1661884 1
1669502 1
1675573 1
1678285 1
1681599 1
1688226 1
1693308 1
1694903 1
1696091 1
1698112 1
1701547 1
1704078 1
1704846 1
1705916 1
1710633 1
1715790 1
1722210 1
1729776 1
1735654 1
1738994 1
1740018 1
1741494 1
1743175 1
1747517 1
1751628 1
1751936 1
1756114 1
1759785 1
1770800 1
1771460 1
1772801 1
1772874 1
1776604 1
1777348 1
1778596 1
1779993 1
1783090 1
1786799 1
1787333 1
1790012 1
1792708 1
1801143 1
1801764 1
1802397 1
1802517 1
1811134 1
1813989 1
1814115 1
1822962 1
1826885 1
1832605 1
1843703 1
1857316 1
1859700 1
1867622 1
1869403 1
1869970 1
1880770 1
1884555 1
1887761 1
1887764 1
1890912 1
1902478 1
1922985 1
1931168 1
1937047 1
1937050 1
1938195 1
1941233 1
1943069 1
1948512 1
1950959 1
1951760 1
1959923 1
1978279 1
2008038 1
2018508 1
2023647 1
2039890 1
2045652 1
2047353 1
2047995 1
2048378 1
2048779 1
2048917 1
2052387 1
2058638 1
2070364 1
2080598 1
2089546 1
2091863 1
2094430 1
2099646 1
2099834 1
2104455 1
2107520 1
2107524 1
2110144 1
2116027 1
2116935 1
2117764 1
2132428 1
2132428 1
2133793 1
2139697 1
2148921 1
2149077 1
2156356 1
2156811 1
2165445 1
2165543 1
2174063 1
2205212 1
2215036 1
2216816 1
2225883 1
2235664 1
2246918 1
2252769 1
2256994 1
2259495 1
2262404 1
2263045 1
2267687 1
2268230 1
2268651 1
2268663 1
2270696 1
2271473 1
2277854 1
2282456 1
2282959 1
2283974 1
2285011 1
2293208 1
2299372 1
2303157 1
2308389 1
2310657 1
2311233 1
2313734 1
2316059 1
2320895 1
2335215 1
2337151 1
2340429 1
2343610 1
2343610 1
2351517 1
2351714 1
2358588 1
2360786 1
2362329 1
2370219 1
2370813 1
2374524 1
2377291 1
2378195 1
2385240 1
2385454 1
2385478 1
2389946 1
2404723 1
2407184 1
2421940 1
2429291 1
2429543 1
2431280 1
2435959 1
2440473 1
2440657 1
2443573 1
2446369 1
2448751 1
2461990 1
2463759 1
2468187 1
2469779 1
2470274 1
2472427 1
2477066 1
2481460 1
2488503 1
2492827 1
2498789 1
2506920 1
2508967 1
2508968 1
2509058 1
2513940 1
2516673 1
2517277 1
2521451 1
2533631 1
2543666 1
2547960 1
2552584 1
2556737 1
2582508 1
2588161 1
2590427 1
2599007 1
2599119 1
2606901 1
2615639 1
2618787 1
2621298 1
2622621 1
2624517 1
2628509 1
2645393 1
2649672 1
2649921 1
2655541 1
2656886 1
2664015 1
2664999 1
2670471 1
2672338 1
2672536 1
2678280 1
2685111 1
2685769 1
2695343 1
2696822 1
2717895 1
2724380 1
2726120 1
2728717 1
2736453 1
2737204 1
2741090 1
2755357 1
2756471 1
2756968 1
2761048 1
2761166 1
2769944 1
2773972 1
2775046 1
2777065 1
2779392 1
2780855 1
2781753 1
2787253 1
2789776 1
2799769 1
2801110 1
2801157 1
2807241 1
2809615 1
2814464 1
2816513 1
2817486 1
2827574 1
2829599 1
2841299 1
2849878 1
2851993 1
2853517 1
2858792 1
2863398 1
2877632 1
2881609 1
2882489 1
2886304 1
2887805 1
2887987 1
2889227 1
2894250 1
2897721 1
2901583 1
2914457 1
2919635 1
2926127 1
2929033 1
2929225 1
2939344 1
2945010 1
2945582 1
2947705 1
2954328 1
2966871 1
2968391 1
2976635 1
2976693 1
2980505 1
2984600 1
2993378 1
2994019 1
2994677 1
3000127 1
3000972 1
3006037 1
3006652 1
3009362 1
3010389 1
3018835 1
3025567 1
3027624 1
3031453 1
3059260 1
3061375 1
3070201 1
3070716 1
3070935 1
3070943 1
3071250 1
3073972 1
3076982 1
3078398 1
3082927 1
3094795 1
3095405 1
3098049 1
3102410 1
3104925 1
3105714 1
3111222 1
3111509 1
3111641 1
3112061 1
3118239 1
3121833 1
3130448 1
3134395 1
3134482 1
3148544 1
3149401 1
3152525 1
3160582 1
3162306 1
3162405 1
3166304 1
3175136 1
3175813 1
3182796 1
3187434 1
3187608 1
3189055 1
3194598 1
3198167 1
3202891 1
3203298 1
3206606 1
3207064 1
3210320 1
3234058 1
3234992 1
3236144 1
3243336 1
3246472 1
3246863 1
3256108 1
3256349 1
3259070 1
3260663 1
3260682 1
3276539 1
3284466 1
3293514 1
3299018 1
3299978 1
3302454 1
3303134 1
3306450 1
3318389 1
3323409 1
3326175 1
3326604 1
3334889 1
3343043 1
3343054 1
3350317 1
3351175 1
3354697 1
3355384 1
3358746 1
3360586 1
3366461 1
3373386 1
3377716 1
3378610 1
3383193 1
3385478 1
3389085 1
3395902 1
3396723 1
3409534 1
3417301 1
3419579 1
3428034 1
3435769 1
3441497 1
3447442 1
3458192 1
3460549 1
3462248 1
3473426 1
3474665 1
3483400 1
3494041 1
3494063 1
3503807 1
3507320 1
3507529 1
3512249 1
3515573 1
3515576 1
3518938 1
3525382 1
3526199 1
3530435 1
3537235 1
3539523 1
3542962 1
3545117 1
3545411 1
3547361 1
3553586 1
3555890 1
3560257 1
3560419 1
3564041 1
3564294 1
3566014 1
3576457 1
3576759 1
3581352 1
3594670 1
3595035 1
3596089 1
3597822 1
3601534 1
3603533 1
3604728 1
3608741 1
3612712 1
3616176 1
3617133 1
3619302 1
3623772 1
3635898 1
3644751 1
3652479 1
3656148 1
3658326 1
3663052 1
3663905 1
3667462 1
3668095 1
3668439 1
3674386 1
3674444 1
3676060 1
3678223 1
3684042 1
3684058 1
3687695 1
3694079 1
3697465 1
3697687 1
3723545 1
3725324 1
3727542 1
3731250 1
3731873 1
3737739 1
3738550 1
3740331 1
3741687 1
3741783 1
3743873 1
3745748 1
3748792 1
3748794 1
3754927 1
3767083 1
3767294 1
3772387 1
3773623 1
3775467 1
3776017 1
3776435 1
3777707 1
3783769 1
3789209 1
3799839 1
3799839 1
3816148 1
3818213 1
3821752 1
3825008 1
3826964 1
3827002 1
3844851 1
3858689 1
3866254 1
3868551 1
3873733 1
3876006 1
3877527 1
3878067 1
3881215 1
3902833 1
3910866 1
3932023 1
3947046 1
3948381 1
3976142 1
3983489 1
3990648 1
3992960 1
3998123 1
4007990 1
4015380 1
4016733 1
4020196 1
4023748 1
4025752 1
4026125 1
4026747 1
4026959 1
4028459 1
4033933 1
4035867 1
4065224 1
4067169 1
4073058 1
4074216 1
4080471 1
4086300 1
4087193 1
4100879 1
4102770 1
4108157 1
4108384 1
4117775 1
4132938 1
4141207 1
4149629 1
4152817 1
4153998 1
4159639 1
4161431 1
4162914 1
4163226 1
4179445 1
4179658 1
4181497 1
4181707 1
4186618 1
4187015 1
4189557 1
4190956 1
4192336 1
4193352 1
4212944 1
4213045 1
4213594 1
4217275 1
4226164 1
4227209 1
4234930 1
4238457 1
4240786 1
4243454 1
4248741 1
4249979 1
4251999 1
4253753 1
4259268 1
4276228 1
4288825 1
4289993 1
4296429 1
4298929 1
4302591 1
4306604 1
4310452 1
4313914 1
4318652 1
4324974 1
4327339 1
4333858 1
4344773 1
4346793 1
4348148 1
4349449 1
4352486 1
4353655 1
4363826 1
4370394 1
4380731 1
4382180 1
4384833 1
4388829 1
4397439 1
4409825 1
4412287 1
4415515 1
4417000 1
4417634 1
4421348 1
4430166 1
4430217 1
4437272 1
4438765 1
4443335 1
4470080 1
4472292 1
4476267 1
4481681 1
4483803 1
4484916 1
4487157 1
4489448 1
4490632 1
4499545 1
4501901 1
4520119 1
4524778 1
4533972 1
4535677 1
4537162 1
4537865 1
4541105 1
4547246 1
4549423 1
4552553 1
4558563 1
4567041 1
4567801 1
4572880 1
4580685 1
4601948 1
4613325 1
4613770 1
4621713 1
4634662 1
4642247 1
4653590 1
4661115 1
4662286 1
4668528 1
4668696 1
4672650 1
4687924 1
4691508 1
4697859 1
4699577 1
4716762 1
4724203 1
4726137 1
4726176 1
4727471 1
4728313 1
4732385 1
4740887 1
4750047 1
4765570 1
4778721 1
4780712 1
4789524 1
4790520 1
4800603 1
4800630 1
4803496 1
4809383 1
4809878 1
4816175 1
4819847 1
4826536 1
4826537 1
4827096 1
4827908 1
4833127 1
4834293 1
4848088 1
4849475 1
4853316 1
4869344 1
4869563 1
4871569 1
4871775 1
4872297 1
4873775 1
4874258 1
4877990 1
4879974 1
4883953 1
4885008 1
4887264 1
4888891 1
4893564 1
4893772 1
4894748 1
4895381 1
4897090 1
4897704 1
4899338 1
4905466 1
4911180 1
4920288 1
4920987 1
4926574 1
4926728 1
4938669 1
4942219 1
4956125 1
4957057 1
4958927 1
4961726 1
4965142 1
4966708 1
4975832 1
4977193 1
4985684 1
4998649 1
5000679 1
5013352 1
5019950 1
5037415 1
5038625 1
5044761 1
5047134 1
5048160 1
5055309 1
5056460 1
5082489 1
5116249 1
5118015 1
5118420 1
5123695 1
5133794 1
5135635 1
5136285 1
5144443 1
5145238 1
5145300 1
5149558 1
5163384 1
5167255 1
5179392 1
5185698 1
5196424 1
5196924 1
5197765 1
5198724 1
5202206 1
5219587 1
5226830 1
5228907 1
5230919 1
5233343 1
5235403 1
5236140 1
5236364 1
5240905 1
5252770 1
5254791 1
5257788 1
5258395 1
5258825 1
5259007 1
5296844 1
5303789 1
5311718 1
5315548 1
5318069 1
5326690 1
5326850 1
5331564 1
5340404 1
5346439 1
5347005 1
5354689 1
5355532 1
5359735 1
5360511 1
5368079 1
5372295 1
5386574 1
5390313 1
5391745 1
5405111 1
5414084 1
5417872 1
5427268 1
5441981 1
5447747 1
5447877 1
5454684 1
5456622 1
5456801 1
5462589 1
5472322 1
5472352 1
5477885 1
5483340 1
5489611 1
5499756 1
5504613 1
5504799 1
5519394 1
5526606 1
5527086 1
5533794 1
5536968 1
5543307 1
5543434 1
5547985 1
5549581 1
5549759 1
5550146 1
5560030 1
5570220 1
5583562 1
5592677 1
5596117 1
5600458 1
5603292 1
5607387 1
5607514 1
5609286 1
5611015 1
5611315 1
5612212 1
5616515 1
5621274 1
5636840 1
5637559 1
5640388 1
5665060 1
5669598 1
5671339 1
5671814 1
5671908 1
5672929 1
5678744 1
5680197 1
5689297 1
5690014 1
5690945 1
5692236 1
5708473 1
5710269 1
5711315 1
5713203 1
5720387 1
5720390 1
5732053 1
5733069 1
5737500 1
5741734 1
5744780 1
5748340 1
5753607 1
5755342 1
5757077 1
5767892 1
5773556 1
5775368 1
5780486 1
5783684 1
5789877 1
5790714 1
5793079 1
5794232 1
5794945 1
5799501 1
5802502 1
5811416 1
5811580 1
5813960 1
5815014 1
5818839 1
5820628 1
5821167 1
5821402 1
5822443 1
5822821 1
5840763 1
5853343 1
5856575 1
5861157 1
5861163 1
5864224 1
5865505 1
5868255 1
5874536 1
5883153 1
5884624 1
5884638 1
5884701 1
5901600 1
5917441 1
5920326 1
5923324 1
5924866 1
5925204 1
5926175 1
5932533 1
5933463 1
5938712 1
5947077 1
5950621 1
5953082 1
5953309 1
5957439 1
5959178 1
5963665 1
5972413 1
5982875 1
5984920 1
5985340 1
5987718 1
5994572 1
6001660 1
6005902 1
6011331 1
6014386 1
6015993 1
6024781 1
6031910 1
6040452 1
6047225 1
6049421 1
6053081 1
6054306 1
6068361 1
6068393 1
6070693 1
6073425 1
6074768 1
6080167 1
6081076 1
6084272 1
6092031 1
6092200 1
6095053 1
6100801 1
6108379 1
6109640 1
6110486 1
6113746 1
6115299 1
6125231 1
6128169 1
6128901 1
6129836 1
6132832 1
6134879 1
6135998 1
6145164 1
6147871 1
6149615 1
6152852 1
6156866 1
6157316 1
6162462 1
6163470 1
6165446 1
6169953 1
6178185 1
6181528 1
6185678 1
6187961 1
6189286 1
6197244 1
6197454 1
6202315 1
6208107 1
6225510 1
6226485 1
6228726 1
6228739 1
6238694 1
6239234 1
6242103 1
6250825 1
6255292 1
6258993 1
6261912 1
6265590 1
6279239 1
6280007 1
6280780 1
6287931 1
6288192 1
6290411 1
6290565 1
6291827 1
6298072 1
6298864 1
6299919 1
6309479 1
6312153 1
6318727 1
6319343 1
6327720 1
6330817 1
6346480 1
6348671 1
6354190 1
6358650 1
6360971 1
6361185 1
6365931 1
6377932 1
6382369 1
6388481 1
6390564 1
6394894 1
6396685 1
6396752 1
6396789 1
6398354 1
6400585 1
6406076 1
6407448 1
6407934 1
6408216 1
6415493 1
6422274 1
6422959 1
6427556 1
6441152 1
6444684 1
6451934 1
6459333 1
6461957 1
6464860 1
6474425 1
6480650 1
6483622 1
6486844 1
6487294 1
6490435 1
6492264 1
6493336 1
6495116 1
6499772 1
6504144 1
6504691 1
6507796 1
6508130 1
6508584 1
6508712 1
6516705 1
6517146 1
6518163 1
6520734 1
6532635 1
6533059 1
6538153 1
6538640 1
6539219 1
6541651 1
6545305 1
6545983 1
6550029 1
6558804 1
6559963 1
6561732 1
6565326 1
6566577 1
6567083 1
6583978 1
6585994 1
6594317 1
6611353 1
6611478 1
6615545 1
6621803 1
6622305 1
6622439 1
6623152 1
6626813 1
6627138 1
6627856 1
6628179 1
6628371 1
6630365 1
6631026 1
6638198 1
6641654 1
6647815 1
6652580 1
6653040 1
6653982 1
6653983 1
6656311 1
6657364 1
6657754 1
6663694 1
6680660 1
6681792 1
6681833 1
6686249 1
6689685 1
6690235 1
6693227 1
6693306 1
6696845 1
6697458 1
6700211 1
6708716 1
6712585 1
6713258 1
6713441 1
6725238 1
6733606 1
6733930 1
6734203 1
6736396 1
6754268 1
6754826 1
6754826 1
6758086 1
6761780 1
6769079 1
6778239 1
6778433 1
6781377 1
6793652 1
6800426 1
6800893 1
6833346 1
6834563 1
6835309 1
6836472 1
6843019 1
6851635 1
6851833 1
6852958 1
6853306 1
6856227 1
6860652 1
6871050 1
6872806 1
6875130 1
6875572 1
6876529 1
6882930 1
6883170 1
6886908 1
6900712 1
6912568 1
6914087 1
6915483 1
6916316 1
6917059 1
6918067 1
6920288 1
6920725 1
6920730 1
6922782 1
6923673 1
6926680 1
6930364 1
6930859 1
6933956 1
6938387 1
6941252 1
6945963 1
6945997 1
6947205 1
6948585 1
6951734 1
6951746 1
6953569 1
6953614 1
6958160 1
6960122 1
6960974 1
6964698 1
6970767 1
6974301 1
6979962 1
6981269 1
7000341 1
7001536 1
7001890 1
7004221 1
7004221 1
7009363 1
7027390 1
7037780 1
7041593 1
7041825 1
7048037 1
7050688 1
7062176 1
7069718 1
7072910 1
7075044 1
7078132 1
7080081 1
7089710 1
7097836 1
7099949 1
7100761 1
7105142 1
7108273 1
7109028 1
7110306 1
7110598 1
7117870 1
7125650 1
7127735 1
7127761 1
7129302 1
7130239 1
7133547 1
7139118 1
7153788 1
7159537 1
7163132 1
7164814 1
7172715 1
7179786 1
7189707 1
7196445 1
7210073 1
7216532 1
7219488 1
7241958 1
7242686 1
7249588 1
7255463 1
7257667 1
7268585 1
7271062 1
7275999 1
7276954 1
7277457 1
7277718 1
7281134 1
7287183 1
7288035 1
7288085 1
7297057 1
7297970 1
7301951 1
7307312 1
7316849 1
7321055 1
7335112 1
7338587 1
7338748 1
7341139 1
7343057 1
7343309 1
7345893 1
7352013 1
7355772 1
7356284 1
7356911 1
7357130 1
7369195 1
7370832 1
7380648 1
7385044 1
7395077 1
7399882 1
7403897 1
7404070 1
7408797 1
7410741 1
7418575 1
7419706 1
7422570 1
7423445 1
7435299 1
7437531 1
7437861 1
7438094 1
7440964 1
7453967 1
7462982 1
7465911 1
7489067 1
7494278 1
7494278 1
7497946 1
7506907 1
7512825 1
7513997 1
7522573 1
7535492 1
7542274 1
7543412 1
7546531 1
7553084 1
7554243 1
7556885 1
7561947 1
7567796 1
7569238 1
7569657 1
7571258 1
7573340 1
7573420 1
7575316 1
7577568 1
7589441 1
7593382 1
7600928 1
7603889 1
7608368 1
7612921 1
7617623 1
7632069 1
7640607 1
7640682 1
7641728 1
7642863 1
7645614 1
7646387 1
7665266 1
7669263 1
7674921 1
7677923 1
7691613 1
7696404 1
7696522 1
7702035 1
7706099 1
7707440 1
7708153 1
7713376 1
7722760 1
7724113 1
7729082 1
7739434 1
7745424 1
7753459 1
7756003 1
7759316 1
7775334 1
7793454 1
7805001 1
7809718 1
7812841 1
7828334 1
7838005 1
7848034 1
7848979 1
7850963 1
7852469 1
7852471 1
7858536 1
7859279 1
7867623 1
7871520 1
7881409 1
7883659 1
7885563 1
7887878 1
7896783 1
7897853 1
7898074 1
7899866 1
7899982 1
7901049 1
7902392 1
7905136 1
7913961 1
7915018 1
7916954 1
7917980 1
7918617 1
7928430 1
7928574 1
7933253 1
7934706 1
7934753 1
7936979 1
7945803 1
7945961 1
7955262 1
7959604 1
7959679 1
7960032 1
7960853 1
7967393 1
7970517 1
7971481 1
7971613 1
7972258 1
7973143 1
7976701 1
7979046 1
7980583 1
7985850 1
7990489 1
7990590 1
7991042 1
7995702 1
8000322 1
8001617 1
8002404 1
8031211 1
8032574 1
8036593 1
8038682 1
8040087 1
8042353 1
8050964 1
8056253 1
8061614 1
8062358 1
8071438 1
8074835 1
8076745 1
8084051 1
8088281 1
8088373 1
8089289 1
8101832 1
8104649 1
8109125 1
8110594 1
8130438 1
8140363 1
8155603 1
8157164 1
8182710 1
8191512 1
8207347 1
8233405 1
8245547 1
8249258 1
8253090 1
8256535 1
8262737 1
8264849 1
8267605 1
8270166 1
8270605 1
8283822 1
8299889 1
8300044 1
8303805 1
8311164 1
10768 1
20624 1
22274 1
35433 1
39576 1
44610 1
46441 1
46590 1
50037 1
60177 1
63427 1
75456 1
77776 1
82525 1
86965 1
87514 1
88268 1
89424 1
98354 1
113895 1
114282 1
127122 1
135207 1
146735 1
151340 1
152663 1
152997 1
155884 1
157133 1
157344 1
161620 1
169705 1
170771 1
171022 1
171690 1
174345 1
175520 1
176142 1
177550 1
178086 1
180567 1
186906 1
192905 1
200493 1
200950 1
221741 1
221761 1
222036 1
225432 1
225703 1
231633 1
238436 1
259796 1
270532 1
282803 1
285299 1
286629 1
289561 1
292847 1
303002 1
307602 1
312702 1
318408 1
332787 1
336935 1
339134 1
344370 1
348992 1
351562 1
351583 1
354199 1
364665 1
376551 1
390230 1
424247 1
430461 1
441531 1
446685 1
458744 1
475126 1
478474 1
478580 1
479933 1
486623 1
487404 1
488523 1
489781 1
501263 1
503831 1
504358 1
509498 1
511150 1
512976 1
514513 1
515090 1
528864 1
548083 1
554160 1
558188 1
558798 1
564054 1
565118 1
565140 1
568259 1
568477 1
568534 1
569546 1
569546 1
570327 1
570865 1
571769 1
575850 1
583661 1
583740 1
583951 1
587402 1
604039 1
610143 1
610287 1
616380 1
619835 1
624878 1
627170 1
640199 1
640332 1
640875 1
651336 1
659963 1
660381 1
661997 1
679715 1
680518 1
680645 1
682525 1
699163 1
703400 1
703550 1
708187 1
708634 1
709337 1
711107 1
713120 1
715569 1
719413 1
720128 1
720374 1
726832 1
727910 1
731349 1
734291 1
747436 1
747666 1
754035 1
754854 1
755349 1
759278 1
770552 1
770816 1
773652 1
774382 1
788320 1
789463 1
792512 1
795944 1
796198 1
797142 1
806757 1
808180 1
811463 1
813415 1
814844 1
824537 1
826008 1
830298 1
832916 1
835076 1
838139 1
838373 1
841758 1
841793 1
842468 1
843530 1
844418 1
844966 1
845894 1
846369 1
847560 1
854178 1
855655 1
861450 1
863382 1
867493 1
870600 1
871209 1
875079 1
893833 1
904085 1
908082 1
910346 1
910666 1
911582 1
916007 1
927196 1
930223 1
932100 1
941459 1
951318 1
963841 1
964377 1
980236 1
985421 1
990246 1
991032 1
993910 1
994673 1
996424 1
998023 1
1003725 1
1005800 1
1006755 1
1015455 1
1020360 1
1035702 1
1038060 1
1039562 1
1041366 1
1042216 1
1046087 1
1048270 1
1051595 1
1052690 1
1054059 1
1056185 1
1059770 1
1060679 1
1064705 1
1069846 1
1071242 1
1071580 1
1078259 1
1078447 1
1084930 1
1089521 1
1090123 1
1090330 1
1091586 1
1095034 1
1098076 1
1100326 1
1102292 1
1103725 1
1110111 1
1112164 1
1112438 1
1112616 1
1118365 1
1121922 1
1134194 1
1135388 1
1140533 1
1140860 1
1142780 1
1143691 1
1152791 1
1160878 1
1163475 1
1164390 1
1165147 1
1166268 1
1175497 1
1179487 1
1183069 1
1194249 1
1195018 1
1197186 1
1211644 1
1214294 1
1218495 1
1219184 1
1225144 1
1226601 1
1227110 1
1229881 1
1235715 1
1241188 1
1246045 1
1254756 1
1257509 1
1276810 1
1278532 1
1278532 1
1286616 1
1293591 1
1295391 1
1300015 1
1301843 1
1328576 1
1339253 1
1348827 1
1356465 1
1360777 1
1368981 1
1373409 1
1381088 1
1383480 1
1391933 1
1392696 1
1397124 1
1399188 1
1400508 1
1407459 1
1408090 1
1413951 1
1414429 1
1416766 1
1416982 1
1423912 1
1424956 1
1437230 1
1443556 1
1444315 1
1460957 1
1467002 1
1467715 1
1470567 1
1478044 1
1480579 1
1484550 1
1485423 1
1487277 1
1490260 1
1494468 1
1494536 1
1497497 1
1502348 1
1508948 1
1518365 1
1520207 1
1523470 1
1524081 1
1527923 1
1530225 1
1544808 1
1549966 1
1552364 1
1553483 1
1553936 1
1566163 1
1566378 1
1572143 1
1575686 1
1576589 1
1580068 1
1593857 1
1609545 1
1615810 1
1620381 1
1620767 1
1620892 1
1625603 1
1629254 1
1629269 1
1629524 1
1631158 1
1633463 1
1638925 1
1639772 1
1645336 1
1654245 1
1655048 1
1660483 1
1661139 1
1663472 1
1669904 1
1670368 1
1672666 1
1677684 1
1680245 1
1682030 1
1686385 1
1686828 1
1691437 1
1696780 1
1702206 1
1702498 1
1708712 1
1714278 1
1715103 1
1716297 1
1716371 1
1724559 1
1729320 1
1734435 1
1738122 1
1740137 1
1742998 1
1746954 1
1753317 1
1753892 1
1759484 1
1762521 1
1771559 1
1777316 1
1786423 1
1786964 1
1788745 1
1791672 1
1798960 1
1805716 1
1808142 1
1813311 1
1817412 1
1818652 1
1822911 1
1823524 1
1823533 1
1827643 1
1830270 1
1835474 1
1839132 1
1845610 1
1855516 1
1858641 1
1858820 1
1859686 1
1883236 1
1891629 1
1895843 1
1900078 1
1901096 1
1905141 1
1918993 1
1924874 1
1938658 1
1941058 1
1951104 1
1954929 1
1959332 1
1960022 1
1960779 1
1961850 1
1964768 1
1976036 1
1978887 1
1993220 1
2002522 1
2006115 1
2014197 1
2015372 1
2015424 1
2038277 1
2047160 1
2047411 1
2048187 1
2051138 1
2055664 1
2058200 1
2062685 1
2068657 1
2070059 1
2074702 1
2077441 1
2080834 1
2082848 1
2082849 1
2086208 1
2086646 1
2087529 1
2092142 1
2092413 1
2093258 1
2095283 1
2099932 1
2104767 1
2109860 1
2114521 1
2115634 1
2118499 1
2119203 1
2124020 1
2136260 1
2147370 1
2149019 1
2150510 1
2156211 1
2157158 1
2163852 1
2164196 1
2165094 1
2165578 1
2167409 1
2167447 1
2169672 1
2170224 1
2189209 1
2191253 1
2198734 1
2201449 1
2203441 1
2204175 1
2205898 1
2214368 1
2223945 1
2224007 1
2224300 1
2225599 1
2235756 1
2237463 1
2237959 1
2239030 1
2239948 1
2241102 1
2247195 1
2247754 1
2250974 1
2257842 1
2258801 1
2259166 1
2264665 1
2270504 1
2273143 1
2285501 1
2287347 1
2287630 1
2299745 1
2302532 1
2305118 1
2309943 1
2309975 1
2310740 1
2311892 1
2318223 1
2322669 1
2333532 1
2338274 1
2346959 1
2349177 1
2350571 1
2363538 1
2364057 1
2366613 1
2367236 1
2368294 1
2375382 1
2383843 1
2386485 1
2396830 1
2399200 1
2407289 1
2435385 1
2449122 1
2451859 1
2455439 1
2465894 1
2469999 1
2477047 1
2478164 1
2483135 1
2488697 1
2493850 1
2494523 1
2495405 1
2497705 1
2502173 1
2506729 1
2506749 1
2507265 1
2507479 1
2507588 1
2514609 1
2529530 1
2534077 1
2544496 1
2549472 1
2550033 1
2550614 1
2550835 1
2559328 1
2568088 1
2569740 1
2577092 1
2586269 1
2592036 1
2593921 1
2607451 1
2608929 1
2615186 1
2621852 1
2630662 1
2632349 1
2634515 1
2636178 1
2641826 1
2643197 1
2647105 1
2651060 1
2658258 1
2669630 1
2670314 1
2674632 1
2675892 1
2684320 1
2685966 1
2687298 1
2692575 1
2693965 1
2695307 1
2716367 1
2729883 1
2731829 1
2736533 1
2748011 1
2753071 1
2757557 1
2762439 1
2767044 1
2769150 1
2775148 1
2777211 1
2783742 1
2797486 1
2810324 1
2810610 1
2810855 1
2815159 1
2824425 1
2827517 1
2830222 1
2837640 1
2851560 1
2852595 1
2857178 1
2857837 1
2863371 1
2866436 1
2866786 1
2870084 1
2889647 1
2901246 1
2903875 1
2906646 1
2911845 1
2915336 1
2915476 1
2918705 1
2926014 1
2929037 1
2934116 1
2949351 1
2956407 1
2964879 1
2976021 1
2979900 1
2987488 1
2991708 1
3002461 1
3004160 1
3006114 1
3009648 1
3015957 1
3018966 1
3024771 1
3025597 1
3034545 1
3036881 1
3046030 1
3052948 1
3062175 1
3067376 1
3067749 1
3072046 1
3072733 1
3074387 1
3075367 1
3082108 1
3086472 1
3091683 1
3093344 1
3096680 1
3099021 1
3103988 1
3118317 1
3118327 1
3118619 1
3120723 1
3127452 1
3128358 1
3128997 1
3129396 1
3133698 1
3140216 1
3146413 1
3155053 1
3155493 1
3161713 1
3163825 1
3166889 1
3168171 1
3170588 1
3171665 1
3172732 1
3175396 1
3176505 1
3181693 1
3189109 1
3191196 1
3192979 1
3198831 1
3199295 1
3204114 1
3215103 1
3218677 1
3228356 1
3255356 1
3261150 1
3266452 1
3277799 1
3287072 1
3289605 1
3301707 1
3303148 1
3305473 1
3310003 1
3317813 1
3321620 1
3323379 1
3325447 1
3331811 1
3331816 1
3333182 1
3333833 1
3339288 1
3339850 1
3342755 1
3346749 1
3348300 1
3348308 1
3358319 1
3358664 1
3361836 1
3363726 1
3365087 1
3376273 1
3386556 1
3387678 1
3397058 1
3403894 1
3407201 1
3414325 1
3427201 1
3427220 1
3433876 1
3434477 1
3438870 1
3439696 1
3456993 1
3475011 1
3475302 1
3480683 1
3491967 1
3493636 1
3494450 1
3508152 1
3513747 1
3513999 1
3515485 1
3535734 1
3536637 1
3546150 1
3548890 1
3555452 1
3559851 1
3562591 1
3570187 1
3571221 1
3581864 1
3582105 1
3583936 1
3587368 1
3595024 1
3599548 1
3605795 1
3608136 1
3608157 1
3608371 1
3624621 1
3631227 1
3632579 1
3632772 1
3643199 1
3646841 1
3652615 1
3653702 1
3656988 1
3659436 1
3662341 1
3663124 1
3664080 1
3665551 1
3669430 1
3674483 1
3676759 1
3681313 1
3681940 1
3683633 1
3687795 1
3688262 1
3692419 1
3694547 1
3700816 1
3707865 1
3713996 1
3716630 1
3723842 1
3728705 1
3731769 1
3732430 1
3734583 1
3739855 1
3746341 1
3757608 1
3767867 1
3778762 1
3784985 1
3790025 1
3794904 1
3799518 1
3820228 1
3823418 1
3827041 1
3828893 1
3831149 1
3834829 1
3837616 1
3842411 1
3846305 1
3846306 1
3858019 1
3858133 1
3866232 1
3866847 1
3868287 1
3869005 1
3871722 1
3873819 1
3875251 1
3875919 1
3886025 1
3888032 1
3895159 1
3900328 1
3900857 1
3904077 1
3911228 1
3918199 1
3937220 1
3940147 1
3946630 1
3947645 1
3947645 1
3948392 1
3959830 1
3963248 1
3973229 1
3974149 1
3975174 1
3983382 1
4002826 1
4005520 1
4009036 1
4009378 1
4011545 1
4022730 1
4023682 1
4027343 1
4033161 1
4036638 1
4037175 1
4043370 1
4051465 1
4062620 1
4063233 1
4065068 1
4065795 1
4065812 1
4068124 1
4071808 1
4073219 1
4083341 1
4091531 1
4094722 1
4095869 1
4111483 1
4118223 1
4121958 1
4130233 1
4137148 1
4138920 1
4139950 1
4141136 1
4145134 1
4151765 1
4156270 1
4162725 1
4162770 1
4165196 1
4168478 1
4172708 1
4175254 1
4177558 1
4180763 1
4189539 1
4190492 1
4190492 1
4190492 1
4192997 1
4197374 1
4204462 1
4208965 1
4209141 1
4211132 1
4214220 1
4216007 1
4223197 1
4223916 1
4225263 1
4225633 1
4238432 1
4254614 1
4254886 1
4258317 1
4258455 1
4259034 1
4259838 1
4262649 1
4273905 1
4275809 1
4276830 1
4278627 1
4279897 1
4282339 1
4288468 1
4297330 1
4305380 1
4305380 1
4313965 1
4314969 1
4316509 1
4322964 1
4327942 1
4328165 1
4329512 1
4330051 1
4336702 1
4340886 1
4350692 1
4352124 1
4358648 1
4363115 1
4366108 1
4370257 1
4372973 1
4394890 1
4397709 1
4397929 1
4403003 1
4403707 1
4407253 1
4408407 1
4410039 1
4415750 1
4421898 1
4422235 1
4426461 1
4426500 1
4426899 1
4427675 1
4428125 1
4447081 1
4453092 1
4462767 1
4471833 1
4475293 1
4482149 1
4487045 1
4488557 1
4490984 1
4502002 1
4508275 1
4508645 1
4509922 1
4512420 1
4513626 1
4516790 1
4521620 1
4523582 1
4527662 1
4528251 1
4532234 1
4534576 1
4534749 1
4544743 1
4546208 1
4564118 1
4565382 1
4576727 1
4578734 1
4579095 1
4579227 1
4581567 1
4593815 1
4621531 1
4630172 1
4637327 1
4639198 1
4653949 1
4657356 1
4659855 1
4660163 1
4661558 1
4664015 1
4668043 1
4671800 1
4673431 1
4680306 1
4684571 1
4684571 1
4687628 1
4690983 1
4692885 1
4703839 1
4705014 1
4716834 1
4721168 1
4725531 1
4737674 1
4747260 1
4749079 1
4756832 1
4769786 1
4781858 1
4786083 1
4791316 1
4798421 1
4798503 1
4801320 1
4802085 1
4807853 1
4819719 1
4820603 1
4830215 1
4839951 1
4842173 1
4843610 1
4876111 1
4876343 1
4878452 1
4883613 1
4885057 1
4889004 1
4891533 1
4894513 1
4894739 1
4895238 1
4896172 1
4898593 1
4900529 1
4900572 1
4900576 1
4902718 1
4906604 1
4910610 1
4918286 1
4918592 1
4924750 1
4928731 1
4932237 1
4941198 1
4952277 1
4959215 1
4959661 1
4961472 1
4962152 1
4967229 1
4969221 1
4972151 1
4978029 1
4978329 1
4983046 1
4992427 1
4995716 1
4999508 1
5001210 1
5013798 1
5016326 1
5017732 1
5027721 1
5032805 1
5034722 1
5035409 1
5046066 1
5046123 1
5048071 1
5049286 1
5052017 1
5072025 1
5073028 1
5075628 1
5078669 1
5092614 1
5094153 1
5099247 1
5109282 1
5116165 1
5132422 1
5148728 1
5158454 1
5164732 1
5168103 1
5169102 1
5173161 1
5176628 1
5178130 1
5186953 1
5193930 1
5195877 1
5198877 1
5203511 1
5209394 1
5210573 1
5211223 1
5222967 1
5227525 1
5234466 1
5240181 1
5250038 1
5250962 1
5265387 1
5269173 1
5271194 1
5280938 1
5281283 1
5288455 1
5293221 1
5296684 1
5313514 1
5314057 1
5319478 1
5324137 1
5346329 1
5350559 1
5351477 1
5352341 1
5356473 1
5371671 1
5374176 1
5381605 1
5385344 1
5413196 1
5413589 1
5419274 1
5429881 1
5448900 1
5456969 1
5469620 1
5485361 1
5486949 1
5495514 1
5506730 1
5529195 1
5537192 1
5542759 1
5544898 1
5561093 1
5567331 1
5576072 1
5576858 1
5584722 1
5592983 1
5594790 1
5595411 1
5601109 1
5621348 1
5622763 1
5622763 1
5628071 1
5631152 1
5632527 1
5636665 1
5639077 1
5647701 1
5662894 1
5670153 1
5674833 1
5677718 1
5681927 1
5682004 1
5685510 1
5686365 1
5692123 1
5694234 1
5694543 1
5700565 1
5704373 1
5705224 1
5706618 1
5710521 1
5710521 1
5711162 1
5711163 1
5711482 1
5711644 1
5712601 1
5715132 1
5716585 1
5724595 1
5729279 1
5730611 1
5731938 1
5763158 1
5764999 1
5765068 1
5769834 1
5778295 1
5782885 1
5787801 1
5788449 1
5798501 1
5799668 1
5805303 1
5813107 1
5814402 1
5823283 1
5823471 1
5824602 1
5824990 1
5834991 1
5850946 1
5851219 1
5853181 1
5858539 1
5860059 1
5860196 1
5862078 1
5863000 1
5867768 1
5867778 1
5884442 1
5884646 1
5884676 1
5884975 1
5887899 1
5890261 1
5891608 1
5903200 1
5903822 1
5912876 1
5915952 1
5928362 1
5931983 1
5933803 1
5934622 1
5936794 1
5939665 1
5943388 1
5948281 1
5948688 1
5952305 1
5962065 1
5965403 1
5965826 1
5968480 1
5968801 1
5968929 1
5969115 1
5969751 1
5970418 1
5971067 1
5971538 1
5974857 1
5989118 1
5990705 1
5992148 1
5993343 1
5995603 1
5998377 1
5999324 1
5999350 1
6001657 1
6003855 1
6004347 1
6011052 1
6015869 1
6027835 1
6032050 1
6037834 1
6038052 1
6040410 1
6043448 1
6047705 1
6052292 1
6057418 1
6060279 1
6063567 1
6095698 1
6095838 1
6097513 1
6098505 1
6103741 1
6112871 1
6115725 1
6118110 1
6118313 1
6125291 1
6126767 1
6127188 1
6134965 1
6146754 1
6153928 1
6155163 1
6155163 1
6155287 1
6155668 1
6157739 1
6157869 1
6163887 1
6179945 1
6180756 1
6185419 1
6186277 1
6188935 1
6192063 1
6192798 1
6193850 1
6196423 1
6200713 1
6204511 1
6207276 1
6225411 1
6227450 1
6227889 1
6235625 1
6243988 1
6249380 1
6255733 1
6256980 1
6264387 1
6269480 1
6270744 1
6279225 1
6280908 1
6281072 1
6300663 1
6317159 1
6322427 1
6324281 1
6330757 1
6333445 1
6336477 1
6338011 1
6340071 1
6341899 1
6342221 1
6344431 1
6347222 1
6347403 1
6353331 1
6360552 1
6360862 1
6371584 1
6375089 1
6376328 1
6380188 1
6393385 1
6400768 1
6400793 1
6400911 1
6402602 1
6412594 1
6418196 1
6418749 1
6420747 1
6423665 1
6435980 1
6436268 1
6436833 1
6449259 1
6451001 1
6457845 1
6459748 1
6459846 1
6470147 1
6471148 1
6478518 1
6480777 1
6481681 1
6487732 1
6487737 1
6490575 1
6505595 1
6507622 1
6510845 1
6514807 1
6519385 1
6537401 1
6541531 1
6542515 1
6544087 1
6548609 1
6551150 1
6551965 1
6557522 1
6557792 1
6559378 1
6561631 1
6576033 1
6580943 1
6582398 1
6582553 1
6587722 1
6588061 1
6589708 1
6591837 1
6597848 1
6601732 1
6602878 1
6605817 1
6616731 1
6619578 1
6623592 1
6630097 1
6631625 1
6632344 1
6639268 1
6648201 1
6649818 1
6653100 1
6679296 1
6686932 1
6695786 1
6700005 1
6707348 1
6717431 1
6717506 1
6727142 1
6730726 1
6738361 1
6741025 1
6742641 1
6753044 1
6754723 1
6763806 1
6765352 1
6769310 1
6780560 1
6781506 1
6783021 1
6785821 1
6787268 1
6795014 1
6806949 1
6807451 1
6817326 1
6817727 1
6821067 1
6826614 1
6833537 1
6840082 1
6841806 1
6845698 1
6851030 1
6859348 1
6862953 1
6864969 1
6868505 1
6872508 1
6875562 1
6877919 1
6887212 1
6887757 1
6896415 1
6898969 1
6908413 1
6910540 1
6911122 1
6912103 1
6921934 1
6923362 1
6924683 1
6927691 1
6930751 1
6932979 1
6933469 1
6940665 1
6943382 1
6946947 1
6953337 1
6963491 1
6970725 1
6972381 1
6981242 1
6986840 1
6986879 1
6998795 1
7002593 1
7007471 1
7009822 1
7015179 1
7015266 1
7021472 1
7030102 1
7030500 1
7036259 1
7039313 1
7040130 1
7043365 1
7051025 1
7051733 1
7057334 1
7066912 1
7077557 1
7078242 1
7083475 1
7084456 1
7087004 1
7109300 1
7116941 1
7125998 1
7126938 1
7129921 1
7136002 1
7136532 1
7144469 1
7146148 1
7152009 1
7160392 1
7173084 1
7176516 1
7181464 1
7182560 1
7183781 1
7188497 1
7197820 1
7205664 1
7209304 1
7209314 1
7224291 1
7224369 1
7225099 1
7229724 1
7236771 1
7245945 1
7246047 1
7258652 1
7269550 1
7275073 1
7279656 1
7283440 1
7284707 1
7293899 1
7296948 1
7302295 1
7309483 1
7312084 1
7314640 1
7316546 1
7317521 1
7318369 1
7323846 1
7323968 1
7328652 1
7328725 1
7335699 1
7336042 1
7345658 1
7348091 1
7352187 1
7354867 1
7357550 1
7358552 1
7366024 1
7372314 1
7381186 1
7381733 1
7383584 1
7384347 1
7385522 1
7385620 1
7392710 1
7394055 1
7397530 1
7406560 1
7411462 1
7411655 1
7414411 1
7420544 1
7421444 1
7422341 1
7422387 1
7433313 1
7461876 1
7463260 1
7471924 1
7482578 1
7482767 1
7487075 1
7492809 1
7499449 1
7513930 1
7514059 1
7526638 1
7535624 1
7537623 1
7537639 1
7543697 1
7550634 1
7550898 1
7557600 1
7560815 1
7562767 1
7577523 1
7578096 1
7586586 1
7589234 1
7594441 1
7596301 1
7601546 1
7613760 1
7614598 1
7620049 1
7623246 1
7624484 1
7648424 1
7648598 1
7657808 1
7658335 1
7659980 1
7663079 1
7673114 1
7677206 1
7680525 1
7684593 1
7686877 1
7702728 1
7704622 1
7716766 1
7723910 1
7746008 1
7746929 1
7752990 1
7753748 1
7754773 1
7756443 1
7766170 1
7767174 1
7769465 1
7774815 1
7775649 1
7776878 1
7780432 1
7781782 1
7784916 1
7793422 1
7797972 1
7798763 1
7801737 1
7803019 1
7811049 1
7812950 1
7813020 1
7821697 1
7823873 1
7825961 1
7828714 1
7828714 1
7830415 1
7836897 1
7836915 1
7839677 1
7839802 1
7848540 1
7856298 1
7859753 1
7873411 1
7881522 1
7882422 1
7884728 1
7887252 1
7894879 1
7896301 1
7905179 1
7906323 1
7911348 1
7918467 1
7926424 1
7926585 1
7931580 1
7935209 1
7948978 1
7949168 1
7949282 1
7951697 1
7954608 1
7954962 1
7958374 1
7959433 1
7962072 1
7962463 1
7968524 1
7970533 1
7971341 1
7971866 1
7976833 1
7981918 1
7987496 1
7988301 1
7990861 1
7992497 1
7993355 1
7996718 1
7997771 1
7999826 1
8005524 1
8008419 1
8011269 1
8022095 1
8025792 1
8028807 1
8029891 1
8032244 1
8041900 1
8050308 1
8057702 1
8057750 1
8063465 1
8073752 1
8075208 1
8075433 1
8075815 1
8086832 1
8088339 1
8092051 1
8093289 1
8100962 1
8108772 1
8110061 1
8113470 1
8118836 1
8124266 1
8126394 1
8136167 1
8137100 1
8139673 1
8142348 1
8147651 1
8148733 1
8149765 1
8153137 1
8163506 1
8166001 1
8167778 1
8176771 1
8179416 1
8180077 1
8181576 1
8206957 1
8208994 1
8212755 1
8216645 1
8228540 1
8237162 1
8242927 1
8250590 1
8257695 1
8262578 1
8271176 1
8276969 1
8278429 1
8293622 1
8299918 1
8303339 1
892272 1
2839635 1
4959248 1
