7476 1
18988 1
29508 1
31565 1
34245 1
47764 1
67943 1
68343 1
87398 1
103236 1
107887 1
108882 1
110631 1
110992 1
113231 1
113758 1
119163 1
120616 1
129142 1
129710 1
130248 1
130523 1
130989 1
135875 1
137153 1
137876 1
138893 1
141600 1
141652 1
143898 1
154702 1
157832 1
159181 1
161723 1
161891 1
163708 1
164907 1
172828 1
173317 1
174303 1
174456 1
176289 1
178660 1
178915 1
179415 1
180354 1
185116 1
185203 1
185552 1
194125 1
194469 1
194732 1
195596 1
197463 1
202791 1
205395 1
206064 1
210565 1
210842 1
217321 1
217815 1
220205 1
220598 1
221620 1
222171 1
227466 1
229039 1
230717 1
230904 1
241387 1
246896 1
250050 1
264144 1
267396 1
270216 1
276572 1
276632 1
280818 1
283765 1
284308 1
285665 1
287935 1
291977 1
292152 1
298645 1
298670 1
299219 1
301517 1
311834 1
314261 1
333369 1
333884 1
341366 1
344431 1
347190 1
350825 1
352396 1
353407 1
357942 1
360749 1
368079 1
372338 1
379886 1
380119 1
404338 1
417487 1
438069 1
440605 1
442466 1
446064 1
448992 1
449675 1
457004 1
462263 1
473988 1
476293 1
477156 1
478142 1
478930 1
479014 1
489160 1
490093 1
495500 1
496839 1
499936 1
500053 1
500430 1
514015 1
515903 1
519063 1
533267 1
546548 1
558582 1
561221 1
561667 1
563228 1
567899 1
568171 1
571401 1
575994 1
579254 1
591831 1
593085 1
602100 1
606532 1
610225 1
612814 1
613845 1
621381 1
643639 1
655895 1
659757 1
660338 1
662084 1
663305 1
678392 1
679727 1
683388 1
701354 1
702977 1
704470 1
713367 1
716736 1
722698 1
724517 1
727404 1
732755 1
740455 1
741872 1
742848 1
749610 1
752760 1
756333 1
757069 1
758540 1
765981 1
768455 1
768631 1
772025 1
772323 1
773712 1
776260 1
777397 1
778131 1
779031 1
782270 1
790193 1
792394 1
793041 1
796397 1
799998 1
803234 1
810484 1
812165 1
812857 1
812875 1
825644 1
825648 1
828297 1
829231 1
832725 1
833022 1
833307 1
833308 1
836371 1
837659 1
839000 1
841996 1
845622 1
848929 1
850698 1
853974 1
860636 1
863703 1
871571 1
890158 1
890611 1
894818 1
900327 1
909840 1
910573 1
912111 1
922215 1
922594 1
931707 1
932322 1
935807 1
944226 1
944462 1
946089 1
952190 1
952393 1
952918 1
954191 1
965401 1
973270 1
973657 1
994007 1
994035 1
1000778 1
1029114 1
1029296 1
1036582 1
1047573 1
1057599 1
1057819 1
1073434 1
1077629 1
1077847 1
1078844 1
1080709 1
1081355 1
1083035 1
1087032 1
1091421 1
1091788 1
1093298 1
1095734 1
1096113 1
1096552 1
1097397 1
1102020 1
1102913 1
1105462 1
1106335 1
1111572 1
1111963 1
1115598 1
1133849 1
1135888 1
1163802 1
1171732 1
1172037 1
1172256 1
1174064 1
1175742 1
1176700 1
1176858 1
1179270 1
1180030 1
1189065 1
1200095 1
1208401 1
1217804 1
1219744 1
1222900 1
1226844 1
1227355 1
1227569 1
1230656 1
1234509 1
1236221 1
1242391 1
1255673 1
1259078 1
1267007 1
1270828 1
1287631 1
1287637 1
1288223 1
1289535 1
1289885 1
1290718 1
1295912 1
1301499 1
1301753 1
1302130 1
1303330 1
1312411 1
1314382 1
1328031 1
1347357 1
1351464 1
1352613 1
1368328 1
1382048 1
1382511 1
1382511 1
1390106 1
1390438 1
1390555 1
1398949 1
1412153 1
1414882 1
1419224 1
1427383 1
1428774 1
1430174 1
1431191 1
1433448 1
1442405 1
1449326 1
1449348 1
1449354 1
1451352 1
1451538 1
1460960 1
1461823 1
1462225 1
1480703 1
1490974 1
1504022 1
1505617 1
1508120 1
1512143 1
1512271 1
1516974 1
1521192 1
1530637 1
1540564 1
1543382 1
1559815 1
1564331 1
1567230 1
1572189 1
1578225 1
1588170 1
1603711 1
1609198 1
1613363 1
1616484 1
1623150 1
1631310 1
1637017 1
1642623 1
1643063 1
1645163 1
1645408 1
1648460 1
1655356 1
1671893 1
1672906 1
1673897 1
1673993 1
1680344 1
1699550 1
1700485 1
1702518 1
1707903 1
1707903 1
1708192 1
1710199 1
1710955 1
1716469 1
1716517 1
1720170 1
1723181 1
1723546 1
1737000 1
1738732 1
1744383 1
1753240 1
1757363 1
1761670 1
1778067 1
1782292 1
1786594 1
1786739 1
1786747 1
1790282 1
1809019 1
1827224 1
1840202 1
1843102 1
1843913 1
1844661 1
1853231 1
1853985 1
1859214 1
1864822 1
1877225 1
1885982 1
1907705 1
1910235 1
1913396 1
1939769 1
1943089 1
1943564 1
1950681 1
1958274 1
1960859 1
1971414 1
1975149 1
1977911 1
1981248 1
1991939 1
1994714 1
1998475 1
2006244 1
2009036 1
2010836 1
2012663 1
2019360 1
2024883 1
2027064 1
2032120 1
2032991 1
2044982 1
2046739 1
2047968 1
2049192 1
2049863 1
2054615 1
2055169 1
2061667 1
2069103 1
2075072 1
2075078 1
2080613 1
2081685 1
2082307 1
2083423 1
2090961 1
2096976 1
2097406 1
2099328 1
2099660 1
2100196 1
2103264 1
2109294 1
2110596 1
2111078 1
2111881 1
2112841 1
2116456 1
2119825 1
2148200 1
2152406 1
2152884 1
2159585 1
2163849 1
2164764 1
2167310 1
2185044 1
2189464 1
2193146 1
2200791 1
2223616 1
2232701 1
2249150 1
2259989 1
2262835 1
2273738 1
2277269 1
2282877 1
2287291 1
2291218 1
2292828 1
2308197 1
2318902 1
2320940 1
2322317 1
2327305 1
2336821 1
2342700 1
2352681 1
2358269 1
2373411 1
2375841 1
2381561 1
2383929 1
2387424 1
2388245 1
2394235 1
2397389 1
2400078 1
2409316 1
2413871 1
2415537 1
2423845 1
2425638 1
2432483 1
2435211 1
2437742 1
2438963 1
2440120 1
2447800 1
2448299 1
2452669 1
2453019 1
2472495 1
2482186 1
2489273 1
2495737 1
2510086 1
2520100 1
2528094 1
2529787 1
2530553 1
2547582 1
2548731 1
2550672 1
2555754 1
2556917 1
2560621 1
2565521 1
2565535 1
2569708 1
2572193 1
2585464 1
2589263 1
2598145 1
2618059 1
2621622 1
2621707 1
2623985 1
2624691 1
2638090 1
2664905 1
2666591 1
2670039 1
2678715 1
2689045 1
2707536 1
2711436 1
2736824 1
2738514 1
2742056 1
2744422 1
2761433 1
2765893 1
2772186 1
2780294 1
2782249 1
2789762 1
2799978 1
2803349 1
2804557 1
2808672 1
2809950 1
2818075 1
2823708 1
2847258 1
2856361 1
2859498 1
2868625 1
2869918 1
2870724 1
2876420 1
2896187 1
2897932 1
2897943 1
2903274 1
2915055 1
2917056 1
2927940 1
2930069 1
2942258 1
2945798 1
2955970 1
2958859 1
2962573 1
2963145 1
2966059 1
2966745 1
2971711 1
2975046 1
2975146 1
2982019 1
2986964 1
2990733 1
2992431 1
2993469 1
2997723 1
2998105 1
3005921 1
3007964 1
3011400 1
3011736 1
3016756 1
3018050 1
3022201 1
3035991 1
3037382 1
3038662 1
3040710 1
3042849 1
3048416 1
3058527 1
3061218 1
3061360 1
3067577 1
3067996 1
3071463 1
3078671 1
3086494 1
3094226 1
3101126 1
3101128 1
3104636 1
3104987 1
3105569 1
3109427 1
3110881 1
3114132 1
3114132 1
3115199 1
3120982 1
3127127 1
3132337 1
3144296 1
3150419 1
3159902 1
3160854 1
3161127 1
3168430 1
3170750 1
3177428 1
3202603 1
3204785 1
3207632 1
3219844 1
3219902 1
3221283 1
3238458 1
3240932 1
3241863 1
3243703 1
3246181 1
3247967 1
3252229 1
3258846 1
3263528 1
3276969 1
3279918 1
3281810 1
3282029 1
3291103 1
3292695 1
3297464 1
3302590 1
3310996 1
3318364 1
3320289 1
3331208 1
3331827 1
3344566 1
3358261 1
3361526 1
3369033 1
3372180 1
3379838 1
3382752 1
3404147 1
3410418 1
3413126 1
3415080 1
3415826 1
3419094 1
3424032 1
3427130 1
3432410 1
3434767 1
3436461 1
3443163 1
3444169 1
3451929 1
3452701 1
3457294 1
3458405 1
3462848 1
3464136 1
3465531 1
3470585 1
3472224 1
3472738 1
3476023 1
3476952 1
3480154 1
3480850 1
3484607 1
3493904 1
3498453 1
3501606 1
3503168 1
3505591 1
3510769 1
3515035 1
3515124 1
3517305 1
3518576 1
3525358 1
3527936 1
3527936 1
3532468 1
3534787 1
3537360 1
3537594 1
3542506 1
3544466 1
3554259 1
3555479 1
3560153 1
3560846 1
3573179 1
3574583 1
3575826 1
3576921 1
3582490 1
3583588 1
3587516 1
3587516 1
3595500 1
3606563 1
3622506 1
3622991 1
3633137 1
3633144 1
3640613 1
3644614 1
3646703 1
3647689 1
3654003 1
3660515 1
3664718 1
3667030 1
3676642 1
3678729 1
3683152 1
3683160 1
3685962 1
3688674 1
3693419 1
3711536 1
3719608 1
3720137 1
3720237 1
3734631 1
3737165 1
3741904 1
3747345 1
3758174 1
3759740 1
3760507 1
3763799 1
3763946 1
3764765 1
3765353 1
3768710 1
3772202 1
3774505 1
3775941 1
3783084 1
3788230 1
3791348 1
3793808 1
3805517 1
3805650 1
3806475 1
3806988 1
3808330 1
3820428 1
3833590 1
3835974 1
3838893 1
3842144 1
3862233 1
3870186 1
3872189 1
3884250 1
3885200 1
3885892 1
3893394 1
3895133 1
3896773 1
3933042 1
3937532 1
3945006 1
3947376 1
3949988 1
3952527 1
3959604 1
3961563 1
3987295 1
3993602 1
3994319 1
3994993 1
4002606 1
4010081 1
4014111 1
4014224 1
4015332 1
4018666 1
4025072 1
4029732 1
4037596 1
4046899 1
4056589 1
4067194 1
4067358 1
4070245 1
4074115 1
4082949 1
4087510 1
4089390 1
4093867 1
4100331 1
4102122 1
4103170 1
4120769 1
4125926 1
4137387 1
4142033 1
4143417 1
4144901 1
4149202 1
4159511 1
4163752 1
4174142 1
4182113 1
4190214 1
4191922 1
4192222 1
4194025 1
4204197 1
4212629 1
4217851 1
4219035 1
4219517 1
4219676 1
4224111 1
4225245 1
4226210 1
4239549 1
4240264 1
4245297 1
4245926 1
4253844 1
4263308 1
4265005 1
4265961 1
4266234 1
4272735 1
4272941 1
4277753 1
4280895 1
4281680 1
4283847 1
4293608 1
4297794 1
4305891 1
4314011 1
4316469 1
4319516 1
4320076 1
4325300 1
4328754 1
4336075 1
4343064 1
4347335 1
4350256 1
4355137 1
4356202 1
4359443 1
4360431 1
4362831 1
4364839 1
4366354 1
4369045 1
4369773 1
4370567 1
4373087 1
4374972 1
4396208 1
4399879 1
4401397 1
4416724 1
4416989 1
4423357 1
4427098 1
4429962 1
4433785 1
4438568 1
4441094 1
4453698 1
4453808 1
4455314 1
4455822 1
4461822 1
4464643 1
4472945 1
4480956 1
4484367 1
4488625 1
4504126 1
4508698 1
4512000 1
4519941 1
4526446 1
4526658 1
4528038 1
4528548 1
4531092 1
4554207 1
4560150 1
4562016 1
4562200 1
4593552 1
4595508 1
4596858 1
4600925 1
4608966 1
4609615 1
4625118 1
4626344 1
4630391 1
4637452 1
4638236 1
4645989 1
4649347 1
4650561 1
4650687 1
4660392 1
4661724 1
4670581 1
4672837 1
4679374 1
4698459 1
4706699 1
4720552 1
4724026 1
4725147 1
4734630 1
4741754 1
4743328 1
4744821 1
4760291 1
4783910 1
4784138 1
4798022 1
4798301 1
4802163 1
4803202 1
4805621 1
4807322 1
4809671 1
4810097 1
4810183 1
4811061 1
4811492 1
4813229 1
4814998 1
4824853 1
4825008 1
4827744 1
4828574 1
4835742 1
4842781 1
4844173 1
4852239 1
4854065 1
4862531 1
4873259 1
4874499 1
4878811 1
4880306 1
4881409 1
4888892 1
4892778 1
4895659 1
4896542 1
4898053 1
4907849 1
4909844 1
4911681 1
4916335 1
4923910 1
4927744 1
4936002 1
4936954 1
4942994 1
4955787 1
4955788 1
4961300 1
4962040 1
4970302 1
4976912 1
4979647 1
4983745 1
4994611 1
4996398 1
5003201 1
5010538 1
5011422 1
5018096 1
5019881 1
5028965 1
5032275 1
5038321 1
5042114 1
5047202 1
5048338 1
5049996 1
5050592 1
5053123 1
5055784 1
5055931 1
5056553 1
5058950 1
5062384 1
5067673 1
5085404 1
5091944 1
5109234 1
5109491 1
5114918 1
5130421 1
5141532 1
5152110 1
5159725 1
5159785 1
5162467 1
5163871 1
5168128 1
5170143 1
5180069 1
5202742 1
5207978 1
5209200 1
5216367 1
5221933 1
5224320 1
5247023 1
5253714 1
5254714 1
5255200 1
5255206 1
5263320 1
5281879 1
5297399 1
5299559 1
5302620 1
5306473 1
5309011 1
5315815 1
5319919 1
5322670 1
5327770 1
5332103 1
5338075 1
5345809 1
5350106 1
5350123 1
5369709 1
5371594 1
5376807 1
5376816 1
5377481 1
5386255 1
5393256 1
5404549 1
5414656 1
5418565 1
5425191 1
5426764 1
5427010 1
5428889 1
5430313 1
5434887 1
5452603 1
5456379 1
5465171 1
5466047 1
5467283 1
5467340 1
5478055 1
5488465 1
5511656 1
5516777 1
5516967 1
5517694 1
5521074 1
5524154 1
5526585 1
5528823 1
5532990 1
5545053 1
5547691 1
5550427 1
5558903 1
5558909 1
5559107 1
5561041 1
5562108 1
5564146 1
5568730 1
5579016 1
5585217 1
5591255 1
5593132 1
5607317 1
5608790 1
5609712 1
5611528 1
5617190 1
5619197 1
5620286 1
5632106 1
5635939 1
5637184 1
5639039 1
5654223 1
5657299 1
5662946 1
5662955 1
5668527 1
5677133 1
5677702 1
5684646 1
5687689 1
5688808 1
5693797 1
5697435 1
5704141 1
5710779 1
5726008 1
5729085 1
5734942 1
5743322 1
5749911 1
5750515 1
5757338 1
5765928 1
5766115 1
5770482 1
5773697 1
5774068 1
5778212 1
5798785 1
5801555 1
5805082 1
5805326 1
5805718 1
5806968 1
5808216 1
5809081 1
5811603 1
5813147 1
5815597 1
5818260 1
5819052 1
5823194 1
5826302 1
5834714 1
5852737 1
5857585 1
5861379 1
5868799 1
5870370 1
5872324 1
5876878 1
5877401 1
5883824 1
5885913 1
5889086 1
5892696 1
5894672 1
5894721 1
5894858 1
5899965 1
5903264 1
5904611 1
5907563 1
5910422 1
5914174 1
5915198 1
5928247 1
5929751 1
5931357 1
5931810 1
5932963 1
5944713 1
5945196 1
5947608 1
5947608 1
5965313 1
5967752 1
5968025 1
5969018 1
5971866 1
5981278 1
5986765 1
5989049 1
5989752 1
6004637 1
6004901 1
6005030 1
6007223 1
6027341 1
6032576 1
6034769 1
6035403 1
6035523 1
6035546 1
6039977 1
6045918 1
6050792 1
6054243 1
6058319 1
6058938 1
6071850 1
6073940 1
6073976 1
6090975 1
6094189 1
6097278 1
6100818 1
6138235 1
6141524 1
6147625 1
6147817 1
6151914 1
6152661 1
6171771 1
6172533 1
6177621 1
6179678 1
6182941 1
6185182 1
6190694 1
6191283 1
6195661 1
6195663 1
6198443 1
6199095 1
6201272 1
6207116 1
6225014 1
6225451 1
6225961 1
6257059 1
6264401 1
6281893 1
6282975 1
6295989 1
6301158 1
6304629 1
6306401 1
6314921 1
6315305 1
6322319 1
6323833 1
6328164 1
6332017 1
6332017 1
6333680 1
6338098 1
6343321 1
6354177 1
6361118 1
6378793 1
6389090 1
6406936 1
6407837 1
6409617 1
6410784 1
6412146 1
6422360 1
6423933 1
6426162 1
6426508 1
6433657 1
6435954 1
6436891 1
6452869 1
6464926 1
6483770 1
6484839 1
6485188 1
6488427 1
6493188 1
6516507 1
6525957 1
6526708 1
6532893 1
6537773 1
6541420 1
6541503 1
6549174 1
6549984 1
6553682 1
6557008 1
6557434 1
6563521 1
6564234 1
6565663 1
6578580 1
6579944 1
6582441 1
6586945 1
6590474 1
6601714 1
6606148 1
6606773 1
6607094 1
6607742 1
6611098 1
6616234 1
6625325 1
6631703 1
6637605 1
6640881 1
6640975 1
6641111 1
6644012 1
6662207 1
6665450 1
6666396 1
6666890 1
6672414 1
6685873 1
6696950 1
6697529 1
6698828 1
6698847 1
6700024 1
6714992 1
6717553 1
6723186 1
6728499 1
6733841 1
6741129 1
6748445 1
6749334 1
6751428 1
6764430 1
6767320 1
6773177 1
6779566 1
6780257 1
6785775 1
6788453 1
6794962 1
6801921 1
6807261 1
6819095 1
6826604 1
6829245 1
6834022 1
6836642 1
6837417 1
6845776 1
6847868 1
6849768 1
6851208 1
6851318 1
6853353 1
6862059 1
6866992 1
6876775 1
6879136 1
6880415 1
6887658 1
6900798 1
6913736 1
6920982 1
6921229 1
6931581 1
6932993 1
6934431 1
6935715 1
6937060 1
6938236 1
6945158 1
6946992 1
6950880 1
6957179 1
6957260 1
6960644 1
6961753 1
6972953 1
6976412 1
6979653 1
6987860 1
6988017 1
6997969 1
7006897 1
7008140 1
7012109 1
7016403 1
7022988 1
7022999 1
7026770 1
7028652 1
7029910 1
7030056 1
7031926 1
7044955 1
7048663 1
7049634 1
7049734 1
7050539 1
7058877 1
7062503 1
7072499 1
7077701 1
7086469 1
7111411 1
7111514 1
7113264 1
7114450 1
7115904 1
7118147 1
7119021 1
7124478 1
7129275 1
7130875 1
7138450 1
7138473 1
7155318 1
7156934 1
7158662 1
7158677 1
7163501 1
7166722 1
7171174 1
7173395 1
7180545 1
7181289 1
7189886 1
7189977 1
7191216 1
7191361 1
7194720 1
7196288 1
7211126 1
7216724 1
7220577 1
7226406 1
7233681 1
7234122 1
7248138 1
7250519 1
7258411 1
7259441 1
7278853 1
7280523 1
7282565 1
7289014 1
7295777 1
7304309 1
7308788 1
7308812 1
7316507 1
7317433 1
7331513 1
7334316 1
7340678 1
7343818 1
7346963 1
7347122 1
7355578 1
7356168 1
7356528 1
7359986 1
7361584 1
7362817 1
7366775 1
7367321 1
7381130 1
7385526 1
7395534 1
7411886 1
7420175 1
7434517 1
7434884 1
7434914 1
7437888 1
7445604 1
7450742 1
7478193 1
7479995 1
7490009 1
7491825 1
7503867 1
7508359 1
7514570 1
7527832 1
7542307 1
7545505 1
7546616 1
7550032 1
7550032 1
7554950 1
7557620 1
7588406 1
7592176 1
7598581 1
7599247 1
7600069 1
7601329 1
7602958 1
7605202 1
7611215 1
7618649 1
7621161 1
7621505 1
7621928 1
7622126 1
7628524 1
7639983 1
7641366 1
7643869 1
7645331 1
7656639 1
7659215 1
7662671 1
7671586 1
7675037 1
7684536 1
7690788 1
7690788 1
7697382 1
7698734 1
7706735 1
7710463 1
7732812 1
7737745 1
7755522 1
7760415 1
7760912 1
7773731 1
7774836 1
7777603 1
7779065 1
7800656 1
7814273 1
7831311 1
7844841 1
7855130 1
7865674 1
7865991 1
7872194 1
7872249 1
7884372 1
7890536 1
7892228 1
7894532 1
7897536 1
7897899 1
7905470 1
7907261 1
7907849 1
7916450 1
7916526 1
7918953 1
7923704 1
7925473 1
7925655 1
7935530 1
7949994 1
7952650 1
7954011 1
7954031 1
7954283 1
7954670 1
7956967 1
7972465 1
7976117 1
7977872 1
7981512 1
7982069 1
7982707 1
7983401 1
7994670 1
7997216 1
8001510 1
8005305 1
8007326 1
8013379 1
8013908 1
8013972 1
8017135 1
8021158 1
8021309 1
8023290 1
8024315 1
8031208 1
8031527 1
8033828 1
8048226 1
8053381 1
8064617 1
8069263 1
8070982 1
8073551 1
8082741 1
8093626 1
8100627 1
8101208 1
8103961 1
8110109 1
8110443 1
8110871 1
8113406 1
8122518 1
8129849 1
8131852 1
8134577 1
8137323 1
8138414 1
8141809 1
8147768 1
8151767 1
8152655 1
8152874 1
8156379 1
8178697 1
8189701 1
8192732 1
8202942 1
8210103 1
8213935 1
8215287 1
8230101 1
8233699 1
8237305 1
8254204 1
8256607 1
8261689 1
8275036 1
8309452 1
8310634 1
2791 1
8017 1
17576 1
33318 1
46665 1
59654 1
62632 1
71565 1
93007 1
100155 1
111083 1
123000 1
128132 1
128374 1
129417 1
134275 1
135081 1
136040 1
139178 1
143263 1
143392 1
146691 1
146927 1
147566 1
149857 1
155823 1
156351 1
160904 1
163069 1
165157 1
166570 1
166969 1
170975 1
173214 1
174153 1
176059 1
176272 1
176862 1
178363 1
189401 1
190851 1
196626 1
200413 1
216326 1
220220 1
223208 1
224890 1
227492 1
229040 1
229727 1
235861 1
236421 1
236700 1
243809 1
253600 1
261661 1
265612 1
266656 1
273754 1
275093 1
277389 1
279874 1
284198 1
289680 1
290369 1
290693 1
296863 1
297727 1
298277 1
310743 1
313708 1
316418 1
316478 1
318837 1
327024 1
336148 1
336167 1
336167 1
343047 1
355781 1
356589 1
359045 1
368853 1
388200 1
389832 1
398995 1
409988 1
428490 1
431577 1
437133 1
441147 1
441147 1
443457 1
444578 1
447035 1
450332 1
450353 1
450402 1
453399 1
455976 1
463528 1
465850 1
478960 1
484717 1
485275 1
498753 1
501574 1
504222 1
509318 1
514180 1
514333 1
514788 1
517760 1
536393 1
541820 1
543316 1
549118 1
555497 1
558846 1
564012 1
565312 1
571926 1
581190 1
586001 1
606857 1
610527 1
622267 1
622537 1
623288 1
646736 1
650384 1
653587 1
671968 1
672104 1
672142 1
674216 1
705119 1
713533 1
718388 1
719902 1
719928 1
721155 1
725703 1
740229 1
747289 1
750390 1
752706 1
756591 1
757953 1
758815 1
778827 1
779046 1
793029 1
798599 1
807376 1
812072 1
815534 1
816369 1
820785 1
824443 1
824828 1
826657 1
829244 1
841122 1
848300 1
857944 1
864830 1
864906 1
867064 1
867181 1
868784 1
869304 1
874173 1
881040 1
891293 1
908296 1
910031 1
910543 1
911653 1
912042 1
914375 1
915605 1
919476 1
921449 1
923007 1
924381 1
928523 1
931460 1
934920 1
938433 1
946131 1
954286 1
955103 1
974462 1
979725 1
980607 1
990102 1
997287 1
1002126 1
1003572 1
1011464 1
1014118 1
1020460 1
1023840 1
1026236 1
1028556 1
1034151 1
1044711 1
1057959 1
1058199 1
1065577 1
1070913 1
1078964 1
1079903 1
1081264 1
1086411 1
1086431 1
1087180 1
1099170 1
1099748 1
1100391 1
1104432 1
1105405 1
1105993 1
1106670 1
1110520 1
1112950 1
1134833 1
1140336 1
1143052 1
1144249 1
1146411 1
1149408 1
1153313 1
1153747 1
1154337 1
1161603 1
1170496 1
1175413 1
1177787 1
1179346 1
1180378 1
1181882 1
1183756 1
1187732 1
1188738 1
1196626 1
1198861 1
1202054 1
1205622 1
1207189 1
1207377 1
1208880 1
1214267 1
1216279 1
1222945 1
1225917 1
1239235 1
1249350 1
1251061 1
1255741 1
1256184 1
1259191 1
1267259 1
1275202 1
1275360 1
1275869 1
1279945 1
1287708 1
1291596 1
1294021 1
1294840 1
1294928 1
1299203 1
1308316 1
1317521 1
1322034 1
1323119 1
1324942 1
1324976 1
1329566 1
1343124 1
1354874 1
1356190 1
1356399 1
1360041 1
1365328 1
1376497 1
1397217 1
1398349 1
1402025 1
1403046 1
1403804 1
1407411 1
1412521 1
1418109 1
1424488 1
1424852 1
1425113 1
1426036 1
1426780 1
1442584 1
1455080 1
1458840 1
1461224 1
1463135 1
1468141 1
1469436 1
1470744 1
1483588 1
1493656 1
1494588 1
1495279 1
1495329 1
1507223 1
1507425 1
1512227 1
1513622 1
1517332 1
1532991 1
1537819 1
1539805 1
1542841 1
1545357 1
1558017 1
1565513 1
1572157 1
1578204 1
1596399 1
1598667 1
1599243 1
1608844 1
1618712 1
1621721 1
1631090 1
1633206 1
1641157 1
1641358 1
1663789 1
1665573 1
1668771 1
1670466 1
1671862 1
1673465 1
1674234 1
1674456 1
1675442 1
1677227 1
1682439 1
1699471 1
1701952 1
1704989 1
1705674 1
1706026 1
1706356 1
1706755 1
1713154 1
1715447 1
1717944 1
1722337 1
1725253 1
1725571 1
1728781 1
1729784 1
1732924 1
1744943 1
1746857 1
1747107 1
1751200 1
1759276 1
1761963 1
1762221 1
1772982 1
1772982 1
1775679 1
1779034 1
1784993 1
1786892 1
1787184 1
1789055 1
1792587 1
1794301 1
1794520 1
1796024 1
1796032 1
1797342 1
1797396 1
1797937 1
1800123 1
1804512 1
1808562 1
1819686 1
1821598 1
1824001 1
1837511 1
1842783 1
1843382 1
1843672 1
1844651 1
1847963 1
1848553 1
1853459 1
1856457 1
1859003 1
1861492 1
1875486 1
1881702 1
1892891 1
1894404 1
1894562 1
1907807 1
1908911 1
1937925 1
1946256 1
1962571 1
1963226 1
1964284 1
1964645 1
1969734 1
1974234 1
1977469 1
1982948 1
1991979 1
1993155 1
1997774 1
2011287 1
2012031 1
2016617 1
2037871 1
2046133 1
2064202 1
2064202 1
2073793 1
2088313 1
2097177 1
2099734 1
2103059 1
2103167 1
2111253 1
2114017 1
2116375 1
2116894 1
2119077 1
2123349 1
2146033 1
2148348 1
2150616 1
2155483 1
2157342 1
2157554 1
2165903 1
2166805 1
2174701 1
2175255 1
2184926 1
2187307 1
2188872 1
2189387 1
2191399 1
2193618 1
2197603 1
2197705 1
2208304 1
2212551 1
2218973 1
2220199 1
2228019 1
2238853 1
2241300 1
2251006 1
2251502 1
2253109 1
2272429 1
2282707 1
2287763 1
2289128 1
2289776 1
2293385 1
2295171 1
2307012 1
2328678 1
2331962 1
2332347 1
2334385 1
2336775 1
2346745 1
2352490 1
2362956 1
2368765 1
2370402 1
2376896 1
2390769 1
2391377 1
2402236 1
2405750 1
2414415 1
2415865 1
2415868 1
2417424 1
2417434 1
2423260 1
2423542 1
2423556 1
2423897 1
2430735 1
2431347 1
2431570 1
2432262 1
2432790 1
2436475 1
2443809 1
2444705 1
2446537 1
2447430 1
2448709 1
2450429 1
2462614 1
2464444 1
2465500 1
2469124 1
2473177 1
2473325 1
2480903 1
2482333 1
2487011 1
2493243 1
2497508 1
2497828 1
2502693 1
2506218 1
2509400 1
2510650 1
2513352 1
2521824 1
2530326 1
2543149 1
2544719 1
2548878 1
2551972 1
2557347 1
2565006 1
2565239 1
2565960 1
2566120 1
2567012 1
2567207 1
2567229 1
2573263 1
2579597 1
2581286 1
2588322 1
2589721 1
2594059 1
2601606 1
2603583 1
2606735 1
2607923 1
2608608 1
2610414 1
2616793 1
2620207 1
2622263 1
2622857 1
2623012 1
2623750 1
2626407 1
2652183 1
2665411 1
2665639 1
2675573 1
2676387 1
2686321 1
2688026 1
2713015 1
2713663 1
2715014 1
2727537 1
2728658 1
2732762 1
2738991 1
2750167 1
2759501 1
2769680 1
2770948 1
2774722 1
2796368 1
2805120 1
2805277 1
2808191 1
2816905 1
2817973 1
2824121 1
2828613 1
2829258 1
2832988 1
2838423 1
2839955 1
2848327 1
2854677 1
2874250 1
2881422 1
2890999 1
2894714 1
2895305 1
2907394 1
2912811 1
2915733 1
2916835 1
2916835 1
2922564 1
2929501 1
2937810 1
2939458 1
2945122 1
2946517 1
2952114 1
2967072 1
2969018 1
2972136 1
2973824 1
2978919 1
2980312 1
2980695 1
2983475 1
2988422 1
2988422 1
2989244 1
2993922 1
3001265 1
3004182 1
3004926 1
3009867 1
3010313 1
3011753 1
3013299 1
3026515 1
3032818 1
3037773 1
3039707 1
3040529 1
3040554 1
3043688 1
3046498 1
3051014 1
3051579 1
3062824 1
3075141 1
3075999 1
3078818 1
3079108 1
3079761 1
3083959 1
3085212 1
3088808 1
3092513 1
3097083 1
3101079 1
3105176 1
3107676 1
3111785 1
3111955 1
3112330 1
3113672 1
3118596 1
3124319 1
3136965 1
3137711 1
3142293 1
3144714 1
3144819 1
3145106 1
3145211 1
3151890 1
3152360 1
3152910 1
3167162 1
3172531 1
3181882 1
3184340 1
3188482 1
3195361 1
3216986 1
3218010 1
3219155 1
3238500 1
3246715 1
3248674 1
3254760 1
3257702 1
3260676 1
3261670 1
3266959 1
3269934 1
3272093 1
3275571 1
3278510 1
3297477 1
3301400 1
3316098 1
3317238 1
3321991 1
3328858 1
3332938 1
3339243 1
3357835 1
3362148 1
3371440 1
3379645 1
3389428 1
3393908 1
3397141 1
3403859 1
3405859 1
3407128 1
3409430 1
3409820 1
3413880 1
3418321 1
3434682 1
3441325 1
3454446 1
3455702 1
3456531 1
3462091 1
3471002 1
3471028 1
3472266 1
3477916 1
3486465 1
3488247 1
3491222 1
3494379 1
3502674 1
3503415 1
3504560 1
3506794 1
3507081 1
3508226 1
3509934 1
3510132 1
3512751 1
3513810 1
3514332 1
3514502 1
3526144 1
3533480 1
3536844 1
3542097 1
3543275 1
3551970 1
3552661 1
3567047 1
3570745 1
3571181 1
3573607 1
3575444 1
3578628 1
3584953 1
3586331 1
3598308 1
3613626 1
3616394 1
3627490 1
3636083 1
3637818 1
3640289 1
3647375 1
3652914 1
3657782 1
3659714 1
3659714 1
3677034 1
3686336 1
3691294 1
3693198 1
3693906 1
3698428 1
3698662 1
3722161 1
3723995 1
3734236 1
3738335 1
3740740 1
3741821 1
3743372 1
3751954 1
3757443 1
3758930 1
3761324 1
3761889 1
3773964 1
3774340 1
3775701 1
3781301 1
3784487 1
3788223 1
3794328 1
3794440 1
3836881 1
3843928 1
3846570 1
3861357 1
3869453 1
3871310 1
3874064 1
3881186 1
3882182 1
3882510 1
3885355 1
3888178 1
3889221 1
3891099 1
3891495 1
3914557 1
3920211 1
3930295 1
3931233 1
3941712 1
3943017 1
3965995 1
3966690 1
3986563 1
3991780 1
3993052 1
4003389 1
4009607 1
4009700 1
4017136 1
4020844 1
4029231 1
4030360 1
4057258 1
4067088 1
4069090 1
4069859 1
4094443 1
4094973 1
4095023 1
4096089 1
4102056 1
4138124 1
4149253 1
4161667 1
4162334 1
4163510 1
4173571 1
4173639 1
4173703 1
4180059 1
4180079 1
4182421 1
4188614 1
4190333 1
4190347 1
4192399 1
4195803 1
4197774 1
4199780 1
4203597 1
4206221 1
4208786 1
4212028 1
4212756 1
4215061 1
4225118 1
4243023 1
4250249 1
4253870 1
4260798 1
4261458 1
4263521 1
4264322 1
4265857 1
4281268 1
4282929 1
4285280 1
4285883 1
4294163 1
4324901 1
4332431 1
4341685 1
4342157 1
4349147 1
4351530 1
4351769 1
4353237 1
4354391 1
4355766 1
4359608 1
4369231 1
4369575 1
4369786 1
4376484 1
4377077 1
4382045 1
4384295 1
4393777 1
4396109 1
4398794 1
4400815 1
4403499 1
4404332 1
4414315 1
4414892 1
4416452 1
4421654 1
4428935 1
4430435 1
4433544 1
4435065 1
4437725 1
4442616 1
4449174 1
4460340 1
4474118 1
4478373 1
4481713 1
4483569 1
4484648 1
4485480 1
4494037 1
4509006 1
4515529 1
4516626 1
4517044 1
4518756 1
4524054 1
4532749 1
4535797 1
4536961 1
4544136 1
4545781 1
4551323 1
4555784 1
4559978 1
4561888 1
4579870 1
4582922 1
4591539 1
4591539 1
4593476 1
4594651 1
4617522 1
4629047 1
4630585 1
4633459 1
4645334 1
4650902 1
4653049 1
4667307 1
4668719 1
4670189 1
4670764 1
4672213 1
4677554 1
4678589 1
4682335 1
4685465 1
4686177 1
4687174 1
4689405 1
4691057 1
4693880 1
4702758 1
4704218 1
4711531 1
4718848 1
4722351 1
4724734 1
4729304 1
4730151 1
4734710 1
4735538 1
4739315 1
4742560 1
4749241 1
4751941 1
4758976 1
4759722 1
4761598 1
4763116 1
4763244 1
4768852 1
4769942 1
4771169 1
4772142 1
4773188 1
4773908 1
4780540 1
4782212 1
4783427 1
4787192 1
4791845 1
4796505 1
4797701 1
4798598 1
4810388 1
4813395 1
4814860 1
4816962 1
4827525 1
4827601 1
4828615 1
4828642 1
4833216 1
4836513 1
4837620 1
4842442 1
4844585 1
4850667 1
4854729 1
4870147 1
4870752 1
4874424 1
4881259 1
4887152 1
4891595 1
4892017 1
4892021 1
4896409 1
4901290 1
4905084 1
4905385 1
4906301 1
4909031 1
4917555 1
4928358 1
4928485 1
4943399 1
4946456 1
4951217 1
4954846 1
4958124 1
4960236 1
4961336 1
4964083 1
4969090 1
4970709 1
4977331 1
4986125 1
4990606 1
4994087 1
4998793 1
5001136 1
5001589 1
5001922 1
5004219 1
5015669 1
5021352 1
5023133 1
5025537 1
5031579 1
5033823 1
5034959 1
5038684 1
5040052 1
5040164 1
5041880 1
5044248 1
5044434 1
5047550 1
5048248 1
5053797 1
5069951 1
5077360 1
5082059 1
5083951 1
5089308 1
5093760 1
5118424 1
5118493 1
5119697 1
5122755 1
5132435 1
5177382 1
5182632 1
5190308 1
5191712 1
5196454 1
5196525 1
5198682 1
5201928 1
5207626 1
5212147 1
5223195 1
5230010 1
5231384 1
5232351 1
5233730 1
5234684 1
5236661 1
5255568 1
5270366 1
5278093 1
5280510 1
5281459 1
5282007 1
5285040 1
5297590 1
5313173 1
5320704 1
5322614 1
5328147 1
5340825 1
5341713 1
5345574 1
5347554 1
5349035 1
5354602 1
5369930 1
5376567 1
5386589 1
5386589 1
5405177 1
5407087 1
5408462 1
5430498 1
5433091 1
5433527 1
5436571 1
5448452 1
5459920 1
5467940 1
5475860 1
5494884 1
5495701 1
5496432 1
5505828 1
5521206 1
5524129 1
5527268 1
5528682 1
5531590 1
5531641 1
5537795 1
5540312 1
5540312 1
5540312 1
5540312 1
5540312 1
5542825 1
5543860 1
5543875 1
5555338 1
5557188 1
5563569 1
5567831 1
5572226 1
5575407 1
5585606 1
5591347 1
5593824 1
5619966 1
5625102 1
5629765 1
5634912 1
5639705 1
5640529 1
5642909 1
5644786 1
5645994 1
5647850 1
5648003 1
5651573 1
5659956 1
5660184 1
5664152 1
5664685 1
5669710 1
5671258 1
5672260 1
5677012 1
5680214 1
5681502 1
5684892 1
5685220 1
5685694 1
5686010 1
5687090 1
5689795 1
5691278 1
5695606 1
5695739 1
5718297 1
5725831 1
5727298 1
5736595 1
5742091 1
5742585 1
5743622 1
5748652 1
5763572 1
5781219 1
5793344 1
5795990 1
5797245 1
5797755 1
5803245 1
5808983 1
5821594 1
5822179 1
5832815 1
5833096 1
5833213 1
5833979 1
5837804 1
5845541 1
5850143 1
5850368 1
5851273 1
5860330 1
5861640 1
5862766 1
5870230 1
5873799 1
5876621 1
5881108 1
5900741 1
5903193 1
5904711 1
5905237 1
5910636 1
5915279 1
5917594 1
5925495 1
5926749 1
5927234 1
5947547 1
5951198 1
5952019 1
5952795 1
5969739 1
5972862 1
5979394 1
5982718 1
5987823 1
5998164 1
5998201 1
6003189 1
6005140 1
6018100 1
6032429 1
6039352 1
6041285 1
6042474 1
6043524 1
6049320 1
6061387 1
6064112 1
6066894 1
6072978 1
6085082 1
6086434 1
6090793 1
6097745 1
6099384 1
6111786 1
6111858 1
6122320 1
6130261 1
6138016 1
6144466 1
6149929 1
6151529 1
6155471 1
6157239 1
6161518 1
6175395 1
6178158 1
6181690 1
6200522 1
6238924 1
6256722 1
6269846 1
6272575 1
6274957 1
6276435 1
6284574 1
6297636 1
6297640 1
6297885 1
6299984 1
6304203 1
6309821 1
6309835 1
6315189 1
6315824 1
6319736 1
6320887 1
6322587 1
6331197 1
6335355 1
6347195 1
6355051 1
6357341 1
6358487 1
6373123 1
6374310 1
6375528 1
6376190 1
6380230 1
6380853 1
6385095 1
6392925 1
6403027 1
6404698 1
6409564 1
6410045 1
6411207 1
6414832 1
6420693 1
6435189 1
6438259 1
6438641 1
6439252 1
6441302 1
6458814 1
6482314 1
6483515 1
6485683 1
6486459 1
6487285 1
6490743 1
6494693 1
6498602 1
6501535 1
6502081 1
6508950 1
6509466 1
6509935 1
6517474 1
6518034 1
6521587 1
6521835 1
6531225 1
6533384 1
6535599 1
6537676 1
6542451 1
6549375 1
6556969 1
6557765 1
6558761 1
6564387 1
6571773 1
6580418 1
6581237 1
6583539 1
6584017 1
6598560 1
6600553 1
6606629 1
6614844 1
6618617 1
6622549 1
6624515 1
6629507 1
6632115 1
6632374 1
6636365 1
6639188 1
6647405 1
6647669 1
6649321 1
6661388 1
6662417 1
6670168 1
6680973 1
6693143 1
6694227 1
6695769 1
6696609 1
6699780 1
6748130 1
6749764 1
6750259 1
6752570 1
6755278 1
6764107 1
6775905 1
6776323 1
6784805 1
6789206 1
6791513 1
6804345 1
6804423 1
6804647 1
6806606 1
6806627 1
6813687 1
6815331 1
6823056 1
6824630 1
6834281 1
6835033 1
6836550 1
6837525 1
6847390 1
6847471 1
6848012 1
6851158 1
6861817 1
6874860 1
6881411 1
6884903 1
6886560 1
6888645 1
6890107 1
6893115 1
6896858 1
6900396 1
6902917 1
6916088 1
6928673 1
6930098 1
6934180 1
6936394 1
6938022 1
6938024 1
6939810 1
6940550 1
6940885 1
6943858 1
6945733 1
6946458 1
6948421 1
6950991 1
6951915 1
6951978 1
6954499 1
6954976 1
6960860 1
6966497 1
6969309 1
6973919 1
6983074 1
6990384 1
6999607 1
7004458 1
7010036 1
7023013 1
7025017 1
7037729 1
7038116 1
7049530 1
7050364 1
7056576 1
7056824 1
7077433 1
7078672 1
7106459 1
7107205 1
7109504 1
7111220 1
7111632 1
7113598 1
7113857 1
7123047 1
7123927 1
7133907 1
7134445 1
7137085 1
7140165 1
7171259 1
7205619 1
7224225 1
7224763 1
7227461 1
7229795 1
7240722 1
7241877 1
7249815 1
7255803 1
7258865 1
7259911 1
7260541 1
7267008 1
7272492 1
7275497 1
7283667 1
7288498 1
7288842 1
7293824 1
7294942 1
7297535 1
7307389 1
7308135 1
7311829 1
7319729 1
7326302 1
7338207 1
7343505 1
7344329 1
7350795 1
7364617 1
7365466 1
7378789 1
7379721 1
7379794 1
7385595 1
7393552 1
7409191 1
7410203 1
7416271 1
7419876 1
7420616 1
7438181 1
7438556 1
7447920 1
7448498 1
7451259 1
7456261 1
7459923 1
7472070 1
7475451 1
7479910 1
7481347 1
7481935 1
7483372 1
7484331 1
7486395 1
7491356 1
7506873 1
7513908 1
7524951 1
7526440 1
7533847 1
7544434 1
7545327 1
7545527 1
7545710 1
7553523 1
7560763 1
7567226 1
7576045 1
7577088 1
7585779 1
7588539 1
7589805 1
7593168 1
7593208 1
7594762 1
7600422 1
7601091 1
7606132 1
7624703 1
7635196 1
7635607 1
7638616 1
7649805 1
7654584 1
7655905 1
7659341 1
7664357 1
7664747 1
7673289 1
7676036 1
7681915 1
7693806 1
7699423 1
7700238 1
7700438 1
7705696 1
7705696 1
7707615 1
7709325 1
7709471 1
7723177 1
7723472 1
7738495 1
7762405 1
7764965 1
7773325 1
7773348 1
7794706 1
7800844 1
7811037 1
7828486 1
7832977 1
7835774 1
7840391 1
7841694 1
7842702 1
7847607 1
7855839 1
7857753 1
7859827 1
7870016 1
7874488 1
7875994 1
7879323 1
7887430 1
7888138 1
7888442 1
7890982 1
7892683 1
7895535 1
7898311 1
7900132 1
7901604 1
7910151 1
7918028 1
7920060 1
7921028 1
7924889 1
7941159 1
7945755 1
7946519 1
7948412 1
7949503 1
7951412 1
7955949 1
7961655 1
7968497 1
7980161 1
7980354 1
7981089 1
7984283 1
7985210 1
7992205 1
7998113 1
7999084 1
8001764 1
8003722 1
8005573 1
8007428 1
8016759 1
8017426 1
8020404 1
8041558 1
8042694 1
8047644 1
8052204 1
8052364 1
8053918 1
8053921 1
8058561 1
8062573 1
8062820 1
8071527 1
8074538 1
8077411 1
8078117 1
8081246 1
8086893 1
8087076 1
8087184 1
8088553 1
8090076 1
8096154 1
8100914 1
8102184 1
8103032 1
8104315 1
8108116 1
8110982 1
8111058 1
8112295 1
8118063 1
8120890 1
8121724 1
8122621 1
8128844 1
8140464 1
8142228 1
8143697 1
8156551 1
8167129 1
8170633 1
8177142 1
8187171 1
8188155 1
8210040 1
8223265 1
8267734 1
8271979 1
8292153 1
8300262 1
8302972 1
7757 1
8802 1
15435 1
15619 1
23647 1
32355 1
35660 1
37316 1
39368 1
40042 1
48886 1
52177 1
57726 1
68408 1
78746 1
97786 1
98064 1
99464 1
101332 1
101722 1
105102 1
106632 1
106862 1
109101 1
112933 1
114506 1
115233 1
116077 1
121484 1
125848 1
128968 1
135380 1
141934 1
142897 1
144712 1
145363 1
149231 1
149765 1
155458 1
158032 1
158328 1
160944 1
167846 1
170737 1
172564 1
173243 1
174171 1
177909 1
183063 1
186162 1
192021 1
195429 1
197399 1
198188 1
200445 1
205853 1
215512 1
217135 1
226012 1
226122 1
231057 1
232061 1
238469 1
244423 1
248349 1
249397 1
249420 1
250744 1
250899 1
254045 1
260675 1
261472 1
262639 1
263218 1
275787 1
294032 1
298548 1
301437 1
303308 1
311299 1
312062 1
318944 1
326160 1
344997 1
345589 1
352130 1
361010 1
361980 1
382632 1
387193 1
390947 1
397227 1
428565 1
430916 1
441932 1
442211 1
445951 1
446560 1
448283 1
452916 1
456128 1
459315 1
459681 1
459967 1
461258 1
471364 1
474479 1
476262 1
478724 1
483405 1
483634 1
485077 1
489930 1
490664 1
491052 1
496362 1
496744 1
499393 1
500155 1
501704 1
508086 1
512074 1
516202 1
516846 1
519463 1
524882 1
531722 1
536983 1
542723 1
552404 1
562368 1
564653 1
564869 1
565552 1
566367 1
573886 1
574515 1
576429 1
583547 1
598218 1
599104 1
605709 1
606040 1
611378 1
612643 1
613941 1
616886 1
633530 1
634288 1
646019 1
646976 1
646987 1
648910 1
652264 1
654770 1
655378 1
658516 1
664817 1
688629 1
692300 1
718563 1
722206 1
725030 1
725351 1
726731 1
731253 1
734103 1
736275 1
746227 1
765276 1
767787 1
771825 1
771958 1
774122 1
787439 1
789970 1
796889 1
797841 1
813254 1
813453 1
818720 1
831168 1
832810 1
834688 1
844576 1
848168 1
864703 1
867109 1
868555 1
875799 1
896762 1
910292 1
912505 1
912588 1
913446 1
913642 1
913716 1
922949 1
927537 1
931251 1
939092 1
940495 1
941835 1
946060 1
951296 1
954707 1
957319 1
961773 1
962654 1
984739 1
998560 1
998660 1
998661 1
999932 1
1003923 1
1010988 1
1015521 1
1022468 1
1025390 1
1030837 1
1039826 1
1041456 1
1044556 1
1045340 1
1055504 1
1057087 1
1058423 1
1064554 1
1066308 1
1069700 1
1071480 1
1077377 1
1077400 1
1078940 1
1079008 1
1083311 1
1083515 1
1085561 1
1088788 1
1099944 1
1102447 1
1123274 1
1127621 1
1136716 1
1137585 1
1139505 1
1148268 1
1150536 1
1161847 1
1175439 1
1175809 1
1187429 1
1194951 1
1197065 1
1200005 1
1200081 1
1205838 1
1206089 1
1208013 1
1208177 1
1211817 1
1216429 1
1219071 1
1220306 1
1223323 1
1224113 1
1226225 1
1226882 1
1229910 1
1233769 1
1236975 1
1251196 1
1254743 1
1257973 1
1259874 1
1260693 1
1262810 1
1266020 1
1279671 1
1280949 1
1282986 1
1289314 1
1291133 1
1291635 1
1291655 1
1292204 1
1292816 1
1293391 1
1298256 1
1323839 1
1323914 1
1324555 1
1332997 1
1336191 1
1349269 1
1349710 1
1355328 1
1357912 1
1358717 1
1359364 1
1359775 1
1361922 1
1366409 1
1366922 1
1374929 1
1376509 1
1376756 1
1394250 1
1401794 1
1415622 1
1425513 1
1437571 1
1439036 1
1450778 1
1458760 1
1469823 1
1472157 1
1472827 1
1473544 1
1476712 1
1477884 1
1478563 1
1482755 1
1484490 1
1489918 1
1504424 1
1507029 1
1509704 1
1516524 1
1527664 1
1529592 1
1532782 1
1538686 1
1543277 1
1546295 1
1547464 1
1555137 1
1558457 1
1565813 1
1571683 1
1577282 1
1580225 1
1581936 1
1587789 1
1589069 1
1592480 1
1594349 1
1601145 1
1602806 1
1610299 1
1613918 1
1626599 1
1630224 1
1639189 1
1641407 1
1642267 1
1643908 1
1652311 1
1655513 1
1662605 1
1663292 1
1667645 1
1670027 1
1682659 1
1685731 1
1689149 1
1690055 1
1698045 1
1700130 1
1700443 1
1704093 1
1704559 1
1716049 1
1726413 1
1727526 1
1738698 1
1743745 1
1743767 1
1752031 1
1756177 1
1761204 1
1761307 1
1761655 1
1771352 1
1781974 1
1785189 1
1786660 1
1789492 1
1808687 1
1813778 1
1815801 1
1817834 1
1831291 1
1838547 1
1844564 1
1852261 1
1854777 1
1855802 1
1856882 1
1860011 1
1866158 1
1867492 1
1870859 1
1876783 1
1882468 1
1887688 1
1895124 1
1897293 1
1899418 1
1907026 1
1943691 1
1967635 1
1969812 1
1973146 1
1977734 1
1998089 1
1998635 1
1999016 1
2002516 1
2006289 1
2006958 1
2018650 1
2028484 1
2030850 1
2044299 1
2044457 1
2062051 1
2064817 1
2065381 1
2066648 1
2069878 1
2072965 1
2080732 1
2093114 1
2103840 1
2104568 1
2105092 1
2110990 1
2116667 1
2119495 1
2121752 1
2134095 1
2137442 1
2137561 1
2138110 1
2138164 1
2144925 1
2164055 1
2171671 1
2174849 1
2179928 1
2185543 1
2197078 1
2204211 1
2210442 1
2213671 1
2218844 1
2222834 1
2232580 1
2240637 1
2245014 1
2248657 1
2250313 1
2261507 1
2265488 1
2272251 1
2278637 1
2278745 1
2286007 1
2297312 1
2299352 1
2300000 1
2304519 1
2317223 1
2317766 1
2323066 1
2325780 1
2329920 1
2333846 1
2348636 1
2349661 1
2357261 1
2358059 1
2360506 1
2366797 1
2370553 1
2375377 1
2375520 1
2384167 1
2385710 1
2385933 1
2388597 1
2398068 1
2405032 1
2411173 1
2428985 1
2434884 1
2441818 1
2443395 1
2443508 1
2446393 1
2460069 1
2468786 1
2471108 1
2474998 1
2483254 1
2483273 1
2483583 1
2485449 1
2487627 1
2492935 1
2501304 1
2501845 1
2502738 1
2504590 1
2506104 1
2506930 1
2508540 1
2517444 1
2517944 1
2518020 1
2520603 1
2525676 1
2526504 1
2528703 1
2531858 1
2533049 1
2544043 1
2560872 1
2568487 1
2570140 1
2574986 1
2581634 1
2587020 1
2589866 1
2592322 1
2595290 1
2604110 1
2609485 1
2613321 1
2615162 1
2618357 1
2620886 1
2637598 1
2652296 1
2657240 1
2658457 1
2664374 1
2665734 1
2667033 1
2669699 1
2672347 1
2684190 1
2684787 1
2695600 1
2698203 1
2707849 1
2707849 1
2713529 1
2722820 1
2726316 1
2732666 1
2739171 1
2741576 1
2754363 1
2759542 1
2771313 1
2774762 1
2774777 1
2777620 1
2781148 1
2781151 1
2795403 1
2795403 1
2795403 1
2795403 1
2797350 1
2799636 1
2803763 1
2804756 1
2809476 1
2811206 1
2812764 1
2815438 1
2819100 1
2819782 1
2820372 1
2821895 1
2844054 1
2844182 1
2885728 1
2886020 1
2895542 1
2900590 1
2906062 1
2907080 1
2911753 1
2915097 1
2928605 1
2938828 1
2945724 1
2952098 1
2955698 1
2963309 1
2963446 1
2965344 1
2971658 1
2973788 1
2988186 1
2989962 1
2989988 1
2992002 1
2993319 1
2994484 1
2996765 1
3001965 1
3005347 1
3005439 1
3006496 1
3006560 1
3007758 1
3011647 1
3017776 1
3024516 1
3032152 1
3038129 1
3066529 1
3077793 1
3078017 1
3079448 1
3082952 1
3086101 1
3088536 1
3091520 1
3102147 1
3105295 1
3110193 1
3112119 1
3112595 1
3113638 1
3113685 1
3114505 1
3132711 1
3150588 1
3157798 1
3172464 1
3179184 1
3179305 1
3179710 1
3181571 1
3182687 1
3183655 1
3191544 1
3196517 1
3198173 1
3198492 1
3219711 1
3221723 1
3241477 1
3244529 1
3263034 1
3265244 1
3270974 1
3271135 1
3273156 1
3283400 1
3295801 1
3298830 1
3304848 1
3319437 1
3322222 1
3333416 1
3336444 1
3339233 1
3349128 1
3360393 1
3361250 1
3362378 1
3363683 1
3373863 1
3379730 1
3385631 1
3388192 1
3390852 1
3392374 1
3392724 1
3393049 1
3396627 1
3398241 1
3405271 1
3420298 1
3426309 1
3427071 1
3431804 1
3432032 1
3446045 1
3446339 1
3448549 1
3448924 1
3449272 1
3451202 1
3461227 1
3463533 1
3474081 1
3479978 1
3482049 1
3488655 1
3499516 1
3502882 1
3506669 1
3507645 1
3510558 1
3511599 1
3513694 1
3517425 1
3525967 1
3527992 1
3528750 1
3529021 1
3537546 1
3538991 1
3541018 1
3542852 1
3549960 1
3553695 1
3554017 1
3562518 1
3568489 1
3574612 1
3584205 1
3585749 1
3594536 1
3596293 1
3606309 1
3612120 1
3613776 1
3616734 1
3619885 1
3623735 1
3632679 1
3635543 1
3644056 1
3661045 1
3671357 1
3679469 1
3680459 1
3682211 1
3682305 1
3689525 1
3692599 1
3698285 1
3709258 1
3715355 1
3715563 1
3726819 1
3727969 1
3734251 1
3743433 1
3744028 1
3744198 1
3748907 1
3750954 1
3751368 1
3756628 1
3758183 1
3760669 1
3762837 1
3764117 1
3768907 1
3770690 1
3775200 1
3778429 1
3783198 1
3783244 1
3783990 1
3785610 1
3790468 1
3792169 1
3794209 1
3799806 1
3811182 1
3813478 1
3817357 1
3818663 1
3827033 1
3827666 1
3837813 1
3857581 1
3860547 1
3870756 1
3871542 1
3871630 1
3872109 1
3873049 1
3873789 1
3874214 1
3883469 1
3885526 1
3898369 1
3899880 1
3906074 1
3907187 1
3914130 1
3914502 1
3914607 1
3915007 1
3916776 1
3924778 1
3925118 1
3936321 1
3940004 1
3944779 1
3947691 1
3954106 1
3954336 1
3980332 1
3988417 1
3993753 1
4008378 1
4010175 1
4011919 1
4013465 1
4022344 1
4022708 1
4022768 1
4023965 1
4028705 1
4029515 1
4029570 1
4030749 1
4035549 1
4037636 1
4040623 1
4042842 1
4045790 1
4047526 1
4049858 1
4054033 1
4055100 1
4058594 1
4058844 1
4065550 1
4066732 1
4068967 1
4073385 1
4086490 1
4093667 1
4102835 1
4104821 1
4114536 1
4131877 1
4141145 1
4143562 1
4143805 1
4148576 1
4151361 1
4158692 1
4165057 1
4169010 1
4169697 1
4185844 1
4189451 1
4197737 1
4199934 1
4207346 1
4211835 1
4212409 1
4213328 1
4213942 1
4214517 1
4223038 1
4226689 1
4229844 1
4245468 1
4253667 1
4253710 1
4254786 1
4256878 1
4261234 1
4263174 1
4272856 1
4277739 1
4292907 1
4300483 1
4305844 1
4306303 1
4311258 1
4325717 1
4326264 1
4334292 1
4336329 1
4336866 1
4341122 1
4341279 1
4343113 1
4345421 1
4346196 1
4350668 1
4351645 1
4353458 1
4354591 1
4362141 1
4367440 1
4367472 1
4370980 1
4374606 1
4375379 1
4381717 1
4381725 1
4390859 1
4395537 1
4395622 1
4401519 1
4402573 1
4405119 1
4408217 1
4411129 1
4419545 1
4419550 1
4428778 1
4429468 1
4429535 1
4449744 1
4456299 1
4456487 1
4462197 1
4463244 1
4464879 1
4465371 1
4470954 1
4472509 1
4482862 1
4492284 1
4513131 1
4530185 1
4531511 1
4532407 1
4534484 1
4535793 1
4538218 1
4538633 1
4540944 1
4556276 1
4557992 1
4558371 1
4561999 1
4564206 1
4573435 1
4578321 1
4579043 1
4579609 1
4581144 1
4590338 1
4595095 1
4597643 1
4609614 1
4615827 1
4630781 1
4648979 1
4653854 1
4654725 1
4664277 1
4668898 1
4669162 1
4669643 1
4672157 1
4674739 1
4675211 1
4677615 1
4680659 1
4681383 1
4682347 1
4682524 1
4683838 1
4685110 1
4687410 1
4699834 1
4700824 1
4702570 1
4702702 1
4717669 1
4731858 1
4734335 1
4736608 1
4739926 1
4746539 1
4766293 1
4771730 1
4784162 1
4784311 1
4789333 1
4795967 1
4797318 1
4804092 1
4804401 1
4806435 1
4811510 1
4811511 1
4815662 1
4816632 1
4820075 1
4825653 1
4829776 1
4832991 1
4844780 1
4847079 1
4848397 1
4849234 1
4855051 1
4855304 1
4856849 1
4858063 1
4863339 1
4872682 1
4873490 1
4874372 1
4874598 1
4874946 1
4881912 1
4882372 1
4890205 1
4893929 1
4894796 1
4897076 1
4898157 1
4905659 1
4907839 1
4909673 1
4911990 1
4916015 1
4923902 1
4926823 1
4948665 1
4959336 1
4959342 1
4962416 1
4964658 1
4966125 1
4971921 1
4972504 1
4974668 1
4977469 1
4978611 1
4982702 1
4983571 1
4996367 1
5000943 1
5007363 1
5018314 1
5022723 1
5023517 1
5023575 1
5027223 1
5036648 1
5038648 1
5038648 1
5040057 1
5040057 1
5040057 1
5041844 1
5044254 1
5054308 1
5071129 1
5081261 1
5083725 1
5085795 1
5090194 1
5103495 1
5109117 1
5110733 1
5111622 1
5112568 1
5133698 1
5163756 1
5169984 1
5181718 1
5192399 1
5194188 1
5199558 1
5201982 1
5210827 1
5219685 1
5221279 1
5226203 1
5227457 1
5233643 1
5243470 1
5249531 1
5252300 1
5253786 1
5255437 1
5256359 1
5259454 1
5261721 1
5275336 1
5277471 1
5284497 1
5300641 1
5301028 1
5312456 1
5317059 1
5317402 1
5324260 1
5325501 1
5331940 1
5333052 1
5341235 1
5342353 1
5344531 1
5347546 1
5353535 1
5353535 1
5354929 1
5371071 1
5374329 1
5376557 1
5379091 1
5386873 1
5391704 1
5412358 1
5418491 1
5420990 1
5428663 1
5428677 1
5430473 1
5432355 1
5433035 1
5447500 1
5450703 1
5457101 1
5463608 1
5464389 1
5476628 1
5492805 1
5498730 1
5504878 1
5505726 1
5509580 1
5514925 1
5521769 1
5536106 1
5543895 1
5544865 1
5550454 1
5562429 1
5567219 1
5574735 1
5590281 1
5593451 1
5595630 1
5596296 1
5605527 1
5608017 1
5610900 1
5612856 1
5613067 1
5615356 1
5618280 1
5622158 1
5633694 1
5635062 1
5641528 1
5642402 1
5649982 1
5661186 1
5668771 1
5679897 1
5680412 1
5682113 1
5683077 1
5688362 1
5690250 1
5690351 1
5690531 1
5692197 1
5703550 1
5732706 1
5741037 1
5741193 1
5747946 1
5748926 1
5760680 1
5760953 1
5760957 1
5767099 1
5767445 1
5774095 1
5782393 1
5797375 1
5798394 1
5800005 1
5801443 1
5802436 1
5806658 1
5812226 1
5812481 1
5822769 1
5823032 1
5825768 1
5826667 1
5828228 1
5847261 1
5859706 1
5868036 1
5878010 1
5879678 1
5884253 1
5886357 1
5891918 1
5921013 1
5924871 1
5925157 1
5925681 1
5948371 1
5948524 1
5949738 1
5950262 1
5955531 1
5957590 1
5961398 1
5962562 1
5969914 1
5973799 1
5974452 1
5974998 1
5975751 1
5980036 1
5983805 1
5986122 1
5986782 1
5988573 1
6010987 1
6016002 1
6029934 1
6031031 1
6031122 1
6035746 1
6037271 1
6042447 1
6044438 1
6057056 1
6065627 1
6066437 1
6067526 1
6083199 1
6086657 1
6090160 1
6090465 1
6109498 1
6116239 1
6123953 1
6130241 1
6134722 1
6135053 1
6140045 1
6142974 1
6144288 1
6148445 1
6151471 1
6153248 1
6158299 1
6159174 1
6166782 1
6172380 1
6175912 1
6178219 1
6182837 1
6197300 1
6199166 1
6204463 1
6225497 1
6249136 1
6256545 1
6274249 1
6276313 1
6276940 1
6277362 1
6280166 1
6282564 1
6294829 1
6307125 1
6308614 1
6311388 1
6314151 1
6341084 1
6341481 1
6341765 1
6346003 1
6353324 1
6353461 1
6354656 1
6358982 1
6359123 1
6359914 1
6368862 1
6372100 1
6374154 1
6375224 1
6379240 1
6381118 1
6388817 1
6389071 1
6394472 1
6396042 1
6399901 1
6409274 1
6431396 1
6439341 1
6443353 1
6444637 1
6449701 1
6449701 1
6453253 1
6457363 1
6457580 1
6465225 1
6468004 1
6475664 1
6477381 1
6482426 1
6486889 1
6488027 1
6488321 1
6498743 1
6509184 1
6519925 1
6525042 1
6525802 1
6529182 1
6529848 1
6534740 1
6535222 1
6535574 1
6540113 1
6543963 1
6544884 1
6547618 1
6550583 1
6563703 1
6575238 1
6582131 1
6583480 1
6588366 1
6595950 1
6598129 1
6627927 1
6641031 1
6645146 1
6654019 1
6654549 1
6654597 1
6657209 1
6662070 1
6708644 1
6708823 1
6709247 1
6715661 1
6717923 1
6740565 1
6742391 1
6755220 1
6761858 1
6764203 1
6767609 1
6768349 1
6774053 1
6775345 1
6779306 1
6779860 1
6783152 1
6784315 1
6789041 1
6793657 1
6796627 1
6805819 1
6806636 1
6807169 1
6807782 1
6821156 1
6828095 1
6836409 1
6837383 1
6850373 1
6850506 1
6850741 1
6854668 1
6878036 1
6883962 1
6889024 1
6890010 1
6907114 1
6912034 1
6912845 1
6931636 1
6931733 1
6932658 1
6933183 1
6934813 1
6935079 1
6937440 1
6943432 1
6944495 1
6957327 1
6959474 1
6961134 1
6973540 1
6973819 1
6980871 1
6983826 1
6988612 1
6994082 1
6999630 1
7005017 1
7012379 1
7015763 1
7022253 1
7022860 1
7025636 1
7037794 1
7039735 1
7042418 1
7049572 1
7050301 1
7052668 1
7052674 1
7056962 1
7057298 1
7058178 1
7059799 1
7065837 1
7070597 1
7074818 1
7077350 1
7077591 1
7083609 1
7086259 1
7087411 1
7100636 1
7106461 1
7108092 1
7109867 1
7110977 1
7111039 1
7113713 1
7115748 1
7116125 1
7117785 1
7127109 1
7135634 1
7137492 1
7147643 1
7154406 1
7157681 1
7163320 1
7163935 1
7165107 1
7168640 1
7181537 1
7181565 1
7184824 1
7185090 1
7203958 1
7208255 1
7208664 1
7210428 1
7211554 1
7215080 1
7215228 1
7219834 1
7226843 1
7227907 1
7228442 1
7229497 1
7233191 1
7241061 1
7246142 1
7246160 1
7254444 1
7256045 1
7257961 1
7277415 1
7278665 1
7283586 1
7287250 1
7293267 1
7294281 1
7299960 1
7315171 1
7316452 1
7319015 1
7322222 1
7324233 1
7330302 1
7333364 1
7347197 1
7353838 1
7362410 1
7369900 1
7375847 1
7376025 1
7382794 1
7385496 1
7390391 1
7391464 1
7391940 1
7395683 1
7404799 1
7410774 1
7417189 1
7437582 1
7448067 1
7458987 1
7465354 1
7479726 1
7479905 1
7480165 1
7484947 1
7487859 1
7492733 1
7493209 1
7493214 1
7502151 1
7502151 1
7510965 1
7511289 1
7519168 1
7536382 1
7537114 1
7537529 1
7552922 1
7555118 1
7574293 1
7578088 1
7590507 1
7594631 1
7595192 1
7598455 1
7618954 1
7619934 1
7624063 1
7629037 1
7629154 1
7629762 1
7636818 1
7637147 1
7647449 1
7654031 1
7654361 1
7656187 1
7657162 1
7661929 1
7663782 1
7672251 1
7674749 1
7674755 1
7677270 1
7679021 1
7684773 1
7694524 1
7695379 1
7695577 1
7700674 1
7703123 1
7704860 1
7707536 1
7711039 1
7722521 1
7730781 1
7735761 1
7737262 1
7739401 1
7743479 1
7756974 1
7774897 1
7776117 1
7784514 1
7787114 1
7803184 1
7803526 1
7805976 1
7808486 1
7829871 1
7839919 1
7847744 1
7853209 1
7853742 1
7856130 1
7864864 1
7866734 1
7868115 1
7869313 1
7881209 1
7895314 1
7904661 1
7906917 1
7908341 1
7911995 1
7916174 1
7917458 1
7919884 1
7924363 1
7927836 1
7940002 1
7940249 1
7943860 1
7944935 1
7954848 1
7956831 1
7960573 1
7965006 1
7968170 1
7970933 1
7979624 1
7979877 1
7983279 1
7990931 1
7996402 1
7997554 1
7999870 1
8003824 1
8005158 1
8009927 1
8010436 1
8010466 1
8012969 1
8013283 1
8016983 1
8019077 1
8019678 1
8025252 1
8028731 1
8044049 1
8044154 1
8053014 1
8069162 1
8069301 1
8069675 1
8071598 1
8072333 1
8081459 1
8084649 1
8085391 1
8087484 1
8087857 1
8087879 1
8088240 1
8088977 1
8092652 1
8096132 1
8096419 1
8098585 1
8099976 1
8102388 1
8114343 1
8122308 1
8125861 1
8131777 1
8132336 1
8133307 1
8134065 1
8136542 1
8140602 1
8144598 1
8145146 1
8145704 1
8147481 1
8148243 1
8156521 1
8158331 1
8158356 1
8161664 1
8166698 1
8170032 1
8182691 1
8192553 1
8199191 1
8200907 1
8215167 1
8217952 1
8219176 1
8221415 1
8226492 1
8235410 1
8236908 1
8237568 1
8241792 1
8247746 1
8254626 1
8262334 1
8265890 1
8269942 1
8272797 1
8276603 1
8294568 1
8301434 1
2477 1
2477 1
9252 1
18456 1
22694 1
28089 1
29167 1
29315 1
39337 1
40257 1
45346 1
46362 1
49988 1
51073 1
60101 1
76151 1
77979 1
78502 1
98075 1
100112 1
104592 1
105379 1
117345 1
117511 1
118487 1
121886 1
123928 1
126739 1
131842 1
146383 1
150904 1
151940 1
156641 1
157023 1
157164 1
157401 1
164271 1
170040 1
180788 1
181503 1
185762 1
191264 1
193909 1
201120 1
201120 1
202377 1
202929 1
204394 1
208350 1
211330 1
216089 1
216521 1
225028 1
225753 1
226031 1
227012 1
227774 1
229544 1
230879 1
231641 1
237017 1
237913 1
254411 1
257623 1
275711 1
295085 1
298423 1
308800 1
309654 1
311374 1
316583 1
337036 1
348377 1
350051 1
352661 1
363945 1
364711 1
366235 1
380801 1
390763 1
411260 1
455389 1
456425 1
463799 1
465063 1
468192 1
471826 1
474145 1
476117 1
476172 1
476424 1
479195 1
483197 1
488577 1
488668 1
491390 1
491787 1
494455 1
498112 1
499207 1
499565 1
499827 1
500160 1
500510 1
500770 1
516375 1
517625 1
518614 1
522317 1
524941 1
531518 1
535479 1
539369 1
554004 1
562445 1
563516 1
563705 1
564018 1
564211 1
565126 1
565287 1
567935 1
570912 1
575815 1
576218 1
576316 1
580257 1
591448 1
602380 1
606161 1
606343 1
616878 1
622589 1
628991 1
630395 1
642514 1
651272 1
658748 1
661773 1
663595 1
667528 1
670225 1
677402 1
679869 1
685489 1
687857 1
709314 1
709545 1
718524 1
718625 1
720861 1
723933 1
725139 1
731081 1
731470 1
733077 1
735142 1
736343 1
747471 1
748927 1
750922 1
751169 1
752064 1
753640 1
757635 1
774861 1
775479 1
779966 1
790134 1
799144 1
809919 1
812370 1
814979 1
816095 1
823241 1
827589 1
830644 1
834945 1
835197 1
835252 1
835582 1
839070 1
840262 1
845478 1
854017 1
857143 1
865438 1
868235 1
875282 1
876430 1
891764 1
892435 1
902965 1
912368 1
914479 1
922432 1
928435 1
947471 1
952997 1
957216 1
976711 1
986036 1
986985 1
987444 1
991366 1
1013789 1
1015414 1
1025754 1
1028441 1
1030637 1
1037843 1
1047137 1
1053826 1
1054650 1
1056731 1
1062844 1
1066935 1
1067841 1
1071631 1
1074649 1
1081088 1
1081546 1
1086809 1
1097506 1
1099374 1
1099619 1
1103522 1
1110292 1
1111786 1
1124969 1
1127133 1
1131680 1
1136411 1
1138175 1
1138999 1
1150323 1
1150867 1
1156605 1
1156850 1
1156853 1
1161965 1
1170491 1
1170815 1
1173062 1
1173684 1
1201535 1
1207041 1
1209816 1
1213383 1
1219414 1
1240386 1
1242653 1
1249145 1
1249297 1
1249653 1
1254932 1
1256450 1
1256471 1
1257040 1
1265289 1
1272666 1
1289008 1
1292211 1
1296634 1
1301116 1
1307221 1
1308222 1
1311064 1
1321373 1
1328438 1
1346785 1
1347632 1
1347697 1
1347764 1
1347922 1
1353553 1
1356348 1
1356566 1
1366935 1
1372554 1
1374104 1
1375979 1
1379063 1
1385600 1
1386835 1
1389398 1
1400326 1
1406313 1
1410207 1
1419385 1
1441222 1
1443483 1
1458335 1
1461469 1
1462492 1
1464069 1
1473338 1
1474878 1
1475006 1
1477867 1
1479084 1
1483544 1
1491203 1
1494208 1
1499921 1
1509664 1
1516312 1
1517095 1
1520147 1
1521998 1
1527511 1
1527655 1
1535101 1
1537337 1
1543970 1
1551047 1
1555390 1
1557159 1
1561824 1
1565973 1
1572428 1
1574369 1
1576326 1
1584741 1
1590893 1
1592093 1
1599844 1
1605502 1
1609595 1
1630576 1
1634635 1
1635100 1
1641443 1
1641443 1
1644066 1
1648217 1
1664624 1
1665691 1
1668652 1
1670571 1
1674751 1
1688457 1
1692191 1
1692826 1
1693308 1
1695443 1
1704280 1
1704780 1
1707717 1
1717462 1
1741839 1
1745953 1
1751707 1
1766855 1
1771470 1
1776604 1
1777248 1
1777636 1
1777646 1
1780821 1
1786333 1
1787232 1
1787829 1
1801764 1
1814653 1
1817872 1
1819117 1
1829270 1
1829476 1
1835421 1
1847584 1
1861455 1
1861949 1
1865699 1
1869970 1
1875997 1
1876788 1
1877780 1
1887365 1
1889620 1
1889622 1
1892175 1
1912182 1
1912190 1
1919370 1
1922985 1
1924471 1
1928952 1
1930858 1
1935466 1
1937050 1
1939325 1
1941178 1
1952212 1
1961449 1
1967204 1
1977122 1
1985926 1
1992064 1
1998144 1
2001506 1
2008038 1
2026279 1
2033739 1
2053868 1
2067528 1
2070027 1
2073194 1
2078403 1
2080598 1
2083109 1
2085529 1
2103444 1
2104291 1
2104455 1
2109638 1
2110124 1
2111146 1
2111222 1
2116027 1
2118837 1
2133793 1
2139697 1
2141524 1
2150309 1
2156356 1
2157470 1
2183147 1
2183456 1
2213039 1
2216816 1
2220531 1
2231790 1
2233193 1
2234471 1
2235667 1
2235827 1
2243476 1
2251331 1
2255026 1
2260155 1
2263045 1
2265151 1
2267088 1
2268481 1
2273121 1
2274033 1
2274757 1
2277854 1
2287368 1
2288601 1
2291088 1
2291144 1
2293447 1
2297148 1
2299983 1
2299983 1
2302025 1
2308419 1
2309582 1
2313922 1
2317384 1
2321147 1
2328216 1
2328300 1
2331555 1
2334824 1
2336350 1
2343767 1
2352527 1
2352609 1
2354018 1
2359837 1
2360786 1
2362345 1
2370219 1
2372859 1
2385454 1
2387790 1
2388076 1
2393450 1
2402093 1
2405359 1
2408525 1
2411189 1
2415750 1
2420882 1
2423700 1
2426066 1
2428948 1
2429682 1
2429682 1
2431836 1
2432070 1
2439548 1
2440448 1
2442074 1
2452966 1
2469779 1
2472991 1
2478601 1
2484201 1
2503119 1
2510153 1
2512799 1
2518554 1
2521230 1
2533414 1
2540329 1
2542438 1
2554641 1
2557639 1
2558113 1
2562654 1
2564426 1
2565649 1
2565809 1
2567933 1
2573845 1
2598283 1
2599119 1
2606901 1
2607885 1
2615170 1
2638629 1
2645393 1
2664015 1
2669772 1
2670592 1
2672536 1
2685056 1
2687665 1
2692244 1
2698141 1
2712238 1
2716628 1
2721953 1
2722695 1
2724765 1
2732862 1
2755357 1
2768719 1
2768988 1
2772249 1
2773972 1
2776661 1
2778565 1
2779392 1
2801122 1
2807987 1
2816862 1
2820634 1
2824592 1
2825853 1
2849324 1
2853517 1
2859396 1
2863924 1
2869894 1
2873719 1
2876265 1
2876265 1
2876929 1
2878755 1
2881609 1
2882286 1
2882909 1
2885006 1
2887805 1
2895592 1
2895629 1
2898322 1
2899384 1
2900542 1
2904454 1
2904668 1
2913771 1
2929406 1
2929631 1
2931581 1
2939193 1
2942543 1
2954044 1
2954328 1
2961741 1
2964151 1
2981888 1
2982570 1
2985618 1
2993378 1
2994677 1
2997513 1
2999208 1
3008432 1
3016720 1
3039607 1
3040977 1
3053178 1
3055444 1
3057985 1
3060879 1
3068744 1
3070935 1
3086391 1
3087665 1
3097799 1
3098049 1
3104599 1
3105714 1
3111986 1
3113694 1
3121101 1
3121137 1
3129706 1
3130459 1
3134290 1
3134482 1
3136261 1
3144994 1
3150200 1
3151351 1
3153659 1
3162306 1
3162708 1
3175813 1
3177139 1
3180474 1
3186345 1
3187158 1
3201170 1
3206918 1
3217272 1
3219001 1
3224531 1
3231874 1
3234992 1
3237718 1
3240569 1
3242451 1
3243339 1
3246472 1
3252003 1
3256005 1
3256349 1
3260707 1
3261989 1
3265567 1
3269026 1
3275119 1
3301491 1
3302454 1
3318489 1
3323822 1
3334968 1
3345693 1
3349422 1
3358406 1
3360507 1
3369275 1
3387231 1
3394189 1
3395968 1
3395979 1
3402935 1
3403916 1
3415936 1
3416779 1
3417301 1
3418737 1
3427778 1
3428069 1
3432699 1
3435769 1
3441746 1
3449654 1
3453674 1
3453847 1
3460740 1
3472904 1
3481650 1
3492769 1
3496825 1
3502006 1
3503315 1
3503788 1
3503807 1
3505709 1
3505883 1
3507529 1
3515576 1
3516877 1
3526199 1
3526817 1
3529852 1
3534181 1
3534607 1
3535398 1
3535594 1
3539035 1
3539523 1
3542496 1
3552501 1
3557213 1
3569641 1
3570487 1
3574883 1
3579379 1
3581352 1
3588859 1
3598070 1
3608741 1
3612109 1
3616759 1
3619157 1
3619302 1
3620156 1
3624584 1
3633868 1
3638748 1
3642719 1
3643362 1
3646298 1
3647644 1
3652567 1
3653973 1
3657304 1
3663054 1
3663311 1
3665408 1
3667462 1
3668095 1
3672194 1
3673603 1
3680389 1
3689079 1
3693375 1
3697347 1
3701374 1
3720568 1
3729083 1
3731035 1
3731189 1
3732541 1
3734735 1
3735747 1
3737739 1
3742454 1
3743873 1
3746947 1
3747044 1
3751635 1
3753761 1
3759158 1
3761242 1
3777968 1
3781998 1
3789202 1
3793060 1
3803184 1
3805943 1
3806165 1
3811499 1
3816282 1
3816761 1
3826964 1
3827195 1
3830037 1
3835291 1
3835473 1
3841645 1
3857865 1
3859919 1
3861198 1
3863276 1
3865715 1
3867315 1
3888268 1
3889918 1
3932023 1
3937140 1
3941234 1
3944781 1
3945807 1
3948321 1
3948381 1
3949593 1
3974985 1
3987867 1
3989574 1
4000089 1
4008780 1
4018036 1
4024200 1
4024346 1
4024547 1
4025884 1
4029971 1
4035653 1
4037510 1
4052243 1
4052528 1
4057112 1
4057369 1
4058145 1
4063163 1
4065005 1
4066331 1
4067851 1
4067953 1
4071887 1
4081225 1
4087193 1
4090206 1
4094417 1
4094429 1
4096076 1
4099754 1
4116919 1
4130276 1
4131034 1
4144349 1
4149401 1
4149629 1
4159229 1
4162909 1
4171093 1
4172092 1
4174597 1
4174943 1
4176813 1
4183016 1
4186618 1
4188041 1
4188520 1
4190956 1
4191580 1
4194383 1
4210967 1
4210986 1
4211915 1
4213594 1
4213923 1
4216502 1
4224985 1
4227209 1
4230109 1
4238089 1
4241612 1
4251999 1
4253753 1
4257004 1
4258799 1
4261274 1
4262677 1
4266570 1
4272570 1
4278436 1
4288068 1
4289155 1
4301439 1
4302692 1
4310452 1
4321149 1
4324620 1
4324724 1
4324961 1
4333596 1
4333828 1
4338156 1
4356453 1
4357488 1
4358475 1
4358481 1
4363965 1
4365763 1
4366601 1
4371878 1
4379025 1
4382021 1
4388319 1
4390376 1
4397439 1
4399004 1
4401324 1
4407087 1
4408649 1
4410648 1
4411016 1
4411985 1
4412287 1
4415515 1
4415765 1
4422060 1
4428265 1
4430451 1
4430718 1
4464452 1
4477335 1
4481681 1
4491681 1
4491681 1
4501901 1
4502641 1
4506673 1
4506782 1
4508503 1
4509086 1
4514198 1
4520129 1
4521621 1
4524778 1
4530527 1
4536086 1
4546831 1
4553690 1
4567041 1
4580685 1
4596532 1
4601934 1
4603076 1
4603221 1
4607204 1
4608146 1
4608890 1
4613325 1
4626767 1
4635054 1
4652102 1
4653590 1
4657549 1
4660530 1
4661115 1
4662286 1
4671364 1
4672650 1
4676805 1
4691508 1
4691514 1
4695374 1
4697242 1
4704176 1
4708864 1
4727471 1
4763418 1
4768342 1
4780625 1
4783739 1
4794332 1
4799436 1
4799843 1
4800603 1
4803323 1
4806245 1
4807433 1
4819860 1
4820251 1
4820260 1
4822234 1
4838353 1
4838880 1
4838880 1
4843616 1
4845010 1
4865076 1
4870182 1
4870387 1
4872246 1
4872393 1
4873647 1
4873880 1
4874045 1
4874258 1
4875034 1
4876524 1
4879038 1
4879974 1
4882580 1
4885431 1
4885511 1
4885889 1
4894182 1
4894498 1
4896496 1
4898685 1
4899030 1
4902269 1
4914324 1
4915793 1
4929870 1
4941383 1
4942219 1
4957057 1
4961726 1
4962860 1
4965142 1
4969116 1
4985684 1
4997298 1
4999510 1
5002318 1
5029280 1
5037752 1
5049088 1
5049090 1
5049188 1
5072446 1
5079140 1
5081247 1
5121592 1
5129937 1
5139452 1
5144443 1
5149558 1
5152837 1
5155399 1
5162609 1
5171386 1
5179951 1
5187651 1
5188148 1
5193662 1
5194264 1
5197888 1
5202666 1
5206945 1
5208834 1
5217365 1
5221562 1
5229895 1
5229974 1
5230190 1
5235345 1
5241108 1
5256510 1
5263675 1
5267549 1
5273411 1
5274917 1
5279310 1
5289410 1
5290598 1
5290599 1
5297898 1
5308526 1
5321849 1
5330487 1
5337222 1
5337227 1
5344670 1
5346439 1
5348072 1
5350728 1
5359042 1
5364800 1
5368079 1
5369178 1
5371029 1
5386574 1
5393280 1
5393506 1
5395671 1
5411844 1
5428356 1
5438737 1
5439771 1
5452978 1
5454587 1
5456802 1
5462589 1
5492704 1
5498172 1
5502152 1
5505066 1
5508986 1
5510039 1
5510865 1
5516574 1
5517743 1
5518688 1
5519394 1
5524794 1
5525297 1
5526606 1
5527097 1
5536968 1
5542773 1
5543117 1
5545742 1
5557226 1
5560985 1
5568994 1
5574964 1
5576384 1
5583562 1
5584329 1
5592244 1
5592729 1
5593240 1
5600458 1
5604144 1
5605055 1
5612584 1
5616515 1
5617024 1
5629059 1
5637546 1
5641203 1
5651295 1
5653857 1
5655813 1
5663529 1
5668584 1
5679301 1
5679368 1
5684483 1
5686726 1
5689634 1
5694036 1
5694757 1
5695689 1
5698443 1
5711261 1
5722680 1
5724722 1
5732143 1
5741964 1
5742894 1
5747412 1
5752551 1
5762468 1
5763219 1
5767618 1
5772727 1
5775368 1
5785339 1
5788557 1
5789204 1
5793949 1
5799501 1
5800270 1
5801472 1
5808069 1
5808069 1
5812922 1
5813580 1
5821042 1
5821151 1
5822233 1
5822443 1
5822821 1
5825679 1
5825739 1
5848671 1
5851999 1
5852499 1
5852972 1
5858348 1
5869499 1
5890034 1
5891416 1
5894254 1
5901985 1
5901987 1
5915361 1
5921796 1
5925431 1
5933463 1
5938639 1
5939507 1
5949444 1
5957302 1
5959178 1
5968781 1
5970412 1
5971846 1
5973448 1
5995160 1
6004698 1
6017561 1
6017636 1
6020369 1
6026319 1
6030848 1
6032015 1
6036418 1
6040159 1
6040452 1
6040916 1
6044325 1
6052793 1
6071759 1
6080167 1
6084144 1
6095523 1
6102449 1
6111708 1
6113746 1
6117826 1
6121386 1
6123537 1
6127584 1
6132832 1
6147871 1
6167605 1
6173609 1
6176141 1
6178338 1
6184288 1
6186224 1
6187961 1
6188977 1
6189491 1
6195476 1
6197454 1
6208107 1
6225618 1
6226485 1
6228739 1
6235405 1
6239231 1
6244456 1
6256766 1
6258993 1
6259253 1
6268847 1
6273812 1
6275522 1
6277062 1
6279239 1
6283052 1
6283113 1
6298864 1
6301368 1
6302445 1
6303412 1
6309256 1
6311738 1
6327720 1
6333760 1
6336695 1
6338222 1
6342778 1
6353469 1
6355205 1
6355205 1
6366520 1
6368998 1
6372401 1
6376215 1
6382369 1
6384266 1
6387970 1
6388792 1
6396685 1
6399375 1
6401070 1
6417091 1
6418803 1
6422099 1
6423152 1
6427579 1
6439725 1
6440937 1
6442458 1
6454496 1
6458332 1
6458615 1
6486947 1
6487294 1
6492493 1
6495116 1
6501792 1
6503858 1
6510009 1
6513721 1
6515064 1
6515905 1
6516705 1
6518121 1
6518157 1
6520074 1
6521279 1
6525997 1
6526299 1
6526851 1
6531049 1
6533961 1
6545305 1
6549129 1
6550115 1
6551011 1
6551955 1
6552470 1
6558974 1
6559963 1
6567395 1
6567985 1
6570486 1
6578203 1
6583960 1
6585994 1
6598096 1
6598098 1
6598831 1
6601274 1
6613469 1
6615545 1
6617653 1
6624584 1
6624955 1
6636866 1
6649141 1
6654905 1
6657364 1
6657560 1
6665387 1
6667558 1
6667721 1
6678952 1
6679789 1
6685292 1
6693590 1
6700211 1
6700367 1
6704384 1
6715853 1
6732173 1
6734328 1
6740016 1
6753588 1
6767101 1
6769413 1
6770436 1
6785874 1
6807069 1
6822367 1
6828023 1
6833167 1
6838475 1
6842716 1
6847517 1
6855873 1
6871983 1
6892487 1
6894167 1
6899609 1
6901733 1
6912568 1
6913597 1
6916858 1
6918875 1
6920288 1
6923663 1
6923673 1
6924512 1
6925519 1
6931108 1
6932758 1
6933034 1
6933956 1
6935694 1
6945997 1
6947205 1
6947387 1
6951746 1
6952181 1
6954307 1
6958491 1
6960122 1
6967657 1
6972541 1
6977718 1
6980059 1
6986962 1
6988558 1
6994507 1
7000752 1
7000752 1
7003881 1
7009363 1
7009973 1
7015038 1
7021775 1
7027577 1
7027762 1
7031623 1
7037780 1
7039080 1
7044397 1
7057606 1
7058084 1
7067673 1
7069424 1
7072779 1
7076613 1
7076909 1
7078260 1
7081159 1
7095106 1
7099949 1
7103617 1
7103752 1
7106829 1
7107301 1
7117092 1
7117486 1
7117870 1
7119530 1
7126499 1
7129302 1
7129842 1
7130239 1
7136146 1
7141434 1
7154941 1
7159537 1
7171095 1
7174532 1
7177060 1
7186755 1
7189707 1
7190391 1
7190533 1
7190536 1
7206465 1
7208885 1
7210077 1
7211242 1
7212742 1
7215924 1
7220246 1
7223709 1
7223709 1
7232700 1
7233971 1
7238376 1
7246034 1
7250812 1
7254847 1
7255463 1
7261610 1
7266578 1
7269888 1
7275568 1
7278558 1
7281628 1
7285637 1
7292530 1
7295770 1
7297469 1
7306072 1
7314659 1
7318813 1
7338278 1
7341139 1
7347983 1
7352634 1
7356911 1
7357661 1
7362420 1
7362420 1
7375618 1
7386916 1
7390503 1
7391653 1
7395456 1
7399882 1
7402770 1
7406610 1
7406865 1
7410741 1
7418575 1
7420184 1
7432472 1
7436187 1
7436452 1
7437670 1
7437861 1
7443355 1
7446320 1
7457599 1
7461690 1
7461785 1
7485704 1
7506902 1
7510117 1
7513235 1
7517913 1
7517916 1
7518689 1
7518782 1
7518890 1
7520492 1
7522573 1
7524716 1
7537162 1
7540721 1
7542428 1
7549264 1
7551323 1
7557085 1
7567796 1
7568847 1
7571920 1
7573420 1
7586344 1
7589441 1
7600928 1
7603107 1
7603889 1
7606376 1
7610362 1
7617796 1
7626309 1
7635983 1
7636260 1
7641728 1
7641953 1
7642863 1
7645614 1
7651583 1
7652161 1
7658318 1
7659006 1
7665576 1
7666629 1
7669263 1
7683654 1
7720621 1
7724113 1
7726982 1
7729555 1
7729572 1
7735955 1
7745562 1
7747030 1
7756305 1
7758572 1
7759316 1
7784965 1
7805304 1
7813334 1
7828530 1
7833301 1
7847306 1
7852469 1
7852471 1
7852872 1
7859279 1
7860663 1
7862876 1
7865507 1
7870791 1
7876498 1
7879383 1
7886398 1
7892981 1
7897739 1
7900335 1
7900590 1
7926054 1
7928574 1
7929624 1
7930683 1
7930781 1
7933253 1
7939159 1
7942747 1
7957316 1
7971585 1
7972258 1
7977009 1
7982170 1
7985850 1
7990489 1
7994528 1
8004613 1
8007839 1
8019025 1
8021772 1
8041102 1
8049901 1
8053366 1
8060292 1
8060414 1
8061614 1
8068093 1
8070308 1
8070555 1
8071364 1
8075028 1
8076181 1
8077403 1
8077883 1
8077895 1
8078708 1
8083893 1
8087621 1
8089289 1
8089774 1
8091549 1
8094761 1
8103443 1
8112667 1
8115307 1
8115566 1
8120933 1
8123777 1
8127579 1
8133355 1
8139149 1
8139822 1
8149048 1
8149306 1
8152336 1
8155603 1
8162509 1
8171942 1
8174423 1
8182199 1
8186476 1
8197745 1
8198023 1
8209348 1
8215106 1
8217969 1
8222822 1
8231066 1
8262737 1
8264796 1
8265727 1
8267605 1
8270166 1
8272047 1
8272804 1
8303805 1
8309807 1
25 1
1469 1
5787 1
20624 1
29521 1
31441 1
34445 1
40086 1
44610 1
45274 1
51133 1
55287 1
61193 1
76299 1
83170 1
89424 1
97429 1
97551 1
99647 1
100692 1
102024 1
104766 1
105197 1
108552 1
115781 1
117157 1
122913 1
135207 1
146401 1
152663 1
154373 1
160461 1
160714 1
162197 1
164706 1
165666 1
169605 1
169705 1
171690 1
177576 1
179697 1
179782 1
186397 1
193737 1
195107 1
195362 1
197369 1
198254 1
208724 1
208945 1
214247 1
216175 1
216547 1
217917 1
220170 1
220256 1
220792 1
222021 1
225432 1
237860 1
248181 1
252025 1
258532 1
263676 1
266227 1
290577 1
293793 1
297194 1
299108 1
312702 1
313619 1
315035 1
327876 1
328448 1
334001 1
345557 1
353235 1
362319 1
368031 1
369911 1
376551 1
390230 1
423972 1
441531 1
442948 1
446685 1
452141 1
453242 1
455100 1
460301 1
474360 1
474821 1
478474 1
478580 1
479177 1
486175 1
491124 1
491495 1
496861 1
498767 1
503831 1
508200 1
508895 1
509498 1
510130 1
511278 1
515090 1
523846 1
524508 1
527406 1
547155 1
550002 1
558087 1
568259 1
569224 1
569552 1
571141 1
575850 1
579146 1
586762 1
587402 1
597215 1
599459 1
610143 1
610287 1
612854 1
640875 1
642056 1
644468 1
650361 1
651956 1
652014 1
660169 1
660192 1
672631 1
679660 1
680742 1
699450 1
703400 1
713120 1
713957 1
716610 1
718776 1
721756 1
722025 1
724697 1
726832 1
727015 1
731349 1
731886 1
736895 1
744951 1
747666 1
753688 1
754035 1
755349 1
763552 1
769574 1
774124 1
780343 1
786198 1
789465 1
793410 1
805264 1
808566 1
816440 1
824221 1
825817 1
828764 1
832824 1
833164 1
834908 1
841491 1
844966 1
855020 1
867493 1
870334 1
870600 1
881553 1
899033 1
912755 1
917388 1
928224 1
928696 1
928698 1
932013 1
932100 1
932859 1
935240 1
941944 1
942243 1
950879 1
980796 1
981161 1
987438 1
990246 1
1005800 1
1006462 1
1021098 1
1021098 1
1022592 1
1025495 1
1028104 1
1028527 1
1038645 1
1043152 1
1054715 1
1060496 1
1064705 1
1066367 1
1071242 1
1076624 1
1080762 1
1081536 1
1081725 1
1099267 1
1100205 1
1100649 1
1102286 1
1103312 1
1103725 1
1104820 1
1107080 1
1108019 1
1110773 1
1121760 1
1121781 1
1130167 1
1135388 1
1140514 1
1140860 1
1146377 1
1149830 1
1151010 1
1170258 1
1179487 1
1183802 1
1187125 1
1207443 1
1211644 1
1211676 1
1215666 1
1222357 1
1226040 1
1227110 1
1228777 1
1235178 1
1237847 1
1239426 1
1239712 1
1239848 1
1240143 1
1241188 1
1241482 1
1247555 1
1266217 1
1271832 1
1272136 1
1280321 1
1285498 1
1290112 1
1297224 1
1299805 1
1301232 1
1301843 1
1315602 1
1320693 1
1324322 1
1347838 1
1356412 1
1359852 1
1364511 1
1366333 1
1368981 1
1372997 1
1391635 1
1392696 1
1394907 1
1398046 1
1398077 1
1399058 1
1399188 1
1409885 1
1416982 1
1421561 1
1428818 1
1430571 1
1433808 1
1439012 1
1439147 1
1442044 1
1443613 1
1448123 1
1449276 1
1450458 1
1450476 1
1451653 1
1457791 1
1460957 1
1461397 1
1470515 1
1475125 1
1475916 1
1475932 1
1487277 1
1492613 1
1494468 1
1509334 1
1510495 1
1517460 1
1524852 1
1529449 1
1530527 1
1553483 1
1553936 1
1559707 1
1570676 1
1571011 1
1584576 1
1587629 1
1588135 1
1591836 1
1609248 1
1609545 1
1610762 1
1617585 1
1620892 1
1627876 1
1639772 1
1645336 1
1648085 1
1648688 1
1649005 1
1654245 1
1655134 1
1657154 1
1659176 1
1662209 1
1663071 1
1664175 1
1666452 1
1668344 1
1668582 1
1670641 1
1671001 1
1671546 1
1673131 1
1682596 1
1683132 1
1693599 1
1698833 1
1712240 1
1716297 1
1717272 1
1725457 1
1726644 1
1727140 1
1729320 1
1729606 1
1729691 1
1732203 1
1734435 1
1739843 1
1748904 1
1756642 1
1757934 1
1762521 1
1769833 1
1773057 1
1780495 1
1784694 1
1786964 1
1787573 1
1798074 1
1798344 1
1802998 1
1817412 1
1819333 1
1828063 1
1831137 1
1839113 1
1841350 1
1846215 1
1849373 1
1853139 1
1856146 1
1861990 1
1865399 1
1875011 1
1877367 1
1889571 1
1897355 1
1903176 1
1924493 1
1927530 1
1932463 1
1935933 1
1941067 1
1942551 1
1948852 1
1949761 1
1951104 1
1952858 1
1954929 1
1956100 1
1967514 1
1971118 1
1983333 1
1988057 1
1990420 1
2015415 1
2018903 1
2043670 1
2052944 1
2058200 1
2065372 1
2065759 1
2071402 1
2076220 1
2077441 1
2086208 1
2087529 1
2091198 1
2092981 1
2097026 1
2110271 1
2111170 1
2112796 1
2115509 1
2126155 1
2126728 1
2131696 1
2137060 1
2142316 1
2154924 1
2157158 1
2167447 1
2188413 1
2192306 1
2192848 1
2198734 1
2201818 1
2203213 1
2219667 1
2224301 1
2232059 1
2233586 1
2234205 1
2235756 1
2241571 1
2243015 1
2253929 1
2258835 1
2260346 1
2262520 1
2262522 1
2270504 1
2276632 1
2279883 1
2287666 1
2299745 1
2302470 1
2302532 1
2304233 1
2321754 1
2322669 1
2325056 1
2335820 1
2337924 1
2366613 1
2368297 1
2368370 1
2377691 1
2377691 1
2390698 1
2391647 1
2397479 1
2402805 1
2407289 1
2417112 1
2418087 1
2424348 1
2430261 1
2435289 1
2441635 1
2443323 1
2451541 1
2452621 1
2460761 1
2469505 1
2474905 1
2482212 1
2493850 1
2523891 1
2523980 1
2524723 1
2533229 1
2547513 1
2548155 1
2548880 1
2550832 1
2566487 1
2577092 1
2579140 1
2593921 1
2595009 1
2599241 1
2604187 1
2611554 1
2614191 1
2630662 1
2634515 1
2638423 1
2641299 1
2666122 1
2666370 1
2670493 1
2675892 1
2684136 1
2684485 1
2687298 1
2695307 1
2699971 1
2714373 1
2724376 1
2724900 1
2736533 1
2744175 1
2748011 1
2753461 1
2755997 1
2760555 1
2767608 1
2769372 1
2772975 1
2774493 1
2783742 1
2805196 1
2805296 1
2808447 1
2809558 1
2815774 1
2816401 1
2817345 1
2824425 1
2833684 1
2836024 1
2862981 1
2873620 1
2882038 1
2898006 1
2900629 1
2901246 1
2915336 1
2918910 1
2928151 1
2930041 1
2936572 1
2938704 1
2942429 1
2951918 1
2952685 1
2968639 1
2989187 1
2991708 1
2993541 1
2999229 1
3001432 1
3002461 1
3004326 1
3011326 1
3012765 1
3017221 1
3018612 1
3022425 1
3023686 1
3027782 1
3029585 1
3033179 1
3046030 1
3058528 1
3064453 1
3071871 1
3075367 1
3084145 1
3092009 1
3092270 1
3095063 1
3103988 1
3106678 1
3111856 1
3126456 1
3126612 1
3127592 1
3131000 1
3141828 1
3153634 1
3154048 1
3165276 1
3167402 1
3175393 1
3181693 1
3190611 1
3193349 1
3194671 1
3196578 1
3204114 1
3205717 1
3206626 1
3214876 1
3217127 1
3229793 1
3232588 1
3238282 1
3260854 1
3261150 1
3264917 1
3274136 1
3278573 1
3282175 1
3289605 1
3289714 1
3293750 1
3296424 1
3300232 1
3313335 1
3314521 1
3316439 1
3317093 1
3317910 1
3319625 1
3319625 1
3320991 1
3321193 1
3323556 1
3325447 1
3329330 1
3333199 1
3333833 1
3339850 1
3345632 1
3349047 1
3355035 1
3358664 1
3360165 1
3361828 1
3371767 1
3385688 1
3388060 1
3407447 1
3409386 1
3416019 1
3417670 1
3422395 1
3423886 1
3425509 1
3428795 1
3431987 1
3433326 1
3435635 1
3450302 1
3451150 1
3451898 1
3452841 1
3457780 1
3459305 1
3460997 1
3462678 1
3482698 1
3484977 1
3493636 1
3494449 1
3495274 1
3509145 1
3509956 1
3512059 1
3512976 1
3513729 1
3514056 1
3514725 1
3526959 1
3535734 1
3544698 1
3546150 1
3549271 1
3549598 1
3554234 1
3554307 1
3555452 1
3566249 1
3571225 1
3577373 1
3582105 1
3582305 1
3583295 1
3586673 1
3593626 1
3595091 1
3605498 1
3608157 1
3608371 1
3613826 1
3615073 1
3615343 1
3620109 1
3624621 1
3627774 1
3628418 1
3629785 1
3632772 1
3635077 1
3635462 1
3638539 1
3643283 1
3652078 1
3654025 1
3654340 1
3656988 1
3660092 1
3660092 1
3661300 1
3663681 1
3664956 1
3665500 1
3665847 1
3668477 1
3668477 1
3691314 1
3699753 1
3699756 1
3706547 1
3707865 1
3708330 1
3715905 1
3720430 1
3722685 1
3723842 1
3741095 1
3755263 1
3762726 1
3764849 1
3766511 1
3777179 1
3788444 1
3788522 1
3791244 1
3805555 1
3816932 1
3823418 1
3828893 1
3837602 1
3855480 1
3858133 1
3866847 1
3867715 1
3868920 1
3871722 1
3872963 1
3878638 1
3887171 1
3905310 1
3913628 1
3921516 1
3930482 1
3935205 1
3935421 1
3937471 1
3937548 1
3941808 1
3944938 1
3949684 1
3988850 1
4002163 1
4011545 1
4023794 1
4027068 1
4038065 1
4045074 1
4053519 1
4064289 1
4065280 1
4065812 1
4070808 1
4075120 1
4082874 1
4104949 1
4107321 1
4111483 1
4120159 1
4123413 1
4134417 1
4136588 1
4137481 1
4138664 1
4149828 1
4159159 1
4159214 1
4160739 1
4162689 1
4162705 1
4168478 1
4174323 1
4177558 1
4182916 1
4188685 1
4191488 1
4192876 1
4192999 1
4197526 1
4211117 1
4212323 1
4213492 1
4214363 1
4219671 1
4227034 1
4229377 1
4234953 1
4239472 1
4241252 1
4254034 1
4254886 1
4257802 1
4257936 1
4258317 1
4259034 1
4261877 1
4262750 1
4262758 1
4263486 1
4272430 1
4272997 1
4274076 1
4274651 1
4277006 1
4279323 1
4280112 1
4282771 1
4282897 1
4283267 1
4284913 1
4285268 1
4287389 1
4288980 1
4293339 1
4300617 1
4306271 1
4310500 1
4315320 1
4318981 1
4324507 1
4329880 1
4330051 1
4336723 1
4344628 1
4344819 1
4345480 1
4354501 1
4355677 1
4358739 1
4368095 1
4370257 1
4377134 1
4407253 1
4409970 1
4411666 1
4415750 1
4417095 1
4418677 1
4426500 1
4426620 1
4426899 1
4427868 1
4431113 1
4442491 1
4442530 1
4443821 1
4447081 1
4450400 1
4451532 1
4453092 1
4466756 1
4474600 1
4479383 1
4480229 1
4485061 1
4485814 1
4488557 1
4489827 1
4490984 1
4502002 1
4503043 1
4508645 1
4516450 1
4523962 1
4532234 1
4534576 1
4537253 1
4539974 1
4540740 1
4544743 1
4549384 1
4551808 1
4553833 1
4562897 1
4581567 1
4582076 1
4582110 1
4593815 1
4594571 1
4595267 1
4605383 1
4609774 1
4611089 1
4614983 1
4620176 1
4626538 1
4631914 1
4632076 1
4640116 1
4641463 1
4644372 1
4648962 1
4668677 1
4671800 1
4677137 1
4678458 1
4679699 1
4680449 1
4681527 1
4694745 1
4696938 1
4703076 1
4703852 1
4703949 1
4714841 1
4715107 1
4715746 1
4724249 1
4724828 1
4726638 1
4726678 1
4733683 1
4734847 1
4753431 1
4771148 1
4771345 1
4776702 1
4780836 1
4783138 1
4787703 1
4801320 1
4804646 1
4807675 1
4808197 1
4808262 1
4812051 1
4813216 1
4813983 1
4819719 1
4822377 1
4832279 1
4836708 1
4839951 1
4840189 1
4842173 1
4850583 1
4873429 1
4873439 1
4874810 1
4875135 1
4875339 1
4878931 1
4885416 1
4885581 1
4895503 1
4898578 1
4910358 1
4911410 1
4937953 1
4942228 1
4944967 1
4972765 1
4977355 1
4977914 1
4980528 1
4990784 1
5002359 1
5005497 1
5014611 1
5016326 1
5016453 1
5017732 1
5017992 1
5019249 1
5019771 1
5021240 1
5021244 1
5021274 1
5031612 1
5034669 1
5034891 1
5035412 1
5038536 1
5039622 1
5041729 1
5058672 1
5068672 1
5071047 1
5082261 1
5092614 1
5094153 1
5094457 1
5104271 1
5110165 1
5111111 1
5124600 1
5125416 1
5135487 1
5148086 1
5150593 1
5155563 1
5159769 1
5168896 1
5170111 1
5170432 1
5186953 1
5189247 1
5189479 1
5190572 1
5191267 1
5191931 1
5201286 1
5202270 1
5207950 1
5219094 1
5219871 1
5221578 1
5222967 1
5229935 1
5233890 1
5241905 1
5243160 1
5247945 1
5258106 1
5259441 1
5261954 1
5262948 1
5262957 1
5264442 1
5270800 1
5280938 1
5282789 1
5300935 1
5314804 1
5317787 1
5322443 1
5329719 1
5335966 1
5344329 1
5349206 1
5350559 1
5356545 1
5360013 1
5377769 1
5387253 1
5418896 1
5428070 1
5430811 1
5439995 1
5449730 1
5460780 1
5465807 1
5466768 1
5471795 1
5485361 1
5493075 1
5495425 1
5496061 1
5498992 1
5502048 1
5502388 1
5504666 1
5506879 1
5509532 1
5519087 1
5525934 1
5527119 1
5528658 1
5531572 1
5531833 1
5539855 1
5545840 1
5548608 1
5549040 1
5567419 1
5567725 1
5568392 1
5568392 1
5571579 1
5577416 1
5578060 1
5584146 1
5586410 1
5590507 1
5593254 1
5602003 1
5604189 1
5608665 1
5618679 1
5621573 1
5622433 1
5636665 1
5648149 1
5648502 1
5651148 1
5658612 1
5660405 1
5665682 1
5669911 1
5672646 1
5673571 1
5674833 1
5680336 1
5681934 1
5683362 1
5686489 1
5688623 1
5689022 1
5691522 1
5691601 1
5708471 1
5709353 1
5711163 1
5711644 1
5713333 1
5722983 1
5730592 1
5733054 1
5733129 1
5756872 1
5765053 1
5768522 1
5770299 1
5776231 1
5782885 1
5787801 1
5790459 1
5790464 1
5801439 1
5802970 1
5805138 1
5823283 1
5824160 1
5824580 1
5826130 1
5833506 1
5844647 1
5856843 1
5865638 1
5875525 1
5880242 1
5886488 1
5890639 1
5891398 1
5891608 1
5891817 1
5891863 1
5893640 1
5895453 1
5903224 1
5905287 1
5917358 1
5919827 1
5923080 1
5925013 1
5932940 1
5933069 1
5939665 1
5939830 1
5942051 1
5949962 1
5955149 1
5965826 1
5966301 1
5967897 1
5970403 1
5977217 1
5989118 1
5990705 1
5992148 1
6003855 1
6010197 1
6011052 1
6011221 1
6014066 1
6014466 1
6017703 1
6021281 1
6026938 1
6027530 1
6029512 1
6030021 1
6033588 1
6033692 1
6035292 1
6040386 1
6047705 1
6067415 1
6067422 1
6068649 1
6092399 1
6093536 1
6095698 1
6100722 1
6102677 1
6117340 1
6127188 1
6130957 1
6135506 1
6138526 1
6144182 1
6144570 1
6146754 1
6153439 1
6156065 1
6158203 1
6159076 1
6160953 1
6163887 1
6185487 1
6187437 1
6193850 1
6201093 1
6225402 1
6226775 1
6240681 1
6241274 1
6282118 1
6283208 1
6287175 1
6289454 1
6291667 1
6302417 1
6302826 1
6310461 1
6315957 1
6328751 1
6331624 1
6331850 1
6334580 1
6337460 1
6338587 1
6340594 1
6340910 1
6342802 1
6345556 1
6359428 1
6375047 1
6383470 1
6384091 1
6389682 1
6394161 1
6400768 1
6402528 1
6413392 1
6421944 1
6436833 1
6438767 1
6453327 1
6457554 1
6459751 1
6465902 1
6468426 1
6473310 1
6487687 1
6501603 1
6502120 1
6507622 1
6511292 1
6514133 1
6514912 1
6516262 1
6517323 1
6518679 1
6518974 1
6520860 1
6541403 1
6542374 1
6544003 1
6547700 1
6548091 1
6548609 1
6549464 1
6551619 1
6582398 1
6585203 1
6587722 1
6591837 1
6602878 1
6617066 1
6624785 1
6626563 1
6630829 1
6639004 1
6646632 1
6647575 1
6648201 1
6649098 1
6653850 1
6657705 1
6659406 1
6661578 1
6662935 1
6677462 1
6685376 1
6686902 1
6697858 1
6704361 1
6716906 1
6728086 1
6731127 1
6731971 1
6738762 1
6740237 1
6741025 1
6742986 1
6750298 1
6750392 1
6760265 1
6760273 1
6763105 1
6774952 1
6777002 1
6777443 1
6785821 1
6787473 1
6792271 1
6795747 1
6795760 1
6796014 1
6807362 1
6808951 1
6809372 1
6818246 1
6820385 1
6830530 1
6832695 1
6833537 1
6836225 1
6836676 1
6841806 1
6849702 1
6850879 1
6856524 1
6856678 1
6861219 1
6870109 1
6879984 1
6881473 1
6887212 1
6887695 1
6891461 1
6892536 1
6894026 1
6898969 1
6900066 1
6905395 1
6905411 1
6907528 1
6908413 1
6909758 1
6913187 1
6914005 1
6925670 1
6930337 1
6934562 1
6935391 1
6936688 1
6936746 1
6943641 1
6950978 1
6958701 1
6962413 1
6962413 1
6980038 1
6987048 1
6989987 1
6995223 1
7003974 1
7005979 1
7007471 1
7017310 1
7028913 1
7029014 1
7038037 1
7039313 1
7042640 1
7052959 1
7055745 1
7057998 1
7063225 1
7076847 1
7077551 1
7079543 1
7083475 1
7086972 1
7107496 1
7108119 1
7109665 1
7110208 1
7110275 1
7115476 1
7122532 1
7126938 1
7138399 1
7142977 1
7153119 1
7155357 1
7157522 1
7164196 1
7171633 1
7173084 1
7177280 1
7179913 1
7181464 1
7182332 1
7183781 1
7191388 1
7203446 1
7209304 1
7209314 1
7225485 1
7231929 1
7232018 1
7235337 1
7245042 1
7245945 1
7258653 1
7261794 1
7275073 1
7275127 1
7276909 1
7281744 1
7284706 1
7299707 1
7302144 1
7308657 1
7308967 1
7309483 1
7333573 1
7335305 1
7337473 1
7341114 1
7352187 1
7353781 1
7364965 1
7368343 1
7375722 1
7379143 1
7379837 1
7381083 1
7382947 1
7389542 1
7390912 1
7393307 1
7401872 1
7403652 1
7405969 1
7411462 1
7412682 1
7415549 1
7421444 1
7433313 1
7441986 1
7453615 1
7458141 1
7465429 1
7468763 1
7482528 1
7482767 1
7486227 1
7487933 1
7497724 1
7501761 1
7510293 1
7512101 1
7512185 1
7513930 1
7516351 1
7517108 1
7531892 1
7535952 1
7541096 1
7546000 1
7550898 1
7551859 1
7552449 1
7555424 1
7557723 1
7570806 1
7572386 1
7578204 1
7587135 1
7589619 1
7595131 1
7609210 1
7616169 1
7622698 1
7623260 1
7624484 1
7636344 1
7639991 1
7655653 1
7662394 1
7670422 1
7670424 1
7671449 1
7676859 1
7684593 1
7688804 1
7691773 1
7691836 1
7692960 1
7697882 1
7713938 1
7717110 1
7723910 1
7730459 1
7736823 1
7737144 1
7753864 1
7755227 1
7756443 1
7771213 1
7777213 1
7780941 1
7792501 1
7793422 1
7812950 1
7828246 1
7828246 1
7841610 1
7852453 1
7855323 1
7856298 1
7859753 1
7860708 1
7868595 1
7873411 1
7884048 1
7894879 1
7897703 1
7904848 1
7906323 1
7907387 1
7925361 1
7935472 1
7939691 1
7948978 1
7949396 1
7949559 1
7958616 1
7959433 1
7959713 1
7962334 1
7963301 1
7965256 1
7968524 1
7968656 1
7970533 1
7990861 1
7993500 1
8003905 1
8004479 1
8006282 1
8020833 1
8021115 1
8022078 1
8022787 1
8025792 1
8028811 1
8038973 1
8040223 1
8041971 1
8054690 1
8058297 1
8061687 1
8068698 1
8073359 1
8074128 1
8080235 1
8083021 1
8086832 1
8088339 1
8089415 1
8091183 1
8096509 1
8096987 1
8103357 1
8105083 1
8109098 1
8116605 1
8123480 1
8124729 1
8139749 1
8141078 1
8146906 1
8147133 1
8148793 1
8149504 1
8152603 1
8153229 1
8163506 1
8167778 1
8182667 1
8188066 1
8188249 1
8212433 1
8221656 1
8225367 1
8236852 1
8239000 1
8247655 1
8256638 1
8271811 1
8278429 1
8303339 1
8308432 1
274786 1
1464072 1
1508635 1
4885113 1
5616562 1
6130573 1
6511692 1
