1854 1
16871 1
18813 1
20382 1
23454 1
38983 1
48104 1
48196 1
48442 1
49364 1
50959 1
54372 1
63745 1
80300 1
90419 1
92173 1
92408 1
95536 1
104829 1
113138 1
114544 1
116412 1
121116 1
131674 1
132476 1
140963 1
141385 1
143635 1
151061 1
151137 1
153991 1
155458 1
167420 1
168558 1
181097 1
181395 1
182743 1
191702 1
195612 1
196788 1
198192 1
201942 1
203799 1
207342 1
211273 1
213192 1
214543 1
222070 1
223427 1
224726 1
225448 1
229304 1
231306 1
234692 1
235010 1
237503 1
247332 1
259138 1
261042 1
264516 1
265579 1
268085 1
270216 1
274746 1
274924 1
275316 1
276380 1
277863 1
280380 1
280937 1
282264 1
284487 1
301672 1
305296 1
308862 1
310906 1
318516 1
318696 1
327863 1
344066 1
347782 1
352059 1
358423 1
361978 1
367928 1
370243 1
378149 1
399027 1
404293 1
409922 1
421068 1
422679 1
428292 1
429094 1
430281 1
432034 1
447296 1
449270 1
450720 1
451018 1
451447 1
465057 1
477066 1
485646 1
487179 1
499665 1
500422 1
502239 1
502992 1
504597 1
508659 1
509126 1
513058 1
515839 1
520910 1
522308 1
526567 1
536558 1
546295 1
553132 1
562503 1
565838 1
565900 1
567530 1
570127 1
570671 1
571642 1
573281 1
573810 1
574585 1
574956 1
575992 1
583773 1
583913 1
583918 1
583933 1
585049 1
586281 1
587065 1
587891 1
596287 1
603576 1
608212 1
608923 1
613928 1
617145 1
618429 1
619163 1
633689 1
644391 1
648880 1
651845 1
654986 1
664817 1
667812 1
670588 1
677697 1
678491 1
679104 1
680518 1
682445 1
692475 1
703609 1
705940 1
716182 1
716308 1
719794 1
721282 1
722066 1
726641 1
728308 1
728527 1
734291 1
738042 1
751380 1
752653 1
752653 1
768787 1
782862 1
792421 1
792430 1
803222 1
804051 1
804644 1
809365 1
816609 1
818133 1
833500 1
834510 1
835468 1
839644 1
841173 1
846697 1
857005 1
861028 1
864893 1
868190 1
869781 1
871387 1
890495 1
898481 1
899637 1
913042 1
913268 1
914137 1
923992 1
925981 1
926992 1
928537 1
928537 1
928537 1
928537 1
940291 1
953205 1
961389 1
961418 1
962591 1
962591 1
963715 1
969531 1
971043 1
978801 1
979577 1
979940 1
979940 1
980259 1
985484 1
986179 1
991328 1
999744 1
1010889 1
1015439 1
1024102 1
1025068 1
1025227 1
1027392 1
1030877 1
1031029 1
1035641 1
1037455 1
1037458 1
1041001 1
1041001 1
1042927 1
1042928 1
1043921 1
1047401 1
1050784 1
1052608 1
1056402 1
1056982 1
1059198 1
1059341 1
1059690 1
1060586 1
1061465 1
1062594 1
1066527 1
1068292 1
1071898 1
1083709 1
1085124 1
1086224 1
1091134 1
1093056 1
1096610 1
1097382 1
1098472 1
1110340 1
1116492 1
1117898 1
1121922 1
1126983 1
1131288 1
1136753 1
1150971 1
1156628 1
1165743 1
1166821 1
1179851 1
1185196 1
1185774 1
1186728 1
1189569 1
1201018 1
1206252 1
1207928 1
1224342 1
1224817 1
1225745 1
1226301 1
1226390 1
1228429 1
1232672 1
1239330 1
1239410 1
1240118 1
1240786 1
1242982 1
1243686 1
1249070 1
1249713 1
1253002 1
1254314 1
1256166 1
1264169 1
1267581 1
1275150 1
1279939 1
1280182 1
1288568 1
1289049 1
1295169 1
1302522 1
1303116 1
1303205 1
1308114 1
1309757 1
1324050 1
1324066 1
1330083 1
1331861 1
1337321 1
1337321 1
1345725 1
1362052 1
1368453 1
1369484 1
1369484 1
1376509 1
1378353 1
1379791 1
1382251 1
1390914 1
1393596 1
1393675 1
1400233 1
1407662 1
1418186 1
1421395 1
1421637 1
1435919 1
1440292 1
1443553 1
1443556 1
1449177 1
1451998 1
1453089 1
1459129 1
1460668 1
1461060 1
1461821 1
1463198 1
1463564 1
1467189 1
1467362 1
1467389 1
1469224 1
1473836 1
1476153 1
1478204 1
1480181 1
1481398 1
1482266 1
1485164 1
1487688 1
1491457 1
1499121 1
1504955 1
1512871 1
1521425 1
1524948 1
1550467 1
1550467 1
1556597 1
1556597 1
1563706 1
1568578 1
1568584 1
1575881 1
1598124 1
1607917 1
1611350 1
1616882 1
1622409 1
1626637 1
1627375 1
1629242 1
1637776 1
1640069 1
1641467 1
1642024 1
1646237 1
1649956 1
1657376 1
1657417 1
1661113 1
1662930 1
1669729 1
1673637 1
1687227 1
1690004 1
1690742 1
1690867 1
1698083 1
1701331 1
1702042 1
1705916 1
1714236 1
1716405 1
1730720 1
1734938 1
1738698 1
1740137 1
1741494 1
1749126 1
1759353 1
1769862 1
1769862 1
1780941 1
1792180 1
1795202 1
1804302 1
1805184 1
1810365 1
1811392 1
1819547 1
1821166 1
1827313 1
1828944 1
1831493 1
1831838 1
1841738 1
1842641 1
1844806 1
1854684 1
1859455 1
1865987 1
1872994 1
1875730 1
1883611 1
1891416 1
1897666 1
1899674 1
1903140 1
1913401 1
1913429 1
1914669 1
1915087 1
1921885 1
1932085 1
1934851 1
1940017 1
1941845 1
1942989 1
1947791 1
1954945 1
1956744 1
1969643 1
1973745 1
1980108 1
1989821 1
1992989 1
1999476 1
2003034 1
2004028 1
2005147 1
2006369 1
2006803 1
2012823 1
2016578 1
2027923 1
2027923 1
2028602 1
2033236 1
2033718 1
2038625 1
2044478 1
2046019 1
2047711 1
2047732 1
2048155 1
2048761 1
2048785 1
2049088 1
2049194 1
2051016 1
2058200 1
2065950 1
2068939 1
2069540 1
2076788 1
2079817 1
2082849 1
2083339 1
2084466 1
2085234 1
2085650 1
2087296 1
2089583 1
2091006 1
2093935 1
2095210 1
2097402 1
2098411 1
2099563 1
2103933 1
2104803 1
2106642 1
2108840 1
2108842 1
2111886 1
2113663 1
2117112 1
2117597 1
2119126 1
2120258 1
2121325 1
2137603 1
2138632 1
2141290 1
2143187 1
2150540 1
2152222 1
2154644 1
2158448 1
2160183 1
2174205 1
2176804 1
2187780 1
2196402 1
2197208 1
2203628 1
2204417 1
2208016 1
2209896 1
2222009 1
2224007 1
2224574 1
2225638 1
2227848 1
2230379 1
2231428 1
2233347 1
2234088 1
2239060 1
2245538 1
2246100 1
2251491 1
2260604 1
2262315 1
2270479 1
2271844 1
2274273 1
2274556 1
2276431 1
2282222 1
2283941 1
2290314 1
2290688 1
2293840 1
2297682 1
2299372 1
2303281 1
2307537 1
2308531 1
2311436 1
2313649 1
2313734 1
2326087 1
2330145 1
2331372 1
2335088 1
2339494 1
2350319 1
2356160 1
2358651 1
2375235 1
2377715 1
2386865 1
2388352 1
2409531 1
2411650 1
2412456 1
2418141 1
2419280 1
2420867 1
2420972 1
2422885 1
2430786 1
2438135 1
2439530 1
2441853 1
2452738 1
2454957 1
2458085 1
2465334 1
2469306 1
2470351 1
2482903 1
2488863 1
2489824 1
2494021 1
2494118 1
2498998 1
2501346 1
2506488 1
2509058 1
2514644 1
2517887 1
2518163 1
2522475 1
2523456 1
2528738 1
2545403 1
2550764 1
2555851 1
2563665 1
2568696 1
2569335 1
2577132 1
2581182 1
2581634 1
2583780 1
2594288 1
2597679 1
2598355 1
2598355 1
2611691 1
2618928 1
2623417 1
2642926 1
2643197 1
2644086 1
2645433 1
2645603 1
2649900 1
2657624 1
2676191 1
2679732 1
2684520 1
2695345 1
2697275 1
2712220 1
2714262 1
2714262 1
2714599 1
2720857 1
2725162 1
2726352 1
2735492 1
2738668 1
2739525 1
2753641 1
2756471 1
2756512 1
2766600 1
2776403 1
2780289 1
2780965 1
2781178 1
2784920 1
2786219 1
2793252 1
2799581 1
2804808 1
2805938 1
2808269 1
2812638 1
2816833 1
2817955 1
2820629 1
2822644 1
2826045 1
2828117 1
2832322 1
2851460 1
2858625 1
2866786 1
2868996 1
2870567 1
2876463 1
2879896 1
2881651 1
2882304 1
2882657 1
2885063 1
2900332 1
2901774 1
2906951 1
2907248 1
2926127 1
2934793 1
2936272 1
2939418 1
2939914 1
2940137 1
2956692 1
2962345 1
2962832 1
2963871 1
2964907 1
2975002 1
2976402 1
2977466 1
2977466 1
2979686 1
2987028 1
2987771 1
2987871 1
2990746 1
2993378 1
3004758 1
3006037 1
3006542 1
3008965 1
3015728 1
3016996 1
3017638 1
3022919 1
3024624 1
3025816 1
3027448 1
3029118 1
3035970 1
3037705 1
3037867 1
3046456 1
3049982 1
3052239 1
3063809 1
3066063 1
3066264 1
3066928 1
3078848 1
3081151 1
3091966 1
3096001 1
3096865 1
3097066 1
3106253 1
3114494 1
3115958 1
3118245 1
3118764 1
3121806 1
3122355 1
3125984 1
3125984 1
3134482 1
3138863 1
3143840 1
3147011 1
3149710 1
3162208 1
3180584 1
3187608 1
3187608 1
3189359 1
3203034 1
3212160 1
3222978 1
3232722 1
3233238 1
3249657 1
3251678 1
3256940 1
3269943 1
3274036 1
3274052 1
3276216 1
3276510 1
3276969 1
3283712 1
3288610 1
3294080 1
3297202 1
3303658 1
3303658 1
3305176 1
3306117 1
3306467 1
3310716 1
3323747 1
3324623 1
3327635 1
3328311 1
3329502 1
3336010 1
3342014 1
3343135 1
3345139 1
3347556 1
3359991 1
3361813 1
3372343 1
3381934 1
3387791 1
3391242 1
3404433 1
3404977 1
3415826 1
3418061 1
3418506 1
3421112 1
3429857 1
3432481 1
3432628 1
3435208 1
3435939 1
3436035 1
3437939 1
3441042 1
3441184 1
3442029 1
3442714 1
3444309 1
3453286 1
3453816 1
3470363 1
3470403 1
3490159 1
3493505 1
3498362 1
3502732 1
3503354 1
3510994 1
3514637 1
3515851 1
3516320 1
3516348 1
3517810 1
3517973 1
3518899 1
3521741 1
3535073 1
3542367 1
3544072 1
3544992 1
3545155 1
3552135 1
3559354 1
3564026 1
3564419 1
3567286 1
3575313 1
3581374 1
3584321 1
3586520 1
3588409 1
3591435 1
3592817 1
3594670 1
3598134 1
3605254 1
3605856 1
3606309 1
3614698 1
3620081 1
3625816 1
3638661 1
3640692 1
3640999 1
3647017 1
3651949 1
3655966 1
3656227 1
3660434 1
3669626 1
3670519 1
3677990 1
3681363 1
3681675 1
3687547 1
3689873 1
3692426 1
3695902 1
3699809 1
3700717 1
3704152 1
3704167 1
3705705 1
3712662 1
3716039 1
3718654 1
3719971 1
3723131 1
3725944 1
3726297 1
3728347 1
3732816 1
3740189 1
3742965 1
3743243 1
3746609 1
3752809 1
3758021 1
3760866 1
3761352 1
3773038 1
3773879 1
3778374 1
3787527 1
3789117 1
3801949 1
3805270 1
3805270 1
3813898 1
3819613 1
3820036 1
3828612 1
3833631 1
3834565 1
3835965 1
3837556 1
3840713 1
3848781 1
3848797 1
3856650 1
3856831 1
3856859 1
3859416 1
3860958 1
3864407 1
3866829 1
3871542 1
3873133 1
3874331 1
3877295 1
3877986 1
3878336 1
3885961 1
3890261 1
3890269 1
3891225 1
3905418 1
3916772 1
3925010 1
3933095 1
3935502 1
3943090 1
3943525 1
3947212 1
3961342 1
3970101 1
3973774 1
3973857 1
3984268 1
3991438 1
4015587 1
4017130 1
4021462 1
4026884 1
4028982 1
4045145 1
4047649 1
4050111 1
4050327 1
4056430 1
4059624 1
4060795 1
4067377 1
4074741 1
4075000 1
4079630 1
4086380 1
4098213 1
4100879 1
4106950 1
4115178 1
4121958 1
4125684 1
4129127 1
4129313 1
4129314 1
4129372 1
4129557 1
4129615 1
4141088 1
4144358 1
4145033 1
4153261 1
4156652 1
4159623 1
4159953 1
4167465 1
4175514 1
4175672 1
4177514 1
4178579 1
4190956 1
4191184 1
4193381 1
4193930 1
4194058 1
4196034 1
4199769 1
4203125 1
4207252 1
4209402 1
4210384 1
4210728 1
4217410 1
4217841 1
4219517 1
4232909 1
4236734 1
4243454 1
4248668 1
4251192 1
4253275 1
4254743 1
4258896 1
4260400 1
4263395 1
4271777 1
4279038 1
4281964 1
4282329 1
4282789 1
4288644 1
4293764 1
4297049 1
4304978 1
4314777 1
4315891 1
4318553 1
4326950 1
4328064 1
4338630 1
4343053 1
4349954 1
4350320 1
4352859 1
4367895 1
4368709 1
4374506 1
4375424 1
4375424 1
4378752 1
4384917 1
4385916 1
4396882 1
4397709 1
4398454 1
4405473 1
4409634 1
4412762 1
4415180 1
4419141 1
4420332 1
4430937 1
4439588 1
4441028 1
4450894 1
4465997 1
4470221 1
4474418 1
4477885 1
4482272 1
4482507 1
4483797 1
4485848 1
4488303 1
4491532 1
4495070 1
4496409 1
4508695 1
4512420 1
4515807 1
4518926 1
4524289 1
4527264 1
4532963 1
4535156 1
4535677 1
4536380 1
4536380 1
4546360 1
4550451 1
4552810 1
4558208 1
4562537 1
4564481 1
4565974 1
4567066 1
4567250 1
4579329 1
4583006 1
4587682 1
4598262 1
4609609 1
4611428 1
4611428 1
4614576 1
4617316 1
4633514 1
4635452 1
4637986 1
4650876 1
4659855 1
4669729 1
4672687 1
4675631 1
4678010 1
4681419 1
4688115 1
4691312 1
4696699 1
4697100 1
4697264 1
4698497 1
4711152 1
4711360 1
4716787 1
4728899 1
4731776 1
4735425 1
4735567 1
4736608 1
4738171 1
4745662 1
4757835 1
4771885 1
4776389 1
4779895 1
4787451 1
4787828 1
4788437 1
4790741 1
4794577 1
4797847 1
4798148 1
4799697 1
4803262 1
4807763 1
4807995 1
4810302 1
4814860 1
4815443 1
4816588 1
4820725 1
4834480 1
4845045 1
4848898 1
4851525 1
4853316 1
4860319 1
4866564 1
4872761 1
4873242 1
4875566 1
4876569 1
4879974 1
4882030 1
4883612 1
4886323 1
4889062 1
4894748 1
4894934 1
4896055 1
4896141 1
4896952 1
4899447 1
4904324 1
4905781 1
4906644 1
4906807 1
4909465 1
4909683 1
4913690 1
4915752 1
4920737 1
4929553 1
4929964 1
4931194 1
4943356 1
4946235 1
4956219 1
4958927 1
4961721 1
4965931 1
4968521 1
4983286 1
4987266 1
4990745 1
4992973 1
4997255 1
4999662 1
5021473 1
5023087 1
5038328 1
5038854 1
5042297 1
5049733 1
5054595 1
5063408 1
5066634 1
5071280 1
5081543 1
5086409 1
5088068 1
5104182 1
5119602 1
5133799 1
5140840 1
5140872 1
5142309 1
5149601 1
5152999 1
5158380 1
5168237 1
5169526 1
5179062 1
5182421 1
5190621 1
5192722 1
5192722 1
5204756 1
5214543 1
5218124 1
5218124 1
5223499 1
5229849 1
5233058 1
5233058 1
5239157 1
5241862 1
5246580 1
5250614 1
5262136 1
5262136 1
5268618 1
5268727 1
5280852 1
5280919 1
5302483 1
5306652 1
5328717 1
5329678 1
5330936 1
5335428 1
5337500 1
5343849 1
5344292 1
5347647 1
5351334 1
5352590 1
5353432 1
5358410 1
5363597 1
5367291 1
5367291 1
5376464 1
5376801 1
5385678 1
5385743 1
5392405 1
5392405 1
5394204 1
5394204 1
5405111 1
5411777 1
5418834 1
5423663 1
5427099 1
5428557 1
5430376 1
5430554 1
5435153 1
5438584 1
5445422 1
5449203 1
5449356 1
5450166 1
5463667 1
5474406 1
5479967 1
5501253 1
5512877 1
5536730 1
5538544 1
5544510 1
5548699 1
5552056 1
5552056 1
5555526 1
5561420 1
5565790 1
5568730 1
5570599 1
5572666 1
5576497 1
5579258 1
5586920 1
5590724 1
5591272 1
5595630 1
5595968 1
5596597 1
5607388 1
5623575 1
5631293 1
5632277 1
5643359 1
5647115 1
5650164 1
5656122 1
5656671 1
5656952 1
5659696 1
5661880 1
5662036 1
5662101 1
5662140 1
5662387 1
5676695 1
5680289 1
5681578 1
5682703 1
5682909 1
5684123 1
5684946 1
5694399 1
5694901 1
5702888 1
5709318 1
5710721 1
5711163 1
5720695 1
5724821 1
5725896 1
5726845 1
5729999 1
5731722 1
5736590 1
5742193 1
5742765 1
5751832 1
5756167 1
5766107 1
5772609 1
5782278 1
5786235 1
5789246 1
5790028 1
5791073 1
5791079 1
5793311 1
5802502 1
5806580 1
5817109 1
5820336 1
5820626 1
5822094 1
5822821 1
5825205 1
5825717 1
5827079 1
5828016 1
5836372 1
5852788 1
5861379 1
5862853 1
5864762 1
5870020 1
5871447 1
5876859 1
5879046 1
5882170 1
5882415 1
5894397 1
5913176 1
5918724 1
5920484 1
5926073 1
5929080 1
5931884 1
5932533 1
5934248 1
5935462 1
5942291 1
5954451 1
5958406 1
5960311 1
5969013 1
5969157 1
5969386 1
5969787 1
5983234 1
5986062 1
5989255 1
5994572 1
5997863 1
6005907 1
6012586 1
6013214 1
6013910 1
6014274 1
6026762 1
6027481 1
6027622 1
6028611 1
6032456 1
6042762 1
6044422 1
6044894 1
6045232 1
6045762 1
6047066 1
6047794 1
6048875 1
6055107 1
6055721 1
6060458 1
6060724 1
6060825 1
6067756 1
6069352 1
6074784 1
6077936 1
6082803 1
6095950 1
6099747 1
6107305 1
6109318 1
6117930 1
6118259 1
6120278 1
6125390 1
6125638 1
6127050 1
6133486 1
6160838 1
6178950 1
6181440 1
6185123 1
6186918 1
6191679 1
6193708 1
6195396 1
6195651 1
6233569 1
6234307 1
6234307 1
6245102 1
6247345 1
6252511 1
6254640 1
6261745 1
6261821 1
6268713 1
6271202 1
6271548 1
6277496 1
6277999 1
6286143 1
6288109 1
6292092 1
6293774 1
6294449 1
6300663 1
6300773 1
6303044 1
6305353 1
6309483 1
6315927 1
6320360 1
6333550 1
6339289 1
6341229 1
6342969 1
6345641 1
6351911 1
6356198 1
6365142 1
6369114 1
6369669 1
6376808 1
6377957 1
6378046 1
6378972 1
6391514 1
6395605 1
6398531 1
6402091 1
6405867 1
6412092 1
6414694 1
6415610 1
6421413 1
6424559 1
6425538 1
6435920 1
6436509 1
6440506 1
6455496 1
6458569 1
6459517 1
6469041 1
6470253 1
6474481 1
6480792 1
6491279 1
6493089 1
6498292 1
6499914 1
6500882 1
6503035 1
6505207 1
6505524 1
6506113 1
6506409 1
6507796 1
6508457 1
6508518 1
6513937 1
6518453 1
6540925 1
6541301 1
6544093 1
6544221 1
6550454 1
6550881 1
6557792 1
6560832 1
6561751 1
6564010 1
6567753 1
6572055 1
6573091 1
6575474 1
6583571 1
6587952 1
6590008 1
6593865 1
6605854 1
6611337 1
6612832 1
6613011 1
6613278 1
6613838 1
6616960 1
6618564 1
6618940 1
6620619 1
6621931 1
6628669 1
6629270 1
6629444 1
6630607 1
6635784 1
6638132 1
6639268 1
6640385 1
6641736 1
6641736 1
6643582 1
6648363 1
6657364 1
6657445 1
6658705 1
6659955 1
6661026 1
6661186 1
6667056 1
6670345 1
6677481 1
6679007 1
6680537 1
6681189 1
6683701 1
6685246 1
6687552 1
6693849 1
6696990 1
6697232 1
6697964 1
6703614 1
6706768 1
6708907 1
6709656 1
6711393 1
6715679 1
6718366 1
6726456 1
6729144 1
6729719 1
6733606 1
6743594 1
6750873 1
6750974 1
6750982 1
6753441 1
6755998 1
6760036 1
6764484 1
6768441 1
6769872 1
6771008 1
6779359 1
6824871 1
6825455 1
6826405 1
6834064 1
6842803 1
6843333 1
6843506 1
6843794 1
6844570 1
6844570 1
6849337 1
6851318 1
6853028 1
6856401 1
6858813 1
6860288 1
6864974 1
6866107 1
6869862 1
6870583 1
6872719 1
6879750 1
6885250 1
6885559 1
6888416 1
6893339 1
6893339 1
6899211 1
6901125 1
6903582 1
6911801 1
6913514 1
6915690 1
6916219 1
6918060 1
6918961 1
6924511 1
6926409 1
6926836 1
6927682 1
6927682 1
6930462 1
6930834 1
6931418 1
6932493 1
6935225 1
6940462 1
6944414 1
6944424 1
6947740 1
6951556 1
6951746 1
6952437 1
6954301 1
6954685 1
6963829 1
6973209 1
6974063 1
6974153 1
6986084 1
6986758 1
6986979 1
6987932 1
6993263 1
6999086 1
6999160 1
7003530 1
7004671 1
7014901 1
7015241 1
7015241 1
7023115 1
7027438 1
7030310 1
7036227 1
7053301 1
7057845 1
7058477 1
7065023 1
7065951 1
7066878 1
7073847 1
7076929 1
7076929 1
7086728 1
7099381 1
7100303 1
7102718 1
7103882 1
7107099 1
7107797 1
7108175 1
7113087 1
7113896 1
7118914 1
7144766 1
7145449 1
7148042 1
7156811 1
7157454 1
7158425 1
7158430 1
7159464 1
7161668 1
7161764 1
7163132 1
7172236 1
7173913 1
7174369 1
7174865 1
7182635 1
7183726 1
7189202 1
7193921 1
7194042 1
7194457 1
7195202 1
7201961 1
7206256 1
7210010 1
7212567 1
7213407 1
7223752 1
7223844 1
7226280 1
7236731 1
7239653 1
7247486 1
7250950 1
7261153 1
7272863 1
7273978 1
7275780 1
7283440 1
7290710 1
7291074 1
7306031 1
7315265 1
7315298 1
7323855 1
7323856 1
7326743 1
7327731 1
7332856 1
7336119 1
7341706 1
7342848 1
7344912 1
7359585 1
7359593 1
7362670 1
7373144 1
7373839 1
7378195 1
7389163 1
7394567 1
7400805 1
7412376 1
7418534 1
7419194 1
7419707 1
7420330 1
7425575 1
7441909 1
7450696 1
7457003 1
7462273 1
7465005 1
7465911 1
7484485 1
7484717 1
7492304 1
7493135 1
7494483 1
7503228 1
7504047 1
7506958 1
7514296 1
7534694 1
7536815 1
7544038 1
7544278 1
7549626 1
7549807 1
7556870 1
7562207 1
7571915 1
7572255 1
7574311 1
7588496 1
7609248 1
7615328 1
7618263 1
7618266 1
7629991 1
7633704 1
7636559 1
7636721 1
7641860 1
7645614 1
7646421 1
7648276 1
7649499 1
7650324 1
7651280 1
7651720 1
7654348 1
7655129 1
7661119 1
7661983 1
7667021 1
7668644 1
7668935 1
7672926 1
7673853 1
7678116 1
7683445 1
7693003 1
7693053 1
7696985 1
7700904 1
7702959 1
7706896 1
7710774 1
7710885 1
7711290 1
7715825 1
7723407 1
7727738 1
7728042 1
7731044 1
7731779 1
7732688 1
7744396 1
7744396 1
7745864 1
7746133 1
7758160 1
7762641 1
7762641 1
7772818 1
7776090 1
7778147 1
7785933 1
7785933 1
7793741 1
7803526 1
7815680 1
7825030 1
7828723 1
7839303 1
7840157 1
7842234 1
7845119 1
7848926 1
7856696 1
7863196 1
7863553 1
7869934 1
7878446 1
7880555 1
7880555 1
7882528 1
7883039 1
7886998 1
7889325 1
7891933 1
7894270 1
7894922 1
7896752 1
7902572 1
7902836 1
7904705 1
7904951 1
7905699 1
7910847 1
7913961 1
7914443 1
7914902 1
7927453 1
7951219 1
7953957 1
7959810 1
7961889 1
7962163 1
7965403 1
7971959 1
7983386 1
7983974 1
7984752 1
7985566 1
7985566 1
7987366 1
7989366 1
8022278 1
8027861 1
8033594 1
8036105 1
8044567 1
8047396 1
8053081 1
8061022 1
8066786 1
8070597 1
8071835 1
8072685 1
8086681 1
8087547 1
8087592 1
8088240 1
8088767 1
8095782 1
8098003 1
8098003 1
8098003 1
8100644 1
8101832 1
8102505 1
8116276 1
8116276 1
8117253 1
8121340 1
8123263 1
8123368 1
8129956 1
8133696 1
8135038 1
8135788 1
8136000 1
8137455 1
8138249 1
8141614 1
8142355 1
8146517 1
8147246 1
8147797 1
8150178 1
8150894 1
8151956 1
8157527 1
8163653 1
8167430 1
8170315 1
8179942 1
8184136 1
8186273 1
8186444 1
8187972 1
8193915 1
8197712 1
8202305 1
8229986 1
8245036 1
8253123 1
8266524 1
8272788 1
8278491 1
8293714 1
8293927 1
8298762 1
8300576 1
8302498 1
8303244 1
8303889 1
8304742 1
8310813 1
19 1
1086 1
2726 1
3311 1
26739 1
29221 1
30827 1
37895 1
44339 1
45148 1
47423 1
51733 1
53016 1
53605 1
58115 1
68494 1
68573 1
73782 1
89452 1
100227 1
104906 1
104906 1
114471 1
116270 1
117963 1
120262 1
122224 1
124274 1
128619 1
129969 1
133834 1
142137 1
143081 1
144349 1
153988 1
160937 1
162522 1
165691 1
166874 1
169697 1
170382 1
175862 1
177228 1
177999 1
178194 1
184168 1
191748 1
197962 1
198312 1
201656 1
202839 1
207884 1
209762 1
209762 1
213764 1
214927 1
214987 1
214987 1
216754 1
220448 1
221614 1
221614 1
222440 1
278475 1
284493 1
284530 1
290373 1
297142 1
303483 1
304093 1
308955 1
309014 1
320202 1
320489 1
321846 1
323329 1
331148 1
331148 1
340610 1
342418 1
343184 1
343184 1
345404 1
359264 1
359574 1
360638 1
366940 1
368928 1
377007 1
377021 1
383360 1
383528 1
384092 1
387512 1
387955 1
418064 1
422200 1
425787 1
428392 1
434003 1
436936 1
445402 1
449137 1
449199 1
454159 1
456809 1
458988 1
460369 1
462964 1
463899 1
478474 1
482142 1
487652 1
502441 1
503520 1
504775 1
506940 1
515371 1
536101 1
564008 1
565140 1
569175 1
570511 1
573192 1
577773 1
578689 1
581402 1
582685 1
584126 1
602534 1
611598 1
612572 1
640397 1
647028 1
647396 1
647854 1
653806 1
654455 1
656026 1
656248 1
679316 1
703137 1
705663 1
706725 1
707603 1
728749 1
731782 1
734561 1
735115 1
737010 1
744711 1
745044 1
752065 1
752909 1
752969 1
759717 1
760367 1
763610 1
766905 1
767177 1
768707 1
771061 1
771817 1
773708 1
780106 1
780311 1
785077 1
786937 1
787885 1
789568 1
793090 1
794837 1
795029 1
796640 1
800015 1
802761 1
806685 1
812504 1
825409 1
832409 1
834395 1
839511 1
847585 1
853765 1
864179 1
864179 1
867258 1
867980 1
869788 1
870243 1
871192 1
874630 1
899802 1
902919 1
904181 1
904843 1
905540 1
909868 1
911812 1
913875 1
920336 1
920941 1
922128 1
926690 1
934425 1
940561 1
941459 1
944434 1
946250 1
953751 1
955915 1
973430 1
980969 1
981395 1
983389 1
983752 1
984919 1
985421 1
985978 1
986092 1
1006687 1
1009997 1
1013412 1
1021841 1
1028717 1
1032773 1
1032823 1
1042302 1
1044015 1
1051208 1
1054473 1
1062953 1
1071263 1
1071805 1
1071896 1
1074252 1
1076525 1
1077722 1
1080153 1
1093358 1
1095517 1
1097979 1
1099376 1
1101002 1
1104022 1
1104597 1
1107629 1
1119561 1
1127454 1
1130199 1
1131474 1
1133213 1
1135955 1
1138048 1
1138683 1
1141337 1
1146416 1
1147547 1
1154560 1
1154560 1
1162775 1
1163367 1
1178224 1
1179281 1
1193750 1
1196537 1
1196626 1
1196985 1
1197204 1
1205462 1
1211724 1
1215840 1
1222098 1
1222679 1
1222815 1
1227291 1
1235799 1
1240652 1
1242396 1
1242396 1
1248523 1
1254093 1
1254331 1
1257868 1
1272236 1
1273385 1
1280063 1
1283412 1
1294349 1
1295872 1
1303559 1
1303566 1
1303630 1
1304347 1
1306680 1
1306686 1
1307483 1
1313301 1
1316554 1
1318134 1
1329112 1
1334250 1
1339892 1
1343648 1
1347947 1
1356178 1
1359475 1
1361982 1
1370389 1
1371538 1
1376972 1
1379063 1
1384047 1
1391933 1
1393064 1
1393230 1
1400300 1
1407621 1
1412972 1
1416352 1
1422961 1
1424080 1
1426655 1
1442823 1
1444653 1
1449553 1
1452287 1
1453009 1
1459397 1
1463230 1
1463362 1
1463649 1
1466080 1
1468158 1
1471355 1
1474619 1
1475108 1
1484652 1
1489918 1
1494536 1
1501568 1
1504632 1
1508013 1
1514425 1
1523470 1
1524092 1
1529919 1
1542180 1
1549875 1
1551100 1
1553705 1
1567479 1
1577315 1
1578033 1
1584439 1
1587163 1
1590636 1
1591425 1
1594600 1
1614395 1
1616714 1
1619132 1
1633558 1
1635300 1
1640695 1
1641204 1
1641449 1
1646038 1
1648214 1
1653463 1
1654539 1
1655928 1
1656675 1
1659830 1
1659963 1
1661079 1
1662951 1
1671171 1
1671171 1
1673284 1
1674537 1
1675461 1
1678501 1
1678615 1
1679313 1
1682942 1
1683210 1
1684676 1
1685224 1
1685611 1
1685731 1
1686357 1
1693678 1
1696618 1
1707300 1
1707813 1
1715790 1
1716932 1
1719437 1
1719822 1
1720968 1
1730231 1
1744877 1
1759785 1
1759919 1
1762270 1
1771537 1
1775688 1
1782641 1
1784268 1
1787612 1
1807411 1
1807522 1
1810175 1
1812239 1
1822940 1
1825049 1
1826794 1
1827870 1
1829275 1
1830843 1
1831336 1
1832295 1
1837975 1
1841628 1
1841628 1
1842893 1
1853775 1
1854993 1
1874728 1
1881392 1
1883870 1
1886414 1
1891890 1
1893506 1
1895595 1
1897498 1
1907807 1
1909150 1
1909280 1
1909639 1
1916064 1
1927589 1
1933383 1
1942487 1
1943061 1
1947807 1
1968960 1
1970978 1
1975650 1
1979106 1
1983081 1
1990362 1
1994225 1
1996426 1
1998860 1
2004873 1
2006426 1
2011570 1
2012488 1
2014815 1
2015138 1
2016549 1
2016848 1
2019248 1
2031282 1
2033432 1
2039933 1
2040538 1
2047345 1
2047426 1
2048776 1
2048976 1
2050982 1
2051138 1
2055098 1
2055842 1
2059025 1
2068681 1
2070005 1
2080679 1
2081740 1
2084645 1
2084886 1
2089546 1
2092246 1
2094308 1
2102294 1
2113058 1
2116708 1
2128966 1
2128966 1
2136154 1
2140467 1
2142357 1
2149716 1
2149890 1
2149898 1
2152860 1
2158339 1
2158339 1
2162852 1
2175736 1
2181575 1
2183679 1
2186482 1
2188318 1
2196969 1
2197998 1
2204253 1
2213353 1
2216172 1
2219774 1
2226306 1
2234467 1
2238162 1
2246620 1
2248233 1
2259698 1
2275477 1
2277903 1
2283791 1
2287776 1
2290429 1
2292201 1
2292328 1
2295814 1
2296721 1
2297246 1
2301648 1
2308022 1
2309252 1
2311233 1
2315998 1
2316059 1
2316059 1
2316844 1
2322466 1
2326551 1
2329329 1
2332018 1
2333919 1
2337833 1
2340377 1
2343116 1
2345735 1
2347009 1
2347127 1
2356827 1
2360435 1
2360435 1
2368877 1
2370336 1
2371164 1
2377015 1
2377291 1
2382890 1
2383207 1
2385478 1
2390740 1
2390740 1
2393428 1
2396275 1
2401849 1
2407184 1
2411073 1
2415868 1
2421090 1
2421422 1
2423352 1
2423722 1
2423725 1
2424666 1
2425277 1
2430376 1
2431440 1
2432890 1
2436299 1
2438926 1
2439763 1
2440848 1
2444549 1
2451866 1
2452829 1
2456909 1
2462776 1
2470258 1
2470596 1
2477003 1
2479577 1
2482283 1
2484783 1
2484793 1
2486411 1
2488532 1
2488931 1
2491882 1
2492251 1
2492251 1
2498582 1
2516529 1
2525177 1
2529792 1
2534077 1
2534883 1
2538944 1
2540986 1
2546054 1
2551373 1
2551373 1
2551890 1
2557446 1
2557875 1
2562630 1
2565648 1
2568422 1
2569129 1
2569146 1
2579771 1
2580316 1
2582508 1
2585364 1
2588035 1
2588088 1
2592405 1
2594044 1
2595702 1
2595923 1
2595923 1
2608902 1
2609780 1
2615190 1
2615828 1
2616003 1
2618787 1
2619666 1
2622857 1
2622858 1
2625920 1
2626469 1
2648545 1
2649852 1
2652225 1
2652225 1
2654155 1
2654849 1
2664812 1
2672040 1
2678052 1
2680895 1
2683450 1
2685051 1
2687596 1
2696901 1
2703512 1
2713530 1
2714635 1
2715992 1
2716367 1
2720804 1
2728112 1
2728193 1
2729636 1
2733045 1
2736374 1
2755199 1
2759493 1
2767642 1
2771447 1
2781151 1
2785853 1
2790159 1
2796060 1
2801129 1
2803664 1
2807839 1
2831991 1
2838201 1
2839746 1
2840697 1
2843119 1
2846670 1
2852407 1
2858963 1
2861259 1
2862476 1
2865422 1
2865422 1
2875095 1
2877528 1
2877632 1
2883476 1
2887491 1
2889227 1
2890821 1
2892425 1
2893773 1
2894250 1
2900468 1
2901604 1
2911935 1
2916805 1
2922899 1
2926014 1
2927878 1
2934801 1
2936836 1
2938632 1
2946703 1
2948693 1
2950441 1
2961578 1
2964137 1
2965884 1
2970754 1
2971102 1
2979747 1
2991467 1
2992549 1
2993564 1
2994677 1
3002461 1
3005285 1
3005292 1
3011364 1
3013997 1
3016678 1
3016756 1
3022667 1
3024516 1
3027585 1
3033230 1
3037166 1
3045107 1
3045466 1
3054877 1
3057622 1
3060056 1
3062247 1
3066615 1
3066615 1
3067749 1
3070716 1
3071074 1
3086170 1
3086382 1
3088258 1
3088258 1
3090914 1
3093227 1
3096603 1
3098242 1
3103375 1
3105990 1
3107860 1
3108402 1
3108898 1
3108955 1
3117604 1
3120188 1
3125319 1
3126432 1
3127076 1
3129393 1
3130224 1
3133108 1
3134036 1
3135728 1
3135728 1
3139837 1
3143556 1
3146312 1
3146564 1
3149401 1
3154691 1
3155033 1
3162987 1
3164382 1
3164382 1
3171065 1
3171859 1
3175136 1
3175465 1
3178171 1
3188976 1
3188976 1
3194266 1
3194746 1
3198681 1
3202295 1
3202870 1
3213089 1
3219913 1
3220103 1
3224366 1
3224994 1
3225759 1
3232715 1
3234872 1
3240048 1
3252004 1
3261885 1
3271097 1
3277701 1
3282607 1
3287387 1
3288276 1
3289605 1
3299617 1
3306421 1
3306445 1
3319109 1
3321452 1
3323216 1
3328904 1
3331897 1
3338451 1
3341020 1
3343115 1
3344865 1
3350961 1
3352756 1
3354057 1
3354512 1
3364040 1
3371755 1
3377900 1
3384321 1
3389383 1
3392493 1
3392493 1
3393389 1
3393389 1
3396724 1
3397364 1
3402568 1
3405830 1
3406218 1
3410124 1
3410196 1
3414088 1
3416085 1
3417148 1
3430919 1
3436419 1
3441657 1
3447238 1
3453306 1
3457747 1
3458857 1
3459358 1
3460874 1
3465866 1
3468686 1
3473503 1
3481013 1
3483280 1
3495721 1
3495730 1
3498487 1
3500755 1
3502993 1
3505131 1
3506545 1
3511675 1
3513143 1
3513143 1
3513747 1
3516487 1
3518938 1
3522590 1
3523019 1
3527631 1
3533739 1
3534139 1
3542202 1
3544767 1
3545117 1
3554073 1
3555890 1
3557235 1
3559978 1
3569402 1
3569718 1
3578722 1
3582594 1
3583722 1
3583733 1
3594308 1
3597227 1
3599880 1
3600448 1
3604567 1
3605686 1
3617069 1
3617941 1
3620057 1
3633231 1
3634344 1
3635971 1
3637624 1
3640494 1
3644235 1
3645209 1
3648647 1
3653292 1
3657528 1
3658363 1
3659214 1
3660262 1
3661340 1
3661346 1
3662475 1
3663071 1
3664179 1
3671318 1
3673679 1
3676953 1
3677102 1
3686465 1
3687695 1
3690480 1
3692189 1
3695648 1
3698580 1
3700647 1
3701755 1
3703285 1
3707323 1
3709796 1
3713770 1
3716630 1
3717264 1
3721734 1
3731108 1
3731292 1
3732268 1
3733232 1
3741761 1
3743668 1
3744220 1
3744220 1
3746679 1
3747806 1
3748460 1
3751066 1
3761477 1
3764266 1
3766364 1
3774830 1
3777455 1
3782904 1
3789875 1
3797572 1
3799070 1
3799668 1
3799668 1
3801095 1
3802588 1
3803848 1
3804919 1
3805269 1
3805447 1
3818093 1
3824661 1
3828581 1
3836232 1
3837463 1
3838261 1
3847694 1
3860280 1
3863639 1
3867060 1
3868208 1
3869758 1
3870322 1
3873651 1
3874969 1
3882335 1
3885059 1
3893503 1
3897590 1
3901726 1
3905703 1
3910802 1
3912084 1
3915007 1
3915007 1
3918701 1
3931445 1
3931815 1
3935561 1
3938803 1
3939239 1
3942537 1
3942537 1
3945467 1
3952297 1
3954370 1
3954462 1
3959830 1
3969007 1
3969988 1
3972280 1
3974123 1
3982634 1
3983291 1
3984965 1
3989863 1
3990923 1
3994336 1
3995377 1
4004713 1
4011588 1
4012630 1
4012959 1
4015342 1
4016607 1
4018901 1
4020208 1
4021163 1
4023923 1
4023923 1
4024524 1
4025104 1
4026744 1
4027130 1
4033161 1
4039535 1
4040294 1
4045561 1
4056612 1
4059705 1
4059705 1
4064720 1
4064720 1
4065256 1
4065795 1
4070203 1
4073225 1
4077662 1
4102039 1
4103453 1
4103550 1
4110423 1
4111694 1
4111875 1
4115036 1
4123606 1
4125922 1
4141694 1
4145521 1
4155210 1
4155210 1
4165857 1
4170496 1
4173469 1
4173469 1
4173469 1
4173469 1
4174534 1
4175019 1
4175577 1
4178467 1
4181647 1
4189349 1
4189616 1
4195803 1
4196722 1
4199352 1
4200171 1
4202104 1
4202890 1
4203058 1
4207310 1
4211933 1
4212228 1
4212945 1
4214150 1
4217858 1
4220144 1
4225264 1
4225264 1
4229936 1
4233503 1
4233901 1
4235016 1
4237592 1
4246144 1
4248334 1
4254659 1
4257386 1
4265009 1
4266760 1
4270386 1
4270429 1
4273220 1
4273477 1
4278548 1
4281223 1
4283851 1
4287027 1
4288762 1
4289993 1
4302848 1
4319363 1
4325056 1
4325462 1
4329658 1
4330808 1
4332026 1
4341575 1
4344773 1
4346612 1
4348148 1
4349895 1
4351107 1
4356774 1
4359023 1
4360908 1
4368624 1
4373679 1
4374119 1
4379929 1
4382279 1
4382459 1
4383305 1
4391050 1
4395925 1
4397964 1
4398593 1
4400062 1
4400220 1
4403646 1
4418388 1
4427094 1
4429502 1
4431904 1
4458537 1
4464003 1
4466834 1
4486598 1
4489090 1
4496943 1
4504817 1
4507513 1
4517644 1
4524663 1
4526753 1
4531736 1
4532877 1
4534061 1
4534301 1
4551341 1
4551341 1
4552181 1
4553491 1
4558742 1
4568679 1
4570004 1
4572880 1
4579218 1
4580832 1
4590292 1
4592161 1
4608796 1
4620461 1
4622071 1
4626559 1
4634662 1
4635578 1
4638246 1
4641775 1
4643538 1
4648983 1
4662241 1
4667307 1
4667766 1
4669180 1
4669880 1
4673346 1
4673627 1
4678357 1
4679187 1
4680569 1
4685763 1
4687005 1
4687589 1
4697621 1
4702404 1
4702439 1
4702527 1
4706866 1
4714464 1
4717841 1
4721289 1
4738524 1
4748124 1
4748157 1
4760805 1
4760805 1
4762118 1
4764405 1
4779616 1
4779815 1
4781732 1
4783992 1
4786589 1
4791342 1
4800706 1
4801680 1
4803923 1
4804543 1
4806903 1
4809329 1
4811126 1
4812406 1
4817369 1
4818773 1
4824778 1
4824778 1
4827275 1
4829151 1
4839585 1
4842104 1
4842454 1
4849934 1
4857890 1
4863475 1
4869344 1
4871569 1
4874294 1
4874826 1
4881692 1
4885563 1
4888641 1
4893373 1
4896369 1
4896427 1
4897850 1
4898341 1
4899633 1
4901288 1
4901288 1
4902278 1
4905897 1
4917315 1
4917403 1
4924884 1
4930706 1
4931949 1
4936161 1
4936997 1
4943181 1
4953254 1
4955372 1
4959215 1
4969326 1
4980589 1
4981525 1
4982640 1
4988923 1
4992743 1
4994211 1
4996833 1
4998123 1
4999599 1
5000126 1
5009806 1
5009935 1
5009959 1
5015338 1
5016069 1
5017938 1
5021569 1
5025924 1
5030828 1
5035243 1
5038835 1
5044334 1
5047134 1
5048790 1
5053923 1
5056980 1
5059767 1
5065547 1
5066186 1
5079767 1
5087219 1
5099167 1
5103968 1
5109163 1
5111323 1
5111577 1
5118434 1
5118434 1
5123695 1
5125405 1
5133703 1
5136709 1
5136878 1
5147169 1
5159470 1
5159848 1
5169970 1
5170068 1
5172802 1
5172937 1
5174086 1
5190175 1
5198682 1
5199474 1
5204937 1
5208335 1
5210192 1
5210848 1
5258395 1
5265903 1
5267245 1
5277434 1
5277488 1
5278437 1
5281814 1
5283437 1
5286400 1
5291470 1
5294272 1
5297317 1
5314310 1
5325303 1
5337484 1
5343170 1
5349249 1
5349288 1
5351493 1
5354831 1
5362351 1
5381069 1
5389833 1
5400787 1
5416884 1
5427932 1
5436018 1
5440821 1
5441391 1
5442886 1
5442929 1
5456622 1
5462701 1
5464345 1
5473422 1
5474148 1
5477607 1
5477888 1
5485116 1
5487890 1
5494862 1
5496506 1
5498425 1
5500700 1
5508607 1
5509136 1
5512782 1
5518649 1
5523080 1
5528031 1
5530994 1
5533477 1
5534809 1
5536607 1
5537029 1
5543280 1
5548811 1
5549554 1
5553603 1
5558909 1
5560377 1
5562399 1
5570942 1
5583518 1
5584206 1
5589792 1
5591383 1
5593528 1
5597400 1
5599648 1
5607487 1
5608512 1
5609168 1
5611540 1
5620890 1
5620947 1
5624281 1
5633482 1
5641991 1
5642214 1
5653520 1
5653582 1
5654337 1
5654473 1
5655427 1
5655490 1
5660501 1
5662048 1
5662092 1
5664438 1
5671908 1
5671908 1
5674560 1
5675983 1
5676618 1
5676758 1
5681798 1
5684244 1
5687379 1
5687379 1
5688218 1
5693154 1
5700249 1
5705327 1
5707132 1
5707912 1
5710053 1
5715307 1
5719441 1
5723150 1
5746918 1
5749295 1
5755342 1
5757077 1
5772160 1
5775514 1
5782172 1
5785096 1
5792885 1
5805798 1
5811580 1
5815621 1
5825911 1
5832488 1
5842471 1
5851092 1
5854610 1
5856575 1
5856800 1
5874629 1
5875036 1
5876843 1
5878929 1
5879075 1
5885005 1
5889846 1
5902675 1
5913242 1
5918349 1
5921803 1
5922269 1
5922518 1
5922518 1
5922835 1
5928815 1
5932853 1
5932853 1
5933233 1
5933642 1
5941583 1
5944906 1
5947766 1
5951157 1
5954059 1
5959203 1
5965530 1
5969357 1
5970097 1
5980059 1
5983578 1
5987430 1
5989520 1
5989647 1
5998476 1
6000194 1
6000285 1
6000416 1
6005539 1
6009306 1
6013875 1
6025464 1
6027963 1
6029382 1
6031891 1
6040452 1
6042951 1
6045044 1
6048060 1
6048096 1
6050271 1
6058889 1
6068468 1
6070693 1
6072206 1
6079382 1
6081207 1
6082020 1
6085518 1
6085518 1
6089499 1
6092187 1
6095832 1
6096493 1
6100051 1
6100989 1
6109941 1
6118725 1
6120364 1
6121854 1
6135426 1
6135426 1
6137021 1
6137943 1
6150055 1
6153996 1
6159087 1
6164018 1
6186666 1
6192709 1
6195500 1
6195607 1
6196524 1
6197523 1
6199158 1
6207004 1
6228725 1
6233059 1
6233073 1
6233282 1
6238992 1
6251532 1
6256700 1
6257758 1
6261287 1
6262043 1
6268676 1
6280814 1
6282714 1
6282724 1
6287177 1
6291888 1
6292529 1
6293543 1
6293783 1
6295903 1
6300423 1
6302157 1
6313029 1
6315356 1
6326828 1
6327508 1
6338286 1
6343227 1
6346480 1
6348671 1
6353126 1
6353705 1
6354552 1
6358501 1
6358926 1
6361076 1
6364860 1
6366099 1
6366394 1
6368804 1
6369169 1
6370725 1
6378054 1
6379184 1
6380370 1
6397986 1
6398003 1
6400078 1
6407798 1
6408216 1
6410145 1
6419193 1
6419661 1
6420953 1
6424293 1
6428667 1
6430569 1
6433608 1
6449318 1
6452829 1
6456210 1
6459273 1
6465333 1
6474434 1
6477014 1
6482488 1
6483955 1
6483955 1
6487698 1
6499395 1
6499395 1
6501331 1
6501348 1
6502407 1
6503021 1
6504040 1
6506154 1
6509165 1
6532635 1
6534871 1
6534871 1
6536708 1
6542557 1
6543614 1
6545983 1
6548516 1
6550707 1
6557553 1
6563084 1
6566226 1
6567548 1
6582441 1
6585355 1
6591434 1
6603304 1
6606063 1
6615526 1
6626181 1
6630557 1
6633182 1
6633705 1
6645945 1
6648210 1
6653190 1
6662916 1
6663694 1
6665038 1
6667800 1
6669645 1
6671645 1
6679307 1
6689561 1
6690593 1
6692501 1
6695663 1
6696976 1
6702717 1
6703353 1
6706420 1
6729084 1
6730743 1
6737920 1
6741133 1
6741477 1
6749978 1
6756013 1
6756013 1
6757561 1
6760340 1
6765880 1
6772748 1
6774082 1
6774995 1
6776173 1
6781150 1
6781673 1
6792842 1
6800954 1
6802711 1
6808123 1
6808786 1
6814080 1
6816883 1
6818324 1
6821121 1
6823320 1
6824824 1
6834563 1
6836325 1
6839733 1
6845398 1
6859405 1
6860641 1
6865003 1
6868543 1
6869434 1
6869766 1
6870736 1
6873566 1
6877502 1
6882303 1
6883821 1
6886817 1
6894628 1
6897391 1
6898941 1
6904936 1
6912103 1
6920941 1
6921619 1
6922440 1
6929662 1
6930182 1
6930203 1
6930367 1
6935127 1
6935127 1
6935353 1
6941197 1
6944160 1
6947213 1
6954127 1
6955305 1
6958870 1
6963291 1
6973130 1
6977377 1
6984004 1
6986616 1
6986879 1
6986913 1
6990473 1
6993251 1
6993828 1
7008538 1
7027737 1
7028195 1
7028927 1
7029217 1
7030255 1
7033383 1
7049030 1
7050932 1
7050932 1
7057149 1
7058385 1
7069391 1
7071788 1
7075741 1
7081367 1
7087663 1
7097836 1
7100671 1
7101897 1
7105805 1
7109089 1
7110571 1
7113584 1
7113584 1
7115964 1
7116025 1
7116751 1
7118419 1
7119983 1
7121116 1
7129302 1
7129796 1
7132825 1
7135528 1
7138716 1
7141514 1
7141514 1
7143164 1
7150926 1
7153262 1
7154774 1
7157568 1
7164143 1
7166595 1
7167215 1
7173938 1
7174832 1
7175486 1
7176789 1
7182329 1
7186084 1
7193139 1
7193494 1
7210930 1
7211098 1
7211486 1
7214607 1
7219494 1
7220577 1
7220687 1
7230787 1
7232705 1
7235281 1
7249591 1
7250770 1
7250871 1
7252346 1
7256872 1
7266879 1
7266911 1
7266957 1
7267488 1
7271304 1
7277119 1
7281260 1
7281865 1
7290058 1
7294652 1
7297196 1
7301091 1
7305781 1
7307076 1
7310994 1
7313942 1
7314640 1
7322342 1
7324729 1
7332031 1
7337932 1
7342808 1
7344671 1
7347121 1
7350995 1
7351935 1
7356284 1
7356911 1
7357442 1
7360737 1
7366180 1
7370379 1
7372573 1
7375916 1
7376906 1
7378183 1
7395213 1
7395527 1
7401970 1
7405004 1
7406414 1
7412110 1
7414031 1
7431231 1
7434243 1
7436324 1
7439295 1
7445527 1
7455330 1
7459183 1
7466268 1
7469751 1
7470794 1
7479770 1
7479770 1
7485632 1
7486954 1
7492123 1
7494673 1
7503879 1
7503981 1
7504848 1
7517037 1
7525505 1
7525987 1
7526738 1
7527453 1
7533411 1
7535406 1
7542680 1
7546704 1
7551430 1
7553464 1
7556804 1
7558077 1
7563116 1
7563118 1
7566843 1
7579078 1
7582209 1
7582304 1
7588405 1
7588727 1
7594231 1
7596440 1
7603537 1
7604796 1
7628180 1
7632155 1
7641073 1
7641517 1
7641709 1
7648402 1
7650998 1
7651518 1
7655343 1
7662881 1
7672945 1
7680050 1
7681875 1
7683020 1
7687689 1
7694128 1
7694836 1
7701252 1
7703174 1
7704462 1
7704877 1
7706894 1
7722382 1
7723489 1
7731747 1
7733623 1
7734337 1
7736694 1
7747212 1
7755652 1
7758569 1
7759906 1
7776825 1
7778015 1
7792218 1
7796324 1
7801368 1
7812841 1
7828926 1
7834922 1
7840222 1
7852113 1
7855278 1
7855969 1
7856805 1
7857181 1
7861055 1
7861503 1
7864185 1
7867112 1
7871184 1
7874818 1
7875605 1
7876511 1
7881788 1
7887539 1
7891248 1
7892129 1
7894907 1
7899031 1
7899802 1
7902972 1
7907669 1
7911969 1
7917446 1
7922643 1
7923766 1
7925502 1
7925692 1
7925744 1
7926279 1
7926279 1
7932651 1
7937765 1
7938690 1
7938929 1
7943453 1
7943995 1
7950249 1
7957212 1
7962494 1
7965738 1
7965986 1
7968472 1
7969092 1
7984254 1
7988796 1
7998835 1
8001182 1
8005083 1
8006678 1
8010094 1
8010765 1
8014965 1
8015813 1
8018069 1
8023032 1
8031729 1
8032030 1
8034210 1
8035190 1
8038195 1
8041307 1
8041894 1
8044326 1
8054685 1
8054726 1
8055518 1
8059699 1
8060419 1
8067759 1
8071152 1
8071723 1
8078518 1
8079672 1
8080906 1
8082603 1
8083743 1
8091863 1
8096154 1
8097465 1
8106134 1
8111657 1
8112128 1
8114416 1
8122931 1
8123012 1
8123012 1
8130438 1
8131685 1
8135245 1
8138554 1
8140363 1
8140872 1
8144346 1
8144783 1
8158392 1
8167129 1
8171206 1
8172205 1
8172804 1
8173567 1
8186075 1
8188424 1
8191249 1
8192325 1
8194808 1
8199817 1
8208520 1
8216617 1
8232271 1
8235719 1
8241714 1
8245709 1
8251015 1
8262512 1
8265266 1
8271733 1
8275471 1
8277702 1
8283528 1
8289077 1
8292296 1
8293552 1
8298757 1
8306478 1
8308031 1
8310545 1
8311963 1
1397 1
2698 1
4117 1
6379 1
11761 1
26778 1
26853 1
27216 1
30269 1
36660 1
44610 1
45320 1
46441 1
49371 1
52367 1
81871 1
83204 1
84054 1
97022 1
97977 1
100198 1
113321 1
115735 1
117747 1
118727 1
120770 1
126163 1
132420 1
134155 1
134387 1
146642 1
149100 1
150655 1
154723 1
159285 1
160088 1
167086 1
171903 1
173606 1
175171 1
177888 1
178104 1
179662 1
179719 1
180378 1
180386 1
181378 1
182360 1
185290 1
187856 1
188421 1
190112 1
193233 1
198496 1
207094 1
208870 1
212170 1
216759 1
217738 1
222672 1
223640 1
224801 1
227780 1
229453 1
236821 1
236826 1
240341 1
257151 1
262581 1
268698 1
269197 1
274603 1
288411 1
289800 1
297265 1
304486 1
306581 1
308532 1
315759 1
317214 1
318837 1
322859 1
327302 1
329882 1
339908 1
352130 1
352130 1
363420 1
372665 1
373188 1
376891 1
378797 1
384470 1
416580 1
425298 1
425634 1
428039 1
436784 1
437727 1
448216 1
449488 1
451103 1
454253 1
458744 1
459450 1
461512 1
468380 1
489781 1
490973 1
491157 1
494208 1
494234 1
495176 1
498248 1
498275 1
499005 1
499611 1
501799 1
507182 1
507182 1
507239 1
507776 1
509081 1
509796 1
509804 1
512501 1
516515 1
520562 1
524346 1
525774 1
537740 1
537803 1
556148 1
565943 1
571793 1
577341 1
584180 1
594947 1
601254 1
605285 1
610143 1
610403 1
617414 1
624945 1
624945 1
626367 1
633837 1
646285 1
650794 1
655418 1
656185 1
663452 1
666147 1
666554 1
670078 1
677613 1
681928 1
683984 1
689725 1
693981 1
701462 1
705289 1
709337 1
712334 1
720824 1
720824 1
725964 1
727326 1
728960 1
734121 1
734309 1
739538 1
743502 1
746361 1
753602 1
754919 1
757609 1
759389 1
765035 1
773228 1
779110 1
779659 1
781083 1
781756 1
784981 1
788955 1
797142 1
801282 1
803426 1
808614 1
811380 1
834255 1
839315 1
842980 1
847185 1
847185 1
848228 1
867493 1
867914 1
880886 1
881040 1
882663 1
882663 1
887884 1
891316 1
892903 1
893581 1
893755 1
894129 1
894841 1
896410 1
897552 1
907629 1
912848 1
912911 1
913235 1
915664 1
919415 1
921072 1
925922 1
927717 1
928516 1
938819 1
940408 1
944472 1
947015 1
949535 1
951838 1
952570 1
953920 1
955083 1
963841 1
965643 1
974708 1
985404 1
985809 1
987437 1
993604 1
996711 1
1005680 1
1007916 1
1013125 1
1016220 1
1017317 1
1021449 1
1021449 1
1027687 1
1029452 1
1037336 1
1038569 1
1040846 1
1042216 1
1046802 1
1047052 1
1049214 1
1050348 1
1054059 1
1054511 1
1066781 1
1066788 1
1075753 1
1084690 1
1086404 1
1090822 1
1095111 1
1095726 1
1098685 1
1100200 1
1102721 1
1103088 1
1104360 1
1107412 1
1111932 1
1139201 1
1142077 1
1142780 1
1145939 1
1150563 1
1157600 1
1160560 1
1164051 1
1170511 1
1174127 1
1174417 1
1175057 1
1179830 1
1179909 1
1180981 1
1184553 1
1186197 1
1186732 1
1191700 1
1204564 1
1212381 1
1219184 1
1222149 1
1230551 1
1233894 1
1246523 1
1248122 1
1253471 1
1254434 1
1257639 1
1261756 1
1268208 1
1275449 1
1287914 1
1289689 1
1293022 1
1295840 1
1295840 1
1300124 1
1301370 1
1316794 1
1319586 1
1319586 1
1321762 1
1321878 1
1326066 1
1329797 1
1332536 1
1333144 1
1336339 1
1345446 1
1348616 1
1349079 1
1356474 1
1361947 1
1362488 1
1363336 1
1368152 1
1370141 1
1371984 1
1376750 1
1383224 1
1383224 1
1385324 1
1395203 1
1397273 1
1403408 1
1416480 1
1421486 1
1428143 1
1429998 1
1431323 1
1431826 1
1432703 1
1433390 1
1435861 1
1435861 1
1437122 1
1437230 1
1445581 1
1445916 1
1446109 1
1446753 1
1448134 1
1452314 1
1454253 1
1456151 1
1459284 1
1461836 1
1465721 1
1470922 1
1484911 1
1486674 1
1510095 1
1525850 1
1528439 1
1531823 1
1534638 1
1535796 1
1536162 1
1539975 1
1540518 1
1540518 1
1549111 1
1552364 1
1557303 1
1562482 1
1564548 1
1565915 1
1569071 1
1576589 1
1577292 1
1582242 1
1591244 1
1595759 1
1599607 1
1604138 1
1604732 1
1604875 1
1610472 1
1610625 1
1614279 1
1625754 1
1627346 1
1627542 1
1627542 1
1637046 1
1641489 1
1644066 1
1649000 1
1654941 1
1661139 1
1662605 1
1663397 1
1666603 1
1669502 1
1673650 1
1676082 1
1677684 1
1677893 1
1683442 1
1684061 1
1684469 1
1687290 1
1696634 1
1700951 1
1707180 1
1710128 1
1719448 1
1721480 1
1730155 1
1736073 1
1738130 1
1741315 1
1744487 1
1744705 1
1745911 1
1750364 1
1767063 1
1767998 1
1771686 1
1772370 1
1780408 1
1780739 1
1781100 1
1783619 1
1789222 1
1790832 1
1796859 1
1797543 1
1804639 1
1821658 1
1822395 1
1822750 1
1824527 1
1825509 1
1832218 1
1833703 1
1834601 1
1851863 1
1858119 1
1858230 1
1858264 1
1858264 1
1864647 1
1867801 1
1869264 1
1872532 1
1874485 1
1880383 1
1891629 1
1894404 1
1904267 1
1906142 1
1908327 1
1909538 1
1911931 1
1914425 1
1914508 1
1918150 1
1919493 1
1932921 1
1933430 1
1935759 1
1939984 1
1943008 1
1947038 1
1947173 1
1949936 1
1950468 1
1950504 1
1952100 1
1953690 1
1956724 1
1970749 1
1980405 1
1986098 1
1986217 1
1986657 1
1989506 1
1994015 1
1994873 1
1995004 1
1998842 1
2002449 1
2003145 1
2006488 1
2007324 1
2007324 1
2009955 1
2010571 1
2017041 1
2040475 1
2047353 1
2047432 1
2047947 1
2048129 1
2051349 1
2054056 1
2055296 1
2060256 1
2067091 1
2067091 1
2068657 1
2069263 1
2071004 1
2074773 1
2074773 1
2082053 1
2095283 1
2100148 1
2104170 1
2107754 1
2107754 1
2111161 1
2114322 1
2114746 1
2115401 1
2119203 1
2121425 1
2130342 1
2132043 1
2132694 1
2137801 1
2139471 1
2141731 1
2146229 1
2149843 1
2158471 1
2158912 1
2160176 1
2160644 1
2162910 1
2169889 1
2170937 1
2176052 1
2181735 1
2182247 1
2183687 1
2185642 1
2186053 1
2187246 1
2187279 1
2192302 1
2194287 1
2202996 1
2205134 1
2205321 1
2205971 1
2211165 1
2216125 1
2230170 1
2233929 1
2235905 1
2236077 1
2251240 1
2255399 1
2259290 1
2266618 1
2268368 1
2270502 1
2270969 1
2279878 1
2282667 1
2287372 1
2290775 1
2291395 1
2297209 1
2298503 1
2301445 1
2302532 1
2304720 1
2311937 1
2313038 1
2313102 1
2317806 1
2319084 1
2319624 1
2329051 1
2333532 1
2334579 1
2336713 1
2339769 1
2341813 1
2351297 1
2351869 1
2354587 1
2356498 1
2360641 1
2364759 1
2364900 1
2366143 1
2368315 1
2373191 1
2374420 1
2375500 1
2377325 1
2382648 1
2389147 1
2393501 1
2396321 1
2399854 1
2403886 1
2409825 1
2410079 1
2411690 1
2415406 1
2415406 1
2422606 1
2430583 1
2430741 1
2430741 1
2439701 1
2448904 1
2449060 1
2456566 1
2461822 1
2462918 1
2468211 1
2475949 1
2476097 1
2478937 1
2486791 1
2487047 1
2490919 1
2490919 1
2493850 1
2496743 1
2497705 1
2506648 1
2507706 1
2509327 1
2510402 1
2512262 1
2518063 1
2518674 1
2524597 1
2524823 1
2526723 1
2542624 1
2543248 1
2551060 1
2552680 1
2554046 1
2554773 1
2555037 1
2556464 1
2559864 1
2564066 1
2567462 1
2568008 1
2569728 1
2569910 1
2577269 1
2584792 1
2589721 1
2604464 1
2607715 1
2611186 1
2619984 1
2623738 1
2631242 1
2633683 1
2634584 1
2638869 1
2644498 1
2647105 1
2651071 1
2654252 1
2656041 1
2657673 1
2660676 1
2663415 1
2665074 1
2665965 1
2666049 1
2677821 1
2677821 1
2678842 1
2680175 1
2680188 1
2687652 1
2692510 1
2702022 1
2708717 1
2717539 1
2721603 1
2730000 1
2731221 1
2749518 1
2751689 1
2754562 1
2755829 1
2757557 1
2762439 1
2765100 1
2767616 1
2773559 1
2781069 1
2781069 1
2789762 1
2795773 1
2801157 1
2807560 1
2810610 1
2815053 1
2817254 1
2820055 1
2828662 1
2834696 1
2840814 1
2850014 1
2851136 1
2851829 1
2859332 1
2868697 1
2868697 1
2873923 1
2878958 1
2879029 1
2880775 1
2885721 1
2893051 1
2899050 1
2899050 1
2900325 1
2903448 1
2911877 1
2912205 1
2915476 1
2916010 1
2918705 1
2921642 1
2923002 1
2924607 1
2927614 1
2929047 1
2929326 1
2929470 1
2930172 1
2931771 1
2935828 1
2945616 1
2946036 1
2950575 1
2950731 1
2951533 1
2953020 1
2957960 1
2960497 1
2962934 1
2964383 1
2965362 1
2965362 1
2965389 1
2971585 1
2977567 1
2986478 1
2995173 1
3006114 1
3011445 1
3012435 1
3013923 1
3015957 1
3018190 1
3019187 1
3021178 1
3023635 1
3025983 1
3028718 1
3032612 1
3038917 1
3039608 1
3042094 1
3048063 1
3050775 1
3052240 1
3056256 1
3058631 1
3060074 1
3061040 1
3070442 1
3075772 1
3076297 1
3080964 1
3080964 1
3080973 1
3094564 1
3096748 1
3104363 1
3108711 1
3112061 1
3118179 1
3120723 1
3123836 1
3124313 1
3128913 1
3130992 1
3133767 1
3136356 1
3144785 1
3145220 1
3147457 1
3147656 1
3152580 1
3166259 1
3174592 1
3175555 1
3190894 1
3193977 1
3194236 1
3204114 1
3204422 1
3207893 1
3219995 1
3225028 1
3227008 1
3231602 1
3231641 1
3256157 1
3262029 1
3270788 1
3272113 1
3280803 1
3286722 1
3293185 1
3295645 1
3298105 1
3300185 1
3301780 1
3303148 1
3303740 1
3305686 1
3305827 1
3310849 1
3311501 1
3311792 1
3316895 1
3329667 1
3334939 1
3334939 1
3339251 1
3342414 1
3342456 1
3361514 1
3365239 1
3368339 1
3382393 1
3406123 1
3424811 1
3426461 1
3427250 1
3428691 1
3434839 1
3442079 1
3442826 1
3444273 1
3447479 1
3448784 1
3448928 1
3449189 1
3450577 1
3474871 1
3475073 1
3476197 1
3478730 1
3480141 1
3488913 1
3491491 1
3491491 1
3496543 1
3501253 1
3502517 1
3504304 1
3505697 1
3507605 1
3511905 1
3512859 1
3512950 1
3513189 1
3517384 1
3517924 1
3519531 1
3521496 1
3525546 1
3528040 1
3528040 1
3532448 1
3533194 1
3534281 1
3538836 1
3542320 1
3543415 1
3548128 1
3554238 1
3559362 1
3559450 1
3565519 1
3576266 1
3580513 1
3583463 1
3583936 1
3597521 1
3597784 1
3600719 1
3600993 1
3601942 1
3613949 1
3620682 1
3622256 1
3646134 1
3646776 1
3654159 1
3657511 1
3659773 1
3665162 1
3666592 1
3675932 1
3675945 1
3683766 1
3690813 1
3699274 1
3703965 1
3708031 1
3709389 1
3710334 1
3717477 1
3719575 1
3721274 1
3731250 1
3736605 1
3737293 1
3738669 1
3743363 1
3748597 1
3759836 1
3761512 1
3764243 1
3768035 1
3771713 1
3774306 1
3776335 1
3776628 1
3777907 1
3785586 1
3789798 1
3790355 1
3792106 1
3792106 1
3799839 1
3800718 1
3812625 1
3813401 1
3818116 1
3822761 1
3823104 1
3823814 1
3832381 1
3832406 1
3834543 1
3834822 1
3836496 1
3838647 1
3842750 1
3852232 1
3866268 1
3869416 1
3870345 1
3873901 1
3875704 1
3882825 1
3884547 1
3885416 1
3887179 1
3887179 1
3894494 1
3899710 1
3902833 1
3902931 1
3908867 1
3912990 1
3913777 1
3919349 1
3926939 1
3935549 1
3935549 1
3944160 1
3955102 1
3956188 1
3976255 1
3979576 1
3987480 1
3988548 1
3993034 1
4002178 1
4004949 1
4007671 1
4014042 1
4015467 1
4016414 1
4025752 1
4026938 1
4027016 1
4029485 1
4029515 1
4030389 1
4043370 1
4043819 1
4045642 1
4048455 1
4049668 1
4057855 1
4061302 1
4066602 1
4068082 1
4070683 1
4073459 1
4073713 1
4075331 1
4093788 1
4095469 1
4101958 1
4104003 1
4138777 1
4139959 1
4140899 1
4154137 1
4155734 1
4156270 1
4157459 1
4163624 1
4172500 1
4172632 1
4172632 1
4177385 1
4187684 1
4189539 1
4193238 1
4194614 1
4195489 1
4196899 1
4197161 1
4197774 1
4201764 1
4202368 1
4202764 1
4207572 1
4213335 1
4218165 1
4218181 1
4218181 1
4218607 1
4223884 1
4226521 1
4228147 1
4228288 1
4234262 1
4234262 1
4239876 1
4242887 1
4250580 1
4255001 1
4257891 1
4259838 1
4275809 1
4286973 1
4293321 1
4298120 1
4300949 1
4303876 1
4304787 1
4305781 1
4308713 1
4311758 1
4313575 1
4314419 1
4326382 1
4326780 1
4331267 1
4334504 1
4335853 1
4337850 1
4338888 1
4342885 1
4353154 1
4355734 1
4355867 1
4357365 1
4362216 1
4362605 1
4369473 1
4377378 1
4379454 1
4382003 1
4385289 1
4394890 1
4401704 1
4402854 1
4405134 1
4409122 1
4414329 1
4415008 1
4415463 1
4426899 1
4426899 1
4444029 1
4447057 1
4447081 1
4453092 1
4464485 1
4466289 1
4472099 1
4484835 1
4484987 1
4488505 1
4488888 1
4492194 1
4495701 1
4501901 1
4509954 1
4513027 1
4518905 1
4520029 1
4526410 1
4528929 1
4528974 1
4532769 1
4539888 1
4541051 1
4550122 1
4551613 1
4579443 1
4593815 1
4611905 1
4622049 1
4633620 1
4641628 1
4642391 1
4642920 1
4644479 1
4648526 1
4654690 1
4655349 1
4665198 1
4666710 1
4669667 1
4675591 1
4676123 1
4677223 1
4677799 1
4679554 1
4680306 1
4681108 1
4681547 1
4683915 1
4694583 1
4698187 1
4702305 1
4703464 1
4703527 1
4706769 1
4707474 1
4710764 1
4720767 1
4725602 1
4733854 1
4734010 1
4734010 1
4738168 1
4740388 1
4763248 1
4785091 1
4795917 1
4801384 1
4802212 1
4802530 1
4804932 1
4813330 1
4813395 1
4814043 1
4816124 1
4820219 1
4821097 1
4823940 1
4825514 1
4826808 1
4828141 1
4830764 1
4832072 1
4835243 1
4836989 1
4841019 1
4842562 1
4851383 1
4853452 1
4857316 1
4858083 1
4859856 1
4865246 1
4869451 1
4871938 1
4872066 1
4878368 1
4878856 1
4879058 1
4879755 1
4880713 1
4885698 1
4899808 1
4909066 1
4911600 1
4911622 1
4913507 1
4917849 1
4920478 1
4925914 1
4928626 1
4930633 1
4937252 1
4953140 1
4955837 1
4959336 1
4961472 1
4963935 1
4964531 1
4965581 1
4969751 1
4969751 1
4977971 1
4979716 1
4980256 1
4998338 1
4998765 1
5000303 1
5016420 1
5018011 1
5018991 1
5024356 1
5030044 1
5030531 1
5030721 1
5036693 1
5051951 1
5052017 1
5069258 1
5069900 1
5070362 1
5075927 1
5078703 1
5079060 1
5080149 1
5090258 1
5101790 1
5109282 1
5109282 1
5112603 1
5116181 1
5121503 1
5125359 1
5125544 1
5139198 1
5153962 1
5160498 1
5160660 1
5163978 1
5169014 1
5172780 1
5180783 1
5181261 1
5194536 1
5201463 1
5203689 1
5204181 1
5206678 1
5217453 1
5219875 1
5220155 1
5220879 1
5226443 1
5228498 1
5230838 1
5230954 1
5248784 1
5257944 1
5262183 1
5263781 1
5273144 1
5277899 1
5286180 1
5301398 1
5325627 1
5329390 1
5330071 1
5344573 1
5350638 1
5350644 1
5350817 1
5350886 1
5353816 1
5357574 1
5363774 1
5366738 1
5375317 1
5376329 1
5377019 1
5378664 1
5379822 1
5393328 1
5398817 1
5398817 1
5407312 1
5408653 1
5413589 1
5414930 1
5416754 1
5417872 1
5429502 1
5431415 1
5432889 1
5451016 1
5452918 1
5458194 1
5479520 1
5484936 1
5494931 1
5495975 1
5505779 1
5510932 1
5520682 1
5526489 1
5529385 1
5536071 1
5536460 1
5539204 1
5539226 1
5541246 1
5558214 1
5558710 1
5563149 1
5568890 1
5570602 1
5571451 1
5576441 1
5584195 1
5589050 1
5590639 1
5592093 1
5592405 1
5595751 1
5596452 1
5604968 1
5608262 1
5613975 1
5621794 1
5626134 1
5626219 1
5633919 1
5636164 1
5636697 1
5638922 1
5638922 1
5648637 1
5654325 1
5654811 1
5657001 1
5659840 1
5664203 1
5666347 1
5667989 1
5669258 1
5670366 1
5671166 1
5678016 1
5684112 1
5685049 1
5686783 1
5690263 1
5698597 1
5708790 1
5715959 1
5716293 1
5716568 1
5718365 1
5720131 1
5722364 1
5724254 1
5730732 1
5732754 1
5733262 1
5733379 1
5734415 1
5735997 1
5745912 1
5746281 1
5761065 1
5775983 1
5782777 1
5798940 1
5800318 1
5801906 1
5809585 1
5811881 1
5813875 1
5814962 1
5820188 1
5820918 1
5821393 1
5824396 1
5824396 1
5829541 1
5847892 1
5847945 1
5856440 1
5858541 1
5859303 1
5861614 1
5863176 1
5866873 1
5870017 1
5870785 1
5873213 1
5878125 1
5880045 1
5880466 1
5880908 1
5880908 1
5881962 1
5882911 1
5884645 1
5885920 1
5886014 1
5888513 1
5890073 1
5890832 1
5894349 1
5894870 1
5903950 1
5915945 1
5917425 1
5920754 1
5922344 1
5924055 1
5930608 1
5931113 1
5935019 1
5943388 1
5945867 1
5948844 1
5962199 1
5964000 1
5968224 1
5970469 1
5974711 1
5974857 1
5976067 1
5976357 1
5978125 1
5985698 1
5990010 1
5991914 1
5999030 1
5999486 1
6001113 1
6001657 1
6004712 1
6006784 1
6007196 1
6015869 1
6019272 1
6030153 1
6031197 1
6031851 1
6039775 1
6040275 1
6053749 1
6060374 1
6062503 1
6072350 1
6086402 1
6087508 1
6088550 1
6092508 1
6106132 1
6110174 1
6112701 1
6114809 1
6115270 1
6115725 1
6119507 1
6122877 1
6126025 1
6129508 1
6130120 1
6138278 1
6154461 1
6156301 1
6163653 1
6163939 1
6180756 1
6185498 1
6200114 1
6227271 1
6228267 1
6237434 1
6238664 1
6245765 1
6247559 1
6260368 1
6260559 1
6264605 1
6264993 1
6267249 1
6277954 1
6281879 1
6287455 1
6295718 1
6305529 1
6308219 1
6316525 1
6321415 1
6331770 1
6331808 1
6337923 1
6344431 1
6348556 1
6359095 1
6361381 1
6361381 1
6362985 1
6371148 1
6380159 1
6385469 1
6395757 1
6399362 1
6400682 1
6405721 1
6407699 1
6408139 1
6425830 1
6439627 1
6444864 1
6450291 1
6450984 1
6453969 1
6457779 1
6466326 1
6471148 1
6478923 1
6479819 1
6480055 1
6480864 1
6485426 1
6489260 1
6499647 1
6500598 1
6505640 1
6507077 1
6508726 1
6511354 1
6512315 1
6516477 1
6520045 1
6530591 1
6532510 1
6532875 1
6535580 1
6544087 1
6551754 1
6557522 1
6557663 1
6566270 1
6566548 1
6570977 1
6577510 1
6580990 1
6581420 1
6581420 1
6591852 1
6594317 1
6598257 1
6600256 1
6600629 1
6600629 1
6600914 1
6601121 1
6607037 1
6607415 1
6615295 1
6615295 1
6617831 1
6617963 1
6624324 1
6624877 1
6625232 1
6626813 1
6633100 1
6644200 1
6644956 1
6647342 1
6652322 1
6652322 1
6654210 1
6683262 1
6685611 1
6696774 1
6697854 1
6702610 1
6705969 1
6706967 1
6707290 1
6711482 1
6712096 1
6714448 1
6723596 1
6738984 1
6741808 1
6747299 1
6752219 1
6755263 1
6756421 1
6757839 1
6760468 1
6762476 1
6768788 1
6770471 1
6774785 1
6778252 1
6781846 1
6782480 1
6782480 1
6782525 1
6782553 1
6788615 1
6795965 1
6804850 1
6806681 1
6819534 1
6821067 1
6822295 1
6825563 1
6825563 1
6833501 1
6833569 1
6837961 1
6842846 1
6845435 1
6852768 1
6861738 1
6863248 1
6866575 1
6870276 1
6871251 1
6874122 1
6874569 1
6874612 1
6875574 1
6875673 1
6875795 1
6882075 1
6882402 1
6886294 1
6896415 1
6897670 1
6898423 1
6900197 1
6905713 1
6906713 1
6906917 1
6907963 1
6908413 1
6911122 1
6918427 1
6921554 1
6922481 1
6922712 1
6922777 1
6924205 1
6924530 1
6924925 1
6930728 1
6930982 1
6932522 1
6933793 1
6934992 1
6935540 1
6935677 1
6937034 1
6937195 1
6937975 1
6944225 1
6944237 1
6946138 1
6949302 1
6949855 1
6952129 1
6960614 1
6961069 1
6964177 1
6967058 1
6967074 1
6974806 1
6976192 1
6982221 1
6982226 1
6987154 1
6988347 1
6999769 1
7003562 1
7005257 1
7005276 1
7007561 1
7013590 1
7021612 1
7025241 1
7037397 1
7043142 1
7047095 1
7047265 1
7047533 1
7049747 1
7052485 1
7053724 1
7054401 1
7057310 1
7057644 1
7059356 1
7059799 1
7065965 1
7066634 1
7071262 1
7076841 1
7098331 1
7099536 1
7099536 1
7099536 1
7099536 1
7102428 1
7106248 1
7106388 1
7106849 1
7108473 1
7108492 1
7108492 1
7111514 1
7113248 1
7115808 1
7115857 1
7117636 1
7117807 1
7117919 1
7117919 1
7137663 1
7140083 1
7140132 1
7140223 1
7152659 1
7153788 1
7154722 1
7155178 1
7156296 1
7157659 1
7158683 1
7162165 1
7162589 1
7169589 1
7172607 1
7174479 1
7175635 1
7175730 1
7180350 1
7185605 1
7191026 1
7191157 1
7199406 1
7199706 1
7206005 1
7211614 1
7214060 1
7219239 1
7221882 1
7222886 1
7223654 1
7229960 1
7233528 1
7235880 1
7237424 1
7239681 1
7241250 1
7241710 1
7247101 1
7250741 1
7253539 1
7254659 1
7257811 1
7259761 1
7260216 1
7261537 1
7276415 1
7283901 1
7290667 1
7291415 1
7294824 1
7297627 1
7303471 1
7307372 1
7311623 1
7314020 1
7319988 1
7321816 1
7327415 1
7328268 1
7329233 1
7329371 1
7329371 1
7329425 1
7341831 1
7347741 1
7347995 1
7352690 1
7353419 1
7357550 1
7362748 1
7369068 1
7369068 1
7372568 1
7377473 1
7377473 1
7380157 1
7381583 1
7387228 1
7396574 1
7396756 1
7403020 1
7404614 1
7405297 1
7408861 1
7415492 1
7415836 1
7419323 1
7419457 1
7419920 1
7420055 1
7423034 1
7433018 1
7434061 1
7435865 1
7438280 1
7440996 1
7441081 1
7442282 1
7444763 1
7446451 1
7466313 1
7471614 1
7471614 1
7471614 1
7471614 1
7471614 1
7471614 1
7473661 1
7475846 1
7479597 1
7480481 1
7489823 1
7493503 1
7494444 1
7494652 1
7494958 1
7497314 1
7509230 1
7512030 1
7515321 1
7515321 1
7518975 1
7519210 1
7519445 1
7520285 1
7525449 1
7528395 1
7529747 1
7534828 1
7540702 1
7542170 1
7542363 1
7547545 1
7548258 1
7554110 1
7554122 1
7558575 1
7566659 1
7569186 1
7569705 1
7577367 1
7577772 1
7578556 1
7578684 1
7579281 1
7585321 1
7594447 1
7595314 1
7601077 1
7603483 1
7624484 1
7631385 1
7634867 1
7636283 1
7642863 1
7652419 1
7656422 1
7659978 1
7666278 1
7675289 1
7683138 1
7691337 1
7694559 1
7697788 1
7698335 1
7704622 1
7708013 1
7711466 1
7727225 1
7749465 1
7752990 1
7753109 1
7754773 1
7760867 1
7768789 1
7776579 1
7777498 1
7788551 1
7790465 1
7790953 1
7792500 1
7803019 1
7809002 1
7822767 1
7829896 1
7831843 1
7832417 1
7832664 1
7832688 1
7833125 1
7834336 1
7835816 1
7844751 1
7852852 1
7857419 1
7863125 1
7869590 1
7870405 1
7876374 1
7878816 1
7878978 1
7888563 1
7895208 1
7898093 1
7899045 1
7902283 1
7908628 1
7911474 1
7913363 1
7917748 1
7919270 1
7922508 1
7927121 1
7933174 1
7935283 1
7953211 1
7961940 1
7962491 1
7962781 1
7963718 1
7966349 1
7969505 1
7976833 1
7985547 1
7987153 1
7996718 1
7997996 1
7999884 1
8001059 1
8008665 1
8012411 1
8017637 1
8017637 1
8018714 1
8026942 1
8027997 1
8027997 1
8028806 1
8029891 1
8029891 1
8032811 1
8033330 1
8034651 1
8034913 1
8041559 1
8048944 1
8048944 1
8048944 1
8048944 1
8052298 1
8053279 1
8054634 1
8060759 1
8065736 1
8066103 1
8066108 1
8070284 1
8081303 1
8083686 1
8086586 1
8086586 1
8087104 1
8088415 1
8103345 1
8105625 1
8107415 1
8110061 1
8110907 1
8114064 1
8118914 1
8119308 1
8119615 1
8122990 1
8124745 1
8135420 1
8136053 1
8136167 1
8137600 1
8137979 1
8151296 1
8160027 1
8173391 1
8185437 1
8186854 1
8187161 1
8187357 1
8191226 1
8198238 1
8209817 1
8220112 1
8222102 1
8222287 1
8227659 1
8235824 1
8236386 1
8237158 1
8241573 1
8242927 1
8244878 1
8257706 1
8258906 1
8261220 1
8262578 1
8264056 1
8269941 1
8271698 1
8276670 1
8276919 1
8285640 1
8286726 1
8294662 1
8295985 1
8300808 1
8301130 1
8301920 1
8303629 1
1811 1
45523 1
50778 1
63052 1
105010 1
106639 1
148486 1
149512 1
149512 1
150336 1
155546 1
181750 1
188027 1
204209 1
212012 1
278274 1
318613 1
436449 1
459436 1
478582 1
485545 1
496191 1
557837 1
560555 1
574515 1
584930 1
585294 1
606855 1
606855 1
607191 1
636729 1
647845 1
664235 1
687177 1
716163 1
717543 1
750970 1
764994 1
768491 1
778741 1
800321 1
814303 1
850261 1
880635 1
932526 1
953117 1
1049612 1
1050631 1
1051915 1
1056870 1
1083311 1
1097302 1
1103686 1
1108312 1
1108581 1
1109454 1
1143691 1
1149350 1
1167798 1
1187641 1
1190075 1
1190395 1
1238349 1
1239344 1
1250715 1
1274036 1
1313160 1
1348942 1
1356443 1
1356970 1
1356970 1
1357798 1
1377394 1
1393186 1
1400192 1
1420158 1
1442111 1
1449452 1
1458895 1
1494446 1
1494602 1
1499630 1
1543054 1
1576799 1
1577422 1
1637101 1
1638925 1
1700983 1
1731960 1
1740056 1
1788707 1
1793603 1
1805411 1
1806446 1
1820461 1
1832900 1
1856885 1
1891988 1
1930421 1
1951128 1
1956235 1
1975356 1
1981747 1
1994064 1
2029318 1
2072878 1
2074632 1
2074702 1
2095522 1
2096641 1
2100414 1
2102359 1
2111819 1
2121513 1
2126261 1
2126888 1
2145785 1
2145785 1
2147604 1
2149876 1
2163852 1
2170594 1
2171155 1
2171155 1
2180909 1
2230520 1
2249011 1
2252594 1
2255441 1
2262066 1
2263330 1
2284227 1
2378751 1
2386942 1
2386942 1
2407735 1
2423282 1
2495135 1
2520692 1
2532581 1
2565601 1
2582665 1
2629532 1
2629674 1
2643217 1
2749029 1
2810324 1
2814251 1
2829429 1
2841163 1
2841932 1
2850326 1
2863416 1
2883050 1
2914727 1
2925989 1
2938217 1
2951417 1
2965929 1
2966258 1
2974055 1
2974155 1
2977153 1
3003209 1
3008312 1
3019272 1
3024957 1
3037718 1
3051558 1
3062507 1
3072733 1
3118283 1
3118498 1
3176505 1
3192291 1
3233202 1
3236509 1
3263449 1
3266417 1
3271586 1
3284612 1
3288219 1
3296148 1
3298419 1
3298647 1
3302125 1
3318503 1
3327712 1
3342726 1
3397064 1
3403944 1
3406671 1
3423797 1
3434477 1
3452284 1
3498058 1
3513999 1
3527445 1
3530296 1
3530649 1
3539385 1
3549964 1
3572144 1
3600578 1
3615088 1
3621914 1
3624621 1
3640947 1
3650204 1
3660026 1
3664749 1
3680459 1
3717147 1
3727957 1
3756258 1
3760908 1
3770340 1
3775395 1
3785128 1
3790219 1
3834159 1
3837224 1
3869385 1
3870413 1
3875914 1
3912759 1
3912828 1
3925238 1
3930372 1
3937432 1
3967643 1
3982714 1
3992536 1
3994500 1
3999066 1
4017406 1
4021155 1
4026475 1
4028238 1
4028528 1
4033600 1
4034003 1
4034003 1
4074142 1
4092279 1
4109803 1
4110446 1
4152526 1
4163917 1
4165039 1
4193356 1
4213263 1
4278853 1
4297330 1
4322018 1
4333953 1
4380214 1
4380214 1
4415670 1
4416554 1
4427690 1
4429557 1
4430166 1
4436550 1
4471784 1
4485406 1
4487402 1
4490245 1
4504852 1
4521241 1
4551668 1
4561907 1
4562161 1
4562892 1
4627351 1
4638951 1
4649998 1
4649998 1
4710699 1
4724158 1
4734971 1
4735099 1
4767027 1
4767027 1
4768669 1
4771199 1
4778493 1
4778676 1
4780712 1
4798967 1
4811954 1
4826346 1
4826728 1
4838457 1
4883392 1
4883430 1
4901111 1
4901274 1
4902629 1
4950992 1
4950992 1
4962610 1
4971778 1
4978029 1
4987125 1
4999244 1
5015617 1
5024853 1
5046561 1
5047261 1
5081664 1
5087932 1
5168103 1
5175270 1
5286354 1
5325854 1
5346329 1
5363644 1
5374329 1
5411551 1
5413196 1
5421790 1
5421794 1
5437787 1
5442251 1
5477502 1
5486832 1
5534165 1
5534165 1
5535948 1
5541238 1
5574827 1
5574827 1
5607777 1
5626120 1
5636115 1
5637363 1
5646265 1
5664808 1
5665564 1
5675547 1
5681283 1
5698663 1
5698690 1
5706194 1
5706728 1
5710095 1
5743610 1
5751717 1
5769948 1
5802043 1
5802653 1
5814892 1
5823527 1
5867778 1
5877604 1
5922351 1
5965257 1
5965775 1
5967840 1
5969415 1
6009126 1
6011052 1
6031102 1
6032164 1
6054603 1
6061830 1
6108780 1
6115449 1
6126767 1
6148301 1
6150725 1
6160609 1
6232659 1
6249490 1
6264708 1
6306264 1
6314985 1
6320468 1
6326813 1
6335191 1
6346224 1
6359269 1
6361121 1
6380892 1
6381546 1
6400031 1
6401916 1
6443115 1
6458191 1
6459419 1
6526004 1
6576393 1
6582398 1
6595550 1
6595550 1
6627572 1
6694868 1
6700291 1
6751926 1
6752152 1
6754268 1
6806330 1
6807317 1
6837466 1
6844475 1
6845019 1
6851006 1
6879458 1
6885054 1
6899365 1
6918953 1
6932883 1
6934935 1
6934935 1
6937176 1
6940665 1
6941136 1
6943382 1
6943382 1
6944025 1
6962362 1
6972949 1
6981884 1
6982229 1
6995231 1
6999082 1
7004221 1
7024454 1
7039871 1
7052057 1
7056200 1
7057278 1
7083475 1
7114541 1
7120632 1
7129993 1
7166894 1
7168743 1
7188912 1
7190982 1
7224837 1
7229528 1
7237291 1
7276584 1
7285940 1
7303711 1
7306311 1
7313752 1
7316658 1
7345192 1
7345895 1
7356071 1
7397825 1
7418679 1
7422341 1
7423392 1
7432832 1
7442188 1
7442963 1
7446008 1
7451783 1
7451783 1
7461308 1
7476575 1
7527439 1
7543697 1
7544630 1
7553599 1
7554118 1
7555655 1
7561935 1
7575321 1
7600180 1
7601173 1
7603200 1
7648916 1
7652799 1
7667836 1
7683240 1
7683240 1
7708309 1
7736709 1
7758916 1
7864935 1
7941818 1
7943405 1
7959668 1
7962197 1
7971888 1
7972716 1
7979107 1
7994054 1
8000603 1
8007317 1
8011311 1
8012012 1
8037730 1
8043675 1
8056214 1
8060216 1
8066455 1
8066955 1
8070390 1
8083813 1
8089182 1
8126910 1
8148733 1
8150386 1
8157143 1
8159672 1
8191493 1
8191586 1
8203706 1
8253680 1
8277042 1
