10774 1
17153 1
29508 1
29711 1
34245 1
36502 1
49244 1
50276 1
53556 1
55553 1
59200 1
73076 1
76973 1
80225 1
81929 1
83165 1
113378 1
113975 1
114038 1
115375 1
120577 1
124216 1
125722 1
130826 1
130826 1
131576 1
131576 1
134856 1
135949 1
140569 1
149011 1
149389 1
150142 1
152567 1
154712 1
154847 1
155907 1
157738 1
162966 1
162966 1
163708 1
164829 1
169640 1
170155 1
173167 1
174471 1
176399 1
178660 1
181940 1
186085 1
195596 1
196414 1
202791 1
206272 1
219116 1
222171 1
223007 1
223632 1
226432 1
228317 1
230326 1
242921 1
252046 1
252046 1
254090 1
257885 1
262100 1
263370 1
265450 1
265744 1
267396 1
268710 1
269116 1
270216 1
274566 1
276631 1
280818 1
284942 1
290520 1
291977 1
299219 1
299219 1
303686 1
305205 1
310466 1
312286 1
317169 1
329567 1
333884 1
341667 1
341997 1
351620 1
356589 1
356589 1
363945 1
368079 1
372240 1
372926 1
378183 1
380734 1
382056 1
395245 1
416352 1
421303 1
421536 1
437782 1
440722 1
448132 1
449677 1
451653 1
456769 1
457004 1
461606 1
479014 1
479015 1
485251 1
488665 1
488815 1
491774 1
491960 1
492804 1
494057 1
499143 1
502040 1
504597 1
504670 1
505047 1
505899 1
508070 1
512377 1
515678 1
515903 1
523065 1
548083 1
552192 1
552192 1
553702 1
567899 1
568259 1
569426 1
570466 1
581719 1
581719 1
584136 1
585739 1
586991 1
595293 1
601922 1
604625 1
606530 1
612820 1
612820 1
613621 1
619061 1
647657 1
649684 1
651121 1
665596 1
666581 1
667456 1
671518 1
674253 1
679727 1
688415 1
695559 1
697048 1
707978 1
710216 1
710636 1
718328 1
718584 1
718855 1
718859 1
719902 1
727438 1
731028 1
732411 1
736551 1
741586 1
748208 1
751169 1
751189 1
755937 1
758554 1
759963 1
764939 1
770323 1
772323 1
780054 1
782543 1
789245 1
801918 1
807967 1
808903 1
812596 1
814337 1
816703 1
835422 1
839000 1
846789 1
848244 1
849988 1
860614 1
866874 1
867395 1
870310 1
879959 1
881361 1
894818 1
899654 1
900248 1
902764 1
903516 1
906060 1
918916 1
924017 1
924217 1
924217 1
925857 1
934061 1
942537 1
944214 1
960383 1
970189 1
974523 1
977300 1
979608 1
990639 1
993620 1
995005 1
1002270 1
1003509 1
1008275 1
1008393 1
1009161 1
1010097 1
1013230 1
1014834 1
1020525 1
1022097 1
1029100 1
1029176 1
1029558 1
1030542 1
1034269 1
1035110 1
1040386 1
1040685 1
1046129 1
1047489 1
1049651 1
1050081 1
1051856 1
1057647 1
1057819 1
1061438 1
1066935 1
1076095 1
1076764 1
1078803 1
1094272 1
1096552 1
1098051 1
1098051 1
1099229 1
1099858 1
1102613 1
1107561 1
1110076 1
1110079 1
1111017 1
1111963 1
1112020 1
1126426 1
1139881 1
1143959 1
1148164 1
1149879 1
1151136 1
1154269 1
1155071 1
1158066 1
1163802 1
1167136 1
1168528 1
1179211 1
1180030 1
1181037 1
1181211 1
1181222 1
1183573 1
1211723 1
1211729 1
1221441 1
1223671 1
1230314 1
1232005 1
1236161 1
1236221 1
1239413 1
1240745 1
1241950 1
1245501 1
1245532 1
1259537 1
1259537 1
1266087 1
1271036 1
1272838 1
1280564 1
1288223 1
1293965 1
1296208 1
1302910 1
1305439 1
1317138 1
1317453 1
1323164 1
1326748 1
1333489 1
1337477 1
1343766 1
1345438 1
1345725 1
1346768 1
1357705 1
1357912 1
1366351 1
1370031 1
1377157 1
1377943 1
1383276 1
1384038 1
1387381 1
1397217 1
1400278 1
1400750 1
1401505 1
1403468 1
1403504 1
1405217 1
1411515 1
1411886 1
1412490 1
1414455 1
1420691 1
1421780 1
1428035 1
1428871 1
1435070 1
1451352 1
1455869 1
1460957 1
1469600 1
1471045 1
1475810 1
1482451 1
1484678 1
1484897 1
1486141 1
1491871 1
1492956 1
1496914 1
1503015 1
1507399 1
1507692 1
1507812 1
1508120 1
1508635 1
1510165 1
1510165 1
1511125 1
1521182 1
1525236 1
1527511 1
1528469 1
1533193 1
1535651 1
1537293 1
1538271 1
1545559 1
1548596 1
1562077 1
1562199 1
1563095 1
1563095 1
1572286 1
1578160 1
1581880 1
1585004 1
1597396 1
1600254 1
1601570 1
1606630 1
1608536 1
1610966 1
1613363 1
1618071 1
1618930 1
1620381 1
1624530 1
1631160 1
1638934 1
1642559 1
1644622 1
1645346 1
1646592 1
1648953 1
1652788 1
1653503 1
1655356 1
1665533 1
1669687 1
1675594 1
1676818 1
1678935 1
1690784 1
1693918 1
1706392 1
1706393 1
1707903 1
1707903 1
1712874 1
1714757 1
1720531 1
1721758 1
1723528 1
1724163 1
1728914 1
1738913 1
1741775 1
1766187 1
1779789 1
1780572 1
1783884 1
1785208 1
1786737 1
1793251 1
1796732 1
1801352 1
1803610 1
1806292 1
1807160 1
1808730 1
1809626 1
1814269 1
1821108 1
1823662 1
1827492 1
1828050 1
1830222 1
1834113 1
1834799 1
1855747 1
1856404 1
1870868 1
1874233 1
1883395 1
1888631 1
1889092 1
1895328 1
1896148 1
1896931 1
1900130 1
1902132 1
1908219 1
1908867 1
1913215 1
1934123 1
1937121 1
1942614 1
1962984 1
1965964 1
1974108 1
1991939 1
1999189 1
1999930 1
2003918 1
2018112 1
2024731 1
2030601 1
2031845 1
2033048 1
2047345 1
2049918 1
2058296 1
2058697 1
2068032 1
2068243 1
2078093 1
2093273 1
2095815 1
2096890 1
2097561 1
2098740 1
2109294 1
2110596 1
2110990 1
2111658 1
2112086 1
2112394 1
2112841 1
2115861 1
2116570 1
2118256 1
2118955 1
2119077 1
2125169 1
2126044 1
2140555 1
2155704 1
2156328 1
2163621 1
2167310 1
2175376 1
2188838 1
2191628 1
2191628 1
2211078 1
2212877 1
2232412 1
2234085 1
2234145 1
2242047 1
2245030 1
2255119 1
2256319 1
2261557 1
2282632 1
2283894 1
2287470 1
2299290 1
2302299 1
2306663 1
2313143 1
2313335 1
2323428 1
2334506 1
2334533 1
2349786 1
2351341 1
2351517 1
2375841 1
2378230 1
2378403 1
2391339 1
2397224 1
2406829 1
2408055 1
2409018 1
2409993 1
2420874 1
2420878 1
2423601 1
2423845 1
2425638 1
2429236 1
2432483 1
2435211 1
2451576 1
2452669 1
2452902 1
2455628 1
2459843 1
2468725 1
2486218 1
2486802 1
2489725 1
2490403 1
2494205 1
2495887 1
2502960 1
2507271 1
2512830 1
2513983 1
2515811 1
2528094 1
2531196 1
2544238 1
2548731 1
2550872 1
2551604 1
2551604 1
2552396 1
2554338 1
2555857 1
2556682 1
2558921 1
2560621 1
2564594 1
2565521 1
2567486 1
2571115 1
2574198 1
2576388 1
2580421 1
2584215 1
2590264 1
2599845 1
2609244 1
2624691 1
2634358 1
2636478 1
2643318 1
2645770 1
2648542 1
2652526 1
2653362 1
2658071 1
2658071 1
2660854 1
2662052 1
2663899 1
2668003 1
2671687 1
2671853 1
2683828 1
2684721 1
2695186 1
2715014 1
2716131 1
2720557 1
2723098 1
2730127 1
2738061 1
2740650 1
2741016 1
2752033 1
2753430 1
2758030 1
2759338 1
2770855 1
2776437 1
2784900 1
2792535 1
2804032 1
2809291 1
2809950 1
2820946 1
2824607 1
2828589 1
2829516 1
2849180 1
2852133 1
2853935 1
2868005 1
2869267 1
2870109 1
2870985 1
2874321 1
2875816 1
2881355 1
2882052 1
2893167 1
2897932 1
2898993 1
2899745 1
2910292 1
2910571 1
2911781 1
2915303 1
2932798 1
2935384 1
2942258 1
2942258 1
2958859 1
2961091 1
2961091 1
2962372 1
2965211 1
2966059 1
2974211 1
2982996 1
2986964 1
2993066 1
3005921 1
3007964 1
3009141 1
3009553 1
3010257 1
3010717 1
3015049 1
3016169 1
3017689 1
3021188 1
3041211 1
3044472 1
3051806 1
3053050 1
3053050 1
3053161 1
3054434 1
3079829 1
3094226 1
3096178 1
3096299 1
3097919 1
3103163 1
3103666 1
3109502 1
3111915 1
3117642 1
3118938 1
3124890 1
3127910 1
3128893 1
3129922 1
3143845 1
3145446 1
3147209 1
3147627 1
3149271 1
3149386 1
3161826 1
3171096 1
3180612 1
3184366 1
3185423 1
3186887 1
3187835 1
3194731 1
3204870 1
3207632 1
3210682 1
3214734 1
3215748 1
3217901 1
3219591 1
3223275 1
3237371 1
3260682 1
3262518 1
3264776 1
3273295 1
3278545 1
3282029 1
3282731 1
3301067 1
3302095 1
3308722 1
3308738 1
3319865 1
3319929 1
3320299 1
3321443 1
3326267 1
3326621 1
3331370 1
3338164 1
3343482 1
3351152 1
3355506 1
3355853 1
3358829 1
3360250 1
3361389 1
3368181 1
3369462 1
3373424 1
3374362 1
3388028 1
3390962 1
3403233 1
3404633 1
3432410 1
3434767 1
3436470 1
3443140 1
3444533 1
3448964 1
3451922 1
3463232 1
3464463 1
3465524 1
3466429 1
3470018 1
3472735 1
3473249 1
3487425 1
3505455 1
3507494 1
3514244 1
3515009 1
3515868 1
3525818 1
3529852 1
3532098 1
3536134 1
3537285 1
3542712 1
3548008 1
3552607 1
3552607 1
3560153 1
3561398 1
3569247 1
3573549 1
3574583 1
3576288 1
3583627 1
3589194 1
3595824 1
3598308 1
3603840 1
3608331 1
3609793 1
3611453 1
3614767 1
3617449 1
3618138 1
3620655 1
3621877 1
3621926 1
3624522 1
3630319 1
3632679 1
3633144 1
3634234 1
3639988 1
3644614 1
3648781 1
3650123 1
3653052 1
3656013 1
3657687 1
3664819 1
3665268 1
3669626 1
3672037 1
3675137 1
3683499 1
3693073 1
3693073 1
3693419 1
3695807 1
3696076 1
3700533 1
3702727 1
3702727 1
3704382 1
3708725 1
3709190 1
3709586 1
3710919 1
3715853 1
3719509 1
3725565 1
3727083 1
3732341 1
3732644 1
3733304 1
3734652 1
3741904 1
3742979 1
3746828 1
3758366 1
3758882 1
3761292 1
3767168 1
3768125 1
3769823 1
3772973 1
3774340 1
3777129 1
3777879 1
3799348 1
3801125 1
3801543 1
3809585 1
3826572 1
3837944 1
3856831 1
3858178 1
3859004 1
3865075 1
3870257 1
3871009 1
3871183 1
3874683 1
3875640 1
3875756 1
3891428 1
3893977 1
3894269 1
3895133 1
3896773 1
3934951 1
3937538 1
3941644 1
3943945 1
3954501 1
3961425 1
3961980 1
3964294 1
3968661 1
3970346 1
3973550 1
3978514 1
3982188 1
3986752 1
3993427 1
3994372 1
3994562 1
4004630 1
4007956 1
4013129 1
4018666 1
4019187 1
4023461 1
4024317 1
4025316 1
4029732 1
4031448 1
4033161 1
4046670 1
4047063 1
4049299 1
4067194 1
4070019 1
4070808 1
4071937 1
4072304 1
4079360 1
4082482 1
4088726 1
4091348 1
4093806 1
4098384 1
4099836 1
4104821 1
4106334 1
4107808 1
4108846 1
4109879 1
4114768 1
4115585 1
4116546 1
4116564 1
4131950 1
4135846 1
4140787 1
4142798 1
4148162 1
4151956 1
4154530 1
4156879 1
4158705 1
4168303 1
4169912 1
4174152 1
4175921 1
4178748 1
4193170 1
4196102 1
4197267 1
4197267 1
4198308 1
4202890 1
4205045 1
4207787 1
4212614 1
4219517 1
4219733 1
4224985 1
4225230 1
4236710 1
4242956 1
4249718 1
4251270 1
4253855 1
4259190 1
4263308 1
4265006 1
4275045 1
4280055 1
4280055 1
4287538 1
4305624 1
4308237 1
4308310 1
4309841 1
4310372 1
4310909 1
4319819 1
4320076 1
4321478 1
4321478 1
4327688 1
4329625 1
4330066 1
4331674 1
4337535 1
4339720 1
4342279 1
4350809 1
4350973 1
4356609 1
4366355 1
4370227 1
4370754 1
4372654 1
4375668 1
4391025 1
4394847 1
4394952 1
4399086 1
4399193 1
4400753 1
4401785 1
4413655 1
4415918 1
4417095 1
4417757 1
4419838 1
4420417 1
4420536 1
4422515 1
4424785 1
4426147 1
4427481 1
4428144 1
4436250 1
4437106 1
4445731 1
4459825 1
4463938 1
4473880 1
4478421 1
4478772 1
4498212 1
4504122 1
4505852 1
4508571 1
4509457 1
4513221 1
4514517 1
4518728 1
4524572 1
4525925 1
4528548 1
4537813 1
4540476 1
4541950 1
4568610 1
4580359 1
4580642 1
4581656 1
4600642 1
4607499 1
4608966 1
4615474 1
4616604 1
4630391 1
4631186 1
4631325 1
4633930 1
4637452 1
4648062 1
4652196 1
4659855 1
4659861 1
4664118 1
4668898 1
4674565 1
4676073 1
4677948 1
4682055 1
4685110 1
4698261 1
4698309 1
4702613 1
4705296 1
4708007 1
4711384 1
4712778 1
4720180 1
4721800 1
4722222 1
4732347 1
4735350 1
4744822 1
4748588 1
4751019 1
4752853 1
4753942 1
4757745 1
4759356 1
4762987 1
4777250 1
4779174 1
4791090 1
4793929 1
4798261 1
4800666 1
4800755 1
4801890 1
4806673 1
4807283 1
4811048 1
4823475 1
4825008 1
4825335 1
4831727 1
4841334 1
4852239 1
4860974 1
4866198 1
4869255 1
4870226 1
4875463 1
4875463 1
4875463 1
4875463 1
4877910 1
4888067 1
4888892 1
4894505 1
4897934 1
4898466 1
4899795 1
4908553 1
4911361 1
4911459 1
4931244 1
4951931 1
4955788 1
4961743 1
4963127 1
4965439 1
4967404 1
4968527 1
4970617 1
4978984 1
4987269 1
4987300 1
4999454 1
5004812 1
5005305 1
5035749 1
5045225 1
5045790 1
5046506 1
5049031 1
5054678 1
5055931 1
5068314 1
5100895 1
5105619 1
5108592 1
5109234 1
5115075 1
5119730 1
5122276 1
5132607 1
5138689 1
5141755 1
5148086 1
5152103 1
5152371 1
5171367 1
5172136 1
5173736 1
5186595 1
5191648 1
5196355 1
5198835 1
5201666 1
5203141 1
5207978 1
5215800 1
5217395 1
5219673 1
5226366 1
5226578 1
5229744 1
5231346 1
5231366 1
5232245 1
5234039 1
5238106 1
5239726 1
5243912 1
5253843 1
5254422 1
5261628 1
5263320 1
5265344 1
5265435 1
5265506 1
5267923 1
5281266 1
5287193 1
5291612 1
5293293 1
5303530 1
5311001 1
5311001 1
5316545 1
5323532 1
5327770 1
5329144 1
5331103 1
5334376 1
5346281 1
5346645 1
5350052 1
5368424 1
5370727 1
5383059 1
5392373 1
5407273 1
5427010 1
5430007 1
5433746 1
5436443 1
5439258 1
5446771 1
5452603 1
5454070 1
5454478 1
5456393 1
5458453 1
5463267 1
5463818 1
5472394 1
5473667 1
5479399 1
5487817 1
5489848 1
5493199 1
5497055 1
5499468 1
5511236 1
5512224 1
5513699 1
5514593 1
5517444 1
5519720 1
5525211 1
5525975 1
5526589 1
5545051 1
5547048 1
5548069 1
5548459 1
5553241 1
5553555 1
5554830 1
5557338 1
5558903 1
5560241 1
5567764 1
5572946 1
5575475 1
5576408 1
5586365 1
5591705 1
5603769 1
5604836 1
5607317 1
5610880 1
5612077 1
5616361 1
5617190 1
5617190 1
5620286 1
5621899 1
5623071 1
5645266 1
5646687 1
5654973 1
5660058 1
5662946 1
5669181 1
5679908 1
5686116 1
5689209 1
5691601 1
5710895 1
5716184 1
5717322 1
5729085 1
5737693 1
5738238 1
5738484 1
5753584 1
5774249 1
5776457 1
5778212 1
5783114 1
5788201 1
5789186 1
5796116 1
5807920 1
5809099 1
5816573 1
5816573 1
5818966 1
5821205 1
5826012 1
5833931 1
5842757 1
5870370 1
5877026 1
5879075 1
5884915 1
5887899 1
5892762 1
5894672 1
5899387 1
5914287 1
5914797 1
5914806 1
5925812 1
5933104 1
5934248 1
5948524 1
5968008 1
5969018 1
5971887 1
5974884 1
5975338 1
5976037 1
5976946 1
5985487 1
5991116 1
5997201 1
6019628 1
6019827 1
6024418 1
6028860 1
6029424 1
6030191 1
6033340 1
6035523 1
6036418 1
6036498 1
6037834 1
6044060 1
6045158 1
6046883 1
6048644 1
6055351 1
6055520 1
6057425 1
6057746 1
6060519 1
6062952 1
6073052 1
6075583 1
6079663 1
6084516 1
6089692 1
6092381 1
6094189 1
6094288 1
6094978 1
6097030 1
6097335 1
6099924 1
6100073 1
6122070 1
6123045 1
6125231 1
6130796 1
6138551 1
6144167 1
6150299 1
6153690 1
6155185 1
6157360 1
6163217 1
6167162 1
6171281 1
6179351 1
6180403 1
6182734 1
6183706 1
6185532 1
6187299 1
6187299 1
6188311 1
6203797 1
6232703 1
6232942 1
6239658 1
6241274 1
6246171 1
6267327 1
6268943 1
6271367 1
6279982 1
6287353 1
6293774 1
6301158 1
6302639 1
6305420 1
6310049 1
6311627 1
6315305 1
6315474 1
6316205 1
6322450 1
6334595 1
6334850 1
6339333 1
6345050 1
6345861 1
6349620 1
6350960 1
6352403 1
6354548 1
6363070 1
6364254 1
6374186 1
6380892 1
6393739 1
6405429 1
6409617 1
6413137 1
6414558 1
6417642 1
6421743 1
6426838 1
6429334 1
6434970 1
6438896 1
6444211 1
6452869 1
6458889 1
6459529 1
6459714 1
6461851 1
6472553 1
6485508 1
6485717 1
6486904 1
6488430 1
6491977 1
6496537 1
6520399 1
6526708 1
6526960 1
6527447 1
6531890 1
6537206 1
6542325 1
6546528 1
6553035 1
6557685 1
6558306 1
6563046 1
6564232 1
6564255 1
6577855 1
6586969 1
6588366 1
6590021 1
6598141 1
6598219 1
6600474 1
6601052 1
6601675 1
6601675 1
6601676 1
6606159 1
6606629 1
6606773 1
6612323 1
6612426 1
6616257 1
6616478 1
6619135 1
6622534 1
6624675 1
6624675 1
6637346 1
6646342 1
6648019 1
6648273 1
6648273 1
6653766 1
6657672 1
6659335 1
6663436 1
6665450 1
6666601 1
6666601 1
6679646 1
6680202 1
6680237 1
6681420 1
6682178 1
6686975 1
6688869 1
6696041 1
6711934 1
6713492 1
6723186 1
6723657 1
6725595 1
6728499 1
6730024 1
6732954 1
6746172 1
6746632 1
6747545 1
6770691 1
6779186 1
6784966 1
6785917 1
6790420 1
6795057 1
6801921 1
6803049 1
6807362 1
6809840 1
6826421 1
6826604 1
6828510 1
6832206 1
6838977 1
6841141 1
6841896 1
6843307 1
6843890 1
6844029 1
6851208 1
6852939 1
6856401 1
6862059 1
6864576 1
6868276 1
6869545 1
6873353 1
6876792 1
6889904 1
6892645 1
6893089 1
6896055 1
6900005 1
6900798 1
6913417 1
6914612 1
6915530 1
6923403 1
6931581 1
6932765 1
6932993 1
6936674 1
6937140 1
6937939 1
6945158 1
6952605 1
6957260 1
6957851 1
6960644 1
6965228 1
6965326 1
6971435 1
6974794 1
6976412 1
6979920 1
6981731 1
6981731 1
6986880 1
6987939 1
6988540 1
6990228 1
6990734 1
7007084 1
7009822 1
7020135 1
7023832 1
7032487 1
7032511 1
7042797 1
7044305 1
7049410 1
7049734 1
7050539 1
7056469 1
7057850 1
7058860 1
7061178 1
7062503 1
7068889 1
7069718 1
7076654 1
7078416 1
7079287 1
7102922 1
7107970 1
7108407 1
7110208 1
7111396 1
7111411 1
7113085 1
7113092 1
7115341 1
7115901 1
7115925 1
7117310 1
7117752 1
7124478 1
7125262 1
7126405 1
7129279 1
7136351 1
7136447 1
7136524 1
7137806 1
7138450 1
7153395 1
7158677 1
7161322 1
7164590 1
7166522 1
7167319 1
7167679 1
7168350 1
7172076 1
7172680 1
7183202 1
7189063 1
7191216 1
7192648 1
7192915 1
7194801 1
7200413 1
7211726 1
7225711 1
7226406 1
7229626 1
7233656 1
7233681 1
7242093 1
7244634 1
7250139 1
7251553 1
7254914 1
7255210 1
7255224 1
7259590 1
7261781 1
7261845 1
7266422 1
7267242 1
7272492 1
7276132 1
7283514 1
7284662 1
7285183 1
7299053 1
7299637 1
7311877 1
7311948 1
7319482 1
7321787 1
7325418 1
7332498 1
7340393 1
7341024 1
7343818 1
7357718 1
7360399 1
7361428 1
7368084 1
7368521 1
7369445 1
7370419 1
7372410 1
7373020 1
7373427 1
7379964 1
7381130 1
7381130 1
7381600 1
7382177 1
7384724 1
7385526 1
7390019 1
7390947 1
7394126 1
7412682 1
7424556 1
7427161 1
7439240 1
7444072 1
7445604 1
7467012 1
7467444 1
7479044 1
7479178 1
7490903 1
7491574 1
7496194 1
7496344 1
7498259 1
7502669 1
7508359 1
7511522 1
7522080 1
7522399 1
7522660 1
7525945 1
7528811 1
7534308 1
7535577 1
7535891 1
7537105 1
7538182 1
7544015 1
7547337 1
7555789 1
7559700 1
7564541 1
7578088 1
7585011 1
7587998 1
7589019 1
7590819 1
7612698 1
7613190 1
7621027 1
7621161 1
7621505 1
7628079 1
7632766 1
7633518 1
7638984 1
7641366 1
7643903 1
7645331 1
7645331 1
7648808 1
7649026 1
7650001 1
7668463 1
7669954 1
7678164 1
7683368 1
7695562 1
7706004 1
7707977 1
7710480 1
7714101 1
7726961 1
7732555 1
7732641 1
7733028 1
7740356 1
7741525 1
7748919 1
7751794 1
7758924 1
7774834 1
7779065 1
7787703 1
7790610 1
7801887 1
7818147 1
7824940 1
7830294 1
7851674 1
7854347 1
7856036 1
7859783 1
7865991 1
7869482 1
7884537 1
7889960 1
7890293 1
7890982 1
7892563 1
7895400 1
7902572 1
7904117 1
7908028 1
7915193 1
7918618 1
7919571 1
7921062 1
7923721 1
7923987 1
7926798 1
7935520 1
7944283 1
7946388 1
7948377 1
7951798 1
7953989 1
7955720 1
7964510 1
7964510 1
7964510 1
7964510 1
7964510 1
7964510 1
7964510 1
7964510 1
7964722 1
7965256 1
7971519 1
7975195 1
7978262 1
7979224 1
7981197 1
7981197 1
7982069 1
7982707 1
7983962 1
7998001 1
8002780 1
8012969 1
8013972 1
8020856 1
8021178 1
8024382 1
8026750 1
8030603 1
8030717 1
8034209 1
8040062 1
8041810 1
8050425 1
8051967 1
8053381 1
8060543 1
8061970 1
8068462 1
8070982 1
8082741 1
8088539 1
8091335 1
8092233 1
8103887 1
8121340 1
8121352 1
8121756 1
8122577 1
8122707 1
8125491 1
8130225 1
8133939 1
8137465 1
8138064 1
8139781 1
8146522 1
8146981 1
8148451 1
8148991 1
8156375 1
8157219 1
8173482 1
8189701 1
8191829 1
8193972 1
8203061 1
8208430 1
8217091 1
8222991 1
8223014 1
8223014 1
8224422 1
8237895 1
8237895 1
8249297 1
8255863 1
8255876 1
8256607 1
8256735 1
8272616 1
8278953 1
8286431 1
8296969 1
8297582 1
8304008 1
8309463 1
5351 1
12017 1
17053 1
19038 1
30050 1
32133 1
35750 1
36691 1
37113 1
44837 1
53102 1
76889 1
86771 1
87907 1
89479 1
89929 1
102554 1
104448 1
108233 1
113835 1
118713 1
120058 1
123935 1
125270 1
125445 1
126882 1
128393 1
139671 1
141829 1
144744 1
145219 1
155485 1
161767 1
163069 1
164255 1
166697 1
166969 1
170357 1
172104 1
173214 1
173452 1
177576 1
178363 1
179933 1
186784 1
189364 1
192375 1
196552 1
197086 1
203909 1
206048 1
216547 1
217604 1
221327 1
221524 1
223208 1
231940 1
236421 1
237612 1
241073 1
243658 1
250899 1
256494 1
261553 1
263742 1
268564 1
268862 1
269152 1
269158 1
271342 1
273034 1
275093 1
275560 1
277088 1
283050 1
283919 1
285577 1
286918 1
301609 1
313718 1
316719 1
327936 1
332447 1
338991 1
351036 1
351038 1
352550 1
357377 1
360343 1
363277 1
366590 1
367501 1
370943 1
373157 1
374698 1
380431 1
387692 1
401971 1
406826 1
410502 1
428490 1
429327 1
429327 1
431577 1
445407 1
449188 1
455303 1
455947 1
458737 1
462568 1
465515 1
471826 1
476237 1
478960 1
489010 1
492140 1
495741 1
497275 1
500222 1
505035 1
510187 1
516851 1
518066 1
535551 1
536393 1
536790 1
543316 1
549204 1
553050 1
555482 1
557662 1
559519 1
563187 1
574435 1
576443 1
577025 1
584990 1
590841 1
590841 1
601369 1
602141 1
603503 1
603606 1
610242 1
616002 1
620614 1
639362 1
640575 1
644985 1
658579 1
660222 1
677926 1
678457 1
682242 1
687432 1
706426 1
709527 1
713533 1
718330 1
721369 1
721422 1
722830 1
728568 1
745169 1
749091 1
750390 1
751922 1
764103 1
766138 1
767181 1
769349 1
770176 1
779452 1
779459 1
779769 1
780940 1
781184 1
782051 1
798333 1
802186 1
804844 1
815534 1
815719 1
824221 1
832412 1
839814 1
844990 1
861658 1
861782 1
868122 1
868784 1
871209 1
873640 1
874650 1
875179 1
877061 1
881406 1
891914 1
899353 1
904670 1
906396 1
910031 1
911582 1
920931 1
935461 1
951438 1
953320 1
955103 1
969235 1
974890 1
977825 1
979327 1
980004 1
983182 1
983366 1
990898 1
991564 1
1004469 1
1008190 1
1009235 1
1010280 1
1010280 1
1013411 1
1020134 1
1021834 1
1032144 1
1032153 1
1038348 1
1042389 1
1058580 1
1058580 1
1063422 1
1066308 1
1079903 1
1086172 1
1090932 1
1096704 1
1097584 1
1097972 1
1099168 1
1104347 1
1116523 1
1116523 1
1121628 1
1129128 1
1142077 1
1153747 1
1153807 1
1157774 1
1164491 1
1169581 1
1179241 1
1180904 1
1182775 1
1183883 1
1183883 1
1189863 1
1196669 1
1202054 1
1202054 1
1205076 1
1205577 1
1205622 1
1207751 1
1210820 1
1213345 1
1219218 1
1220612 1
1222843 1
1225784 1
1236057 1
1245272 1
1246971 1
1251306 1
1253751 1
1256582 1
1257173 1
1264805 1
1265442 1
1266295 1
1266784 1
1268965 1
1273111 1
1284099 1
1289577 1
1294818 1
1294865 1
1301552 1
1302897 1
1303590 1
1308316 1
1309843 1
1319136 1
1320757 1
1322034 1
1331335 1
1349753 1
1350257 1
1353734 1
1356399 1
1357841 1
1362354 1
1375276 1
1376497 1
1377288 1
1382658 1
1387916 1
1389267 1
1401307 1
1407459 1
1413045 1
1415799 1
1416468 1
1421692 1
1424838 1
1429219 1
1431707 1
1432067 1
1436133 1
1437850 1
1441784 1
1443328 1
1458965 1
1461379 1
1461831 1
1468141 1
1474513 1
1476655 1
1476808 1
1480159 1
1480393 1
1480938 1
1490574 1
1494848 1
1494956 1
1495247 1
1499874 1
1502075 1
1505392 1
1509467 1
1511938 1
1513029 1
1516488 1
1528692 1
1531417 1
1531807 1
1546541 1
1552503 1
1557838 1
1559929 1
1566545 1
1568387 1
1569230 1
1569454 1
1570934 1
1577835 1
1582408 1
1590550 1
1594213 1
1631090 1
1636243 1
1636623 1
1642434 1
1642974 1
1643805 1
1655423 1
1655684 1
1657316 1
1669312 1
1672470 1
1674450 1
1677209 1
1683443 1
1685609 1
1691280 1
1701039 1
1704989 1
1714025 1
1714401 1
1716007 1
1724148 1
1724870 1
1725000 1
1736114 1
1743914 1
1744793 1
1744840 1
1746386 1
1750606 1
1751200 1
1753589 1
1755406 1
1757733 1
1771603 1
1784771 1
1784771 1
1785472 1
1789726 1
1798626 1
1804512 1
1805469 1
1812239 1
1824001 1
1824020 1
1824020 1
1829009 1
1834151 1
1834163 1
1842783 1
1847922 1
1852276 1
1855426 1
1855876 1
1856688 1
1859641 1
1859725 1
1863419 1
1875486 1
1876548 1
1879673 1
1881702 1
1883089 1
1889804 1
1894404 1
1897073 1
1914590 1
1915028 1
1919240 1
1925139 1
1939473 1
1943293 1
1947974 1
1949466 1
1959686 1
1965777 1
1967740 1
1988430 1
1991979 1
1993155 1
1998553 1
1999297 1
2006755 1
2009243 1
2009254 1
2011287 1
2012048 1
2014117 1
2015676 1
2017032 1
2038989 1
2050406 1
2054758 1
2055119 1
2070093 1
2073118 1
2075257 1
2076562 1
2080274 1
2080726 1
2080734 1
2089353 1
2093486 1
2095486 1
2097284 1
2099462 1
2107718 1
2116528 1
2116528 1
2116894 1
2120401 1
2121752 1
2129324 1
2132721 1
2133930 1
2139290 1
2139649 1
2139819 1
2142349 1
2151936 1
2159380 1
2185657 1
2185688 1
2192752 1
2195076 1
2205297 1
2206166 1
2207376 1
2218973 1
2231627 1
2234695 1
2236220 1
2239168 1
2240403 1
2253109 1
2258924 1
2260299 1
2261857 1
2270222 1
2270231 1
2271701 1
2272453 1
2272725 1
2274459 1
2275836 1
2280728 1
2284544 1
2288547 1
2295171 1
2295171 1
2302160 1
2304294 1
2307347 1
2307878 1
2309174 1
2311959 1
2313864 1
2322584 1
2322584 1
2331679 1
2332015 1
2332236 1
2338559 1
2350226 1
2350297 1
2350915 1
2360264 1
2360376 1
2362287 1
2362544 1
2368160 1
2368370 1
2369445 1
2386972 1
2387336 1
2392872 1
2402167 1
2402236 1
2405747 1
2408944 1
2414415 1
2415868 1
2417424 1
2425109 1
2428021 1
2428951 1
2431230 1
2432832 1
2443515 1
2449794 1
2458125 1
2462614 1
2481789 1
2485584 1
2485584 1
2488141 1
2489680 1
2491012 1
2497885 1
2503565 1
2504511 1
2506208 1
2507989 1
2509794 1
2510650 1
2525601 1
2529271 1
2536068 1
2544179 1
2546200 1
2548661 1
2550857 1
2557347 1
2565126 1
2565822 1
2567271 1
2576302 1
2580251 1
2586306 1
2593793 1
2594443 1
2596927 1
2603084 1
2604110 1
2607918 1
2608046 1
2610982 1
2611900 1
2611900 1
2621393 1
2623012 1
2632223 1
2634397 1
2635653 1
2647543 1
2651530 1
2654603 1
2661476 1
2665639 1
2667455 1
2671440 1
2674280 1
2679556 1
2685778 1
2691311 1
2694031 1
2694569 1
2702515 1
2717694 1
2720446 1
2724475 1
2727537 1
2745877 1
2754246 1
2754251 1
2756074 1
2756455 1
2765324 1
2768543 1
2769535 1
2769768 1
2771059 1
2777290 1
2782765 1
2790018 1
2803149 1
2803566 1
2804557 1
2814933 1
2817977 1
2818900 1
2823052 1
2838865 1
2839009 1
2858833 1
2865145 1
2866292 1
2867060 1
2868091 1
2880759 1
2880759 1
2895230 1
2911992 1
2918910 1
2919691 1
2925448 1
2928055 1
2928911 1
2929460 1
2931991 1
2944213 1
2944555 1
2945122 1
2958289 1
2959961 1
2966088 1
2967921 1
2975242 1
2978466 1
2985139 1
2985735 1
2995556 1
3001869 1
3005075 1
3007727 1
3012584 1
3017947 1
3024673 1
3026708 1
3028884 1
3030270 1
3037783 1
3041976 1
3045023 1
3048139 1
3052584 1
3058190 1
3063528 1
3063528 1
3073204 1
3073259 1
3076389 1
3081668 1
3093227 1
3094264 1
3097277 1
3101079 1
3105176 1
3105906 1
3106007 1
3109316 1
3113672 1
3118588 1
3118879 1
3118900 1
3125108 1
3125108 1
3134271 1
3141579 1
3146084 1
3148823 1
3149797 1
3152360 1
3157735 1
3164327 1
3169148 1
3172996 1
3175143 1
3177382 1
3184340 1
3192691 1
3209914 1
3215869 1
3221264 1
3229331 1
3234216 1
3236863 1
3245861 1
3252111 1
3257178 1
3261418 1
3264637 1
3265201 1
3266959 1
3267050 1
3267407 1
3268995 1
3269474 1
3269934 1
3278061 1
3287919 1
3296224 1
3297464 1
3297477 1
3300875 1
3301400 1
3303348 1
3304484 1
3321174 1
3321991 1
3322233 1
3323126 1
3324111 1
3327070 1
3335843 1
3343384 1
3344634 1
3347036 1
3348954 1
3354518 1
3355369 1
3357491 1
3361404 1
3361702 1
3362249 1
3369140 1
3377342 1
3380590 1
3389428 1
3396273 1
3403005 1
3404075 1
3415641 1
3417218 1
3427719 1
3431263 1
3431566 1
3432560 1
3433736 1
3434172 1
3434789 1
3440646 1
3446643 1
3447280 1
3451830 1
3452409 1
3452557 1
3453842 1
3454446 1
3455702 1
3467485 1
3472266 1
3479815 1
3486465 1
3492492 1
3493636 1
3502990 1
3504693 1
3504693 1
3504853 1
3507177 1
3511335 1
3512302 1
3512751 1
3515704 1
3518246 1
3525879 1
3532776 1
3535472 1
3540070 1
3554622 1
3575487 1
3579635 1
3581502 1
3584953 1
3587989 1
3588146 1
3595461 1
3598008 1
3598012 1
3600905 1
3611232 1
3615073 1
3616362 1
3618516 1
3628273 1
3628518 1
3632267 1
3638864 1
3643762 1
3649754 1
3650650 1
3651406 1
3657782 1
3658639 1
3660533 1
3660533 1
3661045 1
3668096 1
3674740 1
3676382 1
3684105 1
3686448 1
3686666 1
3687614 1
3688438 1
3691170 1
3691276 1
3692553 1
3697019 1
3697860 1
3699297 1
3702444 1
3703099 1
3714869 1
3715077 1
3724046 1
3725163 1
3735810 1
3743372 1
3743372 1
3747837 1
3748816 1
3748831 1
3762533 1
3764167 1
3768034 1
3779456 1
3780636 1
3786712 1
3790583 1
3797287 1
3799124 1
3802079 1
3813923 1
3822074 1
3822629 1
3823149 1
3824268 1
3825888 1
3826430 1
3834025 1
3843076 1
3849923 1
3850839 1
3850935 1
3851932 1
3855419 1
3858964 1
3859412 1
3866078 1
3870442 1
3873891 1
3877283 1
3885152 1
3891495 1
3892665 1
3894241 1
3906899 1
3913123 1
3920306 1
3927034 1
3929328 1
3930949 1
3933042 1
3951543 1
3956120 1
3962170 1
3966690 1
3970669 1
3988486 1
3989873 1
4005396 1
4006210 1
4018528 1
4020870 1
4021822 1
4025214 1
4026424 1
4027385 1
4027929 1
4030235 1
4031809 1
4031933 1
4044072 1
4049395 1
4050596 1
4056407 1
4057258 1
4057750 1
4063851 1
4067315 1
4068375 1
4069725 1
4070418 1
4080384 1
4083416 1
4084159 1
4085884 1
4085884 1
4087737 1
4089281 1
4092077 1
4103105 1
4108676 1
4109549 1
4110265 1
4116289 1
4140643 1
4145585 1
4149401 1
4156829 1
4163510 1
4169388 1
4180059 1
4188946 1
4188946 1
4199060 1
4205009 1
4209205 1
4214081 1
4215459 1
4216986 1
4238296 1
4238821 1
4243023 1
4244485 1
4246150 1
4257683 1
4258826 1
4260648 1
4266366 1
4266836 1
4267064 1
4273330 1
4275527 1
4276421 1
4282631 1
4285613 1
4296200 1
4304097 1
4305509 1
4308517 1
4313503 1
4314353 1
4314437 1
4319477 1
4328663 1
4331354 1
4337109 1
4339933 1
4341685 1
4342157 1
4343897 1
4345617 1
4353514 1
4357650 1
4359296 1
4361678 1
4368953 1
4369220 1
4373584 1
4375507 1
4376295 1
4376484 1
4378091 1
4384295 1
4401298 1
4407774 1
4411510 1
4413709 1
4413720 1
4415155 1
4416952 1
4421654 1
4427698 1
4428924 1
4430433 1
4433775 1
4442525 1
4442538 1
4445606 1
4449845 1
4463377 1
4464012 1
4467919 1
4470334 1
4472017 1
4475947 1
4484648 1
4485386 1
4496364 1
4500415 1
4506225 1
4508166 1
4513866 1
4517044 1
4520625 1
4526522 1
4529882 1
4535656 1
4539606 1
4539974 1
4551419 1
4551984 1
4552931 1
4553707 1
4569639 1
4586155 1
4587522 1
4588670 1
4592542 1
4593572 1
4596334 1
4608810 1
4620080 1
4622161 1
4622350 1
4630364 1
4638111 1
4644872 1
4652033 1
4653168 1
4653402 1
4657727 1
4658169 1
4659957 1
4667650 1
4677371 1
4680808 1
4680900 1
4680900 1
4683821 1
4693114 1
4699615 1
4700309 1
4700372 1
4700793 1
4702945 1
4708450 1
4709716 1
4709770 1
4711531 1
4724754 1
4729304 1
4731358 1
4733199 1
4737465 1
4740480 1
4740483 1
4751958 1
4753066 1
4763418 1
4767599 1
4772142 1
4775580 1
4778644 1
4779059 1
4781915 1
4785169 1
4786126 1
4796938 1
4798662 1
4801260 1
4804781 1
4805494 1
4808359 1
4811510 1
4818592 1
4818969 1
4819927 1
4821957 1
4822261 1
4823292 1
4827634 1
4829583 1
4838827 1
4842479 1
4848541 1
4855706 1
4858605 1
4878885 1
4880727 1
4884175 1
4885077 1
4885194 1
4888435 1
4898139 1
4898715 1
4902673 1
4916760 1
4917408 1
4930710 1
4955588 1
4956447 1
4957582 1
4971203 1
4971302 1
4971597 1
4976603 1
4996010 1
4997248 1
5001041 1
5009659 1
5019071 1
5021352 1
5038128 1
5042236 1
5042681 1
5045703 1
5048247 1
5048812 1
5049151 1
5055008 1
5073790 1
5074359 1
5074744 1
5077360 1
5077367 1
5078281 1
5086212 1
5092307 1
5103803 1
5114399 1
5116379 1
5121709 1
5133996 1
5138800 1
5143296 1
5144581 1
5150212 1
5156350 1
5158822 1
5159883 1
5161330 1
5162427 1
5164103 1
5170818 1
5181536 1
5184587 1
5189321 1
5189321 1
5190308 1
5193599 1
5195404 1
5195404 1
5195404 1
5195404 1
5204082 1
5214718 1
5217453 1
5218820 1
5221933 1
5235444 1
5237100 1
5238575 1
5238575 1
5244440 1
5255425 1
5257716 1
5261138 1
5265794 1
5266757 1
5268854 1
5270021 1
5272469 1
5277073 1
5297898 1
5297898 1
5302568 1
5304118 1
5310597 1
5314353 1
5316503 1
5320451 1
5328145 1
5329108 1
5334728 1
5336268 1
5340825 1
5344155 1
5347841 1
5352085 1
5353452 1
5359288 1
5361300 1
5372468 1
5373713 1
5373910 1
5377924 1
5380096 1
5414049 1
5419233 1
5422091 1
5427799 1
5431098 1
5432420 1
5432546 1
5436571 1
5437315 1
5452575 1
5455838 1
5465230 1
5487872 1
5489801 1
5499819 1
5500703 1
5504161 1
5510203 1
5513160 1
5521038 1
5527312 1
5540698 1
5547572 1
5547691 1
5547882 1
5550343 1
5563983 1
5565699 1
5565702 1
5570852 1
5571579 1
5572484 1
5575407 1
5576373 1
5583980 1
5585606 1
5586088 1
5586089 1
5587798 1
5589956 1
5591983 1
5595233 1
5595457 1
5595457 1
5596236 1
5599566 1
5605048 1
5607924 1
5615992 1
5626523 1
5631103 1
5634360 1
5634829 1
5635442 1
5639705 1
5641033 1
5642402 1
5651799 1
5652328 1
5654325 1
5656086 1
5660077 1
5666503 1
5672260 1
5677956 1
5678498 1
5680214 1
5681502 1
5681502 1
5684739 1
5684892 1
5686330 1
5686539 1
5688196 1
5691522 1
5694202 1
5694249 1
5700611 1
5701973 1
5704141 1
5708739 1
5721291 1
5723253 1
5723390 1
5724339 1
5724858 1
5725065 1
5729879 1
5730516 1
5732636 1
5751974 1
5761578 1
5773626 1
5783727 1
5800360 1
5805097 1
5808251 1
5823559 1
5840763 1
5856843 1
5864759 1
5867066 1
5870230 1
5870745 1
5872422 1
5876621 1
5877728 1
5896929 1
5904724 1
5915256 1
5917296 1
5926491 1
5927456 1
5932836 1
5933463 1
5940324 1
5941760 1
5947547 1
5954586 1
5954762 1
5955986 1
5968436 1
5969628 1
5985667 1
5987394 1
5991476 1
5992281 1
5993579 1
5997012 1
5998201 1
6003181 1
6005388 1
6008910 1
6011423 1
6017925 1
6018861 1
6038284 1
6040016 1
6041285 1
6042474 1
6042874 1
6044981 1
6052231 1
6053037 1
6058953 1
6066668 1
6070969 1
6070973 1
6083178 1
6083390 1
6087195 1
6088550 1
6088578 1
6108149 1
6114355 1
6122011 1
6122011 1
6122324 1
6128997 1
6136045 1
6138969 1
6142314 1
6154497 1
6155471 1
6157754 1
6158513 1
6162201 1
6167151 1
6167307 1
6179255 1
6185419 1
6186443 1
6188526 1
6188997 1
6190568 1
6192516 1
6201093 1
6201696 1
6224481 1
6228147 1
6235405 1
6235724 1
6239334 1
6250392 1
6254870 1
6267252 1
6272566 1
6281243 1
6284079 1
6287007 1
6287445 1
6287559 1
6287996 1
6301489 1
6309186 1
6310389 1
6310535 1
6318451 1
6320887 1
6329175 1
6331038 1
6333832 1
6337048 1
6342677 1
6349415 1
6351368 1
6354023 1
6357266 1
6357938 1
6363630 1
6363630 1
6365709 1
6369482 1
6381363 1
6385382 1
6387502 1
6388750 1
6389654 1
6392595 1
6394182 1
6396071 1
6396676 1
6399394 1
6412068 1
6426123 1
6426137 1
6432945 1
6439338 1
6442458 1
6444035 1
6445352 1
6449949 1
6455714 1
6456560 1
6471157 1
6472188 1
6474949 1
6480796 1
6488836 1
6490608 1
6496370 1
6518581 1
6529009 1
6533384 1
6533384 1
6533507 1
6542076 1
6542952 1
6543819 1
6543819 1
6543979 1
6555712 1
6557765 1
6564909 1
6577122 1
6578462 1
6584017 1
6584074 1
6589818 1
6602741 1
6609601 1
6617891 1
6622682 1
6636786 1
6640653 1
6640741 1
6644984 1
6647398 1
6648091 1
6663637 1
6663637 1
6665175 1
6665909 1
6696562 1
6698053 1
6700851 1
6703143 1
6712818 1
6713199 1
6715681 1
6723593 1
6726166 1
6728113 1
6730136 1
6734618 1
6746907 1
6747209 1
6752573 1
6756021 1
6757804 1
6770794 1
6772208 1
6774006 1
6777743 1
6777753 1
6791561 1
6795334 1
6800121 1
6806653 1
6807261 1
6810015 1
6815331 1
6837136 1
6840739 1
6846161 1
6847390 1
6849971 1
6850559 1
6868660 1
6872338 1
6874860 1
6883447 1
6884903 1
6900419 1
6905328 1
6917994 1
6930098 1
6934221 1
6938033 1
6940545 1
6941060 1
6941066 1
6945298 1
6946458 1
6957076 1
6967175 1
6991560 1
7002564 1
7003653 1
7005467 1
7015763 1
7021976 1
7025675 1
7031485 1
7038116 1
7043027 1
7043179 1
7049747 1
7050434 1
7051733 1
7052177 1
7065168 1
7068317 1
7073132 1
7076745 1
7077695 1
7079047 1
7079047 1
7083541 1
7087118 1
7087118 1
7093475 1
7099949 1
7101394 1
7102195 1
7103445 1
7104599 1
7106731 1
7118619 1
7123190 1
7137085 1
7139086 1
7143666 1
7144528 1
7159931 1
7165634 1
7174962 1
7176394 1
7177153 1
7180353 1
7181537 1
7194220 1
7207829 1
7207900 1
7213456 1
7217198 1
7224763 1
7224763 1
7225080 1
7229795 1
7251359 1
7254983 1
7260031 1
7266958 1
7267315 1
7275497 1
7276990 1
7277295 1
7278447 1
7281260 1
7297176 1
7316431 1
7319729 1
7325804 1
7326010 1
7331432 1
7334320 1
7338255 1
7341389 1
7341389 1
7343505 1
7352658 1
7354964 1
7355913 1
7356671 1
7361720 1
7372009 1
7377523 1
7380157 1
7381653 1
7383713 1
7383776 1
7385745 1
7387676 1
7389286 1
7391758 1
7393399 1
7393552 1
7409191 1
7410203 1
7413724 1
7416464 1
7431376 1
7441701 1
7469777 1
7475313 1
7481748 1
7483190 1
7483398 1
7484459 1
7491546 1
7497860 1
7510269 1
7513030 1
7517348 1
7517700 1
7521748 1
7525588 1
7527652 1
7531698 1
7537542 1
7537546 1
7538437 1
7542384 1
7542384 1
7543135 1
7545710 1
7545748 1
7546091 1
7550407 1
7552189 1
7556283 1
7557356 1
7558099 1
7560763 1
7569932 1
7569966 1
7578288 1
7579153 1
7586124 1
7593903 1
7599258 1
7601367 1
7601411 1
7609059 1
7618649 1
7623965 1
7635185 1
7641175 1
7644684 1
7648346 1
7648354 1
7659248 1
7661190 1
7661916 1
7663782 1
7665305 1
7671145 1
7676036 1
7682623 1
7693806 1
7698825 1
7703365 1
7717616 1
7721610 1
7723224 1
7727168 1
7730749 1
7731766 1
7737485 1
7738495 1
7740355 1
7741294 1
7744737 1
7745243 1
7754485 1
7773325 1
7774321 1
7777394 1
7777397 1
7783068 1
7787375 1
7805581 1
7831681 1
7839447 1
7847607 1
7849684 1
7853425 1
7857147 1
7857147 1
7859636 1
7859712 1
7861524 1
7871741 1
7876346 1
7879323 1
7888138 1
7888370 1
7902320 1
7905973 1
7910892 1
7924141 1
7930871 1
7936144 1
7937122 1
7941856 1
7942692 1
7950085 1
7953629 1
7955885 1
7956611 1
7959604 1
7960360 1
7966911 1
7976994 1
7981089 1
7984283 1
7985264 1
7996780 1
7997307 1
7999972 1
8006053 1
8007404 1
8008644 1
8009517 1
8024227 1
8025165 1
8031527 1
8044068 1
8049255 1
8049480 1
8059783 1
8060044 1
8064254 1
8099093 1
8101856 1
8103032 1
8106934 1
8108135 1
8108201 1
8108650 1
8112358 1
8113192 1
8114342 1
8116837 1
8118929 1
8120890 1
8124022 1
8126123 1
8127170 1
8130816 1
8147951 1
8165016 1
8167129 1
8184001 1
8186856 1
8186856 1
8202257 1
8206049 1
8210040 1
8211959 1
8214257 1
8216266 1
8216266 1
8217427 1
8218918 1
8219015 1
8225152 1
8233700 1
8246108 1
8261187 1
8264056 1
8276670 1
8288327 1
8295462 1
8296875 1
8306653 1
8308396 1
1766 1
6397 1
30165 1
30387 1
32948 1
34445 1
40042 1
40138 1
52177 1
54180 1
54513 1
60297 1
71830 1
83990 1
100349 1
106862 1
112347 1
112998 1
114733 1
117261 1
117338 1
118227 1
120691 1
126014 1
131321 1
135380 1
137230 1
137876 1
144712 1
145455 1
147574 1
149231 1
150699 1
155444 1
168632 1
169562 1
191394 1
198188 1
199949 1
201559 1
203891 1
208621 1
215252 1
231809 1
233111 1
249600 1
253600 1
254127 1
254472 1
255543 1
263218 1
276229 1
281199 1
288952 1
289086 1
294216 1
298670 1
307366 1
308307 1
308800 1
309035 1
316579 1
317390 1
328014 1
329273 1
338738 1
344671 1
347629 1
348664 1
350064 1
351238 1
352843 1
354565 1
355289 1
356143 1
356526 1
359203 1
359203 1
367272 1
369295 1
372338 1
372500 1
373448 1
375441 1
425016 1
430916 1
434970 1
436168 1
436535 1
445951 1
461258 1
469692 1
478572 1
478572 1
481918 1
484522 1
485643 1
491810 1
496744 1
502411 1
503218 1
506908 1
509290 1
512522 1
514448 1
522590 1
523349 1
524721 1
531221 1
537062 1
546649 1
547093 1
548510 1
549466 1
552404 1
559354 1
560366 1
566367 1
567697 1
567800 1
568320 1
569823 1
570233 1
573263 1
603284 1
606716 1
610450 1
610450 1
613941 1
625479 1
633527 1
646019 1
654770 1
655179 1
655438 1
677402 1
681660 1
687473 1
709545 1
712272 1
718171 1
718563 1
724985 1
724985 1
725351 1
725928 1
737665 1
741668 1
743279 1
764888 1
765496 1
774204 1
787439 1
791728 1
798563 1
804496 1
809023 1
811376 1
813225 1
813225 1
813254 1
817621 1
817621 1
833055 1
833296 1
833395 1
838373 1
838405 1
838565 1
847251 1
847661 1
848774 1
854432 1
859046 1
877659 1
883608 1
888277 1
888630 1
894880 1
911369 1
913716 1
917257 1
920089 1
926140 1
926937 1
928978 1
929460 1
930620 1
936305 1
939674 1
946010 1
952524 1
955056 1
957283 1
962591 1
962591 1
962682 1
965371 1
971275 1
980336 1
980339 1
980796 1
989250 1
1001875 1
1003226 1
1004926 1
1011215 1
1016018 1
1022446 1
1022468 1
1029296 1
1030829 1
1031014 1
1037306 1
1039144 1
1040549 1
1041185 1
1050064 1
1054783 1
1057087 1
1075779 1
1077400 1
1078940 1
1080481 1
1083311 1
1085840 1
1095390 1
1097561 1
1097561 1
1098340 1
1098340 1
1099944 1
1099952 1
1101802 1
1103811 1
1106924 1
1119264 1
1122528 1
1127621 1
1127841 1
1141189 1
1149466 1
1160601 1
1161847 1
1162209 1
1166603 1
1167231 1
1176137 1
1177448 1
1181609 1
1185011 1
1186334 1
1187429 1
1189829 1
1194951 1
1195510 1
1201580 1
1202346 1
1205082 1
1205838 1
1206790 1
1211817 1
1214555 1
1224980 1
1226565 1
1227760 1
1233228 1
1237795 1
1241130 1
1245285 1
1245824 1
1254743 1
1260693 1
1274620 1
1274986 1
1275460 1
1278215 1
1287595 1
1292551 1
1292816 1
1295216 1
1305815 1
1306024 1
1307599 1
1309149 1
1311222 1
1321903 1
1328444 1
1331491 1
1333637 1
1334925 1
1338896 1
1347952 1
1359767 1
1362229 1
1362333 1
1363554 1
1368824 1
1369341 1
1372940 1
1380853 1
1390864 1
1394250 1
1394250 1
1395507 1
1397586 1
1405378 1
1410735 1
1417418 1
1417918 1
1418264 1
1419635 1
1420239 1
1422741 1
1432637 1
1439012 1
1441222 1
1444389 1
1447270 1
1459780 1
1467764 1
1470767 1
1472167 1
1476286 1
1477884 1
1477974 1
1481337 1
1497114 1
1502149 1
1504684 1
1505708 1
1509438 1
1512143 1
1516101 1
1531027 1
1533529 1
1536027 1
1539289 1
1546295 1
1553558 1
1554794 1
1554794 1
1555885 1
1560753 1
1567847 1
1576527 1
1576757 1
1579506 1
1581359 1
1603927 1
1607632 1
1608261 1
1611084 1
1619087 1
1619524 1
1621380 1
1626169 1
1628832 1
1635900 1
1637776 1
1638731 1
1639189 1
1641407 1
1644211 1
1646417 1
1654492 1
1655513 1
1655513 1
1657303 1
1658024 1
1662690 1
1662894 1
1666992 1
1672783 1
1675938 1
1679348 1
1682130 1
1688100 1
1694846 1
1698043 1
1699945 1
1701877 1
1703075 1
1706702 1
1708413 1
1708749 1
1714139 1
1724262 1
1725457 1
1744769 1
1745517 1
1752031 1
1761104 1
1762232 1
1765126 1
1765793 1
1767063 1
1780821 1
1786844 1
1789309 1
1794440 1
1794553 1
1798632 1
1798749 1
1811313 1
1815469 1
1824657 1
1828793 1
1831584 1
1835525 1
1837368 1
1842209 1
1850402 1
1850721 1
1854853 1
1857910 1
1862220 1
1876783 1
1880432 1
1882658 1
1883417 1
1886293 1
1888037 1
1891043 1
1899418 1
1901723 1
1903443 1
1910080 1
1913016 1
1916405 1
1919934 1
1922985 1
1924471 1
1929659 1
1930634 1
1938422 1
1964776 1
1965843 1
1968929 1
1977429 1
1982136 1
1982300 1
1989467 1
1992359 1
1992359 1
1994469 1
1998358 1
2018676 1
2023396 1
2033247 1
2036272 1
2055169 1
2057699 1
2064698 1
2065109 1
2071815 1
2072965 1
2073189 1
2076880 1
2080459 1
2082520 1
2083269 1
2093773 1
2097436 1
2103854 1
2104165 1
2104455 1
2114697 1
2114905 1
2114974 1
2116667 1
2116678 1
2118370 1
2118415 1
2123006 1
2127113 1
2131646 1
2134095 1
2138164 1
2146352 1
2150923 1
2153875 1
2155688 1
2157643 1
2163727 1
2171309 1
2173616 1
2174849 1
2175606 1
2187279 1
2192281 1
2195014 1
2198814 1
2201265 1
2213671 1
2213671 1
2218844 1
2219803 1
2222834 1
2232796 1
2233314 1
2233586 1
2234205 1
2234331 1
2237839 1
2239621 1
2246609 1
2249424 1
2256282 1
2258051 1
2265589 1
2266477 1
2272933 1
2273660 1
2274116 1
2274417 1
2305269 1
2307178 1
2308684 1
2311598 1
2311598 1
2311737 1
2323081 1
2324872 1
2328577 1
2331372 1
2357112 1
2358059 1
2363190 1
2366699 1
2367677 1
2369876 1
2374429 1
2387126 1
2393329 1
2393479 1
2418486 1
2421166 1
2421540 1
2431054 1
2431836 1
2431928 1
2432642 1
2436005 1
2441951 1
2455487 1
2459882 1
2468222 1
2486420 1
2495590 1
2495972 1
2496191 1
2498895 1
2501254 1
2501396 1
2506920 1
2507074 1
2520671 1
2524880 1
2529345 1
2531603 1
2531858 1
2544057 1
2548375 1
2550030 1
2559235 1
2570566 1
2572462 1
2576419 1
2578412 1
2584039 1
2584177 1
2585549 1
2592343 1
2592844 1
2593344 1
2593344 1
2601349 1
2601400 1
2607370 1
2608609 1
2616988 1
2620025 1
2620949 1
2625522 1
2632201 1
2636417 1
2649068 1
2649349 1
2651016 1
2657240 1
2661289 1
2665734 1
2666917 1
2669962 1
2671166 1
2672347 1
2673480 1
2684512 1
2685841 1
2698141 1
2701352 1
2703172 1
2703777 1
2703939 1
2707922 1
2708745 1
2710979 1
2712154 1
2713601 1
2722810 1
2722820 1
2726104 1
2739171 1
2746985 1
2747857 1
2764211 1
2768719 1
2780100 1
2781148 1
2782566 1
2785281 1
2791629 1
2793467 1
2795652 1
2803163 1
2812559 1
2817742 1
2818388 1
2821895 1
2826805 1
2828928 1
2828928 1
2838485 1
2840490 1
2841349 1
2850553 1
2852778 1
2854828 1
2857229 1
2859107 1
2860923 1
2861112 1
2862565 1
2865480 1
2870314 1
2879861 1
2882814 1
2882814 1
2882831 1
2885988 1
2886763 1
2895340 1
2902485 1
2907080 1
2919662 1
2921517 1
2927897 1
2928605 1
2929051 1
2929949 1
2940097 1
2945993 1
2957833 1
2970664 1
2973741 1
2974978 1
2976693 1
2979706 1
2986275 1
2987465 1
2988286 1
2989988 1
2992002 1
3000821 1
3001965 1
3002770 1
3003302 1
3003713 1
3005439 1
3007450 1
3009362 1
3009494 1
3011647 1
3013136 1
3014369 1
3023758 1
3024502 1
3025501 1
3027410 1
3027565 1
3032152 1
3036833 1
3039967 1
3041529 1
3043246 1
3059300 1
3066321 1
3071117 1
3077941 1
3078017 1
3086261 1
3086494 1
3095063 1
3097864 1
3099760 1
3105105 1
3105555 1
3113873 1
3113906 1
3115617 1
3125540 1
3129211 1
3136206 1
3136965 1
3136965 1
3137068 1
3142368 1
3157385 1
3179329 1
3183951 1
3196711 1
3210049 1
3214292 1
3214774 1
3217797 1
3243489 1
3249261 1
3253425 1
3258160 1
3263034 1
3269762 1
3276396 1
3277799 1
3281950 1
3284543 1
3292109 1
3305108 1
3307113 1
3316147 1
3319151 1
3319882 1
3329427 1
3331236 1
3333355 1
3370801 1
3372232 1
3372803 1
3374078 1
3377503 1
3393049 1
3412920 1
3425432 1
3431861 1
3437067 1
3458184 1
3470179 1
3479374 1
3481761 1
3486940 1
3497111 1
3498058 1
3502192 1
3504810 1
3507102 1
3507645 1
3507672 1
3509086 1
3517425 1
3518899 1
3523107 1
3523993 1
3532077 1
3533710 1
3535269 1
3535779 1
3541018 1
3542852 1
3544522 1
3566360 1
3572531 1
3577150 1
3577870 1
3582327 1
3585606 1
3585749 1
3589581 1
3589969 1
3592616 1
3600959 1
3605337 1
3616100 1
3621621 1
3629312 1
3635943 1
3635982 1
3642252 1
3647734 1
3649234 1
3655842 1
3656286 1
3665293 1
3665355 1
3671357 1
3672194 1
3674776 1
3682211 1
3682545 1
3683540 1
3688801 1
3691017 1
3691017 1
3693135 1
3693620 1
3697406 1
3698620 1
3700815 1
3704607 1
3705338 1
3710056 1
3710451 1
3710905 1
3715350 1
3715350 1
3715563 1
3716486 1
3717385 1
3724062 1
3727620 1
3729237 1
3734465 1
3737739 1
3745126 1
3749074 1
3750162 1
3751415 1
3759063 1
3759117 1
3762425 1
3762570 1
3763526 1
3763756 1
3773311 1
3786373 1
3789643 1
3790102 1
3798803 1
3799840 1
3802999 1
3803708 1
3804640 1
3810752 1
3811903 1
3814717 1
3815508 1
3827033 1
3831054 1
3833789 1
3837941 1
3848970 1
3856933 1
3876091 1
3883245 1
3892913 1
3893430 1
3894754 1
3898233 1
3907187 1
3911974 1
3914116 1
3914258 1
3925050 1
3927379 1
3930605 1
3936135 1
3937055 1
3956370 1
3963112 1
3970086 1
4003740 1
4004918 1
4008780 1
4010177 1
4014589 1
4017462 1
4020924 1
4021107 1
4021421 1
4022768 1
4022928 1
4025831 1
4028705 1
4029515 1
4029557 1
4036375 1
4036375 1
4037147 1
4040748 1
4043433 1
4049377 1
4050208 1
4050344 1
4051994 1
4063650 1
4066020 1
4066034 1
4069693 1
4070193 1
4070653 1
4073710 1
4087468 1
4092262 1
4092762 1
4093368 1
4097646 1
4099755 1
4103701 1
4110058 1
4110805 1
4117284 1
4129856 1
4136311 1
4143568 1
4144533 1
4159652 1
4163659 1
4164814 1
4166272 1
4167965 1
4171598 1
4179891 1
4180308 1
4193536 1
4197105 1
4197374 1
4208089 1
4208260 1
4209655 1
4210327 1
4210651 1
4212043 1
4213328 1
4222084 1
4226689 1
4235114 1
4239549 1
4254786 1
4256912 1
4264993 1
4268330 1
4270095 1
4270095 1
4272854 1
4276477 1
4278939 1
4281137 1
4285060 1
4292077 1
4297251 1
4298197 1
4299565 1
4300868 1
4306101 1
4306455 1
4313627 1
4320349 1
4321638 1
4323850 1
4330724 1
4334843 1
4339997 1
4340671 1
4347985 1
4350668 1
4351645 1
4354591 1
4356293 1
4358933 1
4361372 1
4362452 1
4373087 1
4373477 1
4376350 1
4378817 1
4380472 1
4380716 1
4381672 1
4385044 1
4387789 1
4390859 1
4398794 1
4400503 1
4401519 1
4401896 1
4402753 1
4402770 1
4406459 1
4409970 1
4421647 1
4423108 1
4427889 1
4429535 1
4432749 1
4440644 1
4440697 1
4440949 1
4448336 1
4464167 1
4473257 1
4476921 1
4479003 1
4482603 1
4490984 1
4494082 1
4500315 1
4509811 1
4526364 1
4526496 1
4530618 1
4530687 1
4531853 1
4532834 1
4536064 1
4541507 1
4542708 1
4542828 1
4550382 1
4556657 1
4567184 1
4614294 1
4622559 1
4636203 1
4641608 1
4648385 1
4665443 1
4666851 1
4677615 1
4682651 1
4684858 1
4687924 1
4692843 1
4703688 1
4704176 1
4705983 1
4713446 1
4717446 1
4724040 1
4729990 1
4730186 1
4732563 1
4735714 1
4736504 1
4738880 1
4739694 1
4740056 1
4743739 1
4745744 1
4749810 1
4755048 1
4758545 1
4759724 1
4762913 1
4779989 1
4786847 1
4788914 1
4797525 1
4804612 1
4805043 1
4813483 1
4814103 1
4816806 1
4820044 1
4822576 1
4825653 1
4826000 1
4834186 1
4836900 1
4836989 1
4839795 1
4846266 1
4857398 1
4863339 1
4866417 1
4866523 1
4875034 1
4877810 1
4882372 1
4888602 1
4897055 1
4940794 1
4948988 1
4950107 1
4958952 1
4958972 1
4959053 1
4960504 1
4963435 1
4966125 1
4968856 1
4972795 1
4974515 1
4978854 1
4981481 1
4988012 1
4988065 1
4996504 1
4998213 1
4998851 1
4998856 1
4999526 1
5000679 1
5006037 1
5006861 1
5009300 1
5016698 1
5022723 1
5027744 1
5029176 1
5029563 1
5033823 1
5035683 1
5038648 1
5041013 1
5041013 1
5047104 1
5050451 1
5058659 1
5062956 1
5064330 1
5068704 1
5075440 1
5087988 1
5093944 1
5098497 1
5101671 1
5112312 1
5115635 1
5118944 1
5131017 1
5131213 1
5143310 1
5143849 1
5146277 1
5146278 1
5153892 1
5154948 1
5160013 1
5160936 1
5172467 1
5172639 1
5173167 1
5176188 1
5178428 1
5179614 1
5182965 1
5198099 1
5210827 1
5218199 1
5218296 1
5222143 1
5231849 1
5259484 1
5268460 1
5272809 1
5277471 1
5301387 1
5302945 1
5307999 1
5313430 1
5323267 1
5331713 1
5334287 1
5339579 1
5340167 1
5342819 1
5347999 1
5351230 1
5354929 1
5356822 1
5360813 1
5369906 1
5369906 1
5371037 1
5372295 1
5374321 1
5376152 1
5377279 1
5377673 1
5399533 1
5418907 1
5423586 1
5426101 1
5429468 1
5432405 1
5446251 1
5449576 1
5451911 1
5454782 1
5458550 1
5463139 1
5464389 1
5488285 1
5489166 1
5491360 1
5495869 1
5497683 1
5503114 1
5511012 1
5521769 1
5534407 1
5536447 1
5536986 1
5547351 1
5565930 1
5566846 1
5567619 1
5576242 1
5576252 1
5577067 1
5577531 1
5587219 1
5590847 1
5591427 1
5592315 1
5594937 1
5595630 1
5600442 1
5604776 1
5606870 1
5613940 1
5618280 1
5620157 1
5636822 1
5643345 1
5657854 1
5658967 1
5661198 1
5671410 1
5677850 1
5680823 1
5681951 1
5682733 1
5687275 1
5688362 1
5694790 1
5703448 1
5704484 1
5709725 1
5751917 1
5767470 1
5768076 1
5774095 1
5776728 1
5779100 1
5779459 1
5780303 1
5783685 1
5783917 1
5788195 1
5788421 1
5796198 1
5800237 1
5802502 1
5808216 1
5808921 1
5809136 1
5810121 1
5811153 1
5815051 1
5821882 1
5823032 1
5824292 1
5825810 1
5825810 1
5829735 1
5858639 1
5881194 1
5892567 1
5904245 1
5905446 1
5906746 1
5918562 1
5920326 1
5921757 1
5921989 1
5921993 1
5932429 1
5934287 1
5940087 1
5943170 1
5945660 1
5949738 1
5950667 1
5954693 1
5956248 1
5960114 1
5960637 1
5968564 1
5971281 1
5971450 1
5971797 1
5974452 1
5974640 1
5981278 1
5981278 1
5981912 1
5981975 1
5986122 1
5989875 1
5999239 1
6002196 1
6003052 1
6009800 1
6011753 1
6015332 1
6015510 1
6025484 1
6028079 1
6031031 1
6057056 1
6070904 1
6072594 1
6095727 1
6102449 1
6119111 1
6122808 1
6132244 1
6142060 1
6145338 1
6145746 1
6151836 1
6151836 1
6153244 1
6156096 1
6156319 1
6172099 1
6182640 1
6186002 1
6186301 1
6188242 1
6197485 1
6198803 1
6204104 1
6204104 1
6204104 1
6204104 1
6205580 1
6207659 1
6227534 1
6228693 1
6228739 1
6233303 1
6237291 1
6256855 1
6257781 1
6272389 1
6282564 1
6283157 1
6286256 1
6290887 1
6294343 1
6308614 1
6310735 1
6311356 1
6329936 1
6330832 1
6339172 1
6346584 1
6354656 1
6355186 1
6358044 1
6360662 1
6364522 1
6364648 1
6368448 1
6368862 1
6374877 1
6375224 1
6381118 1
6386003 1
6408992 1
6408992 1
6410578 1
6419978 1
6420382 1
6420863 1
6423399 1
6423771 1
6431698 1
6439410 1
6447514 1
6447701 1
6448313 1
6453243 1
6457919 1
6469345 1
6469753 1
6474307 1
6479913 1
6490483 1
6499672 1
6503380 1
6504984 1
6505871 1
6508027 1
6513073 1
6516058 1
6521459 1
6521491 1
6524102 1
6530890 1
6533059 1
6535948 1
6540113 1
6542145 1
6544884 1
6547690 1
6547690 1
6547807 1
6551061 1
6563703 1
6564130 1
6586498 1
6586558 1
6591990 1
6598076 1
6603244 1
6609580 1
6616280 1
6628001 1
6628312 1
6629146 1
6641030 1
6648049 1
6648501 1
6648899 1
6652742 1
6655354 1
6656507 1
6666207 1
6674259 1
6676930 1
6680559 1
6680679 1
6688345 1
6698420 1
6707557 1
6710901 1
6711022 1
6715974 1
6733982 1
6755529 1
6759498 1
6759778 1
6761739 1
6762110 1
6762537 1
6763455 1
6769747 1
6775345 1
6779226 1
6779860 1
6785384 1
6789765 1
6790845 1
6790845 1
6791881 1
6796785 1
6798168 1
6802580 1
6804126 1
6804486 1
6804589 1
6806668 1
6807169 1
6807582 1
6824422 1
6829761 1
6831874 1
6837383 1
6847531 1
6849332 1
6850768 1
6851490 1
6851599 1
6856917 1
6859849 1
6867922 1
6874541 1
6875628 1
6885503 1
6890492 1
6899779 1
6905748 1
6906532 1
6908866 1
6909774 1
6913214 1
6924683 1
6926245 1
6929795 1
6933325 1
6934813 1
6936333 1
6937637 1
6937832 1
6940530 1
6941270 1
6949007 1
6953585 1
6965594 1
6967352 1
6968842 1
6970171 1
6972311 1
6973117 1
6973540 1
6974805 1
6977345 1
6995647 1
7003980 1
7014599 1
7017595 1
7019987 1
7026513 1
7028408 1
7039570 1
7041654 1
7047909 1
7047957 1
7049572 1
7050301 1
7055252 1
7067228 1
7072805 1
7074818 1
7076186 1
7079145 1
7081650 1
7082049 1
7082290 1
7087770 1
7090040 1
7100636 1
7106346 1
7108092 1
7108273 1
7109867 1
7109875 1
7110769 1
7114362 1
7115748 1
7116168 1
7118147 1
7118147 1
7118321 1
7119622 1
7120355 1
7121504 1
7123350 1
7125495 1
7126050 1
7127109 1
7130951 1
7133144 1
7135023 1
7160910 1
7175119 1
7186069 1
7187906 1
7189398 1
7190625 1
7198741 1
7200972 1
7202759 1
7202779 1
7212980 1
7214796 1
7227003 1
7227907 1
7228056 1
7228060 1
7239324 1
7239834 1
7246039 1
7246039 1
7246039 1
7246039 1
7248450 1
7249189 1
7253716 1
7258174 1
7268648 1
7277432 1
7280163 1
7281226 1
7293530 1
7295261 1
7297985 1
7299082 1
7308272 1
7311288 1
7315849 1
7315849 1
7316452 1
7320922 1
7326073 1
7328831 1
7333330 1
7346441 1
7347197 1
7347510 1
7349673 1
7353838 1
7362526 1
7364554 1
7364554 1
7365492 1
7374984 1
7376556 1
7377801 1
7385921 1
7388325 1
7389692 1
7397844 1
7401008 1
7401196 1
7403703 1
7409150 1
7410741 1
7414421 1
7418767 1
7422758 1
7424724 1
7427579 1
7427663 1
7436481 1
7436659 1
7447047 1
7457099 1
7465805 1
7466033 1
7468321 1
7487957 1
7490700 1
7493365 1
7494685 1
7494995 1
7496756 1
7499186 1
7499188 1
7502556 1
7507956 1
7508850 1
7515590 1
7516175 1
7520663 1
7522010 1
7522457 1
7522979 1
7527438 1
7539148 1
7541334 1
7548036 1
7553640 1
7562869 1
7564659 1
7577690 1
7585238 1
7591911 1
7592705 1
7593278 1
7593659 1
7598518 1
7602240 1
7607456 1
7608784 1
7628480 1
7628584 1
7629037 1
7629553 1
7634072 1
7636695 1
7640140 1
7648038 1
7653254 1
7660330 1
7660332 1
7660440 1
7663247 1
7669585 1
7669728 1
7700281 1
7703731 1
7705582 1
7708013 1
7711722 1
7726896 1
7727689 1
7728706 1
7728706 1
7729182 1
7729679 1
7732025 1
7733389 1
7735761 1
7737342 1
7740897 1
7745258 1
7748565 1
7753360 1
7755796 1
7771978 1
7776117 1
7780869 1
7781071 1
7784514 1
7787114 1
7791864 1
7792987 1
7794268 1
7803270 1
7803778 1
7805046 1
7828486 1
7829257 1
7829752 1
7831883 1
7836298 1
7837683 1
7839919 1
7841957 1
7848051 1
7848937 1
7853492 1
7859003 1
7862876 1
7862981 1
7865798 1
7867562 1
7870265 1
7884552 1
7902787 1
7903579 1
7903579 1
7908496 1
7910418 1
7911348 1
7913737 1
7913737 1
7915992 1
7916923 1
7917458 1
7918970 1
7920266 1
7920541 1
7923676 1
7929970 1
7930077 1
7935970 1
7938163 1
7938672 1
7945129 1
7945755 1
7948726 1
7949663 1
7950604 1
7965006 1
7967581 1
7977213 1
7978406 1
7980813 1
7985156 1
8003058 1
8005158 1
8018596 1
8021390 1
8024102 1
8024668 1
8025830 1
8029883 1
8036067 1
8038795 1
8039444 1
8042264 1
8043268 1
8043875 1
8044154 1
8047644 1
8048370 1
8049798 1
8051831 1
8053001 1
8053700 1
8060023 1
8062526 1
8071465 1
8076192 1
8079700 1
8085818 1
8087066 1
8087541 1
8088240 1
8097582 1
8104937 1
8126390 1
8131777 1
8135290 1
8144225 1
8155746 1
8175626 1
8182692 1
8184704 1
8190455 1
8193485 1
8207693 1
8208190 1
8209352 1
8209787 1
8221899 1
8222081 1
8223138 1
8224010 1
8234384 1
8237389 1
8243590 1
8254626 1
8255228 1
8255228 1
8264857 1
8264857 1
8269893 1
8276439 1
8301305 1
8302902 1
8304834 1
8363 1
10584 1
30676 1
33978 1
35532 1
37837 1
42798 1
46401 1
51692 1
54780 1
55611 1
55673 1
61583 1
64322 1
67754 1
68686 1
90547 1
92133 1
99120 1
108552 1
109579 1
110298 1
117946 1
118320 1
119543 1
120727 1
121571 1
123706 1
127027 1
128384 1
131617 1
135476 1
138012 1
139344 1
142973 1
143608 1
163096 1
167465 1
176751 1
177839 1
181980 1
192322 1
193909 1
210181 1
211110 1
215552 1
215794 1
225028 1
225753 1
225960 1
227011 1
231641 1
242626 1
242626 1
247021 1
249764 1
250864 1
257132 1
261771 1
264588 1
267463 1
269885 1
270369 1
274384 1
275711 1
279525 1
280063 1
284768 1
295085 1
295183 1
304549 1
307232 1
308732 1
310103 1
311374 1
312932 1
315868 1
316554 1
318749 1
321304 1
326369 1
328523 1
333823 1
334633 1
334874 1
344015 1
347304 1
348416 1
350051 1
350051 1
353573 1
360106 1
364711 1
367904 1
371702 1
386648 1
390786 1
404298 1
415590 1
415821 1
415930 1
425606 1
425953 1
426827 1
428796 1
428985 1
433496 1
434610 1
447801 1
447900 1
447973 1
450632 1
455401 1
456425 1
470459 1
475126 1
475868 1
476117 1
479421 1
484855 1
486337 1
497115 1
500692 1
500770 1
506980 1
506980 1
507920 1
508949 1
511173 1
516432 1
517625 1
520708 1
525831 1
525868 1
532035 1
563628 1
564009 1
567210 1
570919 1
572116 1
576759 1
580602 1
581062 1
589561 1
590805 1
591445 1
607986 1
608053 1
620751 1
621848 1
627700 1
627700 1
636937 1
640426 1
646042 1
652003 1
652003 1
658748 1
659878 1
660047 1
663904 1
674198 1
705514 1
709314 1
710058 1
717308 1
720861 1
735366 1
740537 1
740537 1
741267 1
742379 1
745037 1
756919 1
757139 1
762644 1
771640 1
776018 1
776038 1
779742 1
779742 1
780424 1
787512 1
788319 1
793377 1
802213 1
807473 1
812370 1
814764 1
819071 1
819142 1
819198 1
837164 1
837546 1
838277 1
849147 1
862172 1
870981 1
877930 1
878147 1
880682 1
885141 1
889362 1
890522 1
905817 1
911040 1
913434 1
917100 1
919065 1
921528 1
922865 1
923580 1
936529 1
936719 1
944350 1
952568 1
953852 1
956169 1
963479 1
970410 1
971500 1
974641 1
976711 1
981618 1
984339 1
985205 1
1002880 1
1006026 1
1007395 1
1022592 1
1022793 1
1028441 1
1047206 1
1047433 1
1059907 1
1080402 1
1081546 1
1091626 1
1097505 1
1100406 1
1102869 1
1127289 1
1133183 1
1134436 1
1136240 1
1137078 1
1144339 1
1149772 1
1153443 1
1161002 1
1161348 1
1161348 1
1163144 1
1164653 1
1165147 1
1166465 1
1170264 1
1179590 1
1187196 1
1187542 1
1187771 1
1196332 1
1202284 1
1205596 1
1206314 1
1206314 1
1208587 1
1211224 1
1211833 1
1217200 1
1217443 1
1223006 1
1224007 1
1225931 1
1225984 1
1226827 1
1237569 1
1247345 1
1247673 1
1249839 1
1257656 1
1261165 1
1271845 1
1271947 1
1272430 1
1285088 1
1307221 1
1315803 1
1316232 1
1323611 1
1326951 1
1328348 1
1329993 1
1335784 1
1337021 1
1338819 1
1338837 1
1344111 1
1345117 1
1355709 1
1359180 1
1367708 1
1373188 1
1373188 1
1374104 1
1378256 1
1381596 1
1382945 1
1384302 1
1385713 1
1391664 1
1400316 1
1403595 1
1407456 1
1407520 1
1410651 1
1411815 1
1412211 1
1416816 1
1421134 1
1421884 1
1427302 1
1429526 1
1445669 1
1449576 1
1452581 1
1456502 1
1461165 1
1461548 1
1462492 1
1470384 1
1475006 1
1476773 1
1477867 1
1479084 1
1479763 1
1483544 1
1485552 1
1488154 1
1488422 1
1491214 1
1495748 1
1496047 1
1505110 1
1505110 1
1506766 1
1518191 1
1523470 1
1523677 1
1531174 1
1533556 1
1538846 1
1540690 1
1544941 1
1548761 1
1550510 1
1566669 1
1570998 1
1571597 1
1572428 1
1572894 1
1578033 1
1588759 1
1592093 1
1593563 1
1602887 1
1608764 1
1610659 1
1618259 1
1618300 1
1620892 1
1622067 1
1625632 1
1627225 1
1635300 1
1645897 1
1647315 1
1652359 1
1659341 1
1663789 1
1664379 1
1666988 1
1671785 1
1672670 1
1676222 1
1679990 1
1692708 1
1694919 1
1694919 1
1696521 1
1700354 1
1704780 1
1707717 1
1714306 1
1721497 1
1722941 1
1722941 1
1723924 1
1723928 1
1729070 1
1731861 1
1745372 1
1751628 1
1758794 1
1762613 1
1774764 1
1775937 1
1778596 1
1784261 1
1786163 1
1786799 1
1787311 1
1790335 1
1802397 1
1804996 1
1807961 1
1817665 1
1819769 1
1830283 1
1837219 1
1851805 1
1853913 1
1856357 1
1859793 1
1880081 1
1880470 1
1887315 1
1887899 1
1897663 1
1898207 1
1899708 1
1899896 1
1902771 1
1905020 1
1905141 1
1908745 1
1920843 1
1922946 1
1927299 1
1928779 1
1933402 1
1936023 1
1937047 1
1938195 1
1952120 1
1959923 1
1960016 1
1964768 1
1967440 1
1968134 1
1968134 1
1979336 1
1990648 1
2003550 1
2006928 1
2007122 1
2008464 1
2015220 1
2026279 1
2026463 1
2027473 1
2028434 1
2037150 1
2042332 1
2046627 1
2048930 1
2058564 1
2061920 1
2073314 1
2073693 1
2078931 1
2094094 1
2098168 1
2099834 1
2103379 1
2107459 1
2108060 1
2110298 1
2111170 1
2111426 1
2126557 1
2126758 1
2126980 1
2128762 1
2131323 1
2132401 1
2133742 1
2133742 1
2135724 1
2141524 1
2150309 1
2152231 1
2165422 1
2167417 1
2167463 1
2183456 1
2184711 1
2185732 1
2190667 1
2196962 1
2210730 1
2210746 1
2211423 1
2212551 1
2214342 1
2223800 1
2229631 1
2235667 1
2238996 1
2240715 1
2248089 1
2255026 1
2257808 1
2259793 1
2265151 1
2265615 1
2266156 1
2269370 1
2278654 1
2279073 1
2282920 1
2283761 1
2287246 1
2293976 1
2302321 1
2309943 1
2311233 1
2317386 1
2319885 1
2326792 1
2328216 1
2328678 1
2337151 1
2345720 1
2355135 1
2360455 1
2361429 1
2362345 1
2367582 1
2373675 1
2385477 1
2394784 1
2406073 1
2407184 1
2408525 1
2411575 1
2411822 1
2414845 1
2415750 1
2417056 1
2419142 1
2422373 1
2422374 1
2422760 1
2429491 1
2440191 1
2440473 1
2444608 1
2445558 1
2453498 1
2454072 1
2459251 1
2467454 1
2469705 1
2481617 1
2484637 1
2489539 1
2491463 1
2492125 1
2494888 1
2501146 1
2501176 1
2506218 1
2511420 1
2518554 1
2527342 1
2528529 1
2544306 1
2554727 1
2558011 1
2564426 1
2565934 1
2586269 1
2588413 1
2590427 1
2590674 1
2591613 1
2594097 1
2597957 1
2601442 1
2603427 1
2608684 1
2608811 1
2612548 1
2621836 1
2624427 1
2636843 1
2637781 1
2642516 1
2643088 1
2645146 1
2650271 1
2652127 1
2656359 1
2663402 1
2668449 1
2672605 1
2678482 1
2687864 1
2688685 1
2700469 1
2705841 1
2711313 1
2715610 1
2716058 1
2721661 1
2721953 1
2726011 1
2727470 1
2729021 1
2731969 1
2732464 1
2732862 1
2733118 1
2740348 1
2741827 1
2742466 1
2756965 1
2757360 1
2763264 1
2765567 1
2766240 1
2771826 1
2773923 1
2774623 1
2775180 1
2776500 1
2779465 1
2787253 1
2788341 1
2791025 1
2792972 1
2800699 1
2809111 1
2809712 1
2810775 1
2810775 1
2817474 1
2821312 1
2829791 1
2849878 1
2850380 1
2860079 1
2865690 1
2871692 1
2872367 1
2876929 1
2880409 1
2881602 1
2882197 1
2887665 1
2889227 1
2894250 1
2897721 1
2907919 1
2916496 1
2919631 1
2922190 1
2923306 1
2923306 1
2929579 1
2932046 1
2932128 1
2940659 1
2942555 1
2944183 1
2947541 1
2952685 1
2955982 1
2956140 1
2959883 1
2961483 1
2971233 1
2976635 1
2977125 1
2988186 1
2989187 1
2991724 1
2993586 1
2994429 1
3003869 1
3006645 1
3016320 1
3016320 1
3026905 1
3033278 1
3037011 1
3044716 1
3047988 1
3053215 1
3055885 1
3057160 1
3058895 1
3062578 1
3070855 1
3097799 1
3104599 1
3106095 1
3106157 1
3110115 1
3111986 1
3113280 1
3113833 1
3130737 1
3134482 1
3145657 1
3148945 1
3151146 1
3162733 1
3164105 1
3165056 1
3169305 1
3171990 1
3172923 1
3176720 1
3177139 1
3180404 1
3185130 1
3186345 1
3187910 1
3200534 1
3201770 1
3203874 1
3210346 1
3214788 1
3216968 1
3223282 1
3227134 1
3230689 1
3233699 1
3234282 1
3252326 1
3253765 1
3266348 1
3271317 1
3279427 1
3290358 1
3290492 1
3298362 1
3303134 1
3303361 1
3306556 1
3307101 1
3308649 1
3309972 1
3311838 1
3320063 1
3320705 1
3321823 1
3323556 1
3325020 1
3334968 1
3335254 1
3339169 1
3341540 1
3345466 1
3358364 1
3358406 1
3364742 1
3368530 1
3369275 1
3376382 1
3377118 1
3383193 1
3397362 1
3403916 1
3408821 1
3409060 1
3413684 1
3414277 1
3419978 1
3429086 1
3433826 1
3436145 1
3441746 1
3449859 1
3451658 1
3451887 1
3456224 1
3461318 1
3464578 1
3468267 1
3470135 1
3475418 1
3481650 1
3491685 1
3492769 1
3507359 1
3512304 1
3513545 1
3514059 1
3526199 1
3529591 1
3529591 1
3532847 1
3534605 1
3534605 1
3535655 1
3539035 1
3560257 1
3564041 1
3565743 1
3566014 1
3569347 1
3570841 1
3573607 1
3581955 1
3582305 1
3583588 1
3589339 1
3600513 1
3611514 1
3612109 1
3620156 1
3620156 1
3623220 1
3641643 1
3642305 1
3661111 1
3667028 1
3675364 1
3675460 1
3695085 1
3698580 1
3707720 1
3712119 1
3714986 1
3716630 1
3718282 1
3718578 1
3720637 1
3730988 1
3731035 1
3732541 1
3736158 1
3738749 1
3739305 1
3740630 1
3745030 1
3745561 1
3746961 1
3752700 1
3764452 1
3766555 1
3766636 1
3770326 1
3777065 1
3777707 1
3780367 1
3784822 1
3787817 1
3788632 1
3790194 1
3799647 1
3801067 1
3803184 1
3814099 1
3815143 1
3825985 1
3826908 1
3831776 1
3840420 1
3846850 1
3859152 1
3869146 1
3876994 1
3876994 1
3880584 1
3888745 1
3898315 1
3904387 1
3905135 1
3917044 1
3945072 1
3946235 1
3948424 1
3959830 1
3964860 1
3965971 1
3967263 1
3968485 1
3972794 1
3986460 1
3990133 1
4008592 1
4016776 1
4020944 1
4022472 1
4022730 1
4023794 1
4024200 1
4024346 1
4025876 1
4026770 1
4027762 1
4032956 1
4035837 1
4036229 1
4037510 1
4038345 1
4039102 1
4041838 1
4041838 1
4042398 1
4064370 1
4064694 1
4066236 1
4068744 1
4069859 1
4074942 1
4081225 1
4081354 1
4083019 1
4087193 1
4090206 1
4090362 1
4093554 1
4100555 1
4102316 1
4104940 1
4104940 1
4108970 1
4109569 1
4111020 1
4111261 1
4111483 1
4116919 1
4117128 1
4151889 1
4156031 1
4158544 1
4161430 1
4179445 1
4183420 1
4188520 1
4188576 1
4189171 1
4190214 1
4193320 1
4193366 1
4205970 1
4208635 1
4209109 1
4209116 1
4210967 1
4215675 1
4219361 1
4219365 1
4222689 1
4229647 1
4233793 1
4236835 1
4238569 1
4238772 1
4243103 1
4243135 1
4254598 1
4255907 1
4257336 1
4259411 1
4261144 1
4261274 1
4261379 1
4262053 1
4262880 1
4263174 1
4268567 1
4268567 1
4275340 1
4279376 1
4281012 1
4281732 1
4283034 1
4286985 1
4298027 1
4298929 1
4310452 1
4313684 1
4316708 1
4324724 1
4333858 1
4335059 1
4353628 1
4356453 1
4358475 1
4361178 1
4365438 1
4366601 1
4370705 1
4371154 1
4375963 1
4377194 1
4382279 1
4385008 1
4386782 1
4394452 1
4394609 1
4399306 1
4408249 1
4410648 1
4413220 1
4415906 1
4417000 1
4418231 1
4428265 1
4430718 1
4440842 1
4467452 1
4468945 1
4470286 1
4473747 1
4474572 1
4486370 1
4486572 1
4489671 1
4489671 1
4490776 1
4490842 1
4497429 1
4503043 1
4514448 1
4522023 1
4523123 1
4523205 1
4527294 1
4531302 1
4534108 1
4540165 1
4541105 1
4547246 1
4551847 1
4552187 1
4555468 1
4561418 1
4565249 1
4568918 1
4572880 1
4572893 1
4577834 1
4580685 1
4581203 1
4593348 1
4610932 1
4617938 1
4620338 1
4626767 1
4634073 1
4637750 1
4648639 1
4650764 1
4651330 1
4652054 1
4653698 1
4663932 1
4670010 1
4671924 1
4672650 1
4698845 1
4699874 1
4702246 1
4706182 1
4707307 1
4707314 1
4709489 1
4709489 1
4710744 1
4720441 1
4722861 1
4724219 1
4724529 1
4724636 1
4725404 1
4733186 1
4733186 1
4744779 1
4744779 1
4750259 1
4754069 1
4757202 1
4773507 1
4776906 1
4779424 1
4779452 1
4780625 1
4785711 1
4790700 1
4809219 1
4809278 1
4809848 1
4812214 1
4812240 1
4815756 1
4823247 1
4823728 1
4829157 1
4836474 1
4848088 1
4873769 1
4875495 1
4877207 1
4877988 1
4882580 1
4888891 1
4888891 1
4892554 1
4894748 1
4894929 1
4896496 1
4897440 1
4898916 1
4900529 1
4908425 1
4909597 1
4916040 1
4932280 1
4948140 1
4952684 1
4956130 1
4959958 1
4964847 1
4965142 1
4969116 1
4977920 1
4985684 1
4986388 1
4994083 1
4995531 1
4995533 1
4997180 1
4998653 1
4998653 1
5017202 1
5020877 1
5021169 1
5023953 1
5024367 1
5031392 1
5034601 1
5035031 1
5035143 1
5040203 1
5045977 1
5048439 1
5049088 1
5065905 1
5071554 1
5074698 1
5076732 1
5080725 1
5084537 1
5087690 1
5089655 1
5101164 1
5114873 1
5121592 1
5122562 1
5135741 1
5145327 1
5147037 1
5150593 1
5150929 1
5159386 1
5161195 1
5169748 1
5171386 1
5176030 1
5180722 1
5189036 1
5189147 1
5194092 1
5196745 1
5202666 1
5206945 1
5208834 1
5217365 1
5220082 1
5220659 1
5221624 1
5230494 1
5239984 1
5247510 1
5248621 1
5252486 1
5256306 1
5258787 1
5259007 1
5264559 1
5286114 1
5289404 1
5294145 1
5296960 1
5317551 1
5319351 1
5331813 1
5341814 1
5350760 1
5351728 1
5367176 1
5370383 1
5375005 1
5377735 1
5380036 1
5383045 1
5393057 1
5393280 1
5405111 1
5411263 1
5411263 1
5411263 1
5411263 1
5417890 1
5441893 1
5455546 1
5456801 1
5463487 1
5465399 1
5470837 1
5475101 1
5475126 1
5489611 1
5490660 1
5494856 1
5517606 1
5524794 1
5526357 1
5527097 1
5532990 1
5549998 1
5555007 1
5555489 1
5558217 1
5561110 1
5567243 1
5571757 1
5574774 1
5574809 1
5574964 1
5583562 1
5584872 1
5591522 1
5594970 1
5595219 1
5601328 1
5602003 1
5606645 1
5608772 1
5610380 1
5613318 1
5616317 1
5630064 1
5641152 1
5643322 1
5656431 1
5661296 1
5663529 1
5670265 1
5681927 1
5699858 1
5701113 1
5707553 1
5707572 1
5708220 1
5720390 1
5720390 1
5727647 1
5728348 1
5730867 1
5742051 1
5742894 1
5762468 1
5763843 1
5768664 1
5784734 1
5800270 1
5802136 1
5805780 1
5807742 1
5819885 1
5822233 1
5823633 1
5838299 1
5840746 1
5840779 1
5850695 1
5852972 1
5858508 1
5859240 1
5859706 1
5879940 1
5879940 1
5884634 1
5886312 1
5888599 1
5901985 1
5905658 1
5916592 1
5920887 1
5921802 1
5923324 1
5925204 1
5926537 1
5933487 1
5933583 1
5941781 1
5945591 1
5945987 1
5946193 1
5946193 1
5949590 1
5952092 1
5952193 1
5959079 1
5959616 1
5965403 1
5980025 1
5993207 1
6003990 1
6009501 1
6010243 1
6011254 1
6017561 1
6018536 1
6027648 1
6029859 1
6031916 1
6040159 1
6040452 1
6042349 1
6049690 1
6053105 1
6063453 1
6063567 1
6068393 1
6076657 1
6093101 1
6095776 1
6095777 1
6099956 1
6100718 1
6103193 1
6122511 1
6132674 1
6132832 1
6149615 1
6151850 1
6154011 1
6154211 1
6157057 1
6158873 1
6182295 1
6185874 1
6187279 1
6225510 1
6228726 1
6230524 1
6235254 1
6239234 1
6239234 1
6244456 1
6246046 1
6253097 1
6260277 1
6264582 1
6283113 1
6286892 1
6297263 1
6303733 1
6315207 1
6318941 1
6323682 1
6325201 1
6329721 1
6330717 1
6332326 1
6334408 1
6335490 1
6336450 1
6337549 1
6340829 1
6345879 1
6353770 1
6354456 1
6363257 1
6368708 1
6381467 1
6383999 1
6388152 1
6388792 1
6392527 1
6396205 1
6396685 1
6406832 1
6406946 1
6418803 1
6418803 1
6419228 1
6424550 1
6429739 1
6432664 1
6436765 1
6451934 1
6455112 1
6455128 1
6458332 1
6458332 1
6459304 1
6480886 1
6487285 1
6487285 1
6495465 1
6504866 1
6518427 1
6519557 1
6520438 1
6521958 1
6529340 1
6537286 1
6538619 1
6539740 1
6543880 1
6545154 1
6547755 1
6547755 1
6550615 1
6553728 1
6559963 1
6562961 1
6565192 1
6571481 1
6578544 1
6582049 1
6584258 1
6604161 1
6612262 1
6619896 1
6623152 1
6625820 1
6627856 1
6632402 1
6633214 1
6639004 1
6649230 1
6650866 1
6653526 1
6653983 1
6653983 1
6665307 1
6670068 1
6682199 1
6693590 1
6696324 1
6697637 1
6702590 1
6707063 1
6723349 1
6726522 1
6729242 1
6733930 1
6734136 1
6746555 1
6751812 1
6751871 1
6753126 1
6753849 1
6754375 1
6760266 1
6763023 1
6769413 1
6773889 1
6783146 1
6791003 1
6794578 1
6796863 1
6807013 1
6808682 1
6808790 1
6811887 1
6818853 1
6819992 1
6822367 1
6822639 1
6824319 1
6834635 1
6841820 1
6843019 1
6843104 1
6847565 1
6847609 1
6849702 1
6855873 1
6862776 1
6866200 1
6869778 1
6869845 1
6869988 1
6872093 1
6876077 1
6881486 1
6881486 1
6894026 1
6898796 1
6906116 1
6910262 1
6912568 1
6915609 1
6920725 1
6921798 1
6921824 1
6927221 1
6930829 1
6930829 1
6930834 1
6930859 1
6932658 1
6932751 1
6932930 1
6933375 1
6933956 1
6934955 1
6936898 1
6937377 1
6943987 1
6947387 1
6953631 1
6954613 1
6954833 1
6958870 1
6959118 1
6974301 1
6974871 1
6981870 1
6983132 1
6986275 1
6990528 1
6994956 1
7003563 1
7003897 1
7005979 1
7009451 1
7015179 1
7028294 1
7028633 1
7029014 1
7029305 1
7030910 1
7031076 1
7046789 1
7049588 1
7050336 1
7051822 1
7054939 1
7056297 1
7057606 1
7057624 1
7060044 1
7070702 1
7071416 1
7076909 1
7078307 1
7083057 1
7095106 1
7105042 1
7109337 1
7109651 1
7110781 1
7111722 1
7111749 1
7112846 1
7113369 1
7113450 1
7117499 1
7118727 1
7118752 1
7127844 1
7133666 1
7143500 1
7147368 1
7160023 1
7165305 1
7167723 1
7170412 1
7175157 1
7180067 1
7184423 1
7190327 1
7190442 1
7191479 1
7201859 1
7203958 1
7211807 1
7214817 1
7224960 1
7227142 1
7233716 1
7233716 1
7237425 1
7241546 1
7241958 1
7242686 1
7255463 1
7255803 1
7255803 1
7257667 1
7266526 1
7266578 1
7273149 1
7273461 1
7277716 1
7281109 1
7287689 1
7289672 1
7292283 1
7292288 1
7298294 1
7298824 1
7304336 1
7305765 1
7308967 1
7310041 1
7311409 1
7313951 1
7313957 1
7314640 1
7316849 1
7321101 1
7324285 1
7326788 1
7337587 1
7343026 1
7345550 1
7348358 1
7350069 1
7353993 1
7357390 1
7369870 1
7374559 1
7375403 1
7375722 1
7384846 1
7385818 1
7388183 1
7389833 1
7390420 1
7394618 1
7394722 1
7395077 1
7399024 1
7407046 1
7415989 1
7418575 1
7426966 1
7428945 1
7438248 1
7441004 1
7441723 1
7441842 1
7445271 1
7452700 1
7453967 1
7454784 1
7456513 1
7465088 1
7468706 1
7488149 1
7488916 1
7498698 1
7500813 1
7501055 1
7502566 1
7506750 1
7507492 1
7510027 1
7516351 1
7520077 1
7520492 1
7522040 1
7522145 1
7523045 1
7527470 1
7536052 1
7539419 1
7540721 1
7541545 1
7546531 1
7553380 1
7556885 1
7557195 1
7557195 1
7571258 1
7575316 1
7583109 1
7584994 1
7591955 1
7601478 1
7605713 1
7610058 1
7617782 1
7620202 1
7631654 1
7635236 1
7649527 1
7651401 1
7658693 1
7660559 1
7660628 1
7666775 1
7667178 1
7669075 1
7669118 1
7672341 1
7675654 1
7681272 1
7702035 1
7704401 1
7713407 1
7722354 1
7723435 1
7724113 1
7731820 1
7741545 1
7745424 1
7745617 1
7766447 1
7774398 1
7776830 1
7789439 1
7789614 1
7791371 1
7796713 1
7805304 1
7809871 1
7811409 1
7833276 1
7836568 1
7840285 1
7840295 1
7848979 1
7849719 1
7851066 1
7852461 1
7855490 1
7856783 1
7864626 1
7867380 1
7871292 1
7877961 1
7878128 1
7879383 1
7886398 1
7890778 1
7891224 1
7896496 1
7897850 1
7899571 1
7902846 1
7906003 1
7906301 1
7906568 1
7907772 1
7910042 1
7910042 1
7912154 1
7914132 1
7914530 1
7915749 1
7928574 1
7935216 1
7938696 1
7938810 1
7946112 1
7946112 1
7946608 1
7946654 1
7949396 1
7949396 1
7949940 1
7957838 1
7966525 1
7968119 1
7969164 1
7975118 1
7977009 1
7977009 1
7982143 1
7982954 1
7985085 1
7988934 1
7989135 1
7990343 1
8007839 1
8016633 1
8017036 1
8017426 1
8018969 1
8024164 1
8036576 1
8047328 1
8048922 1
8050964 1
8053366 1
8059422 1
8059718 1
8061355 1
8061614 1
8063377 1
8065496 1
8065965 1
8072535 1
8073538 1
8103095 1
8109125 1
8110054 1
8110594 1
8122936 1
8130643 1
8136058 1
8139822 1
8143711 1
8147896 1
8149048 1
8156404 1
8157107 1
8160234 1
8160376 1
8177917 1
8182199 1
8182921 1
8191276 1
8191991 1
8198160 1
8204074 1
8220903 1
8232524 1
8240330 1
8252700 1
8264849 1
8282107 1
8286763 1
8298397 1
8298703 1
26537 1
30443 1
31441 1
41011 1
43752 1
48920 1
57063 1
81915 1
93046 1
97551 1
110343 1
112431 1
114057 1
114282 1
114597 1
115781 1
124959 1
128132 1
131748 1
140845 1
142202 1
142499 1
143180 1
149064 1
150245 1
151105 1
152997 1
157344 1
162195 1
167846 1
169605 1
169705 1
170168 1
171006 1
171067 1
171067 1
173837 1
174352 1
179444 1
181877 1
182779 1
183778 1
185072 1
186336 1
187841 1
191275 1
191789 1
193008 1
200036 1
208724 1
208735 1
209448 1
211174 1
213421 1
217270 1
220792 1
225017 1
227210 1
251943 1
261178 1
270093 1
271716 1
272502 1
281818 1
287563 1
293169 1
310425 1
310425 1
316699 1
320562 1
320570 1
330693 1
339626 1
344878 1
346548 1
351583 1
355129 1
359001 1
360749 1
372133 1
376986 1
383797 1
386514 1
388904 1
407485 1
430461 1
431580 1
434448 1
440653 1
448114 1
450841 1
490339 1
493319 1
499943 1
501265 1
505789 1
512976 1
515090 1
515284 1
515348 1
515428 1
515428 1
536187 1
549605 1
557608 1
558087 1
560423 1
565103 1
568477 1
569521 1
573351 1
575736 1
575874 1
576332 1
581153 1
598337 1
600818 1
603207 1
610959 1
615516 1
616380 1
624750 1
634226 1
640052 1
643105 1
658259 1
658433 1
660169 1
666095 1
667345 1
681417 1
686819 1
687843 1
709337 1
710790 1
718823 1
720962 1
729056 1
730087 1
731633 1
736517 1
736519 1
749223 1
750254 1
758421 1
767661 1
769319 1
769574 1
769649 1
777667 1
783005 1
790405 1
797134 1
800674 1
803733 1
832916 1
833307 1
835076 1
835217 1
837622 1
842468 1
848294 1
859632 1
865191 1
867493 1
898512 1
911357 1
932100 1
936361 1
943823 1
949852 1
950853 1
950879 1
954364 1
956534 1
977725 1
982859 1
984361 1
985896 1
987265 1
987265 1
999829 1
1000428 1
1015947 1
1020420 1
1034126 1
1035854 1
1036177 1
1041366 1
1056185 1
1069852 1
1076624 1
1076935 1
1079634 1
1082278 1
1083399 1
1086509 1
1090123 1
1094689 1
1095207 1
1095368 1
1101417 1
1104777 1
1107392 1
1114839 1
1120537 1
1135491 1
1147555 1
1151010 1
1154018 1
1162976 1
1163100 1
1163475 1
1167107 1
1168821 1
1177132 1
1177375 1
1178606 1
1181667 1
1182114 1
1182126 1
1183802 1
1186881 1
1200232 1
1202291 1
1203284 1
1207443 1
1214062 1
1214935 1
1218008 1
1222052 1
1222357 1
1222430 1
1241681 1
1247689 1
1247782 1
1257509 1
1266450 1
1271154 1
1271784 1
1276029 1
1279710 1
1280581 1
1289314 1
1290118 1
1291655 1
1304382 1
1306390 1
1306413 1
1308180 1
1312574 1
1316910 1
1321325 1
1324086 1
1347838 1
1349287 1
1353950 1
1355188 1
1358168 1
1359364 1
1373087 1
1376068 1
1377811 1
1383480 1
1392696 1
1397265 1
1397565 1
1398640 1
1408236 1
1413961 1
1423188 1
1424956 1
1427536 1
1432884 1
1443702 1
1446380 1
1449276 1
1463060 1
1488536 1
1489772 1
1489772 1
1489966 1
1497497 1
1523793 1
1531848 1
1531961 1
1532931 1
1548841 1
1553936 1
1557271 1
1561697 1
1567230 1
1581959 1
1587401 1
1627849 1
1633277 1
1634325 1
1636804 1
1639740 1
1640077 1
1642239 1
1647920 1
1655134 1
1661139 1
1664998 1
1669502 1
1669570 1
1672659 1
1675169 1
1677678 1
1691430 1
1696090 1
1702183 1
1712240 1
1716297 1
1717272 1
1719615 1
1721004 1
1723546 1
1731456 1
1743539 1
1747929 1
1750463 1
1753892 1
1757934 1
1759565 1
1763829 1
1765806 1
1768749 1
1775719 1
1780163 1
1782803 1
1788483 1
1792888 1
1792888 1
1793020 1
1804093 1
1817412 1
1821021 1
1830509 1
1830512 1
1832180 1
1839105 1
1852725 1
1856689 1
1858641 1
1863156 1
1863239 1
1863766 1
1871789 1
1875011 1
1876915 1
1914488 1
1914774 1
1924874 1
1938658 1
1943614 1
1949285 1
1951104 1
1967514 1
1974234 1
1974350 1
1976101 1
1977381 1
1979873 1
1982561 1
1983433 1
1984669 1
1994230 1
1998776 1
1999179 1
1999389 1
2004677 1
2004802 1
2012268 1
2012268 1
2015351 1
2015424 1
2032440 1
2033595 1
2047750 1
2052944 1
2057319 1
2057319 1
2059003 1
2061018 1
2063353 1
2104863 1
2111644 1
2111844 1
2114521 1
2125837 1
2132681 1
2137654 1
2139846 1
2144493 1
2149282 1
2158748 1
2162732 1
2169841 1
2174291 1
2175568 1
2186055 1
2187978 1
2192306 1
2195190 1
2196039 1
2197485 1
2198264 1
2198340 1
2198761 1
2198763 1
2200301 1
2213478 1
2232059 1
2260566 1
2276007 1
2276359 1
2276974 1
2286377 1
2294765 1
2305118 1
2313433 1
2315041 1
2325707 1
2332655 1
2336011 1
2339854 1
2340242 1
2343500 1
2346371 1
2350559 1
2358681 1
2358681 1
2363146 1
2375931 1
2378798 1
2385570 1
2385765 1
2388506 1
2399818 1
2402717 1
2402805 1
2408310 1
2416684 1
2417912 1
2418983 1
2440429 1
2445584 1
2446350 1
2452949 1
2453048 1
2458086 1
2469333 1
2482683 1
2493820 1
2504872 1
2507265 1
2509941 1
2529554 1
2530889 1
2535058 1
2537929 1
2539315 1
2541479 1
2546193 1
2548155 1
2550614 1
2553337 1
2553337 1
2561208 1
2568356 1
2569740 1
2570121 1
2577272 1
2588913 1
2593921 1
2597605 1
2597605 1
2603110 1
2603795 1
2620088 1
2620891 1
2628480 1
2643197 1
2646277 1
2660500 1
2666366 1
2672248 1
2672248 1
2683864 1
2694353 1
2714051 1
2715314 1
2721765 1
2723492 1
2724900 1
2726538 1
2727042 1
2734677 1
2737659 1
2755588 1
2758220 1
2766209 1
2773183 1
2790229 1
2791041 1
2804597 1
2806609 1
2814305 1
2816401 1
2820870 1
2825610 1
2826476 1
2832575 1
2833344 1
2836024 1
2850557 1
2850810 1
2878498 1
2880121 1
2880202 1
2881762 1
2889647 1
2896954 1
2905128 1
2906143 1
2935716 1
2940882 1
2942887 1
2945958 1
2951798 1
2959560 1
2960741 1
2968659 1
2979048 1
2987781 1
2988446 1
3005764 1
3015199 1
3015710 1
3019766 1
3025696 1
3026166 1
3027810 1
3030036 1
3032686 1
3033387 1
3038803 1
3041804 1
3048335 1
3062042 1
3063765 1
3064453 1
3066874 1
3067910 1
3074387 1
3075367 1
3078893 1
3081547 1
3081936 1
3088219 1
3088536 1
3092454 1
3097500 1
3105506 1
3106678 1
3127592 1
3143813 1
3151890 1
3155493 1
3161948 1
3169242 1
3170595 1
3170836 1
3177619 1
3179389 1
3179625 1
3188384 1
3194200 1
3210500 1
3224572 1
3232778 1
3233952 1
3241707 1
3260663 1
3265081 1
3269901 1
3274136 1
3279770 1
3287523 1
3294840 1
3294939 1
3298333 1
3307181 1
3310756 1
3317945 1
3342413 1
3345384 1
3358208 1
3360157 1
3360872 1
3361057 1
3361828 1
3364017 1
3378177 1
3391498 1
3406543 1
3407447 1
3422275 1
3426807 1
3435263 1
3436291 1
3437465 1
3438856 1
3442528 1
3442835 1
3445123 1
3448107 1
3450302 1
3456993 1
3458357 1
3460177 1
3464218 1
3467515 1
3472600 1
3473272 1
3480154 1
3480973 1
3497614 1
3503016 1
3506373 1
3508580 1
3510732 1
3512059 1
3512093 1
3514056 1
3516496 1
3521908 1
3523894 1
3534442 1
3536634 1
3537452 1
3542570 1
3545379 1
3550626 1
3553057 1
3557240 1
3561412 1
3566603 1
3566603 1
3571108 1
3571221 1
3574565 1
3576431 1
3577373 1
3589216 1
3593382 1
3598209 1
3600993 1
3605962 1
3610697 1
3616275 1
3616623 1
3616623 1
3618368 1
3621870 1
3624895 1
3625595 1
3632838 1
3636518 1
3643471 1
3654340 1
3654358 1
3656529 1
3656988 1
3664956 1
3664956 1
3684466 1
3687810 1
3691588 1
3693465 1
3703614 1
3707865 1
3721651 1
3722411 1
3722495 1
3722786 1
3727474 1
3728241 1
3733085 1
3733560 1
3736581 1
3744990 1
3746403 1
3754777 1
3757608 1
3759087 1
3759093 1
3762736 1
3767867 1
3768152 1
3775075 1
3776589 1
3776589 1
3780877 1
3782733 1
3801746 1
3805318 1
3805555 1
3807886 1
3810869 1
3816750 1
3822533 1
3823418 1
3835852 1
3839326 1
3843239 1
3843591 1
3854939 1
3858133 1
3872035 1
3872035 1
3886721 1
3917969 1
3918807 1
3920290 1
3921242 1
3937081 1
3941808 1
3944938 1
3949292 1
3952076 1
3964934 1
3970950 1
3978737 1
3984505 1
3984505 1
3988590 1
3994789 1
4007281 1
4007597 1
4023682 1
4023789 1
4025766 1
4027343 1
4050165 1
4053145 1
4059109 1
4063103 1
4063233 1
4068849 1
4071126 1
4071819 1
4073269 1
4075716 1
4080716 1
4091295 1
4094443 1
4094679 1
4101621 1
4111089 1
4129324 1
4136588 1
4138915 1
4142838 1
4145666 1
4145668 1
4152117 1
4154627 1
4163207 1
4167518 1
4167601 1
4168525 1
4172524 1
4173382 1
4175591 1
4175829 1
4178041 1
4178208 1
4182916 1
4189938 1
4199296 1
4209904 1
4214221 1
4216014 1
4224563 1
4226609 1
4228265 1
4232508 1
4232770 1
4238615 1
4241252 1
4241590 1
4245471 1
4254764 1
4257760 1
4264648 1
4270965 1
4273905 1
4276622 1
4278954 1
4280113 1
4281093 1
4289277 1
4295666 1
4295666 1
4306653 1
4317068 1
4318981 1
4322828 1
4322948 1
4334504 1
4342772 1
4345908 1
4347835 1
4350215 1
4352478 1
4355577 1
4355577 1
4359787 1
4367830 1
4368327 1
4370980 1
4372562 1
4375923 1
4375923 1
4396610 1
4403707 1
4406266 1
4408351 1
4413384 1
4415750 1
4419360 1
4426612 1
4443351 1
4453092 1
4470168 1
4472813 1
4481138 1
4482149 1
4486676 1
4486676 1
4486997 1
4502339 1
4503381 1
4505497 1
4527259 1
4532308 1
4533081 1
4547037 1
4551808 1
4553690 1
4565047 1
4565386 1
4569824 1
4571183 1
4576891 1
4578734 1
4582076 1
4582757 1
4594175 1
4598866 1
4606508 1
4606984 1
4609768 1
4610751 1
4614217 1
4627201 1
4631825 1
4632075 1
4657356 1
4661141 1
4664885 1
4666266 1
4666710 1
4668488 1
4671800 1
4682288 1
4685223 1
4686353 1
4689119 1
4695759 1
4699942 1
4703949 1
4703949 1
4706268 1
4711493 1
4715107 1
4715746 1
4715746 1
4719329 1
4724249 1
4726192 1
4731434 1
4743029 1
4754020 1
4758193 1
4762667 1
4762787 1
4767271 1
4767451 1
4771192 1
4781015 1
4781676 1
4785652 1
4805178 1
4810057 1
4810388 1
4810708 1
4812600 1
4812814 1
4813944 1
4817396 1
4818506 1
4823422 1
4825796 1
4826869 1
4850583 1
4852657 1
4865008 1
4874519 1
4875992 1
4876961 1
4878494 1
4881650 1
4883617 1
4883617 1
4895672 1
4900341 1
4900576 1
4912291 1
4913419 1
4918805 1
4922502 1
4941198 1
4950489 1
4979638 1
4981322 1
4989724 1
4997267 1
5001229 1
5003546 1
5004874 1
5005946 1
5021497 1
5024992 1
5026436 1
5027722 1
5028766 1
5033033 1
5042200 1
5042342 1
5049079 1
5054701 1
5055246 1
5076207 1
5090037 1
5099247 1
5114218 1
5116603 1
5123710 1
5132504 1
5137028 1
5138041 1
5155350 1
5155563 1
5156035 1
5172314 1
5181198 1
5187510 1
5193875 1
5195254 1
5203284 1
5207344 1
5210270 1
5214727 1
5222482 1
5241108 1
5241905 1
5246793 1
5262996 1
5270786 1
5271194 1
5271430 1
5294708 1
5303173 1
5321087 1
5337241 1
5346634 1
5350419 1
5351344 1
5352956 1
5352956 1
5355696 1
5355819 1
5363760 1
5373009 1
5382666 1
5407166 1
5407166 1
5419274 1
5423274 1
5426720 1
5442242 1
5443986 1
5445217 1
5445551 1
5446244 1
5447742 1
5465829 1
5467318 1
5468195 1
5476731 1
5505438 1
5511088 1
5539823 1
5544898 1
5562891 1
5567419 1
5576079 1
5578104 1
5588270 1
5593221 1
5600654 1
5604189 1
5604495 1
5606938 1
5607374 1
5611275 1
5631902 1
5636665 1
5639403 1
5647615 1
5658612 1
5659380 1
5660754 1
5662144 1
5663874 1
5669911 1
5672069 1
5672646 1
5680907 1
5682325 1
5683167 1
5683167 1
5684021 1
5685284 1
5685296 1
5685296 1
5688011 1
5688840 1
5693077 1
5697436 1
5700157 1
5703169 1
5704619 1
5705224 1
5708543 1
5712601 1
5713290 1
5717785 1
5724595 1
5725220 1
5725484 1
5731110 1
5733129 1
5733499 1
5761929 1
5765512 1
5776207 1
5788557 1
5790459 1
5792238 1
5796426 1
5810956 1
5812092 1
5823283 1
5823478 1
5826130 1
5830416 1
5834991 1
5840062 1
5867768 1
5868946 1
5873004 1
5877585 1
5892669 1
5893294 1
5899378 1
5905287 1
5907385 1
5909160 1
5916380 1
5917758 1
5922627 1
5923397 1
5924430 1
5926556 1
5928443 1
5929868 1
5930736 1
5948789 1
5949493 1
5949962 1
5950138 1
5955017 1
5959837 1
5960174 1
5968099 1
5968922 1
5970413 1
5974163 1
5977217 1
5978759 1
5985361 1
5992148 1
6006085 1
6006800 1
6010198 1
6011052 1
6015596 1
6019728 1
6029512 1
6031078 1
6035458 1
6036872 1
6043842 1
6046212 1
6047705 1
6049792 1
6050582 1
6052487 1
6054949 1
6055455 1
6056059 1
6057419 1
6060279 1
6061635 1
6068326 1
6083625 1
6087854 1
6092399 1
6093536 1
6095698 1
6098270 1
6105661 1
6107188 1
6111363 1
6111363 1
6120641 1
6130573 1
6134757 1
6149367 1
6157808 1
6157808 1
6157869 1
6158203 1
6163427 1
6170982 1
6173735 1
6174385 1
6182916 1
6185487 1
6192798 1
6193903 1
6195191 1
6197722 1
6197722 1
6207276 1
6226041 1
6227889 1
6228497 1
6239282 1
6246008 1
6252657 1
6254346 1
6262803 1
6269322 1
6282457 1
6285863 1
6288192 1
6292989 1
6300663 1
6308280 1
6317235 1
6319681 1
6319681 1
6329792 1
6331595 1
6331595 1
6331850 1
6354262 1
6358618 1
6360553 1
6367735 1
6382760 1
6388692 1
6390564 1
6399261 1
6400650 1
6403375 1
6404383 1
6406908 1
6415306 1
6416200 1
6416453 1
6420747 1
6421012 1
6422085 1
6423882 1
6424797 1
6435108 1
6435383 1
6459751 1
6472325 1
6477066 1
6491834 1
6497660 1
6504335 1
6504335 1
6506312 1
6508436 1
6509540 1
6511292 1
6531950 1
6533990 1
6534503 1
6535701 1
6548091 1
6550337 1
6555453 1
6556409 1
6557522 1
6582398 1
6587882 1
6595834 1
6597682 1
6618759 1
6625227 1
6625365 1
6626954 1
6628061 1
6628926 1
6637122 1
6638550 1
6640660 1
6640660 1
6641416 1
6644485 1
6654019 1
6657605 1
6658211 1
6661115 1
6662445 1
6666283 1
6666283 1
6683130 1
6685606 1
6688664 1
6690266 1
6722432 1
6723518 1
6725241 1
6733925 1
6736179 1
6741025 1
6741167 1
6749376 1
6760251 1
6766911 1
6767417 1
6778433 1
6784009 1
6785708 1
6785708 1
6785954 1
6786147 1
6802975 1
6835349 1
6840060 1
6844724 1
6850018 1
6850235 1
6852981 1
6855795 1
6861210 1
6869741 1
6875574 1
6886272 1
6886686 1
6889700 1
6890798 1
6893184 1
6893681 1
6893968 1
6894921 1
6900661 1
6901361 1
6905411 1
6916707 1
6921229 1
6922217 1
6923769 1
6926902 1
6929627 1
6929764 1
6939532 1
6943141 1
6944204 1
6947516 1
6950532 1
6958491 1
6974628 1
6982764 1
6989354 1
7009507 1
7009973 1
7009973 1
7017327 1
7018111 1
7030500 1
7031053 1
7034689 1
7038550 1
7040767 1
7043284 1
7054079 1
7057748 1
7057748 1
7057998 1
7066795 1
7066858 1
7070896 1
7079543 1
7083475 1
7105676 1
7105830 1
7111039 1
7112197 1
7113167 1
7126640 1
7140412 1
7140970 1
7147339 1
7148273 1
7148476 1
7166781 1
7174402 1
7178568 1
7181108 1
7181464 1
7182839 1
7183781 1
7191606 1
7198370 1
7200033 1
7200054 1
7216622 1
7221206 1
7222815 1
7227500 1
7234182 1
7245945 1
7255885 1
7257714 1
7267400 1
7272822 1
7276938 1
7279371 1
7282007 1
7282554 1
7283577 1
7284701 1
7289724 1
7291217 1
7293749 1
7302638 1
7307786 1
7323968 1
7333384 1
7348409 1
7359417 1
7363572 1
7365009 1
7367304 1
7372536 1
7379143 1
7381764 1
7387031 1
7389670 1
7392710 1
7395578 1
7411655 1
7415549 1
7416919 1
7421444 1
7422280 1
7422428 1
7424086 1
7424382 1
7427070 1
7429460 1
7438374 1
7443038 1
7465442 1
7472960 1
7476316 1
7487933 1
7492809 1
7508362 1
7508939 1
7513930 1
7521454 1
7522517 1
7524472 1
7529663 1
7541331 1
7546023 1
7556466 1
7568347 1
7570806 1
7578554 1
7586586 1
7589234 1
7590192 1
7590397 1
7593883 1
7597317 1
7597765 1
7598581 1
7599023 1
7602998 1
7604426 1
7610439 1
7613786 1
7615642 1
7633032 1
7636256 1
7636330 1
7636681 1
7641088 1
7645306 1
7645855 1
7646040 1
7651138 1
7651773 1
7655089 1
7655658 1
7656953 1
7657689 1
7657864 1
7662563 1
7674844 1
7675002 1
7685907 1
7708096 1
7715675 1
7716258 1
7720818 1
7723095 1
7728915 1
7745116 1
7751153 1
7753460 1
7757617 1
7761639 1
7764788 1
7772917 1
7773091 1
7790211 1
7790464 1
7790945 1
7791880 1
7801737 1
7806370 1
7824796 1
7832724 1
7839355 1
7856298 1
7856298 1
7864113 1
7864432 1
7871056 1
7875495 1
7884976 1
7894879 1
7897703 1
7897891 1
7912034 1
7924930 1
7930228 1
7930955 1
7931725 1
7937001 1
7940002 1
7956414 1
7957807 1
7962334 1
7966896 1
7969415 1
7983036 1
7986883 1
7992497 1
7993285 1
7993355 1
8004186 1
8007858 1
8011269 1
8013127 1
8013154 1
8015446 1
8020833 1
8022071 1
8025359 1
8025373 1
8032963 1
8036260 1
8040009 1
8041900 1
8065643 1
8066325 1
8066948 1
8070189 1
8070189 1
8073261 1
8077060 1
8089240 1
8094365 1
8101773 1
8107416 1
8108703 1
8110030 1
8117302 1
8119881 1
8136960 1
8140493 1
8142106 1
8162799 1
8182667 1
8191117 1
8208999 1
8210821 1
8212904 1
8214225 1
8217811 1
8219519 1
8228540 1
8228540 1
8244958 1
8262469 1
8262578 1
8265890 1
8272038 1
8272739 1
8289179 1
8294222 1
8295287 1
8303339 1
