4199 1
11024 1
12949 1
18813 1
21082 1
23501 1
26528 1
26833 1
27635 1
29407 1
29478 1
33769 1
34897 1
34897 1
39349 1
40336 1
46554 1
50276 1
51594 1
55938 1
56109 1
71835 1
73615 1
83094 1
86400 1
92173 1
99764 1
105307 1
108496 1
109208 1
111392 1
112346 1
112863 1
113000 1
115709 1
117445 1
118574 1
120288 1
120551 1
123473 1
123479 1
125475 1
125537 1
130732 1
130732 1
130906 1
132476 1
133553 1
134713 1
136992 1
137924 1
139713 1
141385 1
147471 1
147894 1
148789 1
150815 1
151495 1
151953 1
153237 1
156065 1
158499 1
160055 1
164046 1
164465 1
164806 1
165196 1
166641 1
166874 1
167507 1
167815 1
168482 1
168957 1
169382 1
169831 1
173225 1
178194 1
181097 1
183015 1
184598 1
188362 1
188547 1
190561 1
191877 1
193083 1
196964 1
198366 1
198769 1
198830 1
199143 1
200412 1
202348 1
202360 1
203007 1
203863 1
205772 1
208254 1
211261 1
211471 1
211866 1
216541 1
217321 1
220478 1
222079 1
222343 1
225049 1
225585 1
227599 1
230610 1
231957 1
235215 1
237832 1
238520 1
243498 1
245694 1
249985 1
251080 1
253012 1
257151 1
257858 1
260293 1
260462 1
261040 1
261205 1
264688 1
266850 1
266879 1
266888 1
269864 1
275156 1
276214 1
284487 1
285890 1
286392 1
289062 1
292920 1
297573 1
307933 1
316870 1
316872 1
321093 1
325667 1
326081 1
326810 1
327863 1
331227 1
339098 1
342064 1
353077 1
355998 1
356941 1
371864 1
379270 1
383467 1
389148 1
416760 1
420749 1
427493 1
428860 1
429482 1
432034 1
437864 1
442657 1
443102 1
446235 1
451447 1
451653 1
452069 1
454606 1
462191 1
464519 1
467269 1
469431 1
472251 1
480862 1
481223 1
486727 1
488085 1
490508 1
494804 1
497112 1
499665 1
500217 1
500330 1
500354 1
503660 1
504597 1
508659 1
514545 1
515775 1
515839 1
522058 1
522717 1
522933 1
529168 1
531298 1
538127 1
546294 1
547157 1
550164 1
552196 1
560913 1
565644 1
565838 1
570127 1
570671 1
572440 1
573786 1
574708 1
574956 1
578610 1
579044 1
580342 1
586285 1
596287 1
598683 1
600297 1
606276 1
615649 1
617145 1
619626 1
621220 1
621578 1
625100 1
634272 1
638310 1
639590 1
646336 1
646448 1
649294 1
654986 1
662288 1
668164 1
677780 1
686457 1
688106 1
699429 1
700312 1
703526 1
703609 1
707579 1
719954 1
721307 1
722066 1
731472 1
734291 1
736895 1
737193 1
737517 1
738042 1
741117 1
744933 1
746076 1
747271 1
750340 1
752341 1
754676 1
754940 1
757459 1
761602 1
765289 1
772039 1
774634 1
778873 1
779005 1
779619 1
780288 1
781978 1
782050 1
782862 1
795144 1
803222 1
804051 1
805625 1
810317 1
813636 1
817333 1
818133 1
826581 1
830882 1
831417 1
833837 1
839644 1
840012 1
840046 1
840804 1
842099 1
842390 1
845768 1
846050 1
848353 1
849018 1
849369 1
849842 1
849849 1
857057 1
859776 1
866401 1
867176 1
870785 1
871540 1
884382 1
885345 1
896124 1
909296 1
910642 1
911438 1
912960 1
915970 1
916317 1
916808 1
921599 1
921744 1
922215 1
923053 1
924814 1
925922 1
929883 1
931533 1
935276 1
935937 1
937203 1
937328 1
937478 1
944879 1
947562 1
951393 1
951394 1
952542 1
954065 1
957532 1
961524 1
967008 1
979663 1
982362 1
982446 1
986278 1
987989 1
995157 1
995157 1
998851 1
1002270 1
1002667 1
1016921 1
1019153 1
1021333 1
1026112 1
1027392 1
1027804 1
1031159 1
1031434 1
1034679 1
1036701 1
1038591 1
1041048 1
1042266 1
1042835 1
1043102 1
1044098 1
1046289 1
1046707 1
1048806 1
1051193 1
1051706 1
1052608 1
1056402 1
1059993 1
1060365 1
1060419 1
1063078 1
1063078 1
1063529 1
1063610 1
1066497 1
1068243 1
1070945 1
1073595 1
1073846 1
1073846 1
1074489 1
1075494 1
1083449 1
1084326 1
1085124 1
1088858 1
1088858 1
1091257 1
1091685 1
1091685 1
1094163 1
1097146 1
1099099 1
1100743 1
1100743 1
1100850 1
1107800 1
1107911 1
1110340 1
1110693 1
1124116 1
1124229 1
1126501 1
1126983 1
1127166 1
1129778 1
1132008 1
1136439 1
1143137 1
1147843 1
1147843 1
1147843 1
1147843 1
1153932 1
1156119 1
1159702 1
1159852 1
1165484 1
1167831 1
1179121 1
1180030 1
1186667 1
1196108 1
1196108 1
1197287 1
1200790 1
1201018 1
1201623 1
1203533 1
1209493 1
1218521 1
1228082 1
1228877 1
1230314 1
1239924 1
1241726 1
1244273 1
1245607 1
1251554 1
1258119 1
1262535 1
1263296 1
1266375 1
1266570 1
1268136 1
1271520 1
1271745 1
1273823 1
1274344 1
1274849 1
1275003 1
1275608 1
1275608 1
1277387 1
1284730 1
1287783 1
1296667 1
1303205 1
1306811 1
1307187 1
1307988 1
1308755 1
1315814 1
1319639 1
1320421 1
1321903 1
1324555 1
1327341 1
1329088 1
1334039 1
1335050 1
1337394 1
1338507 1
1341145 1
1343697 1
1348232 1
1356220 1
1359791 1
1361684 1
1362052 1
1362207 1
1368133 1
1373216 1
1382403 1
1386556 1
1389822 1
1393649 1
1395804 1
1398658 1
1399223 1
1399687 1
1400233 1
1400282 1
1400426 1
1400579 1
1401350 1
1405527 1
1407662 1
1409485 1
1414115 1
1416136 1
1416436 1
1416553 1
1422916 1
1422918 1
1422918 1
1428026 1
1432703 1
1433974 1
1434706 1
1438575 1
1438939 1
1439090 1
1439090 1
1446809 1
1449191 1
1451228 1
1453089 1
1462056 1
1463564 1
1468304 1
1470916 1
1473498 1
1473836 1
1475982 1
1479687 1
1482660 1
1491660 1
1497462 1
1499121 1
1503737 1
1506509 1
1508349 1
1511900 1
1513214 1
1517566 1
1525848 1
1527206 1
1530402 1
1530553 1
1530633 1
1532686 1
1539670 1
1541731 1
1544475 1
1548574 1
1557462 1
1558516 1
1561810 1
1562781 1
1563127 1
1566653 1
1566653 1
1567919 1
1570604 1
1571187 1
1571533 1
1571564 1
1575910 1
1578399 1
1579561 1
1582204 1
1582283 1
1582994 1
1586826 1
1588835 1
1588835 1
1607378 1
1615346 1
1619231 1
1622409 1
1623164 1
1625495 1
1626806 1
1627507 1
1632570 1
1633829 1
1635938 1
1641180 1
1641834 1
1643311 1
1645756 1
1652318 1
1652763 1
1654765 1
1657417 1
1657771 1
1660079 1
1661824 1
1663021 1
1664537 1
1665020 1
1670512 1
1674881 1
1680724 1
1683442 1
1685611 1
1687552 1
1695460 1
1695734 1
1698083 1
1700115 1
1700188 1
1701169 1
1701331 1
1702492 1
1702819 1
1705751 1
1707778 1
1713673 1
1719906 1
1721866 1
1726031 1
1726285 1
1727345 1
1728863 1
1729224 1
1730231 1
1732070 1
1740377 1
1740923 1
1742907 1
1744048 1
1747892 1
1756526 1
1759873 1
1770069 1
1775567 1
1785786 1
1786206 1
1788103 1
1789120 1
1789222 1
1789354 1
1791799 1
1793858 1
1797660 1
1801011 1
1801586 1
1803016 1
1808002 1
1813973 1
1815554 1
1816228 1
1817210 1
1819547 1
1820012 1
1820461 1
1823730 1
1825111 1
1825999 1
1827792 1
1828804 1
1829186 1
1829405 1
1830577 1
1831594 1
1832747 1
1845372 1
1845823 1
1846606 1
1856084 1
1856821 1
1858244 1
1866158 1
1868297 1
1868510 1
1868919 1
1870566 1
1873988 1
1874284 1
1875283 1
1877822 1
1878345 1
1880460 1
1880739 1
1882530 1
1884015 1
1884608 1
1890362 1
1890452 1
1891315 1
1892169 1
1894658 1
1898301 1
1902067 1
1902964 1
1904297 1
1907330 1
1914817 1
1918813 1
1919871 1
1920151 1
1920401 1
1920903 1
1930746 1
1932085 1
1934851 1
1940078 1
1940267 1
1943960 1
1944933 1
1947230 1
1947375 1
1948253 1
1949101 1
1955039 1
1955567 1
1956744 1
1956858 1
1956933 1
1962970 1
1969643 1
1975411 1
1975799 1
1977027 1
1979279 1
1999476 1
2001875 1
2003359 1
2005623 1
2006803 1
2007717 1
2008219 1
2010152 1
2011896 1
2012823 1
2013309 1
2014106 1
2019058 1
2027923 1
2027923 1
2037037 1
2044720 1
2045037 1
2048684 1
2050982 1
2057350 1
2058200 1
2060515 1
2060515 1
2064072 1
2064829 1
2070902 1
2077772 1
2078711 1
2079583 1
2081236 1
2084205 1
2084206 1
2089791 1
2090879 1
2092114 1
2096172 1
2098153 1
2098760 1
2099193 1
2099289 1
2101145 1
2106642 1
2107235 1
2107832 1
2109263 1
2109638 1
2112356 1
2116139 1
2116594 1
2118724 1
2119480 1
2125575 1
2130292 1
2130598 1
2131042 1
2132772 1
2132795 1
2135507 1
2137801 1
2138750 1
2144764 1
2144874 1
2150159 1
2156869 1
2158384 1
2161247 1
2164332 1
2164898 1
2164905 1
2171528 1
2172714 1
2173726 1
2180187 1
2180789 1
2184258 1
2184967 1
2189123 1
2193592 1
2196402 1
2197964 1
2200248 1
2204294 1
2204894 1
2207536 1
2213353 1
2221916 1
2221916 1
2221916 1
2237823 1
2237823 1
2238427 1
2238862 1
2241762 1
2247479 1
2247675 1
2247675 1
2250013 1
2250350 1
2261449 1
2261880 1
2265026 1
2271594 1
2278133 1
2278742 1
2282064 1
2288172 1
2288172 1
2289743 1
2290572 1
2290688 1
2295456 1
2298773 1
2299938 1
2300868 1
2301016 1
2302690 1
2306435 1
2314808 1
2317291 1
2318674 1
2319686 1
2337996 1
2346002 1
2354515 1
2356160 1
2360407 1
2362624 1
2362624 1
2363189 1
2363189 1
2370701 1
2372093 1
2376731 1
2382603 1
2383207 1
2383811 1
2383958 1
2387670 1
2388002 1
2388352 1
2393445 1
2394312 1
2397201 1
2402680 1
2406266 1
2408143 1
2408398 1
2408867 1
2409316 1
2409319 1
2409525 1
2409525 1
2412456 1
2416014 1
2419280 1
2421579 1
2423835 1
2424422 1
2424692 1
2424948 1
2424968 1
2425196 1
2425258 1
2425925 1
2427140 1
2428810 1
2428818 1
2429326 1
2429326 1
2430786 1
2431682 1
2434708 1
2442344 1
2443080 1
2443888 1
2444782 1
2448782 1
2458269 1
2464387 1
2470737 1
2473060 1
2484621 1
2488187 1
2489829 1
2493113 1
2497390 1
2497590 1
2504664 1
2506429 1
2507206 1
2516963 1
2518659 1
2523456 1
2524375 1
2529011 1
2531398 1
2535802 1
2536658 1
2537948 1
2549979 1
2550316 1
2553717 1
2555016 1
2555746 1
2556372 1
2558754 1
2565367 1
2568449 1
2579067 1
2579095 1
2591897 1
2606235 1
2606951 1
2614627 1
2616058 1
2619984 1
2623296 1
2630791 1
2638869 1
2640808 1
2641818 1
2642926 1
2643197 1
2645603 1
2649140 1
2649421 1
2652370 1
2652925 1
2653783 1
2656035 1
2659281 1
2667364 1
2669030 1
2671373 1
2673901 1
2681321 1
2685256 1
2689054 1
2708072 1
2713959 1
2720857 1
2725162 1
2735127 1
2736922 1
2738668 1
2742334 1
2750956 1
2756953 1
2761024 1
2761024 1
2761250 1
2764891 1
2767439 1
2767538 1
2770128 1
2771118 1
2772032 1
2773955 1
2774743 1
2776547 1
2779402 1
2780289 1
2781038 1
2781699 1
2783311 1
2783495 1
2788865 1
2789192 1
2789373 1
2792610 1
2792862 1
2792894 1
2793098 1
2794120 1
2799581 1
2800044 1
2800414 1
2800521 1
2800642 1
2800926 1
2801408 1
2801787 1
2804808 1
2817473 1
2817574 1
2817955 1
2817978 1
2819789 1
2822063 1
2823635 1
2823834 1
2829121 1
2836024 1
2836767 1
2836767 1
2838397 1
2849691 1
2850140 1
2851242 1
2851358 1
2852496 1
2854916 1
2859151 1
2868630 1
2868709 1
2870194 1
2873487 1
2881462 1
2883258 1
2891021 1
2895400 1
2900172 1
2902485 1
2903129 1
2903254 1
2903561 1
2911345 1
2911822 1
2917986 1
2921922 1
2922136 1
2925028 1
2926140 1
2932262 1
2940137 1
2943425 1
2945531 1
2946371 1
2949508 1
2949532 1
2949911 1
2951064 1
2955992 1
2956642 1
2956692 1
2966724 1
2969792 1
2972058 1
2972782 1
2973567 1
2982350 1
2989007 1
2997733 1
3000930 1
3001955 1
3002693 1
3003854 1
3005755 1
3006542 1
3007124 1
3007797 1
3008480 1
3008486 1
3023942 1
3025282 1
3026460 1
3026720 1
3026743 1
3027404 1
3030202 1
3038416 1
3040906 1
3043199 1
3047505 1
3052733 1
3058785 1
3058785 1
3061511 1
3063809 1
3066928 1
3073750 1
3079389 1
3085712 1
3087433 1
3092128 1
3092489 1
3093621 1
3094834 1
3097919 1
3098983 1
3106253 1
3111789 1
3112228 1
3112228 1
3112376 1
3117760 1
3118764 1
3121546 1
3121546 1
3125417 1
3126266 1
3126627 1
3127964 1
3130459 1
3136406 1
3147920 1
3149710 1
3151493 1
3153227 1
3156532 1
3162004 1
3164290 1
3168238 1
3169919 1
3172700 1
3176227 1
3184764 1
3185625 1
3188284 1
3191498 1
3193858 1
3196416 1
3199788 1
3201888 1
3205366 1
3211449 1
3218722 1
3219908 1
3226334 1
3226925 1
3227137 1
3227347 1
3231009 1
3233884 1
3237695 1
3238102 1
3240883 1
3250469 1
3254474 1
3261483 1
3261789 1
3265244 1
3268585 1
3271883 1
3272032 1
3279709 1
3287287 1
3288610 1
3288642 1
3289028 1
3292353 1
3292353 1
3294833 1
3295537 1
3299305 1
3305312 1
3306457 1
3312884 1
3313920 1
3319414 1
3319422 1
3319745 1
3320613 1
3323024 1
3323390 1
3328300 1
3332790 1
3340644 1
3340965 1
3345448 1
3355293 1
3359365 1
3359382 1
3361162 1
3361813 1
3363736 1
3381624 1
3381996 1
3384743 1
3394428 1
3399629 1
3414659 1
3415826 1
3422640 1
3424282 1
3431165 1
3433778 1
3433805 1
3434859 1
3437440 1
3441184 1
3442714 1
3446643 1
3448994 1
3456371 1
3456768 1
3468210 1
3469549 1
3471403 1
3472838 1
3473063 1
3475140 1
3484433 1
3490228 1
3500964 1
3502924 1
3505319 1
3505404 1
3512193 1
3513244 1
3516295 1
3516348 1
3519176 1
3522346 1
3524088 1
3529344 1
3530300 1
3535449 1
3536395 1
3544992 1
3550640 1
3553039 1
3555107 1
3558010 1
3560636 1
3570547 1
3579983 1
3580386 1
3581374 1
3581696 1
3584321 1
3585673 1
3589876 1
3592817 1
3592893 1
3598134 1
3599030 1
3603276 1
3606309 1
3612010 1
3614468 1
3618213 1
3622366 1
3624739 1
3625816 1
3629906 1
3631117 1
3631537 1
3636006 1
3638306 1
3645568 1
3648588 1
3652264 1
3654997 1
3655725 1
3657865 1
3664589 1
3664589 1
3666931 1
3673654 1
3678447 1
3699694 1
3705734 1
3707146 1
3712521 1
3714448 1
3717477 1
3718611 1
3721336 1
3722957 1
3723131 1
3723420 1
3724861 1
3725802 1
3730726 1
3752137 1
3758021 1
3759063 1
3767298 1
3777132 1
3777989 1
3779730 1
3784225 1
3792638 1
3792799 1
3795357 1
3800398 1
3809103 1
3810758 1
3822499 1
3826387 1
3829735 1
3834418 1
3834758 1
3836687 1
3839304 1
3841951 1
3845970 1
3848378 1
3850738 1
3856650 1
3856831 1
3858642 1
3860346 1
3863407 1
3865620 1
3866762 1
3868374 1
3869700 1
3869908 1
3871641 1
3872026 1
3873121 1
3878336 1
3878987 1
3879174 1
3880991 1
3882101 1
3887470 1
3890825 1
3904778 1
3905132 1
3911497 1
3914122 1
3918245 1
3918245 1
3918701 1
3918869 1
3932684 1
3935345 1
3938803 1
3941026 1
3943090 1
3943649 1
3945887 1
3948206 1
3948314 1
3952761 1
3954845 1
3954937 1
3955102 1
3959326 1
3962245 1
3965333 1
3967340 1
3970017 1
3970376 1
3978374 1
3983249 1
3987598 1
3990555 1
3993427 1
3994285 1
4001220 1
4004902 1
4006591 1
4006664 1
4010187 1
4010187 1
4011557 1
4012732 1
4013058 1
4014539 1
4016449 1
4018689 1
4019444 1
4024348 1
4024432 1
4025828 1
4025829 1
4026200 1
4028279 1
4028982 1
4032074 1
4045145 1
4045864 1
4049620 1
4058410 1
4062524 1
4063849 1
4064981 1
4064999 1
4066266 1
4068672 1
4068971 1
4079632 1
4086425 1
4090829 1
4090959 1
4098213 1
4100879 1
4105012 1
4105840 1
4129372 1
4134028 1
4138211 1
4138211 1
4140223 1
4140886 1
4144358 1
4145772 1
4146506 1
4148618 1
4153724 1
4156879 1
4161418 1
4166864 1
4166888 1
4173095 1
4179805 1
4180436 1
4184783 1
4186899 1
4194425 1
4195401 1
4195734 1
4198136 1
4202618 1
4204734 1
4206842 1
4207079 1
4210307 1
4211531 1
4211542 1
4214825 1
4215278 1
4215278 1
4216374 1
4232814 1
4232909 1
4235899 1
4236734 1
4246275 1
4246599 1
4264713 1
4268154 1
4272354 1
4279727 1
4291772 1
4295792 1
4298538 1
4300284 1
4301375 1
4305866 1
4308298 1
4312015 1
4314777 1
4319405 1
4320454 1
4321460 1
4322018 1
4324445 1
4326452 1
4327271 1
4336596 1
4336647 1
4337617 1
4338752 1
4340139 1
4340690 1
4340800 1
4344618 1
4352859 1
4353839 1
4357926 1
4357926 1
4360130 1
4361917 1
4367989 1
4368377 1
4373063 1
4375424 1
4375424 1
4377554 1
4379629 1
4380384 1
4384099 1
4390525 1
4396585 1
4398454 1
4400857 1
4401412 1
4401687 1
4401771 1
4404134 1
4411049 1
4413752 1
4415740 1
4416223 1
4422081 1
4424838 1
4425933 1
4430937 1
4439657 1
4440361 1
4444517 1
4445060 1
4445656 1
4448856 1
4458997 1
4460003 1
4462281 1
4462500 1
4462514 1
4464687 1
4465371 1
4470012 1
4472379 1
4474287 1
4474326 1
4481464 1
4482272 1
4482680 1
4484229 1
4490463 1
4496159 1
4497805 1
4499217 1
4505280 1
4505280 1
4506268 1
4518940 1
4518946 1
4528013 1
4531323 1
4535677 1
4535919 1
4539568 1
4543725 1
4544575 1
4545232 1
4546360 1
4565974 1
4579885 1
4591373 1
4594696 1
4605983 1
4610829 1
4622864 1
4624069 1
4626741 1
4633701 1
4641002 1
4644737 1
4647143 1
4648066 1
4649090 1
4653643 1
4653925 1
4654726 1
4657410 1
4658015 1
4658120 1
4671983 1
4672682 1
4677113 1
4678010 1
4679739 1
4683488 1
4690350 1
4691730 1
4692085 1
4692744 1
4694546 1
4694550 1
4709398 1
4709469 1
4710171 1
4711152 1
4714706 1
4717061 1
4723569 1
4724297 1
4725147 1
4728026 1
4729994 1
4732358 1
4739719 1
4748490 1
4749564 1
4754544 1
4754965 1
4761399 1
4765787 1
4767893 1
4767915 1
4768631 1
4771060 1
4771885 1
4773009 1
4785490 1
4787648 1
4791878 1
4797529 1
4798148 1
4800352 1
4802437 1
4805010 1
4806068 1
4807337 1
4807337 1
4807682 1
4807708 1
4807763 1
4807912 1
4809452 1
4812219 1
4813857 1
4814905 1
4816251 1
4818171 1
4820180 1
4820539 1
4825068 1
4825068 1
4825534 1
4828505 1
4833725 1
4834480 1
4838897 1
4839063 1
4847633 1
4850291 1
4850291 1
4856009 1
4857863 1
4860265 1
4860319 1
4862848 1
4864382 1
4870267 1
4870779 1
4870937 1
4871517 1
4874210 1
4875947 1
4876200 1
4879505 1
4879755 1
4880445 1
4881673 1
4883305 1
4884932 1
4889062 1
4894748 1
4901018 1
4902291 1
4902687 1
4906644 1
4906807 1
4906876 1
4913983 1
4914777 1
4916385 1
4917828 1
4920737 1
4922494 1
4922617 1
4923855 1
4923855 1
4928153 1
4928201 1
4928993 1
4937391 1
4937391 1
4945704 1
4949439 1
4954159 1
4961721 1
4963560 1
4964474 1
4964474 1
4966508 1
4966746 1
4977737 1
4982202 1
4983496 1
4985053 1
4990332 1
4992973 1
4994582 1
4995205 1
4998014 1
5007363 1
5009153 1
5011972 1
5011972 1
5026970 1
5028353 1
5030119 1
5031689 1
5032038 1
5033027 1
5038328 1
5041018 1
5044232 1
5047261 1
5048011 1
5048564 1
5049412 1
5051738 1
5052185 1
5052310 1
5054595 1
5055928 1
5067027 1
5075810 1
5083722 1
5092346 1
5094001 1
5099053 1
5104182 1
5110102 1
5115886 1
5115954 1
5116533 1
5117611 1
5117869 1
5118636 1
5119602 1
5123695 1
5133666 1
5136360 1
5142309 1
5144246 1
5149513 1
5153072 1
5154834 1
5156724 1
5163871 1
5167248 1
5172295 1
5172937 1
5175163 1
5181890 1
5191500 1
5208850 1
5220196 1
5220783 1
5221974 1
5227344 1
5227479 1
5230259 1
5237984 1
5239912 1
5240564 1
5242711 1
5244387 1
5251683 1
5253707 1
5254159 1
5258409 1
5258517 1
5258696 1
5263977 1
5265495 1
5266423 1
5272503 1
5291971 1
5293076 1
5295386 1
5300242 1
5304515 1
5329390 1
5330625 1
5330751 1
5346636 1
5347650 1
5350729 1
5354253 1
5354806 1
5362243 1
5364211 1
5364231 1
5367187 1
5370235 1
5372793 1
5394862 1
5398835 1
5416520 1
5416629 1
5419216 1
5424787 1
5426034 1
5430280 1
5430376 1
5433071 1
5434693 1
5436290 1
5437308 1
5437704 1
5443101 1
5445956 1
5449897 1
5450064 1
5450594 1
5451430 1
5453908 1
5456870 1
5462412 1
5465106 1
5466082 1
5468195 1
5482221 1
5482703 1
5490015 1
5495309 1
5509199 1
5510489 1
5514200 1
5520807 1
5522672 1
5523462 1
5526762 1
5529695 1
5529846 1
5535252 1
5538040 1
5549940 1
5552142 1
5555389 1
5562272 1
5567669 1
5575358 1
5586294 1
5586745 1
5588863 1
5593441 1
5595630 1
5595739 1
5597472 1
5605296 1
5606380 1
5609787 1
5615346 1
5617357 1
5623575 1
5635399 1
5638081 1
5639273 1
5639301 1
5642369 1
5647106 1
5651220 1
5651306 1
5656122 1
5662036 1
5662387 1
5662496 1
5663175 1
5663579 1
5664808 1
5665302 1
5666055 1
5666085 1
5666253 1
5677619 1
5681008 1
5682854 1
5683711 1
5683723 1
5683983 1
5690908 1
5691728 1
5693386 1
5693523 1
5698780 1
5700654 1
5704529 1
5706733 1
5707438 1
5708753 1
5709318 1
5710418 1
5710775 1
5710893 1
5710893 1
5715895 1
5726983 1
5732154 1
5732754 1
5737558 1
5742051 1
5742193 1
5743214 1
5743333 1
5744294 1
5744294 1
5744298 1
5748238 1
5752375 1
5752526 1
5762797 1
5764212 1
5765142 1
5770642 1
5773841 1
5775819 1
5776265 1
5777314 1
5778502 1
5781628 1
5781901 1
5782136 1
5791073 1
5795233 1
5802002 1
5805648 1
5805658 1
5806540 1
5806580 1
5806851 1
5807125 1
5807195 1
5807481 1
5809436 1
5814888 1
5816274 1
5822699 1
5827079 1
5828750 1
5828757 1
5830827 1
5836441 1
5839367 1
5840921 1
5860439 1
5861344 1
5866970 1
5868771 1
5870977 1
5872109 1
5872109 1
5872109 1
5872109 1
5872817 1
5878706 1
5879046 1
5880364 1
5880364 1
5880469 1
5880497 1
5881517 1
5881847 1
5883649 1
5887784 1
5888363 1
5889729 1
5889789 1
5890351 1
5891374 1
5891776 1
5894801 1
5896407 1
5897026 1
5904760 1
5905449 1
5913605 1
5918724 1
5922693 1
5923108 1
5923532 1
5927083 1
5930608 1
5938493 1
5943509 1
5943524 1
5944885 1
5945517 1
5946929 1
5948049 1
5948420 1
5949007 1
5949341 1
5951987 1
5952474 1
5955491 1
5961150 1
5962761 1
5967289 1
5968845 1
5969122 1
5970018 1
5972277 1
5972826 1
5983234 1
5986380 1
5994194 1
5998040 1
5998284 1
6001322 1
6003202 1
6003714 1
6003964 1
6004556 1
6004765 1
6006851 1
6006901 1
6011351 1
6012755 1
6013690 1
6014274 1
6014789 1
6015062 1
6015297 1
6021374 1
6031997 1
6032033 1
6032248 1
6032248 1
6035787 1
6036760 1
6037546 1
6038515 1
6039529 1
6040528 1
6041752 1
6042762 1
6043895 1
6045769 1
6050390 1
6050698 1
6050743 1
6060246 1
6066217 1
6073512 1
6074572 1
6074899 1
6080958 1
6082398 1
6084790 1
6085872 1
6088133 1
6091523 1
6095950 1
6100051 1
6102102 1
6114826 1
6115270 1
6122640 1
6122640 1
6122966 1
6124899 1
6129327 1
6133906 1
6138164 1
6146698 1
6148096 1
6148204 1
6150515 1
6155036 1
6155773 1
6157377 1
6157377 1
6163788 1
6183800 1
6192437 1
6194293 1
6194355 1
6197155 1
6229099 1
6234307 1
6234307 1
6234774 1
6235762 1
6248771 1
6249347 1
6249347 1
6252709 1
6253482 1
6256739 1
6260738 1
6262206 1
6270986 1
6271048 1
6273889 1
6275107 1
6276522 1
6276984 1
6277999 1
6279301 1
6280359 1
6286906 1
6288856 1
6290489 1
6300434 1
6311435 1
6312503 1
6313617 1
6323467 1
6326776 1
6336640 1
6340852 1
6342969 1
6345641 1
6347115 1
6347115 1
6351809 1
6353730 1
6354246 1
6355173 1
6360547 1
6368290 1
6372106 1
6376768 1
6376808 1
6377327 1
6378972 1
6381834 1
6382584 1
6382656 1
6388594 1
6389055 1
6396127 1
6402622 1
6403613 1
6406331 1
6406570 1
6408601 1
6410129 1
6410609 1
6411345 1
6411560 1
6417521 1
6421336 1
6422063 1
6422063 1
6424313 1
6427599 1
6443654 1
6443742 1
6454621 1
6455387 1
6458569 1
6459716 1
6459911 1
6459985 1
6466639 1
6466800 1
6475399 1
6478038 1
6480269 1
6480271 1
6481558 1
6481960 1
6489256 1
6502133 1
6502378 1
6502544 1
6503035 1
6505207 1
6506154 1
6507796 1
6509285 1
6510731 1
6511686 1
6511971 1
6513937 1
6521913 1
6523132 1
6524831 1
6528150 1
6529984 1
6530555 1
6530623 1
6537017 1
6537496 1
6540028 1
6540223 1
6540755 1
6541420 1
6544759 1
6549993 1
6550454 1
6551323 1
6554661 1
6562424 1
6574453 1
6575474 1
6578644 1
6580143 1
6582139 1
6584709 1
6602386 1
6605126 1
6605854 1
6606794 1
6607958 1
6611020 1
6613838 1
6616728 1
6616960 1
6617744 1
6619484 1
6620635 1
6625260 1
6627035 1
6634720 1
6638225 1
6639286 1
6641109 1
6643196 1
6643582 1
6644422 1
6644977 1
6645861 1
6645987 1
6646319 1
6646363 1
6646443 1
6651333 1
6652354 1
6652851 1
6652942 1
6654725 1
6660151 1
6663911 1
6675303 1
6680937 1
6682245 1
6683701 1
6684179 1
6685918 1
6688376 1
6693849 1
6702788 1
6703929 1
6708918 1
6709277 1
6712560 1
6714616 1
6717410 1
6722932 1
6727566 1
6733378 1
6740587 1
6740761 1
6742754 1
6744144 1
6745491 1
6752813 1
6752974 1
6753538 1
6755403 1
6755998 1
6756518 1
6763488 1
6764484 1
6766885 1
6766885 1
6771708 1
6772166 1
6783329 1
6786138 1
6790412 1
6794885 1
6795965 1
6798373 1
6800966 1
6802559 1
6802866 1
6802867 1
6803064 1
6807684 1
6828412 1
6828412 1
6828720 1
6829955 1
6830622 1
6831417 1
6835219 1
6838068 1
6844022 1
6844763 1
6849452 1
6849766 1
6856312 1
6860093 1
6863203 1
6868140 1
6871494 1
6872124 1
6872135 1
6875284 1
6878490 1
6878992 1
6879356 1
6879634 1
6879750 1
6881441 1
6883387 1
6883501 1
6883511 1
6883966 1
6883998 1
6884496 1
6885345 1
6885971 1
6887422 1
6887422 1
6887702 1
6897616 1
6898548 1
6900844 1
6902622 1
6902632 1
6910094 1
6915097 1
6916843 1
6917441 1
6919311 1
6920387 1
6920995 1
6922601 1
6924512 1
6924512 1
6930728 1
6930834 1
6936498 1
6937935 1
6939725 1
6940462 1
6940492 1
6940650 1
6943417 1
6943803 1
6944414 1
6947740 1
6948464 1
6950099 1
6951746 1
6957141 1
6960340 1
6965704 1
6967473 1
6968743 1
6972721 1
6976755 1
6978659 1
6979833 1
6982756 1
6985824 1
6986084 1
6990402 1
6997228 1
7005579 1
7007764 1
7010412 1
7010828 1
7011579 1
7011873 1
7014901 1
7017571 1
7018673 1
7020972 1
7027438 1
7031410 1
7034492 1
7036904 1
7042021 1
7046788 1
7056467 1
7057845 1
7073165 1
7075130 1
7077832 1
7086728 1
7099635 1
7103882 1
7106625 1
7112716 1
7115964 1
7115964 1
7116428 1
7116506 1
7131044 1
7131602 1
7135556 1
7136181 1
7137170 1
7137545 1
7138243 1
7138798 1
7138965 1
7138966 1
7139386 1
7139954 1
7154530 1
7155975 1
7155975 1
7156309 1
7157313 1
7158283 1
7160974 1
7164145 1
7165319 1
7171346 1
7174509 1
7174965 1
7184066 1
7192729 1
7193921 1
7200122 1
7200929 1
7205139 1
7206256 1
7206447 1
7208052 1
7215097 1
7215144 1
7220348 1
7223127 1
7223844 1
7224458 1
7225885 1
7226322 1
7228452 1
7229119 1
7232136 1
7232705 1
7232833 1
7239653 1
7239932 1
7242203 1
7246168 1
7257369 1
7257513 1
7260749 1
7261852 1
7272446 1
7272676 1
7277654 1
7280538 1
7281370 1
7286305 1
7290518 1
7290667 1
7295099 1
7301596 1
7303734 1
7306116 1
7306678 1
7307836 1
7314012 1
7316718 1
7321436 1
7325634 1
7327415 1
7343462 1
7344228 1
7348265 1
7351694 1
7356850 1
7359585 1
7359981 1
7362670 1
7362958 1
7365503 1
7366551 1
7377711 1
7377987 1
7378640 1
7382947 1
7388483 1
7391683 1
7394498 1
7398103 1
7398226 1
7399450 1
7399477 1
7399488 1
7409598 1
7412364 1
7414964 1
7424005 1
7428955 1
7429190 1
7436930 1
7437952 1
7438421 1
7438687 1
7445238 1
7445477 1
7458304 1
7458702 1
7468695 1
7474032 1
7478236 1
7478587 1
7492649 1
7493578 1
7493578 1
7497857 1
7503228 1
7506958 1
7510317 1
7513421 1
7514803 1
7520039 1
7521087 1
7526750 1
7527156 1
7527410 1
7528525 1
7535555 1
7540384 1
7558263 1
7565111 1
7568069 1
7568679 1
7571915 1
7572968 1
7582702 1
7584882 1
7585237 1
7588936 1
7590415 1
7590415 1
7593154 1
7596740 1
7596740 1
7597162 1
7597162 1
7602957 1
7612283 1
7613102 1
7619913 1
7629555 1
7633386 1
7633890 1
7644370 1
7644435 1
7646882 1
7650324 1
7651280 1
7654718 1
7656378 1
7660504 1
7661967 1
7668217 1
7669294 1
7670581 1
7670938 1
7674311 1
7680889 1
7681940 1
7683020 1
7683445 1
7694018 1
7694034 1
7694128 1
7695050 1
7697873 1
7701166 1
7702626 1
7703680 1
7706734 1
7706755 1
7708104 1
7708329 1
7715825 1
7716426 1
7716455 1
7722958 1
7734505 1
7741613 1
7743219 1
7748834 1
7756128 1
7761911 1
7765371 1
7768619 1
7772340 1
7772818 1
7775219 1
7776392 1
7777146 1
7777296 1
7777347 1
7780695 1
7786314 1
7788264 1
7789864 1
7790273 1
7791685 1
7798523 1
7798841 1
7799036 1
7800358 1
7801324 1
7801644 1
7803029 1
7805534 1
7809576 1
7809788 1
7810414 1
7811083 1
7812712 1
7825030 1
7825309 1
7828586 1
7829549 1
7835850 1
7836195 1
7836258 1
7837598 1
7839303 1
7841454 1
7844605 1
7847306 1
7848327 1
7849505 1
7855370 1
7865136 1
7867270 1
7869575 1
7869638 1
7869640 1
7873761 1
7874505 1
7875238 1
7876292 1
7879829 1
7885153 1
7889897 1
7890183 1
7894959 1
7907140 1
7914875 1
7914902 1
7916174 1
7918837 1
7920707 1
7923686 1
7927401 1
7927453 1
7928387 1
7935770 1
7937740 1
7938929 1
7939779 1
7940967 1
7943356 1
7945564 1
7948931 1
7958742 1
7959810 1
7963557 1
7968378 1
7971223 1
7971467 1
7971470 1
7971959 1
7976493 1
7976633 1
7980215 1
7986216 1
7986921 1
7986982 1
7988416 1
7990630 1
7994047 1
7997222 1
7998585 1
8003743 1
8003783 1
8004051 1
8004646 1
8005724 1
8012713 1
8012867 1
8014884 1
8015622 1
8016312 1
8016384 1
8018639 1
8021562 1
8021562 1
8021992 1
8023736 1
8024863 1
8025056 1
8026070 1
8026882 1
8027216 1
8029556 1
8030986 1
8030986 1
8032222 1
8032811 1
8037772 1
8040348 1
8044327 1
8047264 1
8047396 1
8047548 1
8047943 1
8047956 1
8049773 1
8052677 1
8052683 1
8053001 1
8054955 1
8056503 1
8057146 1
8061022 1
8064403 1
8073659 1
8075314 1
8077560 1
8077662 1
8078653 1
8080906 1
8082183 1
8083343 1
8087042 1
8094234 1
8096745 1
8102130 1
8103491 1
8105182 1
8106186 1
8106735 1
8106989 1
8108859 1
8108932 1
8110013 1
8114169 1
8116585 1
8116594 1
8118338 1
8118477 1
8119335 1
8119879 1
8123095 1
8124902 1
8125325 1
8126785 1
8127683 1
8128426 1
8129654 1
8129956 1
8131012 1
8131125 1
8132529 1
8134040 1
8135788 1
8135956 1
8136988 1
8138902 1
8141280 1
8142581 1
8147896 1
8148192 1
8148653 1
8150178 1
8151697 1
8152551 1
8153001 1
8153370 1
8155078 1
8155820 1
8160146 1
8161494 1
8162051 1
8162509 1
8163640 1
8165503 1
8167430 1
8172480 1
8182431 1
8187485 1
8188574 1
8192009 1
8198130 1
8212079 1
8215758 1
8237987 1
8258311 1
8264572 1
8267657 1
8269774 1
8270765 1
8272247 1
8273037 1
8274082 1
8274515 1
8275279 1
8275490 1
8275927 1
8277746 1
8277851 1
8283644 1
8284162 1
8285100 1
8291080 1
8293486 1
8293714 1
8294151 1
8294552 1
8294635 1
8296978 1
8297048 1
8297834 1
8298253 1
8298324 1
8298761 1
8304130 1
8308931 1
8311029 1
2726 1
12790 1
12964 1
29221 1
32647 1
33943 1
40514 1
45148 1
56535 1
59439 1
61261 1
61583 1
62614 1
63052 1
64459 1
72232 1
73782 1
75812 1
76690 1
79659 1
80515 1
94292 1
97915 1
102964 1
104298 1
106582 1
107271 1
110791 1
112070 1
116302 1
117385 1
117764 1
118449 1
122224 1
123156 1
123531 1
123796 1
124274 1
127591 1
128384 1
129552 1
130088 1
132283 1
138083 1
139340 1
141651 1
142974 1
143081 1
144531 1
144625 1
144630 1
148871 1
149804 1
151840 1
153919 1
155128 1
157431 1
158891 1
159700 1
161015 1
162154 1
162602 1
164828 1
165398 1
166973 1
167271 1
168028 1
170222 1
172862 1
173238 1
173305 1
174901 1
176218 1
177999 1
180892 1
181075 1
182598 1
183944 1
184168 1
186314 1
188466 1
192303 1
192312 1
193291 1
193291 1
194337 1
196603 1
197358 1
199864 1
200821 1
202119 1
204814 1
208408 1
210176 1
210677 1
211086 1
215556 1
215863 1
218063 1
218202 1
218925 1
220941 1
221434 1
222140 1
225052 1
225205 1
225549 1
226527 1
226597 1
230892 1
231113 1
232913 1
238146 1
239896 1
241734 1
249908 1
250710 1
253470 1
257015 1
257776 1
258082 1
260024 1
265693 1
268002 1
268009 1
269537 1
272120 1
272394 1
273758 1
277215 1
280891 1
286920 1
288535 1
290520 1
291718 1
293926 1
300297 1
302000 1
303483 1
304093 1
304261 1
309336 1
315599 1
321190 1
321403 1
322902 1
322927 1
324212 1
328448 1
329182 1
329579 1
332919 1
338634 1
345907 1
356794 1
357326 1
358017 1
358897 1
364518 1
366178 1
367932 1
368197 1
369266 1
369935 1
373157 1
418064 1
420226 1
421285 1
424332 1
424609 1
425953 1
430452 1
432999 1
433719 1
438044 1
438909 1
442610 1
448260 1
450319 1
459750 1
459758 1
462117 1
467833 1
470652 1
482085 1
482142 1
493680 1
493980 1
495736 1
496191 1
497905 1
498224 1
499906 1
501766 1
507150 1
512345 1
513366 1
514417 1
515086 1
517113 1
525795 1
531699 1
534205 1
536483 1
537786 1
538872 1
547352 1
551695 1
552112 1
554138 1
563432 1
568953 1
569167 1
569350 1
575520 1
578029 1
578689 1
579706 1
585923 1
586882 1
589967 1
590520 1
598364 1
614774 1
618429 1
624804 1
637577 1
639521 1
641632 1
647028 1
650307 1
653806 1
656026 1
662121 1
666680 1
674314 1
687362 1
688605 1
692576 1
707521 1
708151 1
709451 1
712449 1
715844 1
720184 1
721748 1
721748 1
724469 1
725318 1
729532 1
730736 1
733405 1
742530 1
744060 1
748380 1
749903 1
751448 1
752909 1
756073 1
763998 1
764765 1
769890 1
773812 1
774557 1
780409 1
787411 1
793090 1
793439 1
795029 1
795037 1
797402 1
799483 1
809073 1
824776 1
825932 1
829651 1
831599 1
832409 1
832409 1
833563 1
838309 1
844239 1
844848 1
852092 1
857086 1
872074 1
880657 1
881060 1
884675 1
887133 1
888352 1
890871 1
893050 1
904006 1
909325 1
910946 1
918897 1
920336 1
922560 1
922823 1
923240 1
928385 1
928456 1
929923 1
934087 1
935975 1
940938 1
940938 1
944434 1
946260 1
950524 1
952336 1
956030 1
963140 1
964078 1
964078 1
970229 1
972223 1
973430 1
981368 1
983154 1
983323 1
983389 1
983629 1
983896 1
984151 1
984296 1
985421 1
985827 1
987200 1
995092 1
996237 1
997564 1
1000397 1
1001919 1
1006036 1
1009997 1
1014748 1
1018397 1
1020449 1
1021065 1
1021065 1
1026704 1
1027598 1
1030580 1
1032773 1
1032823 1
1035997 1
1038105 1
1040092 1
1040132 1
1042302 1
1043376 1
1044015 1
1045724 1
1047291 1
1049832 1
1050540 1
1054274 1
1055248 1
1058488 1
1058591 1
1058591 1
1059397 1
1062764 1
1063422 1
1064147 1
1064541 1
1069980 1
1071660 1
1071896 1
1086055 1
1088402 1
1091846 1
1096069 1
1096414 1
1100603 1
1101005 1
1101485 1
1104652 1
1104720 1
1105296 1
1109403 1
1117694 1
1118289 1
1118885 1
1126655 1
1127286 1
1132090 1
1132885 1
1133658 1
1133658 1
1138830 1
1141672 1
1150022 1
1157208 1
1158028 1
1159949 1
1160780 1
1166862 1
1168458 1
1176269 1
1176663 1
1176957 1
1182163 1
1183899 1
1186082 1
1193413 1
1194132 1
1204658 1
1205129 1
1207880 1
1208889 1
1208889 1
1208889 1
1208889 1
1209724 1
1209998 1
1211729 1
1214036 1
1214107 1
1215574 1
1215574 1
1215736 1
1216977 1
1220725 1
1222274 1
1226796 1
1228004 1
1228661 1
1228758 1
1238061 1
1245350 1
1246959 1
1254331 1
1257936 1
1258227 1
1258551 1
1264169 1
1264221 1
1264302 1
1264858 1
1266790 1
1269882 1
1270994 1
1272061 1
1291980 1
1294586 1
1295815 1
1309267 1
1311003 1
1311003 1
1315454 1
1322561 1
1322561 1
1323116 1
1324783 1
1325172 1
1327245 1
1328241 1
1330638 1
1334242 1
1334640 1
1336396 1
1336397 1
1341269 1
1349087 1
1355526 1
1358296 1
1359881 1
1364388 1
1365050 1
1365444 1
1367722 1
1370068 1
1370452 1
1376972 1
1377949 1
1380488 1
1381838 1
1382283 1
1384324 1
1385713 1
1388692 1
1389098 1
1389734 1
1397712 1
1400300 1
1400740 1
1404953 1
1409122 1
1411141 1
1416352 1
1416629 1
1417100 1
1417100 1
1419340 1
1423251 1
1427407 1
1433048 1
1437176 1
1439041 1
1439581 1
1440640 1
1441719 1
1444945 1
1449416 1
1450858 1
1453009 1
1456512 1
1459231 1
1459364 1
1459778 1
1461659 1
1467381 1
1475005 1
1476555 1
1480239 1
1480239 1
1481599 1
1490510 1
1491377 1
1494427 1
1505139 1
1519334 1
1519687 1
1520327 1
1522762 1
1524336 1
1525045 1
1527902 1
1528292 1
1531996 1
1532510 1
1532708 1
1537599 1
1538403 1
1542207 1
1545405 1
1558542 1
1566773 1
1569919 1
1570237 1
1573533 1
1574657 1
1578033 1
1578276 1
1584439 1
1586414 1
1590502 1
1590994 1
1591640 1
1591640 1
1591640 1
1591640 1
1592538 1
1592933 1
1593213 1
1597331 1
1597380 1
1597424 1
1603570 1
1616533 1
1621188 1
1624401 1
1627532 1
1631324 1
1633211 1
1636751 1
1639605 1
1640140 1
1640140 1
1652788 1
1654504 1
1654969 1
1655875 1
1668503 1
1669502 1
1670404 1
1680217 1
1680309 1
1683210 1
1685224 1
1685229 1
1686819 1
1688261 1
1694121 1
1694621 1
1697815 1
1700698 1
1703085 1
1718334 1
1719235 1
1722734 1
1729870 1
1734460 1
1736874 1
1738868 1
1739309 1
1742607 1
1744877 1
1744911 1
1759070 1
1759785 1
1759919 1
1761820 1
1764556 1
1766116 1
1769653 1
1770204 1
1770885 1
1779229 1
1780837 1
1782860 1
1786634 1
1791029 1
1794006 1
1806464 1
1807522 1
1808613 1
1808711 1
1809934 1
1816024 1
1816316 1
1817532 1
1819498 1
1819513 1
1820204 1
1826667 1
1826668 1
1827208 1
1827208 1
1828122 1
1828123 1
1828399 1
1830121 1
1833476 1
1834163 1
1836245 1
1843280 1
1844753 1
1853264 1
1853884 1
1853913 1
1854993 1
1855867 1
1856643 1
1857649 1
1861371 1
1866279 1
1871102 1
1871838 1
1872028 1
1872745 1
1875130 1
1875511 1
1875814 1
1876080 1
1876334 1
1878590 1
1879509 1
1880515 1
1881197 1
1885744 1
1887421 1
1887965 1
1890922 1
1891115 1
1891890 1
1894426 1
1894546 1
1896120 1
1896975 1
1897498 1
1897815 1
1900398 1
1900464 1
1902894 1
1906452 1
1906971 1
1907933 1
1909638 1
1910199 1
1910338 1
1914566 1
1916997 1
1917817 1
1919729 1
1920403 1
1927272 1
1933383 1
1935447 1
1937536 1
1939166 1
1943894 1
1945785 1
1945967 1
1947392 1
1947646 1
1950092 1
1950778 1
1950778 1
1951047 1
1951548 1
1952088 1
1956640 1
1960224 1
1961480 1
1963976 1
1966777 1
1968960 1
1974317 1
1975227 1
1976158 1
1978916 1
1979012 1
1979452 1
1980097 1
1986568 1
1994225 1
1996542 1
1996992 1
2001451 1
2001896 1
2003256 1
2009240 1
2009240 1
2010082 1
2010571 1
2012226 1
2012488 1
2019088 1
2021596 1
2028940 1
2031611 1
2037301 1
2039933 1
2043630 1
2049140 1
2051661 1
2066168 1
2070168 1
2071496 1
2071854 1
2074477 1
2079786 1
2085237 1
2091413 1
2098321 1
2098556 1
2099403 1
2099724 1
2106017 1
2107459 1
2110836 1
2112629 1
2114030 1
2116303 1
2124985 1
2129941 1
2134820 1
2142906 1
2150230 1
2151160 1
2151590 1
2160994 1
2161848 1
2162306 1
2163621 1
2168359 1
2171088 1
2172206 1
2175100 1
2184514 1
2185945 1
2187949 1
2189897 1
2191449 1
2199425 1
2200255 1
2203459 1
2205715 1
2207980 1
2211155 1
2213948 1
2220186 1
2220914 1
2220950 1
2223441 1
2224574 1
2225290 1
2229204 1
2238162 1
2241053 1
2247083 1
2247427 1
2250419 1
2255052 1
2256560 1
2257027 1
2259698 1
2260172 1
2266210 1
2271277 1
2271602 1
2273891 1
2277078 1
2278660 1
2279484 1
2284155 1
2286757 1
2290296 1
2290674 1
2290677 1
2294019 1
2294525 1
2295318 1
2296278 1
2300896 1
2301724 1
2302915 1
2307137 1
2309252 1
2309681 1
2310275 1
2313281 1
2314243 1
2319588 1
2336349 1
2337548 1
2341546 1
2345528 1
2348001 1
2353954 1
2354012 1
2356827 1
2358642 1
2359608 1
2373784 1
2374685 1
2375960 1
2377291 1
2378051 1
2382648 1
2382766 1
2382890 1
2384303 1
2384884 1
2388317 1
2388676 1
2390740 1
2390740 1
2393479 1
2393721 1
2398200 1
2398200 1
2399077 1
2400336 1
2406130 1
2407054 1
2409157 1
2411650 1
2417212 1
2417776 1
2419345 1
2421054 1
2421285 1
2421603 1
2422399 1
2423728 1
2423728 1
2424666 1
2425277 1
2431366 1
2431823 1
2439557 1
2439909 1
2440848 1
2445248 1
2445397 1
2445714 1
2445735 1
2456912 1
2460795 1
2461873 1
2464973 1
2472486 1
2476713 1
2476934 1
2481607 1
2482753 1
2488701 1
2488793 1
2488936 1
2489009 1
2490036 1
2492917 1
2496743 1
2497891 1
2498420 1
2509214 1
2510104 1
2510168 1
2510168 1
2514409 1
2514867 1
2519249 1
2523913 1
2523913 1
2526258 1
2526615 1
2527450 1
2529321 1
2529400 1
2529504 1
2529942 1
2531042 1
2532280 1
2533780 1
2543777 1
2548017 1
2549547 1
2549756 1
2551962 1
2558575 1
2562109 1
2562842 1
2565648 1
2565992 1
2570701 1
2574246 1
2582665 1
2587121 1
2588558 1
2596083 1
2598574 1
2605789 1
2605972 1
2607792 1
2609780 1
2613216 1
2616006 1
2616032 1
2620358 1
2620358 1
2621169 1
2622798 1
2623480 1
2631238 1
2636218 1
2637420 1
2645335 1
2650271 1
2652785 1
2660355 1
2660678 1
2662267 1
2667299 1
2669288 1
2669766 1
2670476 1
2671257 1
2672009 1
2683768 1
2684670 1
2687596 1
2694693 1
2699799 1
2706569 1
2708797 1
2719731 1
2721850 1
2721951 1
2722670 1
2726862 1
2727381 1
2729109 1
2731234 1
2735825 1
2737312 1
2747057 1
2755840 1
2757393 1
2759980 1
2761198 1
2763889 1
2764373 1
2766681 1
2767031 1
2769560 1
2770277 1
2776725 1
2778687 1
2779031 1
2781151 1
2782052 1
2789187 1
2792236 1
2793905 1
2796360 1
2799531 1
2799767 1
2800346 1
2801077 1
2801090 1
2801129 1
2801151 1
2801157 1
2817038 1
2823046 1
2830813 1
2832162 1
2832283 1
2841113 1
2843119 1
2843447 1
2849357 1
2849574 1
2850896 1
2851216 1
2851527 1
2852728 1
2852867 1
2853164 1
2854666 1
2856452 1
2857218 1
2859912 1
2861259 1
2868233 1
2882904 1
2887491 1
2888214 1
2891114 1
2895533 1
2901005 1
2903954 1
2905369 1
2906123 1
2911145 1
2912424 1
2915694 1
2917448 1
2917649 1
2922177 1
2922332 1
2923087 1
2925474 1
2934557 1
2934801 1
2938848 1
2939809 1
2949429 1
2954688 1
2958445 1
2958985 1
2961578 1
2965452 1
2966806 1
2967537 1
2970373 1
2970756 1
2971102 1
2971284 1
2971287 1
2972117 1
2976703 1
2982123 1
2983006 1
2983006 1
2983986 1
2984152 1
2989143 1
2990198 1
2992549 1
2993015 1
2994413 1
2994677 1
2998237 1
2999950 1
3006964 1
3006964 1
3014219 1
3019411 1
3019411 1
3024183 1
3024185 1
3024307 1
3026040 1
3027585 1
3033756 1
3036779 1
3038705 1
3039756 1
3040319 1
3043123 1
3044593 1
3053005 1
3057622 1
3061029 1
3061029 1
3065479 1
3065897 1
3071279 1
3081952 1
3084701 1
3088258 1
3088258 1
3093227 1
3096998 1
3097646 1
3105338 1
3106237 1
3109664 1
3110455 1
3113233 1
3120244 1
3122014 1
3126010 1
3129706 1
3131767 1
3140232 1
3143556 1
3144372 1
3144393 1
3144393 1
3144994 1
3147734 1
3153252 1
3154460 1
3154691 1
3154701 1
3155033 1
3157385 1
3157997 1
3159846 1
3165881 1
3166539 1
3167152 1
3169032 1
3169649 1
3170964 1
3175064 1
3175244 1
3176837 1
3177130 1
3178527 1
3181818 1
3181818 1
3184321 1
3186185 1
3199088 1
3199088 1
3204808 1
3216665 1
3218012 1
3220103 1
3221299 1
3224366 1
3232715 1
3238269 1
3248253 1
3255005 1
3255294 1
3257199 1
3260055 1
3260616 1
3264377 1
3265311 1
3267295 1
3269095 1
3271097 1
3271780 1
3271934 1
3272435 1
3276066 1
3276999 1
3277701 1
3277891 1
3280573 1
3282607 1
3283304 1
3284477 1
3284836 1
3285030 1
3285103 1
3287095 1
3288460 1
3293410 1
3294797 1
3299284 1
3300375 1
3301857 1
3302734 1
3305827 1
3309826 1
3310509 1
3311808 1
3315538 1
3316743 1
3328663 1
3329626 1
3329626 1
3331102 1
3331604 1
3334137 1
3335294 1
3335294 1
3338950 1
3343498 1
3347731 1
3354057 1
3358806 1
3373824 1
3374096 1
3376629 1
3377434 1
3379623 1
3393638 1
3404268 1
3405953 1
3408250 1
3409060 1
3415156 1
3417392 1
3418544 1
3423083 1
3425623 1
3428050 1
3430733 1
3432809 1
3433402 1
3434342 1
3439290 1
3441657 1
3457747 1
3457830 1
3463228 1
3470136 1
3480399 1
3484825 1
3487218 1
3497705 1
3498050 1
3504017 1
3506545 1
3509789 1
3520076 1
3536936 1
3544667 1
3545188 1
3557235 1
3559978 1
3563256 1
3569402 1
3577457 1
3590179 1
3591061 1
3596935 1
3599456 1
3600993 1
3607542 1
3608041 1
3611514 1
3613710 1
3615159 1
3618812 1
3624024 1
3628596 1
3630414 1
3634370 1
3638992 1
3642557 1
3643343 1
3644540 1
3647235 1
3652626 1
3653292 1
3655487 1
3660701 1
3664179 1
3666351 1
3667748 1
3670763 1
3673499 1
3680309 1
3683868 1
3684430 1
3691569 1
3696200 1
3696200 1
3698662 1
3700647 1
3701573 1
3704455 1
3704455 1
3707699 1
3712381 1
3713992 1
3714592 1
3715458 1
3715834 1
3717889 1
3719286 1
3722559 1
3728226 1
3728478 1
3732655 1
3735893 1
3740869 1
3741484 1
3743113 1
3747806 1
3756226 1
3763673 1
3764444 1
3777009 1
3778638 1
3783525 1
3784567 1
3784676 1
3794741 1
3794741 1
3795591 1
3795934 1
3804919 1
3807385 1
3810463 1
3810788 1
3812734 1
3819017 1
3819561 1
3819566 1
3819892 1
3822998 1
3823165 1
3826448 1
3828581 1
3829483 1
3832406 1
3832613 1
3834348 1
3837920 1
3839213 1
3846140 1
3858091 1
3858537 1
3860118 1
3860280 1
3860287 1
3863937 1
3867786 1
3868109 1
3868591 1
3869151 1
3869758 1
3871446 1
3874254 1
3879468 1
3879485 1
3880858 1
3894743 1
3897590 1
3899046 1
3905703 1
3918463 1
3921166 1
3936366 1
3952465 1
3954106 1
3973102 1
3983586 1
3987588 1
3989027 1
3991283 1
3995882 1
3996177 1
4008780 1
4012630 1
4014323 1
4020208 1
4020421 1
4021701 1
4027130 1
4030291 1
4031558 1
4042240 1
4047489 1
4053537 1
4059394 1
4059394 1
4061630 1
4063706 1
4070203 1
4087785 1
4089266 1
4091869 1
4095974 1
4096099 1
4098356 1
4101691 1
4101909 1
4101911 1
4105413 1
4105982 1
4122181 1
4123033 1
4127432 1
4128694 1
4129313 1
4129557 1
4138062 1
4138366 1
4141434 1
4143006 1
4147935 1
4160916 1
4162201 1
4162273 1
4162792 1
4168131 1
4173034 1
4173403 1
4173469 1
4173469 1
4173469 1
4173469 1
4176220 1
4178973 1
4179271 1
4182364 1
4182364 1
4183163 1
4183564 1
4186360 1
4188953 1
4188953 1
4191806 1
4198321 1
4202634 1
4202635 1
4203058 1
4203271 1
4206205 1
4208382 1
4209170 1
4209744 1
4214607 1
4214955 1
4217533 1
4220530 1
4223729 1
4227877 1
4236433 1
4236889 1
4237053 1
4237212 1
4241922 1
4242397 1
4255529 1
4255808 1
4257692 1
4261427 1
4264771 1
4273208 1
4273220 1
4277554 1
4277953 1
4282038 1
4285463 1
4288762 1
4297283 1
4300971 1
4305401 1
4315299 1
4319200 1
4321677 1
4322592 1
4324581 1
4328685 1
4329283 1
4330493 1
4332528 1
4332717 1
4333570 1
4335671 1
4339455 1
4340535 1
4346199 1
4346319 1
4346319 1
4348148 1
4348559 1
4349637 1
4358408 1
4358408 1
4359133 1
4360908 1
4363386 1
4365444 1
4367566 1
4369009 1
4369635 1
4369686 1
4371860 1
4373679 1
4374563 1
4377972 1
4379929 1
4383305 1
4383782 1
4388317 1
4397698 1
4397964 1
4408952 1
4414565 1
4415842 1
4417591 1
4418388 1
4418624 1
4420887 1
4420887 1
4421618 1
4421733 1
4423333 1
4424013 1
4424710 1
4426576 1
4427094 1
4431874 1
4431904 1
4439559 1
4447731 1
4448774 1
4450039 1
4451206 1
4453900 1
4464256 1
4467485 1
4473209 1
4474020 1
4477134 1
4478206 1
4478224 1
4481780 1
4483559 1
4487008 1
4488675 1
4490150 1
4492273 1
4496135 1
4496943 1
4497742 1
4512001 1
4514181 1
4514242 1
4517044 1
4517644 1
4518926 1
4519899 1
4521324 1
4523932 1
4523966 1
4524663 1
4528391 1
4528744 1
4533223 1
4534301 1
4542443 1
4547518 1
4551341 1
4558889 1
4564055 1
4571183 1
4571244 1
4579763 1
4583068 1
4586384 1
4593392 1
4594027 1
4595289 1
4601391 1
4603917 1
4608889 1
4610511 1
4612819 1
4621109 1
4624868 1
4628567 1
4631351 1
4634891 1
4637531 1
4638246 1
4638358 1
4639983 1
4647725 1
4648612 1
4649358 1
4657049 1
4657049 1
4661219 1
4661337 1
4669180 1
4669667 1
4673608 1
4673627 1
4676293 1
4677976 1
4683681 1
4689930 1
4695356 1
4697621 1
4700758 1
4702527 1
4710127 1
4712497 1
4713074 1
4715928 1
4716400 1
4718640 1
4718696 1
4723492 1
4725762 1
4729150 1
4737342 1
4738922 1
4746593 1
4752682 1
4760327 1
4763583 1
4769720 1
4769853 1
4769897 1
4770049 1
4771315 1
4781040 1
4781732 1
4790414 1
4791641 1
4791641 1
4792204 1
4793404 1
4795849 1
4796403 1
4798325 1
4800604 1
4800787 1
4801471 1
4801728 1
4804861 1
4805721 1
4808945 1
4811784 1
4812240 1
4812386 1
4813088 1
4813395 1
4814045 1
4816015 1
4816220 1
4817369 1
4818034 1
4820292 1
4823940 1
4825085 1
4825508 1
4825934 1
4826808 1
4832087 1
4832937 1
4838023 1
4838550 1
4838665 1
4849834 1
4856722 1
4857797 1
4859516 1
4861363 1
4865871 1
4872777 1
4873624 1
4878942 1
4879036 1
4879090 1
4879383 1
4881692 1
4883478 1
4884373 1
4899708 1
4900605 1
4900785 1
4901082 1
4903106 1
4904570 1
4905799 1
4905897 1
4905979 1
4906002 1
4910482 1
4914134 1
4916543 1
4916719 1
4917933 1
4918876 1
4924884 1
4925914 1
4931451 1
4933911 1
4936462 1
4936462 1
4943181 1
4949739 1
4953882 1
4954518 1
4955372 1
4957791 1
4961840 1
4963076 1
4964930 1
4966004 1
4966715 1
4966896 1
4969326 1
4970604 1
4975391 1
4977026 1
4984424 1
4994386 1
4996964 1
4997932 1
5001422 1
5001888 1
5004628 1
5008510 1
5009659 1
5011145 1
5013977 1
5014676 1
5015617 1
5024489 1
5027381 1
5027385 1
5036034 1
5036786 1
5039554 1
5040143 1
5044266 1
5046292 1
5047134 1
5049117 1
5049463 1
5053486 1
5053511 1
5053523 1
5053579 1
5053923 1
5055995 1
5058377 1
5058377 1
5062520 1
5063741 1
5064042 1
5066186 1
5078988 1
5080433 1
5115225 1
5116120 1
5116465 1
5116465 1
5117814 1
5119598 1
5122545 1
5124958 1
5133517 1
5133703 1
5134152 1
5135302 1
5139176 1
5139663 1
5139884 1
5140533 1
5144969 1
5148984 1
5149456 1
5156229 1
5157382 1
5157581 1
5159526 1
5159848 1
5172155 1
5172510 1
5178149 1
5186075 1
5194253 1
5207978 1
5208338 1
5210848 1
5216359 1
5220751 1
5222101 1
5222577 1
5223499 1
5229821 1
5232783 1
5235529 1
5236090 1
5237793 1
5237829 1
5238080 1
5239157 1
5246737 1
5247299 1
5249406 1
5258142 1
5258174 1
5262113 1
5263963 1
5265344 1
5265903 1
5272447 1
5276637 1
5278843 1
5280398 1
5280676 1
5287193 1
5287861 1
5288573 1
5296443 1
5298458 1
5300030 1
5300291 1
5305099 1
5306795 1
5307366 1
5307366 1
5308991 1
5310080 1
5311961 1
5312761 1
5316466 1
5322195 1
5331357 1
5332172 1
5340825 1
5340829 1
5341009 1
5347407 1
5349288 1
5355946 1
5366894 1
5367167 1
5375317 1
5381687 1
5421019 1
5423557 1
5425317 1
5428812 1
5428875 1
5443371 1
5444022 1
5444940 1
5449466 1
5452432 1
5453069 1
5454118 1
5454552 1
5457172 1
5457605 1
5459452 1
5462897 1
5464477 1
5469530 1
5471237 1
5471330 1
5479695 1
5479826 1
5482247 1
5484065 1
5491085 1
5491473 1
5492715 1
5494267 1
5495847 1
5498213 1
5501911 1
5501916 1
5505259 1
5508607 1
5517794 1
5519702 1
5520824 1
5523080 1
5523696 1
5523696 1
5525575 1
5525853 1
5528031 1
5530193 1
5532656 1
5536424 1
5538627 1
5543537 1
5545967 1
5555137 1
5558042 1
5558148 1
5558219 1
5562802 1
5567645 1
5568031 1
5572720 1
5584095 1
5584509 1
5596644 1
5598526 1
5602952 1
5608508 1
5611190 1
5611190 1
5616367 1
5638602 1
5642214 1
5642665 1
5647399 1
5653582 1
5653582 1
5654337 1
5655905 1
5656438 1
5658872 1
5665003 1
5666033 1
5666090 1
5666165 1
5675983 1
5679192 1
5680978 1
5681837 1
5681910 1
5682332 1
5682703 1
5683009 1
5687061 1
5689258 1
5689282 1
5690203 1
5693851 1
5700249 1
5701185 1
5701293 1
5701450 1
5702137 1
5703065 1
5706683 1
5710685 1
5710747 1
5712285 1
5715307 1
5716168 1
5716664 1
5720889 1
5723150 1
5723253 1
5724682 1
5729983 1
5732851 1
5741658 1
5747126 1
5747814 1
5747988 1
5748131 1
5749784 1
5750774 1
5753267 1
5756745 1
5769933 1
5770824 1
5770839 1
5771401 1
5772027 1
5775977 1
5776741 1
5784955 1
5788396 1
5802138 1
5807578 1
5810875 1
5812764 1
5813580 1
5815621 1
5816544 1
5821946 1
5822094 1
5824917 1
5825402 1
5827604 1
5833929 1
5836724 1
5840731 1
5844005 1
5853691 1
5854610 1
5859940 1
5860534 1
5867267 1
5867778 1
5876300 1
5876890 1
5877089 1
5878650 1
5878918 1
5879075 1
5879421 1
5880416 1
5881681 1
5881994 1
5882550 1
5884210 1
5888775 1
5888873 1
5893386 1
5893835 1
5904045 1
5910694 1
5917552 1
5920225 1
5923034 1
5923276 1
5928815 1
5938870 1
5938870 1
5939502 1
5942400 1
5943783 1
5954981 1
5957777 1
5959196 1
5959203 1
5968749 1
5968932 1
5970038 1
5971417 1
5973401 1
5973620 1
5976212 1
5976516 1
5979933 1
5980073 1
5983578 1
5985799 1
5988711 1
5989647 1
5994359 1
5998553 1
6002582 1
6002679 1
6004296 1
6005661 1
6005727 1
6009351 1
6011295 1
6013875 1
6021719 1
6022241 1
6022578 1
6031102 1
6031891 1
6034156 1
6035436 1
6036390 1
6039078 1
6040275 1
6047222 1
6048772 1
6048772 1
6060783 1
6061515 1
6076186 1
6082536 1
6083610 1
6085591 1
6087297 1
6087724 1
6090255 1
6095832 1
6099999 1
6108641 1
6120278 1
6121498 1
6121757 1
6124872 1
6128878 1
6128939 1
6138697 1
6141907 1
6144426 1
6148505 1
6150474 1
6156772 1
6157466 1
6164018 1
6164018 1
6167177 1
6167604 1
6176779 1
6179097 1
6180276 1
6185095 1
6188023 1
6192709 1
6192887 1
6195004 1
6195344 1
6197711 1
6202171 1
6205756 1
6227854 1
6227938 1
6228263 1
6228422 1
6229508 1
6230522 1
6232710 1
6264909 1
6266255 1
6267953 1
6274733 1
6276872 1
6277946 1
6278938 1
6279322 1
6281630 1
6281929 1
6290439 1
6294835 1
6297324 1
6298112 1
6300675 1
6302378 1
6302816 1
6304880 1
6305604 1
6311005 1
6314968 1
6315345 1
6316194 1
6323957 1
6326828 1
6332479 1
6334603 1
6339723 1
6340074 1
6340461 1
6348296 1
6354681 1
6358449 1
6358928 1
6360898 1
6361512 1
6371376 1
6371976 1
6377894 1
6379553 1
6381373 1
6381373 1
6381557 1
6381625 1
6382465 1
6386014 1
6386503 1
6386999 1
6387501 1
6388492 1
6393312 1
6398003 1
6399292 1
6401265 1
6403946 1
6404660 1
6420288 1
6421743 1
6426220 1
6427008 1
6428253 1
6430008 1
6436301 1
6439004 1
6440162 1
6446852 1
6447547 1
6448325 1
6454860 1
6457943 1
6457943 1
6458826 1
6465080 1
6474899 1
6479041 1
6483851 1
6483950 1
6487556 1
6488237 1
6497619 1
6498703 1
6498724 1
6500576 1
6502479 1
6503006 1
6506766 1
6506966 1
6509641 1
6510950 1
6510995 1
6515062 1
6517835 1
6518023 1
6520560 1
6524450 1
6535299 1
6540829 1
6544773 1
6545598 1
6545690 1
6549850 1
6549873 1
6557031 1
6562254 1
6568041 1
6568829 1
6568829 1
6568829 1
6570021 1
6576964 1
6583424 1
6584449 1
6591262 1
6601528 1
6606498 1
6607415 1
6613184 1
6616160 1
6618064 1
6618115 1
6619504 1
6624232 1
6630582 1
6636912 1
6637088 1
6638142 1
6643155 1
6644911 1
6649615 1
6650652 1
6650847 1
6650909 1
6652100 1
6652135 1
6654473 1
6655680 1
6662157 1
6663539 1
6665308 1
6667045 1
6667879 1
6671219 1
6671393 1
6671645 1
6673634 1
6674777 1
6675817 1
6681483 1
6686495 1
6687253 1
6692913 1
6694443 1
6696203 1
6697073 1
6704888 1
6706420 1
6707066 1
6709481 1
6709488 1
6712790 1
6713199 1
6726456 1
6735166 1
6743002 1
6746867 1
6750275 1
6753238 1
6755151 1
6770754 1
6772839 1
6785503 1
6786870 1
6790442 1
6797882 1
6800954 1
6802711 1
6808739 1
6811894 1
6814080 1
6824824 1
6824942 1
6830494 1
6834281 1
6835057 1
6835781 1
6836049 1
6838272 1
6841896 1
6845019 1
6846006 1
6847273 1
6848386 1
6850112 1
6850114 1
6850114 1
6851123 1
6852996 1
6854730 1
6854733 1
6855357 1
6855394 1
6867849 1
6868013 1
6869434 1
6871604 1
6872834 1
6876521 1
6881932 1
6883329 1
6883824 1
6884164 1
6885306 1
6885604 1
6886873 1
6893156 1
6897777 1
6898941 1
6899211 1
6905968 1
6912178 1
6914337 1
6919427 1
6922440 1
6923649 1
6923649 1
6924530 1
6927866 1
6930982 1
6931324 1
6933127 1
6935803 1
6936723 1
6937453 1
6937888 1
6938089 1
6938858 1
6939195 1
6940899 1
6941134 1
6947802 1
6948497 1
6961012 1
6964420 1
6972163 1
6973130 1
6974393 1
6975286 1
6976953 1
6979990 1
6984004 1
6986958 1
6994217 1
6994303 1
6995490 1
6997900 1
6999877 1
7001510 1
7001854 1
7002135 1
7003229 1
7005881 1
7005946 1
7011669 1
7013323 1
7018207 1
7018418 1
7019806 1
7020489 1
7020794 1
7022113 1
7022634 1
7025395 1
7028756 1
7028927 1
7029793 1
7030177 1
7031004 1
7034040 1
7034128 1
7034619 1
7035551 1
7038128 1
7039912 1
7040819 1
7041456 1
7041717 1
7060863 1
7062438 1
7070831 1
7071917 1
7072992 1
7073686 1
7074186 1
7075446 1
7076209 1
7078130 1
7079319 1
7082702 1
7083058 1
7085453 1
7086578 1
7087663 1
7087729 1
7099058 1
7101216 1
7104234 1
7106388 1
7110571 1
7110751 1
7111698 1
7111800 1
7115916 1
7116025 1
7116240 1
7116352 1
7117303 1
7120739 1
7121116 1
7125651 1
7129221 1
7130957 1
7132943 1
7136163 1
7136228 1
7137385 1
7137703 1
7139995 1
7140772 1
7149645 1
7152709 1
7153262 1
7154007 1
7154386 1
7156058 1
7157183 1
7157568 1
7158937 1
7159413 1
7159528 1
7160653 1
7164602 1
7164753 1
7168098 1
7168675 1
7173319 1
7173938 1
7174541 1
7184156 1
7185574 1
7193139 1
7194193 1
7194951 1
7195202 1
7195478 1
7195594 1
7199794 1
7206168 1
7206387 1
7206476 1
7213927 1
7219037 1
7220141 1
7220248 1
7224039 1
7225049 1
7225129 1
7225129 1
7225270 1
7225608 1
7226280 1
7231186 1
7232451 1
7233888 1
7235256 1
7235694 1
7239728 1
7242608 1
7242608 1
7242943 1
7245027 1
7251701 1
7252099 1
7252268 1
7254450 1
7261153 1
7264500 1
7267553 1
7273560 1
7274831 1
7274851 1
7275168 1
7275346 1
7275572 1
7277954 1
7278207 1
7280258 1
7281260 1
7286402 1
7290058 1
7291813 1
7292948 1
7297003 1
7302559 1
7304477 1
7305324 1
7314998 1
7317144 1
7317342 1
7322342 1
7324572 1
7324572 1
7324733 1
7329490 1
7330038 1
7330284 1
7343738 1
7344474 1
7348669 1
7348909 1
7357160 1
7357949 1
7358915 1
7362216 1
7362748 1
7368106 1
7368901 1
7369209 1
7372248 1
7372248 1
7372573 1
7372573 1
7377221 1
7380750 1
7382475 1
7391892 1
7393934 1
7394600 1
7395311 1
7405004 1
7406414 1
7407410 1
7411028 1
7412347 1
7412347 1
7412549 1
7414024 1
7414233 1
7414245 1
7419852 1
7423392 1
7425593 1
7426918 1
7427526 1
7434966 1
7437141 1
7438522 1
7439738 1
7450465 1
7451184 1
7458693 1
7459183 1
7460409 1
7460492 1
7463887 1
7463989 1
7464359 1
7465092 1
7468490 1
7473152 1
7483175 1
7483693 1
7484717 1
7485235 1
7492464 1
7492475 1
7493264 1
7501277 1
7504564 1
7505208 1
7506216 1
7506216 1
7507492 1
7508575 1
7513407 1
7513987 1
7515091 1
7515120 1
7517419 1
7518859 1
7524310 1
7534742 1
7535406 1
7538353 1
7541217 1
7542669 1
7545623 1
7546910 1
7552368 1
7552635 1
7558134 1
7563116 1
7565740 1
7567759 1
7569310 1
7572576 1
7574311 1
7577652 1
7584597 1
7585149 1
7586227 1
7587356 1
7588131 1
7590060 1
7593685 1
7594286 1
7596674 1
7596896 1
7600210 1
7603483 1
7603833 1
7610140 1
7612768 1
7613938 1
7619865 1
7623223 1
7626312 1
7628180 1
7628446 1
7629721 1
7632346 1
7638468 1
7638788 1
7639674 1
7649290 1
7651818 1
7652976 1
7655978 1
7657529 1
7668990 1
7669882 1
7670603 1
7674074 1
7677189 1
7677443 1
7680994 1
7690428 1
7694073 1
7695158 1
7696653 1
7698913 1
7700281 1
7704462 1
7705025 1
7705774 1
7706968 1
7710626 1
7723363 1
7727545 1
7729103 1
7731044 1
7733325 1
7734616 1
7735966 1
7737674 1
7747212 1
7750750 1
7752386 1
7752681 1
7754832 1
7755333 1
7761437 1
7767048 1
7767923 1
7776325 1
7776825 1
7780379 1
7780775 1
7781129 1
7785469 1
7786341 1
7787113 1
7791361 1
7793313 1
7801444 1
7809010 1
7815965 1
7833698 1
7835501 1
7836147 1
7839793 1
7841010 1
7842013 1
7842028 1
7842992 1
7844818 1
7850399 1
7850528 1
7850725 1
7850786 1
7853257 1
7853907 1
7855689 1
7857105 1
7862961 1
7864185 1
7867112 1
7867861 1
7871184 1
7872496 1
7872524 1
7874443 1
7874448 1
7881245 1
7881788 1
7887539 1
7889423 1
7890990 1
7891435 1
7895067 1
7896480 1
7898311 1
7899031 1
7902836 1
7906346 1
7911838 1
7912519 1
7918333 1
7918873 1
7924811 1
7925502 1
7931181 1
7935100 1
7937711 1
7938163 1
7940542 1
7947263 1
7951623 1
7954031 1
7958032 1
7958324 1
7962491 1
7963255 1
7965738 1
7967963 1
7971588 1
7975825 1
7976305 1
7976892 1
7980373 1
7980413 1
7987033 1
7987852 1
7988559 1
7993487 1
7993697 1
7998420 1
8003321 1
8004244 1
8004745 1
8008720 1
8009138 1
8011799 1
8012012 1
8013870 1
8018362 1
8019353 1
8020277 1
8021154 1
8022766 1
8023032 1
8023311 1
8027157 1
8029671 1
8031195 1
8034069 1
8035547 1
8036173 1
8040155 1
8040667 1
8041395 1
8042180 1
8042249 1
8042564 1
8042667 1
8043700 1
8044201 1
8045077 1
8045092 1
8045092 1
8046003 1
8046939 1
8048004 1
8048441 1
8048906 1
8049722 1
8050425 1
8051717 1
8052053 1
8053195 1
8053587 1
8054685 1
8055533 1
8058978 1
8060269 1
8060269 1
8063788 1
8065072 1
8065432 1
8065642 1
8065643 1
8067350 1
8068692 1
8069226 1
8071384 1
8071822 1
8073282 1
8073314 1
8075845 1
8078188 1
8079344 1
8079464 1
8080573 1
8081061 1
8081185 1
8082500 1
8087654 1
8088295 1
8091416 1
8103910 1
8104977 1
8105285 1
8108272 1
8109243 1
8111979 1
8114416 1
8114790 1
8115655 1
8115655 1
8119308 1
8119461 1
8120373 1
8120926 1
8121224 1
8122742 1
8123014 1
8123014 1
8123299 1
8124781 1
8125900 1
8126213 1
8126335 1
8126763 1
8127249 1
8127521 1
8128446 1
8129553 1
8130657 1
8131712 1
8131751 1
8132260 1
8132410 1
8132417 1
8132998 1
8133153 1
8137659 1
8140464 1
8141192 1
8141412 1
8142355 1
8143507 1
8149220 1
8149220 1
8152157 1
8152425 1
8154161 1
8154433 1
8156859 1
8158392 1
8162968 1
8163502 1
8163878 1
8165643 1
8171453 1
8186444 1
8188424 1
8214636 1
8217457 1
8218202 1
8222406 1
8222822 1
8226024 1
8226339 1
8226339 1
8229074 1
8245870 1
8251015 1
8255733 1
8255733 1
8265233 1
8269725 1
8274983 1
8275160 1
8275160 1
8275471 1
8277288 1
8284184 1
8297687 1
8298168 1
8300379 1
8300817 1
8309628 1
441 1
2698 1
7748 1
13531 1
14694 1
26778 1
26853 1
27216 1
33177 1
35545 1
35970 1
37127 1
43158 1
44610 1
46126 1
47641 1
49132 1
49364 1
49551 1
50489 1
53587 1
58948 1
63428 1
63718 1
69604 1
69604 1
80292 1
82343 1
83204 1
98562 1
104953 1
105175 1
107923 1
112856 1
115110 1
115785 1
118681 1
118727 1
123095 1
123486 1
124375 1
126163 1
126433 1
126818 1
127906 1
132790 1
134155 1
135085 1
135983 1
137030 1
138972 1
139315 1
143825 1
145117 1
145198 1
145198 1
145985 1
146503 1
148453 1
153303 1
153303 1
154765 1
155958 1
155991 1
156874 1
157766 1
158076 1
158672 1
159285 1
160492 1
162541 1
175953 1
176550 1
176793 1
181659 1
184472 1
186911 1
187313 1
187697 1
191070 1
192177 1
197502 1
197901 1
200107 1
203267 1
203806 1
205313 1
205360 1
205589 1
205754 1
206947 1
211669 1
213462 1
214244 1
214933 1
216017 1
216636 1
218678 1
219853 1
221592 1
226373 1
227846 1
227986 1
228711 1
229447 1
229594 1
229906 1
231276 1
236821 1
240341 1
240668 1
245125 1
248071 1
251744 1
251744 1
262390 1
262581 1
265862 1
268698 1
271417 1
273268 1
276421 1
283079 1
285987 1
287823 1
287912 1
289038 1
289288 1
294181 1
296151 1
297981 1
303852 1
304056 1
304272 1
311067 1
322198 1
326587 1
328319 1
333798 1
334734 1
341301 1
344924 1
351571 1
352455 1
353568 1
364684 1
364684 1
365964 1
374070 1
384994 1
387991 1
391989 1
398798 1
400522 1
416580 1
421871 1
425578 1
428580 1
429094 1
431891 1
432071 1
439489 1
443893 1
450390 1
450934 1
451374 1
451374 1
456033 1
459809 1
463927 1
467609 1
468082 1
469056 1
470100 1
475363 1
482379 1
485790 1
487179 1
489097 1
490339 1
491865 1
492202 1
497749 1
498248 1
499005 1
499849 1
500542 1
501796 1
501799 1
509364 1
509682 1
509804 1
510716 1
513949 1
520562 1
521492 1
526305 1
530153 1
537803 1
547199 1
547425 1
547631 1
549396 1
549605 1
556762 1
560209 1
563256 1
564480 1
565415 1
566698 1
567287 1
568066 1
571885 1
571885 1
574246 1
576589 1
577645 1
579367 1
581804 1
582376 1
582376 1
591574 1
600592 1
614632 1
615358 1
618356 1
626367 1
632301 1
641730 1
650827 1
658708 1
660404 1
662030 1
663512 1
666147 1
666152 1
666432 1
666527 1
695327 1
702031 1
703223 1
711344 1
711842 1
720001 1
720133 1
722858 1
727748 1
730642 1
744571 1
746262 1
747156 1
753594 1
760825 1
766827 1
768241 1
768518 1
769354 1
771837 1
771938 1
773052 1
774676 1
778563 1
784604 1
784981 1
790221 1
794143 1
806327 1
818174 1
821280 1
822401 1
831781 1
834255 1
843796 1
845224 1
845659 1
848228 1
848814 1
854435 1
861072 1
861634 1
863731 1
864154 1
867493 1
867914 1
871943 1
881957 1
893287 1
894601 1
903336 1
904298 1
905515 1
906556 1
915664 1
918647 1
920046 1
921127 1
921979 1
922098 1
923236 1
923689 1
924429 1
924429 1
926099 1
930841 1
934632 1
937994 1
938613 1
939489 1
939591 1
939674 1
942180 1
947459 1
950459 1
952078 1
952570 1
952723 1
964681 1
967813 1
976182 1
980142 1
980142 1
983047 1
985425 1
987437 1
996856 1
998339 1
1000321 1
1008730 1
1013311 1
1018411 1
1020285 1
1022727 1
1029040 1
1029486 1
1038231 1
1038488 1
1039410 1
1040109 1
1043354 1
1046025 1
1047706 1
1048830 1
1051072 1
1054511 1
1059907 1
1061465 1
1062535 1
1063454 1
1069864 1
1070842 1
1072054 1
1073384 1
1079026 1
1083862 1
1084690 1
1086404 1
1087155 1
1089538 1
1093869 1
1099188 1
1102319 1
1103494 1
1105369 1
1107209 1
1110306 1
1116620 1
1118188 1
1133052 1
1136663 1
1138776 1
1143610 1
1147841 1
1159558 1
1164242 1
1174404 1
1179585 1
1180981 1
1182509 1
1183692 1
1184649 1
1185616 1
1185946 1
1187452 1
1187641 1
1189232 1
1192567 1
1197204 1
1211268 1
1213580 1
1215247 1
1218203 1
1218311 1
1219184 1
1220111 1
1222291 1
1228951 1
1230718 1
1231998 1
1233479 1
1240278 1
1240868 1
1242971 1
1242982 1
1249003 1
1259388 1
1261537 1
1261756 1
1262889 1
1263719 1
1268208 1
1273029 1
1273313 1
1274381 1
1276115 1
1278128 1
1281033 1
1284878 1
1285439 1
1300531 1
1302149 1
1303545 1
1304078 1
1305261 1
1309218 1
1321161 1
1329930 1
1335071 1
1339603 1
1342130 1
1342355 1
1345446 1
1347764 1
1351231 1
1356699 1
1372317 1
1374156 1
1383186 1
1393364 1
1399171 1
1404028 1
1412350 1
1416836 1
1418453 1
1418945 1
1421579 1
1427314 1
1432884 1
1434376 1
1437557 1
1438857 1
1445161 1
1445928 1
1446955 1
1449752 1
1453398 1
1456156 1
1456223 1
1460932 1
1460932 1
1461837 1
1461965 1
1463230 1
1463528 1
1464187 1
1465873 1
1469584 1
1470179 1
1470510 1
1471844 1
1474004 1
1476405 1
1476986 1
1481314 1
1486471 1
1490173 1
1497033 1
1506682 1
1507173 1
1508700 1
1510095 1
1510120 1
1513805 1
1514535 1
1515429 1
1521425 1
1531940 1
1537062 1
1540518 1
1542475 1
1542613 1
1548518 1
1549122 1
1551666 1
1551696 1
1553251 1
1561710 1
1562482 1
1563009 1
1563589 1
1563597 1
1564548 1
1565915 1
1575791 1
1576226 1
1577777 1
1580667 1
1582088 1
1586195 1
1587094 1
1594130 1
1596869 1
1599236 1
1599606 1
1602813 1
1608231 1
1610256 1
1613008 1
1614279 1
1616229 1
1618622 1
1624615 1
1628903 1
1631142 1
1631581 1
1632183 1
1632552 1
1636527 1
1640935 1
1644966 1
1645818 1
1647514 1
1650364 1
1654539 1
1660648 1
1663516 1
1668556 1
1671362 1
1673650 1
1676006 1
1682762 1
1682919 1
1688177 1
1688836 1
1691433 1
1691442 1
1693825 1
1700951 1
1703443 1
1704271 1
1704559 1
1706096 1
1718805 1
1719448 1
1720003 1
1720131 1
1720657 1
1721480 1
1724478 1
1730374 1
1735807 1
1738130 1
1740512 1
1741130 1
1743669 1
1747231 1
1748957 1
1754179 1
1754439 1
1757490 1
1758819 1
1767158 1
1769967 1
1777868 1
1779376 1
1781224 1
1788446 1
1791450 1
1798649 1
1798649 1
1804639 1
1816503 1
1821166 1
1822863 1
1822868 1
1823495 1
1823495 1
1825416 1
1825573 1
1826253 1
1828618 1
1829970 1
1830843 1
1832043 1
1834385 1
1847912 1
1853775 1
1854868 1
1855960 1
1857633 1
1858477 1
1858631 1
1860881 1
1861058 1
1861439 1
1865752 1
1869264 1
1869980 1
1869984 1
1870722 1
1870980 1
1871081 1
1871798 1
1875012 1
1876189 1
1879442 1
1880548 1
1881340 1
1882413 1
1882632 1
1883018 1
1883068 1
1886766 1
1889804 1
1890433 1
1896734 1
1899622 1
1899622 1
1899832 1
1900535 1
1904055 1
1905334 1
1906142 1
1906173 1
1906204 1
1914425 1
1916718 1
1918670 1
1920069 1
1921330 1
1928275 1
1937791 1
1937791 1
1939984 1
1940613 1
1942045 1
1943008 1
1943312 1
1947410 1
1948917 1
1951013 1
1951574 1
1951869 1
1952100 1
1953801 1
1962499 1
1964406 1
1968174 1
1969695 1
1972847 1
1979575 1
1986098 1
1987582 1
1991652 1
2000946 1
2002449 1
2005524 1
2006844 1
2009513 1
2009955 1
2010431 1
2010786 1
2012158 1
2017331 1
2017503 1
2017813 1
2018749 1
2021449 1
2022029 1
2022536 1
2022974 1
2023024 1
2025378 1
2027448 1
2027562 1
2036036 1
2042518 1
2051349 1
2059073 1
2059073 1
2063241 1
2069872 1
2070968 1
2073562 1
2078191 1
2080296 1
2082612 1
2085695 1
2092575 1
2093256 1
2093942 1
2097590 1
2100133 1
2102251 1
2106528 1
2111161 1
2114746 1
2118760 1
2119571 1
2120014 1
2127943 1
2130891 1
2131423 1
2140695 1
2140805 1
2140994 1
2147566 1
2149843 1
2150194 1
2158612 1
2159298 1
2159668 1
2166314 1
2172742 1
2178049 1
2185642 1
2185654 1
2187246 1
2187279 1
2195113 1
2196622 1
2196878 1
2199067 1
2203380 1
2207952 1
2220862 1
2222895 1
2227757 1
2230170 1
2239570 1
2239941 1
2240387 1
2241373 1
2246545 1
2246545 1
2246695 1
2255847 1
2260146 1
2260793 1
2262737 1
2274802 1
2274814 1
2274814 1
2277895 1
2283229 1
2283473 1
2288498 1
2289112 1
2291189 1
2292111 1
2293222 1
2294552 1
2295556 1
2297943 1
2298095 1
2299500 1
2299501 1
2300635 1
2300635 1
2302532 1
2304720 1
2305245 1
2307878 1
2314878 1
2323530 1
2324126 1
2325225 1
2327350 1
2331332 1
2340910 1
2346061 1
2347661 1
2352476 1
2354298 1
2357027 1
2357453 1
2375639 1
2376450 1
2376488 1
2378744 1
2384190 1
2385357 1
2387528 1
2388178 1
2389147 1
2392872 1
2393501 1
2399189 1
2402693 1
2402999 1
2403092 1
2404218 1
2406688 1
2408876 1
2414831 1
2420826 1
2421592 1
2421597 1
2422036 1
2422733 1
2424191 1
2424329 1
2427714 1
2428636 1
2434629 1
2438277 1
2438299 1
2439108 1
2439523 1
2439628 1
2440384 1
2445029 1
2446958 1
2453173 1
2454552 1
2457616 1
2468562 1
2470619 1
2477197 1
2478165 1
2481106 1
2481106 1
2486116 1
2490464 1
2509327 1
2513268 1
2513642 1
2516394 1
2518674 1
2520006 1
2520006 1
2521540 1
2521617 1
2523089 1
2523878 1
2526327 1
2534883 1
2534980 1
2541226 1
2542123 1
2542159 1
2550027 1
2551744 1
2552003 1
2561597 1
2565680 1
2566275 1
2569910 1
2570090 1
2581066 1
2583190 1
2585541 1
2585575 1
2589721 1
2590594 1
2591656 1
2592798 1
2594167 1
2594271 1
2594802 1
2612370 1
2615287 1
2616686 1
2619774 1
2621268 1
2622947 1
2622950 1
2623652 1
2623663 1
2624466 1
2636750 1
2638789 1
2640800 1
2643562 1
2645075 1
2645441 1
2647293 1
2647781 1
2649979 1
2657624 1
2660508 1
2662926 1
2664134 1
2665965 1
2672085 1
2672342 1
2677525 1
2677525 1
2687531 1
2687795 1
2693853 1
2694492 1
2696688 1
2700587 1
2701816 1
2701997 1
2708287 1
2709441 1
2713274 1
2718123 1
2720009 1
2727061 1
2727943 1
2728768 1
2730651 1
2733523 1
2739793 1
2740764 1
2744499 1
2751717 1
2753641 1
2761982 1
2764762 1
2764829 1
2767249 1
2769318 1
2769635 1
2773205 1
2774706 1
2776295 1
2781586 1
2782285 1
2782334 1
2783928 1
2784395 1
2784395 1
2785345 1
2785581 1
2789063 1
2789762 1
2795491 1
2795957 1
2796440 1
2800373 1
2801103 1
2801105 1
2801872 1
2805549 1
2806521 1
2811333 1
2811664 1
2819109 1
2821857 1
2823944 1
2825784 1
2834158 1
2834696 1
2837128 1
2849884 1
2850416 1
2850538 1
2852338 1
2852904 1
2855469 1
2858063 1
2858213 1
2858805 1
2858833 1
2867945 1
2868572 1
2870366 1
2871032 1
2877433 1
2879029 1
2880450 1
2882758 1
2885690 1
2895170 1
2898503 1
2900606 1
2911315 1
2911315 1
2918486 1
2927614 1
2930172 1
2930460 1
2930921 1
2931525 1
2932350 1
2932563 1
2938712 1
2941813 1
2947438 1
2950197 1
2950575 1
2952542 1
2955527 1
2956261 1
2961675 1
2965907 1
2968250 1
2970447 1
2979760 1
2982368 1
2982420 1
2982954 1
2986478 1
2987978 1
2989363 1
3001437 1
3001474 1
3002791 1
3006114 1
3007356 1
3012823 1
3016394 1
3016632 1
3019187 1
3022712 1
3024516 1
3024890 1
3025601 1
3025608 1
3025983 1
3026509 1
3029848 1
3030035 1
3037627 1
3043269 1
3048063 1
3052930 1
3053023 1
3058303 1
3060074 1
3070716 1
3072477 1
3086546 1
3090622 1
3092023 1
3093494 1
3095488 1
3108711 1
3114226 1
3114762 1
3117604 1
3118283 1
3121915 1
3124313 1
3131750 1
3145157 1
3148757 1
3149034 1
3152837 1
3154663 1
3155333 1
3166432 1
3166769 1
3168184 1
3169915 1
3174292 1
3175880 1
3181297 1
3190611 1
3191801 1
3192036 1
3196584 1
3197351 1
3204133 1
3210400 1
3216100 1
3216229 1
3222416 1
3222794 1
3222916 1
3224994 1
3226260 1
3228161 1
3233655 1
3238343 1
3239362 1
3243412 1
3245178 1
3246089 1
3249331 1
3250919 1
3251234 1
3251678 1
3254990 1
3260101 1
3260374 1
3266706 1
3271710 1
3272189 1
3273071 1
3274551 1
3274551 1
3278925 1
3281126 1
3281126 1
3281214 1
3284280 1
3285972 1
3286065 1
3291230 1
3297868 1
3299318 1
3308408 1
3308902 1
3311349 1
3311872 1
3316858 1
3319220 1
3320161 1
3321082 1
3321411 1
3321411 1
3321892 1
3323727 1
3328020 1
3328299 1
3329403 1
3335917 1
3337005 1
3338570 1
3340189 1
3340987 1
3344883 1
3350961 1
3353013 1
3359780 1
3360433 1
3361544 1
3365193 1
3366781 1
3368491 1
3383017 1
3387510 1
3393865 1
3395483 1
3396076 1
3403619 1
3404569 1
3406123 1
3406586 1
3410080 1
3410752 1
3413032 1
3413718 1
3421112 1
3424893 1
3425712 1
3428691 1
3434128 1
3434129 1
3434785 1
3437042 1
3437830 1
3444887 1
3445478 1
3446339 1
3452347 1
3453816 1
3461102 1
3471226 1
3471453 1
3472849 1
3473158 1
3475073 1
3475351 1
3476197 1
3478733 1
3480407 1
3489945 1
3492604 1
3493214 1
3493562 1
3496143 1
3501799 1
3505893 1
3512469 1
3513788 1
3515521 1
3517747 1
3519531 1
3520263 1
3521391 1
3524000 1
3524322 1
3525666 1
3528925 1
3530778 1
3537799 1
3538500 1
3538637 1
3544729 1
3547175 1
3547330 1
3552456 1
3553737 1
3560651 1
3561708 1
3562195 1
3563032 1
3573562 1
3581826 1
3581832 1
3585197 1
3588123 1
3590531 1
3593726 1
3600811 1
3601942 1
3611327 1
3613881 1
3623644 1
3626621 1
3626621 1
3628621 1
3628786 1
3636166 1
3636409 1
3648647 1
3652533 1
3654571 1
3656052 1
3656052 1
3656993 1
3657016 1
3657511 1
3659773 1
3662590 1
3664946 1
3682141 1
3682342 1
3683067 1
3683766 1
3692316 1
3693448 1
3697494 1
3699289 1
3699424 1
3701588 1
3705228 1
3707989 1
3708031 1
3708284 1
3711729 1
3712574 1
3712646 1
3721007 1
3734771 1
3737293 1
3745782 1
3750799 1
3756207 1
3756527 1
3756773 1
3772158 1
3774945 1
3776609 1
3776756 1
3784888 1
3785442 1
3788305 1
3789897 1
3791394 1
3805777 1
3809796 1
3814057 1
3816851 1
3817147 1
3821210 1
3823552 1
3825778 1
3826610 1
3826994 1
3829544 1
3829828 1
3831617 1
3841937 1
3845837 1
3845898 1
3845946 1
3847016 1
3850973 1
3857052 1
3858507 1
3859123 1
3860016 1
3862275 1
3863311 1
3863456 1
3864772 1
3864772 1
3865934 1
3869417 1
3872868 1
3873542 1
3873901 1
3874331 1
3874878 1
3876795 1
3881509 1
3896555 1
3896775 1
3916663 1
3918840 1
3925886 1
3927100 1
3933209 1
3933802 1
3938227 1
3943748 1
3944277 1
3954462 1
3954642 1
3955204 1
3956070 1
3965942 1
3972731 1
3976255 1
3976741 1
3987348 1
3988850 1
3991872 1
3992001 1
3996169 1
4009772 1
4011388 1
4014042 1
4015607 1
4016766 1
4017088 1
4017561 1
4019512 1
4020388 1
4021180 1
4025580 1
4025752 1
4025958 1
4026744 1
4027016 1
4029203 1
4030239 1
4033526 1
4044295 1
4045642 1
4048810 1
4050327 1
4051223 1
4060349 1
4069946 1
4073459 1
4075709 1
4080461 1
4083741 1
4085845 1
4087955 1
4088297 1
4088418 1
4090533 1
4092658 1
4095498 1
4096182 1
4103313 1
4104579 1
4104579 1
4105625 1
4107755 1
4107849 1
4111495 1
4116320 1
4117650 1
4130420 1
4134017 1
4134017 1
4143315 1
4144499 1
4144517 1
4151326 1
4156829 1
4162986 1
4173587 1
4174333 1
4178050 1
4179589 1
4180809 1
4183201 1
4183201 1
4191184 1
4191777 1
4191779 1
4195489 1
4197977 1
4202772 1
4202908 1
4207572 1
4211024 1
4217627 1
4217627 1
4218607 1
4222833 1
4225214 1
4227785 1
4229844 1
4234262 1
4235653 1
4235736 1
4236505 1
4238667 1
4250580 1
4251748 1
4252062 1
4253958 1
4259473 1
4260431 1
4272814 1
4272876 1
4293811 1
4296144 1
4296400 1
4298120 1
4299046 1
4301236 1
4302307 1
4302848 1
4303551 1
4303876 1
4304332 1
4304515 1
4306330 1
4306900 1
4311758 1
4316106 1
4317708 1
4323236 1
4326766 1
4329451 1
4330522 1
4332570 1
4334056 1
4336248 1
4336248 1
4340178 1
4340846 1
4341523 1
4341585 1
4341774 1
4342885 1
4342955 1
4344190 1
4344265 1
4347811 1
4347811 1
4348455 1
4351090 1
4352088 1
4353154 1
4353415 1
4358377 1
4359881 1
4361122 1
4366012 1
4366796 1
4378037 1
4382627 1
4391163 1
4392679 1
4393954 1
4398592 1
4399069 1
4399592 1
4402502 1
4414264 1
4427540 1
4428837 1
4430827 1
4431018 1
4431754 1
4432099 1
4438930 1
4439679 1
4440173 1
4444917 1
4447081 1
4450500 1
4459050 1
4460236 1
4463885 1
4465053 1
4471530 1
4473030 1
4485263 1
4485513 1
4488888 1
4491162 1
4495299 1
4497476 1
4497838 1
4504932 1
4506786 1
4508695 1
4512395 1
4512395 1
4516880 1
4525524 1
4525706 1
4532159 1
4533635 1
4537503 1
4539888 1
4541756 1
4542477 1
4554569 1
4558742 1
4558753 1
4561048 1
4562420 1
4574560 1
4579342 1
4580642 1
4581144 1
4589341 1
4594546 1
4597623 1
4609011 1
4615642 1
4617407 1
4619661 1
4620062 1
4620461 1
4630607 1
4632986 1
4633620 1
4633778 1
4633778 1
4637592 1
4640045 1
4641718 1
4647012 1
4649388 1
4649670 1
4650470 1
4651677 1
4652778 1
4653063 1
4653969 1
4655456 1
4656529 1
4656578 1
4661143 1
4661905 1
4670162 1
4671707 1
4673015 1
4674077 1
4675266 1
4676858 1
4677799 1
4679396 1
4679700 1
4680491 1
4687959 1
4689548 1
4694345 1
4694636 1
4697436 1
4697838 1
4698187 1
4700875 1
4705226 1
4707340 1
4707875 1
4707900 1
4709979 1
4712963 1
4713766 1
4715137 1
4715634 1
4723230 1
4727793 1
4733163 1
4735980 1
4737318 1
4737515 1
4740490 1
4747349 1
4748508 1
4749252 1
4751578 1
4752939 1
4757878 1
4761420 1
4761865 1
4768099 1
4769690 1
4788214 1
4790512 1
4790706 1
4790989 1
4792599 1
4798360 1
4803292 1
4806225 1
4808077 1
4813399 1
4813630 1
4814384 1
4814450 1
4816124 1
4816438 1
4816761 1
4817809 1
4818817 1
4821496 1
4821496 1
4822531 1
4825067 1
4825244 1
4825514 1
4825852 1
4826155 1
4826542 1
4831420 1
4835243 1
4836326 1
4836327 1
4836989 1
4837613 1
4838259 1
4841002 1
4853635 1
4857311 1
4858046 1
4858083 1
4864106 1
4864106 1
4864245 1
4873833 1
4873937 1
4878631 1
4884118 1
4884699 1
4893133 1
4893196 1
4895423 1
4896991 1
4898982 1
4905280 1
4905982 1
4913501 1
4915707 1
4918531 1
4925807 1
4927000 1
4930482 1
4938364 1
4940261 1
4940812 1
4940837 1
4945438 1
4946118 1
4948476 1
4952047 1
4956447 1
4956854 1
4958274 1
4958706 1
4963935 1
4965493 1
4965581 1
4968661 1
4968676 1
4970537 1
4970768 1
4972157 1
4978029 1
4986007 1
4988528 1
4997183 1
4997847 1
5000173 1
5002369 1
5003891 1
5007299 1
5013582 1
5014510 1
5016970 1
5025912 1
5030770 1
5033099 1
5039017 1
5040912 1
5042799 1
5043971 1
5045811 1
5046643 1
5055958 1
5057844 1
5059767 1
5068695 1
5070753 1
5071253 1
5072355 1
5073119 1
5073764 1
5073874 1
5074527 1
5089850 1
5114481 1
5128769 1
5131265 1
5132893 1
5138650 1
5156986 1
5158334 1
5158404 1
5161949 1
5163978 1
5169346 1
5170373 1
5171915 1
5171955 1
5180783 1
5187802 1
5191374 1
5194111 1
5201497 1
5208028 1
5212726 1
5214556 1
5220155 1
5228498 1
5232874 1
5234478 1
5234611 1
5244701 1
5254556 1
5255182 1
5258529 1
5259446 1
5262352 1
5269382 1
5275069 1
5275729 1
5280405 1
5280852 1
5285881 1
5285881 1
5287546 1
5292342 1
5293481 1
5300848 1
5306588 1
5316241 1
5317294 1
5320864 1
5324008 1
5327587 1
5328974 1
5333001 1
5342180 1
5355878 1
5356009 1
5365083 1
5369148 1
5371782 1
5374912 1
5375952 1
5377769 1
5377886 1
5378303 1
5379728 1
5383251 1
5393328 1
5424090 1
5425444 1
5425491 1
5427099 1
5428747 1
5432439 1
5439694 1
5442639 1
5446377 1
5452172 1
5455834 1
5463874 1
5464525 1
5469065 1
5471551 1
5474077 1
5475663 1
5476249 1
5477759 1
5480360 1
5480732 1
5489664 1
5493576 1
5500841 1
5511035 1
5514835 1
5521482 1
5523878 1
5524472 1
5526161 1
5529385 1
5529650 1
5536071 1
5536460 1
5544008 1
5547074 1
5548894 1
5551634 1
5553664 1
5554799 1
5563149 1
5563433 1
5570924 1
5585574 1
5590639 1
5593730 1
5595751 1
5600916 1
5605731 1
5609217 1
5612701 1
5617127 1
5621907 1
5626577 1
5629293 1
5629761 1
5633919 1
5637837 1
5639482 1
5639746 1
5642402 1
5643050 1
5647975 1
5656704 1
5656704 1
5661855 1
5666140 1
5666208 1
5666240 1
5671605 1
5672364 1
5675243 1
5677316 1
5677747 1
5679975 1
5681883 1
5683860 1
5684112 1
5684367 1
5685440 1
5686262 1
5691522 1
5691658 1
5692622 1
5695238 1
5695238 1
5695257 1
5699785 1
5699910 1
5702363 1
5706713 1
5708789 1
5708972 1
5716530 1
5720131 1
5720636 1
5730154 1
5732439 1
5735180 1
5735821 1
5735821 1
5744558 1
5746225 1
5746281 1
5746588 1
5748185 1
5761921 1
5762842 1
5766814 1
5776321 1
5776461 1
5781194 1
5782141 1
5783946 1
5788067 1
5788264 1
5790107 1
5790457 1
5793895 1
5798478 1
5806066 1
5807969 1
5809934 1
5817515 1
5819738 1
5820256 1
5820918 1
5821393 1
5821501 1
5824016 1
5825151 1
5825717 1
5829541 1
5833421 1
5842232 1
5842695 1
5842711 1
5846826 1
5847892 1
5853262 1
5854838 1
5859855 1
5862112 1
5862853 1
5863013 1
5868798 1
5870785 1
5870976 1
5871212 1
5876277 1
5876800 1
5876806 1
5877014 1
5877387 1
5878023 1
5878126 1
5879301 1
5880466 1
5880908 1
5880908 1
5881950 1
5881962 1
5882908 1
5893802 1
5894349 1
5896344 1
5897053 1
5899207 1
5905912 1
5909576 1
5913713 1
5917166 1
5917425 1
5921104 1
5921226 1
5923726 1
5925037 1
5925215 1
5925564 1
5948243 1
5961184 1
5962716 1
5962723 1
5962837 1
5964956 1
5965062 1
5969415 1
5969523 1
5972949 1
5974380 1
5978668 1
5984182 1
5990716 1
6001657 1
6002824 1
6006818 1
6012402 1
6012402 1
6013787 1
6014146 1
6014173 1
6014173 1
6014436 1
6015325 1
6016310 1
6019272 1
6023595 1
6024362 1
6031140 1
6031882 1
6033478 1
6037271 1
6039458 1
6040084 1
6041129 1
6044594 1
6045079 1
6051598 1
6052652 1
6055455 1
6057006 1
6057701 1
6063301 1
6063944 1
6067429 1
6067813 1
6073345 1
6082009 1
6085372 1
6085472 1
6087858 1
6089474 1
6089499 1
6097915 1
6098425 1
6098661 1
6105411 1
6111741 1
6115817 1
6121461 1
6122688 1
6126025 1
6130181 1
6139503 1
6143317 1
6150244 1
6151731 1
6151850 1
6152987 1
6153685 1
6155042 1
6156301 1
6159174 1
6165794 1
6171510 1
6172384 1
6172686 1
6175932 1
6175932 1
6176700 1
6178965 1
6182258 1
6186533 1
6188098 1
6188098 1
6193011 1
6196934 1
6198945 1
6200903 1
6201706 1
6201706 1
6204524 1
6224846 1
6228210 1
6228353 1
6233270 1
6269142 1
6269924 1
6277954 1
6279540 1
6281230 1
6282115 1
6285416 1
6287455 1
6289235 1
6294085 1
6300663 1
6305207 1
6310573 1
6311420 1
6314985 1
6333057 1
6334012 1
6334466 1
6334755 1
6337923 1
6344631 1
6345684 1
6346462 1
6347195 1
6353756 1
6357329 1
6357420 1
6359426 1
6366306 1
6366472 1
6367115 1
6371650 1
6377685 1
6378605 1
6380159 1
6381116 1
6381826 1
6381826 1
6387396 1
6388060 1
6388289 1
6400781 1
6401329 1
6402848 1
6404111 1
6404946 1
6405721 1
6405736 1
6407387 1
6411915 1
6423547 1
6425185 1
6426470 1
6428599 1
6431174 1
6431624 1
6438274 1
6438494 1
6438494 1
6448232 1
6454945 1
6455376 1
6458535 1
6458535 1
6467255 1
6467457 1
6469211 1
6474681 1
6475124 1
6478223 1
6478901 1
6480864 1
6486586 1
6494453 1
6497173 1
6497583 1
6498386 1
6498626 1
6500843 1
6501444 1
6501458 1
6503655 1
6506023 1
6507838 1
6507970 1
6521315 1
6527224 1
6529021 1
6529085 1
6532353 1
6535365 1
6536067 1
6546606 1
6546664 1
6548762 1
6549952 1
6550494 1
6551754 1
6567332 1
6575727 1
6578406 1
6591628 1
6598529 1
6600176 1
6600256 1
6606083 1
6606369 1
6606482 1
6607161 1
6615670 1
6617290 1
6617893 1
6618233 1
6619544 1
6622132 1
6625880 1
6627373 1
6628308 1
6629592 1
6629911 1
6629930 1
6630046 1
6630647 1
6645256 1
6650800 1
6652966 1
6653941 1
6654360 1
6659070 1
6679594 1
6680753 1
6683257 1
6684771 1
6686417 1
6686482 1
6686838 1
6689146 1
6692923 1
6692933 1
6694306 1
6697266 1
6698626 1
6705969 1
6705969 1
6707290 1
6710649 1
6718940 1
6719709 1
6721684 1
6725329 1
6727190 1
6727244 1
6734014 1
6735396 1
6743334 1
6747293 1
6754266 1
6754266 1
6757757 1
6757804 1
6757839 1
6762793 1
6765828 1
6766486 1
6769497 1
6770220 1
6784907 1
6789076 1
6789703 1
6790849 1
6793696 1
6794882 1
6797571 1
6804211 1
6804341 1
6804391 1
6804850 1
6806358 1
6806664 1
6813578 1
6818068 1
6825704 1
6828207 1
6830549 1
6831787 1
6831842 1
6832345 1
6833944 1
6834662 1
6837466 1
6844991 1
6852768 1
6852960 1
6853195 1
6861453 1
6861543 1
6863131 1
6863599 1
6867992 1
6868180 1
6868664 1
6869484 1
6871251 1
6871619 1
6872998 1
6873140 1
6875756 1
6878215 1
6878215 1
6880523 1
6881288 1
6883935 1
6884183 1
6885530 1
6886844 1
6889876 1
6892939 1
6893306 1
6895225 1
6898931 1
6905713 1
6909708 1
6912615 1
6913247 1
6913247 1
6914722 1
6915394 1
6917119 1
6920770 1
6921321 1
6922712 1
6924179 1
6924205 1
6925137 1
6932783 1
6935319 1
6936537 1
6937034 1
6937423 1
6937725 1
6940213 1
6940409 1
6940530 1
6943823 1
6944225 1
6947363 1
6952129 1
6953342 1
6954485 1
6958856 1
6959978 1
6961069 1
6961492 1
6962631 1
6963533 1
6966763 1
6970633 1
6971005 1
6972597 1
6973345 1
6973855 1
6973855 1
6976192 1
6976567 1
6981344 1
6981857 1
6983984 1
6985672 1
6991373 1
6994405 1
6995544 1
6996038 1
6999769 1
7008593 1
7009734 1
7012630 1
7017322 1
7017377 1
7019059 1
7019985 1
7020566 1
7033792 1
7033792 1
7034379 1
7035395 1
7041168 1
7047265 1
7047401 1
7049747 1
7052701 1
7054080 1
7056954 1
7059799 1
7059883 1
7060746 1
7062245 1
7071020 1
7071968 1
7073847 1
7076204 1
7076211 1
7076289 1
7080065 1
7081329 1
7082210 1
7097836 1
7100786 1
7101225 1
7101295 1
7103542 1
7107353 1
7108777 1
7109901 1
7110143 1
7110208 1
7113896 1
7117246 1
7126640 1
7127677 1
7129993 1
7130723 1
7132226 1
7133308 1
7136130 1
7137008 1
7139416 1
7139437 1
7139588 1
7140083 1
7140330 1
7142980 1
7148193 1
7155318 1
7158425 1
7159491 1
7163046 1
7165049 1
7168240 1
7170096 1
7173342 1
7175730 1
7179270 1
7189845 1
7190362 1
7196016 1
7198344 1
7205560 1
7206272 1
7206317 1
7208558 1
7223654 1
7224506 1
7228212 1
7232322 1
7237424 1
7238019 1
7243038 1
7247569 1
7253075 1
7258943 1
7259761 1
7260723 1
7268420 1
7273653 1
7278211 1
7279073 1
7280419 1
7282418 1
7283870 1
7292065 1
7293561 1
7296009 1
7300322 1
7300847 1
7302985 1
7304295 1
7307286 1
7307866 1
7313839 1
7314628 1
7319998 1
7324411 1
7325077 1
7325454 1
7329425 1
7330197 1
7332707 1
7333380 1
7333797 1
7336590 1
7337464 1
7337894 1
7337894 1
7338189 1
7338644 1
7340056 1
7340224 1
7341949 1
7342012 1
7343504 1
7346208 1
7347519 1
7347908 1
7348044 1
7350261 1
7350571 1
7353419 1
7356665 1
7368617 1
7370698 1
7373465 1
7374462 1
7375425 1
7381528 1
7381528 1
7383508 1
7383811 1
7383833 1
7387228 1
7388999 1
7390936 1
7393699 1
7393730 1
7393913 1
7395562 1
7397353 1
7400576 1
7401523 1
7401523 1
7404485 1
7405677 1
7408701 1
7411075 1
7415183 1
7425410 1
7427685 1
7429540 1
7430179 1
7432696 1
7432983 1
7435516 1
7436269 1
7436965 1
7438280 1
7439786 1
7445492 1
7449750 1
7451915 1
7452865 1
7462665 1
7464644 1
7467227 1
7479729 1
7482827 1
7484093 1
7484738 1
7489788 1
7491463 1
7494652 1
7495392 1
7500050 1
7501451 1
7510496 1
7513983 1
7514326 1
7514455 1
7517714 1
7520285 1
7520286 1
7520783 1
7522608 1
7530190 1
7534830 1
7536889 1
7539450 1
7540702 1
7541895 1
7546292 1
7547079 1
7551493 1
7556325 1
7556923 1
7561963 1
7569175 1
7569186 1
7577616 1
7579281 1
7580529 1
7581104 1
7585321 1
7593703 1
7594593 1
7594666 1
7598923 1
7599172 1
7599342 1
7600344 1
7600811 1
7600811 1
7613281 1
7614430 1
7618205 1
7618676 1
7631350 1
7631602 1
7634369 1
7636751 1
7639652 1
7640207 1
7643749 1
7649381 1
7657595 1
7659910 1
7661517 1
7663340 1
7669773 1
7672663 1
7672663 1
7675449 1
7693202 1
7693698 1
7704161 1
7705941 1
7705954 1
7707208 1
7707892 1
7708214 1
7708985 1
7715826 1
7724293 1
7728397 1
7728480 1
7733707 1
7734014 1
7736888 1
7742219 1
7742827 1
7744948 1
7755227 1
7761535 1
7764794 1
7768170 1
7770652 1
7773720 1
7774967 1
7775726 1
7776517 1
7777446 1
7777645 1
7780669 1
7792825 1
7811294 1
7815774 1
7821706 1
7833716 1
7835909 1
7838762 1
7840945 1
7842546 1
7842602 1
7843831 1
7849209 1
7851308 1
7852852 1
7855054 1
7857521 1
7863125 1
7870405 1
7870539 1
7871131 1
7872064 1
7881523 1
7888370 1
7888567 1
7889520 1
7889932 1
7890667 1
7892116 1
7897454 1
7904214 1
7905507 1
7905562 1
7910384 1
7911474 1
7912300 1
7912521 1
7914084 1
7914715 1
7914946 1
7916164 1
7917597 1
7918195 1
7919033 1
7919530 1
7920001 1
7922253 1
7922508 1
7926700 1
7933147 1
7934839 1
7938123 1
7938478 1
7942504 1
7950183 1
7951219 1
7951553 1
7951709 1
7953501 1
7961988 1
7962063 1
7963718 1
7965396 1
7969797 1
7970333 1
7974104 1
7974104 1
7974305 1
7976969 1
7980212 1
7980754 1
7981381 1
7994730 1
7994984 1
8004212 1
8006199 1
8007383 1
8007846 1
8009013 1
8010431 1
8012955 1
8013489 1
8014120 1
8015800 1
8015903 1
8017486 1
8018518 1
8020192 1
8020440 1
8023578 1
8025380 1
8028056 1
8028955 1
8029985 1
8031530 1
8032374 1
8035104 1
8036208 1
8036747 1
8037198 1
8037476 1
8038547 1
8042136 1
8042788 1
8043440 1
8044251 1
8044708 1
8044951 1
8044968 1
8046158 1
8048675 1
8049831 1
8050838 1
8053610 1
8054173 1
8054325 1
8054540 1
8058010 1
8058122 1
8061455 1
8061687 1
8064369 1
8066103 1
8067974 1
8068973 1
8070449 1
8071268 1
8071268 1
8071268 1
8071268 1
8072601 1
8072863 1
8073280 1
8074197 1
8075638 1
8075638 1
8076444 1
8076459 1
8076541 1
8077182 1
8077213 1
8079821 1
8080296 1
8080535 1
8082655 1
8084676 1
8084714 1
8085492 1
8088688 1
8099995 1
8103159 1
8103345 1
8109097 1
8110187 1
8114730 1
8115661 1
8116504 1
8116514 1
8116837 1
8116852 1
8120139 1
8120547 1
8121206 1
8122990 1
8124872 1
8124938 1
8125350 1
8127209 1
8131029 1
8134326 1
8137365 1
8137600 1
8141792 1
8141792 1
8144346 1
8145444 1
8158646 1
8161359 1
8162292 1
8177646 1
8194203 1
8194301 1
8194845 1
8196230 1
8196282 1
8201227 1
8202524 1
8207292 1
8207869 1
8208982 1
8213390 1
8217478 1
8219264 1
8219519 1
8221599 1
8222791 1
8224629 1
8225157 1
8229417 1
8232271 1
8237511 1
8245298 1
8249220 1
8255158 1
8257267 1
8262578 1
8264056 1
8269670 1
8270466 1
8273046 1
8274598 1
8283736 1
8293312 1
8294622 1
8296660 1
8296875 1
8297206 1
8297528 1
8297876 1
8298387 1
8299806 1
8301288 1
8301708 1
8301708 1
8301920 1
8305236 1
8310147 1
35551 1
41549 1
50778 1
83320 1
89402 1
93996 1
94767 1
98826 1
103103 1
105010 1
109016 1
109016 1
121510 1
127692 1
129455 1
134419 1
139733 1
150642 1
151404 1
151544 1
153209 1
158860 1
169659 1
176600 1
177555 1
192016 1
193249 1
207342 1
220202 1
223131 1
225427 1
244913 1
282464 1
286553 1
290911 1
313792 1
359794 1
384886 1
391472 1
446611 1
452757 1
454710 1
458227 1
468940 1
477283 1
488577 1
498252 1
515056 1
526321 1
535202 1
571527 1
577341 1
613953 1
615477 1
647845 1
676850 1
724422 1
735263 1
737697 1
752894 1
781293 1
783217 1
800606 1
805483 1
825547 1
841878 1
856578 1
869617 1
880635 1
894841 1
894898 1
931493 1
941290 1
941290 1
952524 1
959154 1
959155 1
967657 1
967657 1
979863 1
982735 1
1013125 1
1021949 1
1037253 1
1044266 1
1068497 1
1083311 1
1088076 1
1089188 1
1092952 1
1094178 1
1099471 1
1099775 1
1117652 1
1138459 1
1149350 1
1190075 1
1201861 1
1214379 1
1224342 1
1224342 1
1226615 1
1250197 1
1255842 1
1260693 1
1274036 1
1286166 1
1299659 1
1301370 1
1306814 1
1309911 1
1329322 1
1333634 1
1339892 1
1347380 1
1352047 1
1358151 1
1362123 1
1368453 1
1375090 1
1393186 1
1399829 1
1400755 1
1406752 1
1420578 1
1432443 1
1507882 1
1513078 1
1525155 1
1538783 1
1546356 1
1555116 1
1555617 1
1566046 1
1571276 1
1576799 1
1597102 1
1606939 1
1613123 1
1624093 1
1656381 1
1672547 1
1686553 1
1687414 1
1703296 1
1704007 1
1705769 1
1712903 1
1719678 1
1740633 1
1752307 1
1767937 1
1776680 1
1777944 1
1779560 1
1808270 1
1842958 1
1857605 1
1882658 1
1882814 1
1886522 1
1889915 1
1918274 1
1918335 1
1918842 1
1938341 1
1939685 1
1944813 1
1972421 1
1974134 1
1977417 1
1998903 1
2005622 1
2012422 1
2029314 1
2033236 1
2071264 1
2074886 1
2100620 1
2106068 1
2110491 1
2115334 1
2121273 1
2123011 1
2126654 1
2133195 1
2149282 1
2156334 1
2165422 1
2169516 1
2175151 1
2220623 1
2230520 1
2263276 1
2296746 1
2297698 1
2308693 1
2308695 1
2320815 1
2328265 1
2351597 1
2358035 1
2362853 1
2377481 1
2377978 1
2383040 1
2387202 1
2389682 1
2406734 1
2407785 1
2408327 1
2410006 1
2412159 1
2418713 1
2430227 1
2433568 1
2433568 1
2439701 1
2484014 1
2486643 1
2494985 1
2497001 1
2503131 1
2505213 1
2509947 1
2515759 1
2525982 1
2555187 1
2565465 1
2567285 1
2570105 1
2595158 1
2598244 1
2600393 1
2628310 1
2629532 1
2629674 1
2661137 1
2677821 1
2681805 1
2687506 1
2723679 1
2728154 1
2733538 1
2748078 1
2781997 1
2805624 1
2807991 1
2810324 1
2817808 1
2844152 1
2877422 1
2889975 1
2918582 1
2920894 1
2935407 1
2949990 1
2964383 1
2970339 1
2970339 1
2971967 1
2973762 1
2982290 1
2987454 1
2996638 1
3001411 1
3024475 1
3025249 1
3031037 1
3045970 1
3063622 1
3084162 1
3096832 1
3098325 1
3105933 1
3113228 1
3126368 1
3133403 1
3155774 1
3158037 1
3160370 1
3172758 1
3176505 1
3179329 1
3186970 1
3192291 1
3207594 1
3213995 1
3252208 1
3263449 1
3282554 1
3288691 1
3302125 1
3313653 1
3319875 1
3322007 1
3326675 1
3327628 1
3358595 1
3378658 1
3383268 1
3386747 1
3387094 1
3391772 1
3394912 1
3433081 1
3435131 1
3510433 1
3520349 1
3530296 1
3530478 1
3571961 1
3584422 1
3592051 1
3613102 1
3633822 1
3634510 1
3661340 1
3667598 1
3685396 1
3704804 1
3708029 1
3708864 1
3711618 1
3763364 1
3775395 1
3779504 1
3789248 1
3810557 1
3811209 1
3834543 1
3839749 1
3849322 1
3865571 1
3874365 1
3901618 1
3952297 1
3970766 1
3972727 1
3992629 1
4002844 1
4012666 1
4015807 1
4017401 1
4018367 1
4026395 1
4026475 1
4028238 1
4046872 1
4054861 1
4056472 1
4056589 1
4056589 1
4066815 1
4070191 1
4097874 1
4110058 1
4138240 1
4140861 1
4187830 1
4195424 1
4204050 1
4209354 1
4213263 1
4226256 1
4231702 1
4236465 1
4236876 1
4237406 1
4264077 1
4273178 1
4273690 1
4278526 1
4279268 1
4298770 1
4308365 1
4333699 1
4349041 1
4353641 1
4365726 1
4365946 1
4371406 1
4372037 1
4372037 1
4375869 1
4390757 1
4396619 1
4403920 1
4404356 1
4414997 1
4414997 1
4415270 1
4430335 1
4490245 1
4494064 1
4497732 1
4497980 1
4498518 1
4541730 1
4561907 1
4571118 1
4592152 1
4599492 1
4601828 1
4609210 1
4609216 1
4611265 1
4613357 1
4614713 1
4621225 1
4651462 1
4694380 1
4714295 1
4739073 1
4767793 1
4769670 1
4777787 1
4783387 1
4797760 1
4802920 1
4825630 1
4826728 1
4826898 1
4828537 1
4834065 1
4836356 1
4836385 1
4880461 1
4898568 1
4898568 1
4911263 1
4922307 1
4929388 1
4930151 1
4940081 1
4943441 1
4952550 1
4963191 1
4966542 1
5002979 1
5013210 1
5015035 1
5020447 1
5021473 1
5024853 1
5030603 1
5038038 1
5046561 1
5048935 1
5081664 1
5110881 1
5118339 1
5123526 1
5123526 1
5134352 1
5142466 1
5144517 1
5148792 1
5148950 1
5167350 1
5196475 1
5209993 1
5226303 1
5248289 1
5252399 1
5268096 1
5273099 1
5276055 1
5295830 1
5342426 1
5344835 1
5355689 1
5361213 1
5361372 1
5363247 1
5363247 1
5363247 1
5366692 1
5370709 1
5421136 1
5421794 1
5428811 1
5432575 1
5439930 1
5441140 1
5442446 1
5465040 1
5497599 1
5511582 1
5519155 1
5519698 1
5524815 1
5539204 1
5548437 1
5549690 1
5593343 1
5662112 1
5669585 1
5685016 1
5688594 1
5701437 1
5702830 1
5716844 1
5720411 1
5725545 1
5734632 1
5773620 1
5776738 1
5817064 1
5824422 1
5830629 1
5835094 1
5852411 1
5860680 1
5861708 1
5868414 1
5869039 1
5877421 1
5877421 1
5878869 1
5882813 1
5884956 1
5897471 1
5918114 1
5920463 1
5921564 1
5925583 1
5938473 1
5959811 1
5960367 1
5961091 1
5962758 1
5965257 1
6008185 1
6013819 1
6015520 1
6043836 1
6051028 1
6071682 1
6088211 1
6106634 1
6114321 1
6138237 1
6144597 1
6150242 1
6151368 1
6153311 1
6167474 1
6185375 1
6238696 1
6240460 1
6249499 1
6251149 1
6257031 1
6286596 1
6308865 1
6327209 1
6359145 1
6398992 1
6402527 1
6409494 1
6420930 1
6458191 1
6473056 1
6473058 1
6476027 1
6480291 1
6480291 1
6481975 1
6482823 1
6521222 1
6521222 1
6526004 1
6539818 1
6573155 1
6589072 1
6614601 1
6630826 1
6649672 1
6666209 1
6687203 1
6718742 1
6720030 1
6735129 1
6750375 1
6751551 1
6752152 1
6781518 1
6796951 1
6804302 1
6822709 1
6855233 1
6870467 1
6885054 1
6887479 1
6914491 1
6917499 1
6921198 1
6925813 1
6928194 1
6934935 1
6935114 1
6936002 1
6944516 1
6962362 1
6964968 1
6983005 1
6988520 1
6990451 1
7007561 1
7017378 1
7017524 1
7021945 1
7023281 1
7026288 1
7030787 1
7030787 1
7052057 1
7065482 1
7079892 1
7080078 1
7105138 1
7125440 1
7172897 1
7213475 1
7237778 1
7243099 1
7247670 1
7268142 1
7284904 1
7286553 1
7307878 1
7309313 1
7312507 1
7317275 1
7322698 1
7329142 1
7337786 1
7341936 1
7365009 1
7365481 1
7376860 1
7397825 1
7418342 1
7464748 1
7465169 1
7490534 1
7501537 1
7505339 1
7505421 1
7506107 1
7512878 1
7553599 1
7559307 1
7595022 1
7601183 1
7608871 1
7614337 1
7614337 1
7616213 1
7635361 1
7635768 1
7648916 1
7650690 1
7673052 1
7673295 1
7676234 1
7677278 1
7685907 1
7708013 1
7708124 1
7734513 1
7734519 1
7754695 1
7760847 1
7767880 1
7776635 1
7781018 1
7783291 1
7803306 1
7805817 1
7822183 1
7826384 1
7850450 1
7859560 1
7869590 1
7880320 1
7894312 1
7895264 1
7898684 1
7914603 1
7918138 1
7937105 1
7943710 1
7962197 1
7965301 1
7966208 1
7972373 1
7979107 1
7994054 1
8008948 1
8013135 1
8013135 1
8017977 1
8029891 1
8029891 1
8040954 1
8045388 1
8046181 1
8046570 1
8063184 1
8065017 1
8065017 1
8066455 1
8069219 1
8075880 1
8076684 1
8083813 1
8084357 1
8092811 1
8104194 1
8104603 1
8110360 1
8126910 1
8151231 1
8157744 1
8195994 1
8202995 1
8211555 1
8224109 1
8226125 1
8256388 1
8262544 1
8284254 1
8296367 1
8300848 1
8310545 1
