5524 1
7327 1
7510 1
7867 1
9196 1
16882 1
16929 1
17363 1
18277 1
21062 1
22127 1
23457 1
23457 1
24468 1
25920 1
32358 1
35178 1
38603 1
41637 1
44985 1
46053 1
46494 1
47605 1
48333 1
52303 1
57482 1
60359 1
65893 1
67029 1
67653 1
69366 1
69724 1
70870 1
72416 1
72989 1
81338 1
92703 1
95668 1
96467 1
97237 1
98055 1
118375 1
124331 1
127407 1
140060 1
140684 1
141100 1
148055 1
150939 1
151186 1
156106 1
159177 1
163843 1
171982 1
172512 1
174400 1
178879 1
180998 1
181642 1
185068 1
186631 1
191115 1
192370 1
192524 1
196875 1
203371 1
203685 1
204491 1
205324 1
206335 1
209298 1
209773 1
211727 1
222615 1
224418 1
224726 1
226298 1
233011 1
240543 1
242433 1
248207 1
253647 1
260193 1
260889 1
263813 1
267877 1
269211 1
270698 1
271320 1
271323 1
273998 1
274763 1
280863 1
284861 1
285060 1
286829 1
288151 1
293716 1
293861 1
308714 1
310391 1
314841 1
315885 1
317209 1
325443 1
325780 1
327406 1
327976 1
333718 1
333969 1
340062 1
342159 1
346768 1
350080 1
353084 1
358388 1
363311 1
365254 1
367103 1
367755 1
373019 1
375452 1
379242 1
379340 1
379581 1
380416 1
385369 1
391549 1
391654 1
393518 1
393616 1
395902 1
396579 1
396776 1
396986 1
397145 1
397526 1
398243 1
399327 1
400440 1
402673 1
402947 1
403642 1
403923 1
404020 1
404931 1
405865 1
405870 1
406550 1
406771 1
407112 1
408555 1
409597 1
410026 1
413281 1
415173 1
416295 1
418488 1
418762 1
419304 1
419602 1
420285 1
422824 1
425211 1
425439 1
429828 1
430518 1
433848 1
433871 1
434416 1
435583 1
435995 1
436000 1
436759 1
436833 1
437962 1
439272 1
440159 1
442030 1
442131 1
443379 1
445250 1
450450 1
452387 1
454834 1
454870 1
458334 1
464974 1
465229 1
465807 1
466686 1
469993 1
470638 1
472311 1
472651 1
476810 1
491538 1
493113 1
500902 1
502555 1
505493 1
506598 1
507004 1
508346 1
508347 1
508584 1
512254 1
512259 1
512386 1
516956 1
517269 1
517893 1
519022 1
520874 1
520935 1
521443 1
523641 1
527553 1
527798 1
528029 1
529477 1
530096 1
545382 1
545895 1
545895 1
547712 1
547975 1
548765 1
548765 1
549196 1
550829 1
553736 1
555042 1
555045 1
557399 1
560893 1
564725 1
571051 1
581277 1
583306 1
583782 1
588336 1
589120 1
589711 1
589939 1
590098 1
591210 1
594783 1
595245 1
595937 1
599977 1
601683 1
604641 1
605601 1
609234 1
610361 1
613682 1
613874 1
616869 1
618688 1
618734 1
623015 1
626629 1
627385 1
629721 1
629792 1
630273 1
630676 1
631190 1
632293 1
632719 1
634927 1
634935 1
636041 1
639257 1
648234 1
649027 1
654752 1
664909 1
671916 1
676193 1
679611 1
680154 1
681024 1
682118 1
682594 1
685195 1
686264 1
689268 1
690527 1
696955 1
697044 1
697810 1
700116 1
700803 1
701079 1
701079 1
704435 1
707336 1
709106 1
715045 1
715442 1
716193 1
730718 1
731002 1
732658 1
734864 1
735246 1
737502 1
740067 1
741027 1
741629 1
748484 1
749312 1
750156 1
755913 1
756280 1
756526 1
759211 1
772014 1
772856 1
778380 1
778755 1
781260 1
781268 1
784142 1
784379 1
787336 1
787540 1
788371 1
788401 1
791601 1
792118 1
796578 1
797946 1
799000 1
803938 1
805530 1
806468 1
806627 1
811814 1
813928 1
814035 1
820452 1
821927 1
822077 1
822237 1
823603 1
826871 1
826875 1
839211 1
839867 1
840552 1
844093 1
849227 1
851676 1
851862 1
858006 1
858636 1
859703 1
863374 1
876253 1
876399 1
882093 1
883964 1
884003 1
886865 1
900142 1
903594 1
913967 1
914593 1
915655 1
918152 1
918771 1
918775 1
918858 1
923086 1
937152 1
937338 1
947116 1
948657 1
958544 1
966996 1
968513 1
968786 1
972100 1
974560 1
975298 1
977746 1
977754 1
979185 1
988047 1
989728 1
990594 1
990938 1
995548 1
1005855 1
1006481 1
1012359 1
1019765 1
1025317 1
1025994 1
1028785 1
1029352 1
1035610 1
1036498 1
1038636 1
1039448 1
1039666 1
1040719 1
1040929 1
1052335 1
1056226 1
1058756 1
1062462 1
1069054 1
1072020 1
1075523 1
1076755 1
1076777 1
1077608 1
1079762 1
1085291 1
1087630 1
1090866 1
1102624 1
1110831 1
1111276 1
1117091 1
1125782 1
1130463 1
1136911 1
1137180 1
1138439 1
1140178 1
1141232 1
1141747 1
1146181 1
1147965 1
1149121 1
1150643 1
1150646 1
1150764 1
1150927 1
1150956 1
1151964 1
1152915 1
1154757 1
1156126 1
1157568 1
1159075 1
1160130 1
1160255 1
1164058 1
1169640 1
1179006 1
1179948 1
1180840 1
1183056 1
1189353 1
1197640 1
1201574 1
1201757 1
1220781 1
1231253 1
1231778 1
1234177 1
1237559 1
1238692 1
1249195 1
1251703 1
1265832 1
1265832 1
1269287 1
1272203 1
1278467 1
1278760 1
1281273 1
1282277 1
1284966 1
1287297 1
1291077 1
1309431 1
1313918 1
1317145 1
1331581 1
1335051 1
1347203 1
1352270 1
1352270 1
1361862 1
1364731 1
1366173 1
1371150 1
1371150 1
1372010 1
1374152 1
1374829 1
1379934 1
1385004 1
1390878 1
1397492 1
1400618 1
1403602 1
1436200 1
1438551 1
1438637 1
1447009 1
1453492 1
1454657 1
1457043 1
1457679 1
1458715 1
1462368 1
1462598 1
1489471 1
1490050 1
1494351 1
1514976 1
1523120 1
1529872 1
1534020 1
1535699 1
1549748 1
1557604 1
1561494 1
1565638 1
1567432 1
1570732 1
1581027 1
1591342 1
1592041 1
1592987 1
1596517 1
1596994 1
1604587 1
1607610 1
1607978 1
1608316 1
1621259 1
1624007 1
1631638 1
1634786 1
1636724 1
1642993 1
1666535 1
1666582 1
1668228 1
1670173 1
1675360 1
1676502 1
1679858 1
1682557 1
1682933 1
1690966 1
1699925 1
1700049 1
1704744 1
1712717 1
1717219 1
1717219 1
1718122 1
1723844 1
1727466 1
1735545 1
1736023 1
1738592 1
1739988 1
1740741 1
1747795 1
1749461 1
1753279 1
1754457 1
1758439 1
1763603 1
1763608 1
1765280 1
1765525 1
1766097 1
1775186 1
1778244 1
1782085 1
1784967 1
1787683 1
1788249 1
1793489 1
1798986 1
1811675 1
1812134 1
1812753 1
1812901 1
1812953 1
1813995 1
1816592 1
1817119 1
1819988 1
1821418 1
1829617 1
1830179 1
1833393 1
1836610 1
1839662 1
1840604 1
1841296 1
1841728 1
1851651 1
1851970 1
1856889 1
1867452 1
1869623 1
1882029 1
1896152 1
1899267 1
1900841 1
1905376 1
1905859 1
1906931 1
1909402 1
1910976 1
1915669 1
1920959 1
1921132 1
1922649 1
1926780 1
1930038 1
1930478 1
1932375 1
1932760 1
1932820 1
1938298 1
1945318 1
1947793 1
1948504 1
1948672 1
1950200 1
1953029 1
1953273 1
1954785 1
1956865 1
1957191 1
1966792 1
1967262 1
1968288 1
1978360 1
1981211 1
1983274 1
1983311 1
1984904 1
1989121 1
1990088 1
1991194 1
1993578 1
1994494 1
1996785 1
1997418 1
2000215 1
2004030 1
2010676 1
2014050 1
2015997 1
2019981 1
2020040 1
2020780 1
2021135 1
2021774 1
2023147 1
2024625 1
2027532 1
2028036 1
2030080 1
2034595 1
2035305 1
2035615 1
2037037 1
2037945 1
2039108 1
2040655 1
2041897 1
2042307 1
2042806 1
2049300 1
2050731 1
2052207 1
2055706 1
2058320 1
2058830 1
2062073 1
2065396 1
2075851 1
2075851 1
2077121 1
2085603 1
2085748 1
2085748 1
2086412 1
2088189 1
2088965 1
2089305 1
2090968 1
2093047 1
2095936 1
2104135 1
2115045 1
2127164 1
2127164 1
2135198 1
2135357 1
2135555 1
2135913 1
2138893 1
2141983 1
2143760 1
2147636 1
2148005 1
2150571 1
2152621 1
2153543 1
2154064 1
2154609 1
2161890 1
2166547 1
2167015 1
2168029 1
2170316 1
2174766 1
2176533 1
2179770 1
2186191 1
2188717 1
2198312 1
2203023 1
2203076 1
2203089 1
2205666 1
2207012 1
2211439 1
2211952 1
2214229 1
2214613 1
2224719 1
2231877 1
2232349 1
2234854 1
2237366 1
2239213 1
2244391 1
2244541 1
2245093 1
2245403 1
2246618 1
2248707 1
2250082 1
2252041 1
2252431 1
2257669 1
2258250 1
2260446 1
2263204 1
2266451 1
2271288 1
2271643 1
2273134 1
2274619 1
2277517 1
2278132 1
2279209 1
2281498 1
2283187 1
2310436 1
2312646 1
2314881 1
2316697 1
2316875 1
2317395 1
2317822 1
2317986 1
2321796 1
2322099 1
2323151 1
2335051 1
2339271 1
2341463 1
2343646 1
2347229 1
2347229 1
2347637 1
2352662 1
2362142 1
2364517 1
2364928 1
2365188 1
2366540 1
2371271 1
2373264 1
2380028 1
2380028 1
2380895 1
2381150 1
2384420 1
2392067 1
2395109 1
2398065 1
2398880 1
2400608 1
2404337 1
2404975 1
2410832 1
2410916 1
2413795 1
2414100 1
2417297 1
2421722 1
2421731 1
2431003 1
2433756 1
2435824 1
2439950 1
2444851 1
2447942 1
2454134 1
2454704 1
2455183 1
2462448 1
2464853 1
2473317 1
2476017 1
2481488 1
2484960 1
2485518 1
2486703 1
2492454 1
2493006 1
2495468 1
2495633 1
2496342 1
2497464 1
2497651 1
2501244 1
2501443 1
2502527 1
2505206 1
2511744 1
2513186 1
2514376 1
2516483 1
2520857 1
2520925 1
2521081 1
2526594 1
2529165 1
2531143 1
2531398 1
2531675 1
2532117 1
2534846 1
2538534 1
2539544 1
2540076 1
2547145 1
2551197 1
2555628 1
2560165 1
2566607 1
2568718 1
2574259 1
2574259 1
2574717 1
2576425 1
2578469 1
2591395 1
2597141 1
2605172 1
2607124 1
2608076 1
2608119 1
2616308 1
2617137 1
2627744 1
2629713 1
2642923 1
2646703 1
2660648 1
2665003 1
2673378 1
2675405 1
2677343 1
2677966 1
2690930 1
2691404 1
2691530 1
2693118 1
2695805 1
2697612 1
2700333 1
2702168 1
2705736 1
2707797 1
2710035 1
2710421 1
2711542 1
2712197 1
2713617 1
2715786 1
2716950 1
2718532 1
2720200 1
2720910 1
2725547 1
2728543 1
2729954 1
2738802 1
2739042 1
2747080 1
2748900 1
2748906 1
2751813 1
2752142 1
2753103 1
2754128 1
2770033 1
2770033 1
2770736 1
2781039 1
2787144 1
2789664 1
2792175 1
2793477 1
2793966 1
2797247 1
2805109 1
2805405 1
2808252 1
2809419 1
2810944 1
2822653 1
2829819 1
2834138 1
2836748 1
2842692 1
2847103 1
2861524 1
2861828 1
2865447 1
2871835 1
2872390 1
2873568 1
2883949 1
2887751 1
2890233 1
2896453 1
2896781 1
2896787 1
2901303 1
2902611 1
2906724 1
2916299 1
2920161 1
2924167 1
2924190 1
2927556 1
2930653 1
2934162 1
2942419 1
2947721 1
2951320 1
2952429 1
2952438 1
2954914 1
2964806 1
2966967 1
2980405 1
2981595 1
2985425 1
2986582 1
2990353 1
2997939 1
2998781 1
3013198 1
3014482 1
3017185 1
3019054 1
3020603 1
3020796 1
3021613 1
3021615 1
3021881 1
3021916 1
3022714 1
3022851 1
3023320 1
3023358 1
3024111 1
3024705 1
3032437 1
3032717 1
3032820 1
3032890 1
3034166 1
3034846 1
3037170 1
3040180 1
3060742 1
3069083 1
3074814 1
3080098 1
3080751 1
3082998 1
3084591 1
3092870 1
3098667 1
3099344 1
3099352 1
3104406 1
3104794 1
3104920 1
3117091 1
3124449 1
3124449 1
3134769 1
3141592 1
3147239 1
3158374 1
3160715 1
3163711 1
3165700 1
3168520 1
3176738 1
3179788 1
3180860 1
3181142 1
3185946 1
3188159 1
3190222 1
3198112 1
3199104 1
3209663 1
3216207 1
3217145 1
3222318 1
3223543 1
3225452 1
3229051 1
3229723 1
3230195 1
3230777 1
3232341 1
3242967 1
3247696 1
3250658 1
3250658 1
3255461 1
3263679 1
3263997 1
3264226 1
3267867 1
3267873 1
3267892 1
3267927 1
3268172 1
3268274 1
3281355 1
3285491 1
3290360 1
3297776 1
3297776 1
3303314 1
3307976 1
3311485 1
3314028 1
3314618 1
3315701 1
3316820 1
3317317 1
3317981 1
3320021 1
3320420 1
3335260 1
3344084 1
3347366 1
3347366 1
3348264 1
3352048 1
3352613 1
3352803 1
3352803 1
3354573 1
3357868 1
3358017 1
3362580 1
3364627 1
3366886 1
3371737 1
3371885 1
3371968 1
3374867 1
3377724 1
3377724 1
3391942 1
3395292 1
3400705 1
3400920 1
3402071 1
3402475 1
3402718 1
3410712 1
3414512 1
3428023 1
3430143 1
3433090 1
3439320 1
3445627 1
3454289 1
3460460 1
3463129 1
3465105 1
3469628 1
3470334 1
3502137 1
3504479 1
3506110 1
3507319 1
3525835 1
3549516 1
3563040 1
3563695 1
3566541 1
3567703 1
3574793 1
3586387 1
3595800 1
3596506 1
3612845 1
3616659 1
3635173 1
3637513 1
3637600 1
3637701 1
3638950 1
3638950 1
3639205 1
3642321 1
3642989 1
3643071 1
3643120 1
3643825 1
3646664 1
3648007 1
3648078 1
3651650 1
3652315 1
3654345 1
3655094 1
3656351 1
3658183 1
3665702 1
3670160 1
3677061 1
3679347 1
3679617 1
3681529 1
3681682 1
3681708 1
3683875 1
3689790 1
3696151 1
3697724 1
3699140 1
3700189 1
3700462 1
3704094 1
3705866 1
3706484 1
3713466 1
3713539 1
3714499 1
3720411 1
3722500 1
3722718 1
3725310 1
3725545 1
3726167 1
3726717 1
3732523 1
3737491 1
3737602 1
3737875 1
3738092 1
3738643 1
3750064 1
3752519 1
3752841 1
3752945 1
3753177 1
3753177 1
3754282 1
3754408 1
3755956 1
3757054 1
3757186 1
3759488 1
3768477 1
3773595 1
3776024 1
3777695 1
3798613 1
3800257 1
3800610 1
3802197 1
3805527 1
3805915 1
3809122 1
3820560 1
3820676 1
3820695 1
3821945 1
3826953 1
3827742 1
3840716 1
3848390 1
3853600 1
3853712 1
3857818 1
3862571 1
3864866 1
3868199 1
3875633 1
3882825 1
3882827 1
3883887 1
3883928 1
3885097 1
3885784 1
3885835 1
3886191 1
3887082 1
3887501 1
3900982 1
3900982 1
3902940 1
3904562 1
3906584 1
3906938 1
3907291 1
3909966 1
3911449 1
3912205 1
3915647 1
3917861 1
3918435 1
3918872 1
3919524 1
3919953 1
3920648 1
3920668 1
3921103 1
3921146 1
3921695 1
3922666 1
3923247 1
3923405 1
3923957 1
3924121 1
3924435 1
3924592 1
3925235 1
3925315 1
3925507 1
3926675 1
3928718 1
3929240 1
3929375 1
3929843 1
3929954 1
3932984 1
3933880 1
3933988 1
3934229 1
3937936 1
3941577 1
3944000 1
3944370 1
3944377 1
3947094 1
3947964 1
3947973 1
3949390 1
3950143 1
3950147 1
3950485 1
3951274 1
3951416 1
3952760 1
3953878 1
3953974 1
3957199 1
3960956 1
3961141 1
3964633 1
3967030 1
3967769 1
3968113 1
3968253 1
3968479 1
3973158 1
3974277 1
3974434 1
3981243 1
3981606 1
3982513 1
3984757 1
3989872 1
3995517 1
3996121 1
4001613 1
4003263 1
4003342 1
4003698 1
4003880 1
4006311 1
4007309 1
4011879 1
4012527 1
4016460 1
4018024 1
4019012 1
4020047 1
4025411 1
4030431 1
4041062 1
4041065 1
4042801 1
4043117 1
4047135 1
4047193 1
4048081 1
4048159 1
4048980 1
4049010 1
4049084 1
4049194 1
4049911 1
4058187 1
4060289 1
4064540 1
4066623 1
4076037 1
4078975 1
4086676 1
4089016 1
4091073 1
4091943 1
4092190 1
4098843 1
4099269 1
4099917 1
4102315 1
4113178 1
4113758 1
4118721 1
4119438 1
4119804 1
4126107 1
4126231 1
4131166 1
4132318 1
4135753 1
4139087 1
4139228 1
4139474 1
4142404 1
4145255 1
4150084 1
4152275 1
4153664 1
4153991 1
4157749 1
4157845 1
4162605 1
4163748 1
4164251 1
4164514 1
4164689 1
4169095 1
4169767 1
4177586 1
4181405 1
4181900 1
4181901 1
4192693 1
4201354 1
4201410 1
4204048 1
4206436 1
4210036 1
4212421 1
4215267 1
4221165 1
4222306 1
4222391 1
4228762 1
4230345 1
4230714 1
4236087 1
4243684 1
4243834 1
4244418 1
4244733 1
4245371 1
4246264 1
4247042 1
4247880 1
4250470 1
4251241 1
4251581 1
4258537 1
4265397 1
4267984 1
4271221 1
4279464 1
4286337 1
4287751 1
4289395 1
4293893 1
4297792 1
4299329 1
4303848 1
4305758 1
4307521 1
4311242 1
4311722 1
4312608 1
4320857 1
4320857 1
4328852 1
4329911 1
4330641 1
4335235 1
4348787 1
4386762 1
4388252 1
4391654 1
4395337 1
4398188 1
4401635 1
4405883 1
4406247 1
4406791 1
4407117 1
4410009 1
4411764 1
4419806 1
4420786 1
4421331 1
4423570 1
4423633 1
4432596 1
4435345 1
4435862 1
4442282 1
4442746 1
4442906 1
4446946 1
4448640 1
4449273 1
4450269 1
4455390 1
4456638 1
4458239 1
4458293 1
4458900 1
4460304 1
4465723 1
4467288 1
4468501 1
4470745 1
4482273 1
4483379 1
4484580 1
4484593 1
4487428 1
4487792 1
4495230 1
4495545 1
4498428 1
4500542 1
4500971 1
4501632 1
4504389 1
4510898 1
4514378 1
4521984 1
4522146 1
4523840 1
4524291 1
4526129 1
4526341 1
4528228 1
4528770 1
4531929 1
4536640 1
4544307 1
4544327 1
4544447 1
4544557 1
4545614 1
4545760 1
4548747 1
4553557 1
4555924 1
4556880 1
4558796 1
4560328 1
4564850 1
4566551 1
4568223 1
4568241 1
4568241 1
4572157 1
4576843 1
4579293 1
4580751 1
4582639 1
4582717 1
4585045 1
4590173 1
4592356 1
4596318 1
4598400 1
4598462 1
4598711 1
4598736 1
4599705 1
4600331 1
4601596 1
4602897 1
4604456 1
4605300 1
4605697 1
4607305 1
4622274 1
4622840 1
4623243 1
4625677 1
4625677 1
4630774 1
4631778 1
4633128 1
4633248 1
4633503 1
4638025 1
4648758 1
4649836 1
4654598 1
4654769 1
4655478 1
4657337 1
4661453 1
4669791 1
4672641 1
4672666 1
4673660 1
4679828 1
4685160 1
4686012 1
4693839 1
4696412 1
4702287 1
4703167 1
4704276 1
4711225 1
4712600 1
4719038 1
4720015 1
4722530 1
4724833 1
4726208 1
4728204 1
4732279 1
4733969 1
4735135 1
4739543 1
4739913 1
4744507 1
4744909 1
4745428 1
4754707 1
4754738 1
4754821 1
4755504 1
4758240 1
4760960 1
4768860 1
4773289 1
4785455 1
4786930 1
4788596 1
4788604 1
4789317 1
4793001 1
4793010 1
4796860 1
4798527 1
4802140 1
4803583 1
4803757 1
4816589 1
4821684 1
4822510 1
4823527 1
4824645 1
4828696 1
4829240 1
4829799 1
4830994 1
4853110 1
4855045 1
4861138 1
4863291 1
4863291 1
4864888 1
4867492 1
4868080 1
4871136 1
4873002 1
4873002 1
4888738 1
4895260 1
4897633 1
4901648 1
4901729 1
4904169 1
4908393 1
4909427 1
4911245 1
4914544 1
4916008 1
4917801 1
4918013 1
4919912 1
4922957 1
4929553 1
4929775 1
4933237 1
4942720 1
4961897 1
4970452 1
4978184 1
4983770 1
4984179 1
4991212 1
4991574 1
4994018 1
4994380 1
4996738 1
4996848 1
4997765 1
5000392 1
5005765 1
5006697 1
5007983 1
5009761 1
5012200 1
5012621 1
5013382 1
5016046 1
5018132 1
5031566 1
5031672 1
5040465 1
5042555 1
5053826 1
5054202 1
5055964 1
5055971 1
5057285 1
5058185 1
5058739 1
5059412 1
5059555 1
5059730 1
5060567 1
5060617 1
5062248 1
5064690 1
5066498 1
5067361 1
5067887 1
5068376 1
5068602 1
5070398 1
5071934 1
5072156 1
5075810 1
5079893 1
5081798 1
5082225 1
5086504 1
5087102 1
5092752 1
5094302 1
5096431 1
5098477 1
5100423 1
5102404 1
5102543 1
5102898 1
5104819 1
5105192 1
5105347 1
5107645 1
5108235 1
5109945 1
5112047 1
5113894 1
5114349 1
5115719 1
5120928 1
5123192 1
5125614 1
5128121 1
5128306 1
5131765 1
5133453 1
5134245 1
5138271 1
5139226 1
5140188 1
5140257 1
5141026 1
5141050 1
5142171 1
5146003 1
5146323 1
5148642 1
5150613 1
5152116 1
5153821 1
5156806 1
5158028 1
5160600 1
5161076 1
5162689 1
5162972 1
5164639 1
5165002 1
5165093 1
5168206 1
5170781 1
5174595 1
5175941 1
5183871 1
5185125 1
5190366 1
5193532 1
5207063 1
5207063 1
5207518 1
5208081 1
5213598 1
5214062 1
5215332 1
5215720 1
5219376 1
5222207 1
5226235 1
5227026 1
5228876 1
5229629 1
5231778 1
5232335 1
5234747 1
5243053 1
5246824 1
5258133 1
5263325 1
5270063 1
5271467 1
5271584 1
5278825 1
5279339 1
5279747 1
5288215 1
5290436 1
5298198 1
5303590 1
5307191 1
5307628 1
5313290 1
5325584 1
5326667 1
5331334 1
5333800 1
5335489 1
5336239 1
5336476 1
5336796 1
5337716 1
5339613 1
5339703 1
5345408 1
5346370 1
5349233 1
5349536 1
5349615 1
5352878 1
5353560 1
5355331 1
5355331 1
5358569 1
5358895 1
5364173 1
5366171 1
5378191 1
5380771 1
5384611 1
5387013 1
5388510 1
5388613 1
5391810 1
5392024 1
5392318 1
5396831 1
5397126 1
5398347 1
5398853 1
5400379 1
5404054 1
5404905 1
5405318 1
5406594 1
5408985 1
5409356 1
5410786 1
5411190 1
5420866 1
5421477 1
5426317 1
5438460 1
5439555 1
5440327 1
5441490 1
5443300 1
5449820 1
5450660 1
5451512 1
5458938 1
5465883 1
5466653 1
5469787 1
5470773 1
5473148 1
5473387 1
5475068 1
5477373 1
5481284 1
5481629 1
5483043 1
5486313 1
5487770 1
5487770 1
5488055 1
5489020 1
5492836 1
5492897 1
5500579 1
5505446 1
5506361 1
5507437 1
5511875 1
5512775 1
5514876 1
5514974 1
5520216 1
5530386 1
5533724 1
5535475 1
5535475 1
5539556 1
5542201 1
5545366 1
5546405 1
5546405 1
5550848 1
5551345 1
5551542 1
5553561 1
5554823 1
5555945 1
5556991 1
5559870 1
5561201 1
5567260 1
5570258 1
5573206 1
5577213 1
5581485 1
5581491 1
5581663 1
5582996 1
5584379 1
5584448 1
5584627 1
5586294 1
5595554 1
5596821 1
5601718 1
5603237 1
5611577 1
5612501 1
5612714 1
5614373 1
5619597 1
5620066 1
5625390 1
5627631 1
5630202 1
5632199 1
5634471 1
5634812 1
5636570 1
5649776 1
5653596 1
5660876 1
5664177 1
5664991 1
5671281 1
5672995 1
5673876 1
5677145 1
5684015 1
5693847 1
5693946 1
5706239 1
5706425 1
5715043 1
5717195 1
5719045 1
5719182 1
5720788 1
5722831 1
5723738 1
5731223 1
5732422 1
5732582 1
5733464 1
5733464 1
5739256 1
5739461 1
5739488 1
5739539 1
5745073 1
5748921 1
5748961 1
5751263 1
5752850 1
5755421 1
5757855 1
5758937 1
5758990 1
5762139 1
5762605 1
5764190 1
5766217 1
5766846 1
5768200 1
5770217 1
5775612 1
5780235 1
5781319 1
5785945 1
5789043 1
5791514 1
5794599 1
5797148 1
5801644 1
5802532 1
5804967 1
5806456 1
5829703 1
5831501 1
5831686 1
5835625 1
5836137 1
5840301 1
5842179 1
5843735 1
5845083 1
5845508 1
5845658 1
5846047 1
5848167 1
5848881 1
5849487 1
5851734 1
5857637 1
5858262 1
5864757 1
5865318 1
5865371 1
5866672 1
5867974 1
5871622 1
5873500 1
5878266 1
5883450 1
5885126 1
5889233 1
5895242 1
5897202 1
5909046 1
5913656 1
5917464 1
5923073 1
5924994 1
5940401 1
5942173 1
5944539 1
5957378 1
5958371 1
5958858 1
5968955 1
5979582 1
5982545 1
5984326 1
5984740 1
5995143 1
5997151 1
5998181 1
6002126 1
6004041 1
6010558 1
6012755 1
6013220 1
6018514 1
6023630 1
6026857 1
6027578 1
6029045 1
6037187 1
6037853 1
6037862 1
6040569 1
6042194 1
6043627 1
6050469 1
6056495 1
6056496 1
6058583 1
6063704 1
6064591 1
6064913 1
6064928 1
6068076 1
6069160 1
6070912 1
6076207 1
6076965 1
6087440 1
6089712 1
6093212 1
6100272 1
6101942 1
6107947 1
6113530 1
6124598 1
6131165 1
6131197 1
6132961 1
6136231 1
6136416 1
6146889 1
6158343 1
6161041 1
6161947 1
6164051 1
6168929 1
6170245 1
6171651 1
6173718 1
6175726 1
6176710 1
6177115 1
6177277 1
6177611 1
6179805 1
6182602 1
6189442 1
6190461 1
6190693 1
6190694 1
6192337 1
6196305 1
6201344 1
6201622 1
6205622 1
6205854 1
6206044 1
6207580 1
6207642 1
6211416 1
6215808 1
6216438 1
6217032 1
6217083 1
6217369 1
6217829 1
6219416 1
6219792 1
6221083 1
6222236 1
6230497 1
6241386 1
6241498 1
6243215 1
6246937 1
6252056 1
6252486 1
6257703 1
6257711 1
6263246 1
6273727 1
6278223 1
6280778 1
6283923 1
6285764 1
6289330 1
6289330 1
6295057 1
6295145 1
6296551 1
6302436 1
6302939 1
6303809 1
6311999 1
6312665 1
6312872 1
6314399 1
6315472 1
6316301 1
6317024 1
6317849 1
6322047 1
6328346 1
6329521 1
6330228 1
6330301 1
6330330 1
6332480 1
6350064 1
6352402 1
6353058 1
6356342 1
6356433 1
6358716 1
6359498 1
6365396 1
6369862 1
6375854 1
6387856 1
6398334 1
6398407 1
6403924 1
6405642 1
6409410 1
6413909 1
6414012 1
6416518 1
6429693 1
6435430 1
6439531 1
6442055 1
6442438 1
6445849 1
6446668 1
6450080 1
6453742 1
6460571 1
6462504 1
6463953 1
6463975 1
6464140 1
6464355 1
6465424 1
6466522 1
6466862 1
6468532 1
6469258 1
6469455 1
6469931 1
6470656 1
6474199 1
6476530 1
6480273 1
6486579 1
6491064 1
6492879 1
6501528 1
6504920 1
6504929 1
6508553 1
6515513 1
6516949 1
6526890 1
6531600 1
6542652 1
6548548 1
6554252 1
6556147 1
6557733 1
6557958 1
6567149 1
6570934 1
6573396 1
6574737 1
6580496 1
6588682 1
6588932 1
6589158 1
6589287 1
6589365 1
6589374 1
6592785 1
6593333 1
6594692 1
6594695 1
6595958 1
6602228 1
6603681 1
6604031 1
6604535 1
6610642 1
6610898 1
6615468 1
6615624 1
6619280 1
6623163 1
6626128 1
6626367 1
6626663 1
6628177 1
6635375 1
6639018 1
6649943 1
6664440 1
6672796 1
6678067 1
6682422 1
6688752 1
6691935 1
6692575 1
6692593 1
6695519 1
6695738 1
6698108 1
6707905 1
6710774 1
6710791 1
6713603 1
6715403 1
6716084 1
6719276 1
6719464 1
6726360 1
6735294 1
6736773 1
6736934 1
6738245 1
6738494 1
6738924 1
6739242 1
6741861 1
6742100 1
6742740 1
6743915 1
6745317 1
6765613 1
6765707 1
6776669 1
6777527 1
6786578 1
6786762 1
6790225 1
6792382 1
6792582 1
6796830 1
6797439 1
6799799 1
6800416 1
6805032 1
6805496 1
6807862 1
6810204 1
6810205 1
6813841 1
6816303 1
6823991 1
6828373 1
6828868 1
6828873 1
6828962 1
6833205 1
6834774 1
6835705 1
6838509 1
6838613 1
6844256 1
6845992 1
6854670 1
6857512 1
6858283 1
6858419 1
6867646 1
6870454 1
6870952 1
6882154 1
6886063 1
6889561 1
6892811 1
6901407 1
6905679 1
6910935 1
6912663 1
6916367 1
6920985 1
6929077 1
6949594 1
6955744 1
6964034 1
6964254 1
6965962 1
6975605 1
6980372 1
6981421 1
6998252 1
6998310 1
6998406 1
6998611 1
7000026 1
7001399 1
7005859 1
7007969 1
7011406 1
7015713 1
7037225 1
7045328 1
7045998 1
7046845 1
7049821 1
7051131 1
7051657 1
7053324 1
7053866 1
7054754 1
7055009 1
7079140 1
7079867 1
7081239 1
7088372 1
7090232 1
7090417 1
7091925 1
7092100 1
7092386 1
7092580 1
7093499 1
7094407 1
7096648 1
7096793 1
7097283 1
7103042 1
7111704 1
7114654 1
7124467 1
7125094 1
7125788 1
7136775 1
7144139 1
7150203 1
7150234 1
7151582 1
7152549 1
7152994 1
7153534 1
7155004 1
7157389 1
7158133 1
7163319 1
7169338 1
7178175 1
7178604 1
7178628 1
7181820 1
7182686 1
7183285 1
7185688 1
7188846 1
7189640 1
7192269 1
7192714 1
7194467 1
7196650 1
7201567 1
7202062 1
7203513 1
7203854 1
7204277 1
7204277 1
7206447 1
7207329 1
7207357 1
7207478 1
7208977 1
7209289 1
7225735 1
7231507 1
7239006 1
7242793 1
7243236 1
7244016 1
7244235 1
7246024 1
7247377 1
7256631 1
7257160 1
7257749 1
7258824 1
7259548 1
7264460 1
7271583 1
7272768 1
7274124 1
7286715 1
7288988 1
7295600 1
7298436 1
7298436 1
7307528 1
7333310 1
7345025 1
7397767 1
7412318 1
7418445 1
7422254 1
7423978 1
7424751 1
7430898 1
7431092 1
7432139 1
7435500 1
7435855 1
7444926 1
7446623 1
7452665 1
7457631 1
7471693 1
7476051 1
7480112 1
7484481 1
7489903 1
7490428 1
7492608 1
7499695 1
7503797 1
7503937 1
7510025 1
7510471 1
7511693 1
7517444 1
7526839 1
7530857 1
7541594 1
7543534 1
7545016 1
7545106 1
7546176 1
7559445 1
7559857 1
7561683 1
7564344 1
7564723 1
7568438 1
7572694 1
7574068 1
7582904 1
7582909 1
7583014 1
7583158 1
7603497 1
7611667 1
7613536 1
7617023 1
7622753 1
7625078 1
7625638 1
7626626 1
7626991 1
7627044 1
7627899 1
7628839 1
7632059 1
7632237 1
7634577 1
7646382 1
7646703 1
7646961 1
7651651 1
7677165 1
7680158 1
7680592 1
7681087 1
7685306 1
7687723 1
7690546 1
7692176 1
7692894 1
7693047 1
7699302 1
7700164 1
7702553 1
7704593 1
7708806 1
7709958 1
7712862 1
7714250 1
7715519 1
7716409 1
7716631 1
7716697 1
7718289 1
7718813 1
7720911 1
7721184 1
7722726 1
7726417 1
7731524 1
7732372 1
7734154 1
7734388 1
7734587 1
7736587 1
7736999 1
7738241 1
7740481 1
7741890 1
7742403 1
7742408 1
7742584 1
7742593 1
7743396 1
7745030 1
7745166 1
7748167 1
7749095 1
7749860 1
7749942 1
7750168 1
7750809 1
7752137 1
7753080 1
7761952 1
7761952 1
7762308 1
7766004 1
7766316 1
7766655 1
7768499 1
7771994 1
7772268 1
7782768 1
7785965 1
7786108 1
7787175 1
7793868 1
7795509 1
7796103 1
7796462 1
7796740 1
7797338 1
7798955 1
7798955 1
7801886 1
7802531 1
7802786 1
7804004 1
7804128 1
7804776 1
7806247 1
7806875 1
7806939 1
7807778 1
7807930 1
7813356 1
7813700 1
7814093 1
7814402 1
7814897 1
7817146 1
7819179 1
7819938 1
7821852 1
7823197 1
7823461 1
7823523 1
7823631 1
7825736 1
7827496 1
7828731 1
7840970 1
7841494 1
7843030 1
7845065 1
7846101 1
7849998 1
7875059 1
7875296 1
7875768 1
7880632 1
7880787 1
7881443 1
7882069 1
7882497 1
7884247 1
7888705 1
7901256 1
7901657 1
7902089 1
7902222 1
7902342 1
7902499 1
7902730 1
7903368 1
7916346 1
7917253 1
7919835 1
7923229 1
7923234 1
7935245 1
7937752 1
7940472 1
7941073 1
7944736 1
7948360 1
7949317 1
7954326 1
7958488 1
7960630 1
7963502 1
7964274 1
7966237 1
7975215 1
7981047 1
7987257 1
8008134 1
8009731 1
8034949 1
8092117 1
8096058 1
8099266 1
8106189 1
8145225 1
8163831 1
8164740 1
8164932 1
8169401 1
8169463 1
8170088 1
8170126 1
8170981 1
8171927 1
8172998 1
8173088 1
8173654 1
8175988 1
8176530 1
8176596 1
8176739 1
8176970 1
8177090 1
8177109 1
8179066 1
8179134 1
8180863 1
8183031 1
8183244 1
8189404 1
8190186 1
8190858 1
8200042 1
8215343 1
8217405 1
8224849 1
8226689 1
8234496 1
8235780 1
8239504 1
8239899 1
8241152 1
8243308 1
8244236 1
8245748 1
8245843 1
8246216 1
8246299 1
8250606 1
8250640 1
8252069 1
8252337 1
8252505 1
8253678 1
8254940 1
8255682 1
8256421 1
8257738 1
8258542 1
8259413 1
8261634 1
8263405 1
8267099 1
8267099 1
8269132 1
8270741 1
8273192 1
8280365 1
8280406 1
8280524 1
8280598 1
8281472 1
8282490 1
8282557 1
8289660 1
8289671 1
8290050 1
8290050 1
8290459 1
8290813 1
8290983 1
8291016 1
8291184 1
8292067 1
8292672 1
8295922 1
8295939 1
8301004 1
8302163 1
8305216 1
8307658 1
8308691 1
8310608 1
8311094 1
8311269 1
8311926 1
2710 1
6225 1
9872 1
9878 1
16021 1
25015 1
30764 1
36857 1
41884 1
44358 1
47118 1
49507 1
57649 1
63471 1
65548 1
67067 1
67467 1
67486 1
67798 1
70863 1
72392 1
72722 1
76393 1
92731 1
112416 1
124402 1
128915 1
140813 1
140888 1
145210 1
145382 1
146098 1
146317 1
146319 1
147284 1
148002 1
149354 1
156771 1
157085 1
159342 1
159927 1
162276 1
165574 1
167526 1
168266 1
170457 1
180496 1
181193 1
181495 1
188330 1
200061 1
200553 1
201303 1
202750 1
204432 1
205187 1
205703 1
207629 1
211791 1
211820 1
212489 1
212919 1
219285 1
219368 1
220136 1
223003 1
231601 1
232391 1
232967 1
236454 1
236570 1
237119 1
237456 1
238555 1
240386 1
241273 1
244339 1
246530 1
247363 1
248973 1
250038 1
250078 1
251451 1
251530 1
251634 1
257961 1
259671 1
274814 1
279613 1
284998 1
285249 1
285702 1
286758 1
293485 1
293669 1
301246 1
304145 1
309757 1
321616 1
322024 1
328194 1
329805 1
331193 1
336797 1
337598 1
340790 1
347481 1
349920 1
356788 1
359851 1
360137 1
360768 1
362819 1
365187 1
365657 1
368994 1
372353 1
372488 1
374181 1
375042 1
376747 1
378643 1
379858 1
380490 1
385964 1
387726 1
393124 1
393399 1
393451 1
393974 1
394631 1
394786 1
396664 1
399157 1
402655 1
403411 1
404943 1
406670 1
406822 1
407525 1
408251 1
409267 1
414673 1
416876 1
417855 1
419046 1
420524 1
421861 1
423378 1
428271 1
431345 1
431810 1
432512 1
433545 1
433652 1
433971 1
437205 1
437966 1
439460 1
439999 1
445935 1
447047 1
450537 1
451635 1
452435 1
458988 1
463894 1
465584 1
466490 1
467131 1
467136 1
468301 1
471036 1
471508 1
471821 1
472923 1
477507 1
477644 1
480054 1
487076 1
487222 1
497391 1
502626 1
502714 1
503520 1
506235 1
512151 1
526413 1
527437 1
528477 1
528806 1
529653 1
534439 1
537530 1
540504 1
545229 1
545661 1
545910 1
548295 1
548333 1
548414 1
550451 1
553414 1
553489 1
554642 1
554789 1
554818 1
555002 1
562119 1
566916 1
569379 1
577481 1
577773 1
582468 1
583031 1
585025 1
588565 1
589564 1
591223 1
591367 1
592020 1
592658 1
593156 1
594413 1
595295 1
596792 1
597085 1
597453 1
597606 1
602204 1
603512 1
604776 1
607343 1
607753 1
607772 1
609494 1
609956 1
611882 1
614303 1
616453 1
616797 1
618285 1
626569 1
631928 1
633384 1
634070 1
634070 1
634747 1
639149 1
640000 1
641719 1
655063 1
659343 1
660559 1
660983 1
663094 1
663219 1
664999 1
668833 1
669659 1
669724 1
674525 1
675635 1
676575 1
676580 1
681518 1
681806 1
682576 1
682767 1
683043 1
685035 1
687143 1
694940 1
695876 1
696226 1
696865 1
697827 1
697982 1
699007 1
702614 1
705324 1
708233 1
712367 1
713023 1
719048 1
729323 1
729357 1
731513 1
734833 1
736689 1
739403 1
740065 1
740364 1
740967 1
742910 1
747980 1
748171 1
751697 1
754808 1
756083 1
756897 1
761999 1
776541 1
784010 1
785326 1
785688 1
786256 1
788169 1
788403 1
789557 1
796072 1
797941 1
799514 1
799600 1
801340 1
804753 1
805079 1
806672 1
814243 1
814450 1
815660 1
817418 1
820956 1
827135 1
837159 1
841109 1
844763 1
851484 1
853537 1
857508 1
865286 1
868834 1
875287 1
877588 1
882774 1
883913 1
886278 1
886709 1
887409 1
889352 1
895976 1
896926 1
910380 1
920840 1
924764 1
942476 1
943992 1
944899 1
948329 1
948707 1
948708 1
948882 1
953407 1
967236 1
973577 1
974058 1
974058 1
975415 1
975461 1
982102 1
988686 1
989694 1
992003 1
1011369 1
1012099 1
1012237 1
1013916 1
1014278 1
1018176 1
1020709 1
1021644 1
1022761 1
1036021 1
1036587 1
1037333 1
1038670 1
1039372 1
1039479 1
1039479 1
1039747 1
1040607 1
1040690 1
1055305 1
1055829 1
1057028 1
1060257 1
1067043 1
1071150 1
1075036 1
1076970 1
1081761 1
1090972 1
1095423 1
1096970 1
1099837 1
1116936 1
1120936 1
1121070 1
1122394 1
1124164 1
1128752 1
1132456 1
1134124 1
1141158 1
1143242 1
1145388 1
1153196 1
1157091 1
1157091 1
1158687 1
1160261 1
1165207 1
1168715 1
1169713 1
1187205 1
1193331 1
1201734 1
1220808 1
1227383 1
1230965 1
1230996 1
1230996 1
1233660 1
1237679 1
1243398 1
1250287 1
1251496 1
1255264 1
1256612 1
1278522 1
1278906 1
1282754 1
1287438 1
1287438 1
1288621 1
1289775 1
1289936 1
1291616 1
1294855 1
1299746 1
1304161 1
1307837 1
1307837 1
1309463 1
1309944 1
1311955 1
1321082 1
1334340 1
1334470 1
1341947 1
1348820 1
1356141 1
1367337 1
1370628 1
1375775 1
1376784 1
1378396 1
1380464 1
1380924 1
1385645 1
1402311 1
1404314 1
1410047 1
1413679 1
1414928 1
1416334 1
1417551 1
1423247 1
1425838 1
1425838 1
1431753 1
1431841 1
1439725 1
1439725 1
1441395 1
1447666 1
1457252 1
1457346 1
1458553 1
1464346 1
1465329 1
1465420 1
1465609 1
1469025 1
1478109 1
1479563 1
1482525 1
1489060 1
1489289 1
1497946 1
1498262 1
1500282 1
1514700 1
1516608 1
1516849 1
1518777 1
1519459 1
1523116 1
1526083 1
1526894 1
1534242 1
1535667 1
1538028 1
1540508 1
1553337 1
1553863 1
1564906 1
1573954 1
1577509 1
1582358 1
1587202 1
1596515 1
1596787 1
1604078 1
1604285 1
1608084 1
1615758 1
1623502 1
1625318 1
1626035 1
1633859 1
1636119 1
1638045 1
1639395 1
1646575 1
1665765 1
1667508 1
1672007 1
1676884 1
1680542 1
1682550 1
1682637 1
1690245 1
1698021 1
1700254 1
1702053 1
1714949 1
1722943 1
1736549 1
1738557 1
1740183 1
1752794 1
1753713 1
1753713 1
1753944 1
1755337 1
1756856 1
1757706 1
1760091 1
1763453 1
1764793 1
1764793 1
1766831 1
1770842 1
1772565 1
1773322 1
1775722 1
1777049 1
1778948 1
1781897 1
1784633 1
1789246 1
1791910 1
1796104 1
1798380 1
1801755 1
1806963 1
1809543 1
1816007 1
1818034 1
1818373 1
1818542 1
1820491 1
1826644 1
1827469 1
1836440 1
1837213 1
1838865 1
1840086 1
1840350 1
1840554 1
1861466 1
1864421 1
1864428 1
1868225 1
1890754 1
1894255 1
1898445 1
1904379 1
1905599 1
1905913 1
1911123 1
1915738 1
1916459 1
1923648 1
1924773 1
1925103 1
1925209 1
1933574 1
1935027 1
1951154 1
1952147 1
1954730 1
1954782 1
1956642 1
1958140 1
1962135 1
1968826 1
1971008 1
1975879 1
1976444 1
1976498 1
1978703 1
1981163 1
1981163 1
1982361 1
1983237 1
1983692 1
1987077 1
1987651 1
1989832 1
1993159 1
1993337 1
2015969 1
2020425 1
2020759 1
2021629 1
2021672 1
2022079 1
2022719 1
2023473 1
2024184 1
2024996 1
2025600 1
2026028 1
2028182 1
2029784 1
2029794 1
2032058 1
2035538 1
2040703 1
2040822 1
2041777 1
2051390 1
2052458 1
2053401 1
2054421 1
2067759 1
2071850 1
2073124 1
2080068 1
2085855 1
2087978 1
2088968 1
2089523 1
2091322 1
2101005 1
2101123 1
2101937 1
2108191 1
2109387 1
2113594 1
2117488 1
2118335 1
2120841 1
2135792 1
2137535 1
2146438 1
2149853 1
2152482 1
2152506 1
2152514 1
2160235 1
2166532 1
2167088 1
2167109 1
2168023 1
2170432 1
2174698 1
2175979 1
2176747 1
2176888 1
2177616 1
2181178 1
2191877 1
2193190 1
2199266 1
2211342 1
2215107 1
2217501 1
2219388 1
2223655 1
2224376 1
2226113 1
2229512 1
2229573 1
2231219 1
2231291 1
2231462 1
2231841 1
2232174 1
2232178 1
2232231 1
2236111 1
2243047 1
2243792 1
2245996 1
2246060 1
2246569 1
2248222 1
2248613 1
2248722 1
2249249 1
2249455 1
2252331 1
2252342 1
2252359 1
2252527 1
2253759 1
2256842 1
2259513 1
2260049 1
2262789 1
2263932 1
2266955 1
2266955 1
2267407 1
2269736 1
2270205 1
2303148 1
2303757 1
2304246 1
2309937 1
2311233 1
2315987 1
2316978 1
2336689 1
2338063 1
2339283 1
2339681 1
2353533 1
2361677 1
2361948 1
2364994 1
2367182 1
2369458 1
2369499 1
2369583 1
2372669 1
2373244 1
2380352 1
2380354 1
2380913 1
2391086 1
2394747 1
2399107 1
2400901 1
2400953 1
2409399 1
2410512 1
2411886 1
2414858 1
2438633 1
2447601 1
2447689 1
2449014 1
2452475 1
2455447 1
2455543 1
2456201 1
2456308 1
2457183 1
2458616 1
2461014 1
2461014 1
2463149 1
2470445 1
2473374 1
2475610 1
2479617 1
2480920 1
2481624 1
2485475 1
2488926 1
2492409 1
2493808 1
2496119 1
2496428 1
2497716 1
2505275 1
2505697 1
2506876 1
2508527 1
2512096 1
2513084 1
2513161 1
2514344 1
2530327 1
2531582 1
2532828 1
2534609 1
2535615 1
2535922 1
2541743 1
2547076 1
2550548 1
2559332 1
2560541 1
2566871 1
2574824 1
2575104 1
2575111 1
2581700 1
2581705 1
2581805 1
2583562 1
2583578 1
2584525 1
2596968 1
2600303 1
2605460 1
2607668 1
2608251 1
2612664 1
2618787 1
2619584 1
2620800 1
2621102 1
2621582 1
2622887 1
2625177 1
2626824 1
2629414 1
2633182 1
2634183 1
2642915 1
2645244 1
2645987 1
2649910 1
2658401 1
2661245 1
2661484 1
2661833 1
2665446 1
2667937 1
2669923 1
2670599 1
2675364 1
2680874 1
2686201 1
2688540 1
2688978 1
2690451 1
2691183 1
2691417 1
2692311 1
2699260 1
2703128 1
2703137 1
2710293 1
2711142 1
2711397 1
2711597 1
2713644 1
2715428 1
2715428 1
2716784 1
2718366 1
2735656 1
2743329 1
2743865 1
2744994 1
2750040 1
2750533 1
2750982 1
2752176 1
2757508 1
2759570 1
2759988 1
2770279 1
2775816 1
2779219 1
2780209 1
2783825 1
2784992 1
2787454 1
2792476 1
2795008 1
2795058 1
2796254 1
2798791 1
2799152 1
2807179 1
2807391 1
2807986 1
2809894 1
2811481 1
2813760 1
2816051 1
2816056 1
2822030 1
2823129 1
2829060 1
2830662 1
2831139 1
2832002 1
2832318 1
2832679 1
2834344 1
2835785 1
2840317 1
2843119 1
2844873 1
2847075 1
2847838 1
2848036 1
2856072 1
2856126 1
2858231 1
2860956 1
2862453 1
2862789 1
2867261 1
2868593 1
2869271 1
2872249 1
2876411 1
2876436 1
2877053 1
2880742 1
2890412 1
2891614 1
2892259 1
2897078 1
2897293 1
2898045 1
2898838 1
2900912 1
2901416 1
2905440 1
2909489 1
2920488 1
2921065 1
2924155 1
2932679 1
2933417 1
2933574 1
2934205 1
2938119 1
2952389 1
2952657 1
2953111 1
2964933 1
2973151 1
2975049 1
2979933 1
2980229 1
2980881 1
2981238 1
2981730 1
2983499 1
3011347 1
3015003 1
3015050 1
3018221 1
3020281 1
3020965 1
3022664 1
3023079 1
3025083 1
3025351 1
3036013 1
3039931 1
3042191 1
3044022 1
3047165 1
3048108 1
3057705 1
3061795 1
3069302 1
3077908 1
3097074 1
3098748 1
3103273 1
3103285 1
3105666 1
3134723 1
3142968 1
3151847 1
3153929 1
3165480 1
3173209 1
3181452 1
3181492 1
3196484 1
3197529 1
3201174 1
3202779 1
3206518 1
3215334 1
3216118 1
3227488 1
3228532 1
3230310 1
3231395 1
3231454 1
3232185 1
3232393 1
3240690 1
3241123 1
3246711 1
3246738 1
3247947 1
3250226 1
3250619 1
3254222 1
3263486 1
3267222 1
3268216 1
3270594 1
3272178 1
3280497 1
3287498 1
3291061 1
3295232 1
3298750 1
3301235 1
3302931 1
3302977 1
3306410 1
3307922 1
3309828 1
3312218 1
3314864 1
3315268 1
3316012 1
3319931 1
3321712 1
3322465 1
3322700 1
3325297 1
3330643 1
3330971 1
3333382 1
3334145 1
3335247 1
3337152 1
3347046 1
3347658 1
3347661 1
3348227 1
3349564 1
3350505 1
3351902 1
3352082 1
3352793 1
3353321 1
3353769 1
3355450 1
3356990 1
3356993 1
3357512 1
3359255 1
3359425 1
3362048 1
3362645 1
3362749 1
3362973 1
3368361 1
3371115 1
3373632 1
3374695 1
3376492 1
3378753 1
3386111 1
3386273 1
3399281 1
3404920 1
3411280 1
3414366 1
3416629 1
3436611 1
3439423 1
3442617 1
3446402 1
3448342 1
3453196 1
3465232 1
3479116 1
3480093 1
3489589 1
3495115 1
3499340 1
3523178 1
3523197 1
3530742 1
3544050 1
3552173 1
3554621 1
3566890 1
3576244 1
3576659 1
3604024 1
3604105 1
3612718 1
3613400 1
3616991 1
3627290 1
3627396 1
3628653 1
3632624 1
3633485 1
3634618 1
3635099 1
3636151 1
3636225 1
3637327 1
3639391 1
3639844 1
3642309 1
3642872 1
3644442 1
3646498 1
3646500 1
3647044 1
3647302 1
3650109 1
3650599 1
3651543 1
3653256 1
3654312 1
3661867 1
3667784 1
3674383 1
3680146 1
3681294 1
3681382 1
3683003 1
3683003 1
3683302 1
3683302 1
3684787 1
3685739 1
3693690 1
3696407 1
3696813 1
3700408 1
3702591 1
3704279 1
3705213 1
3709728 1
3710997 1
3713050 1
3713418 1
3714244 1
3718566 1
3720497 1
3721302 1
3722010 1
3722169 1
3724675 1
3724716 1
3725665 1
3726031 1
3730110 1
3731416 1
3734860 1
3737334 1
3738798 1
3739420 1
3747933 1
3749345 1
3749485 1
3749817 1
3752999 1
3754200 1
3754731 1
3756288 1
3756923 1
3767451 1
3767978 1
3776001 1
3778151 1
3779766 1
3783006 1
3785500 1
3791215 1
3793609 1
3798591 1
3801704 1
3801918 1
3805948 1
3806437 1
3810014 1
3810305 1
3813237 1
3813475 1
3815042 1
3815152 1
3821841 1
3822396 1
3833980 1
3847739 1
3847739 1
3850506 1
3852091 1
3852580 1
3852878 1
3853333 1
3853566 1
3854873 1
3857895 1
3865501 1
3865955 1
3868160 1
3879341 1
3883918 1
3885046 1
3885282 1
3885426 1
3886342 1
3888912 1
3897677 1
3900801 1
3902635 1
3905427 1
3906462 1
3907265 1
3910046 1
3910369 1
3910722 1
3910802 1
3913249 1
3918586 1
3918820 1
3920003 1
3921156 1
3921757 1
3922242 1
3922602 1
3922734 1
3923542 1
3924489 1
3924865 1
3924892 1
3925588 1
3925631 1
3926245 1
3927314 1
3932666 1
3932906 1
3933945 1
3933993 1
3934060 1
3934252 1
3938883 1
3944079 1
3948076 1
3950342 1
3950570 1
3951422 1
3951726 1
3951738 1
3953736 1
3954567 1
3956714 1
3957813 1
3960227 1
3961075 1
3967931 1
3968027 1
3968464 1
3970077 1
3971168 1
3972349 1
3973388 1
3973998 1
3974767 1
3975371 1
3977346 1
3978408 1
3980002 1
3980530 1
3983061 1
3992974 1
3997477 1
3999620 1
4000783 1
4003784 1
4004158 1
4016378 1
4018513 1
4022502 1
4023419 1
4032420 1
4039000 1
4040066 1
4050135 1
4056439 1
4059235 1
4060249 1
4070232 1
4083106 1
4084984 1
4086633 1
4087150 1
4087159 1
4090398 1
4091442 1
4100043 1
4102340 1
4106873 1
4108674 1
4110034 1
4112251 1
4112864 1
4113301 1
4113502 1
4114300 1
4114318 1
4114849 1
4118686 1
4120252 1
4121370 1
4122235 1
4122973 1
4124933 1
4126797 1
4126895 1
4128474 1
4132035 1
4132918 1
4133082 1
4133632 1
4133632 1
4135618 1
4140351 1
4146866 1
4149008 1
4149118 1
4152044 1
4157593 1
4157932 1
4169979 1
4177384 1
4177759 1
4181068 1
4181108 1
4181947 1
4185905 1
4194169 1
4198856 1
4200880 1
4202324 1
4202461 1
4215126 1
4215207 1
4219013 1
4220592 1
4221458 1
4222343 1
4224289 1
4229092 1
4235420 1
4238404 1
4240565 1
4240739 1
4240739 1
4242934 1
4243592 1
4245208 1
4245750 1
4246120 1
4246773 1
4251481 1
4251598 1
4255454 1
4258388 1
4262469 1
4266410 1
4267653 1
4267955 1
4274291 1
4276576 1
4280305 1
4286569 1
4287081 1
4289934 1
4294906 1
4302278 1
4302348 1
4302934 1
4302983 1
4305095 1
4312490 1
4318364 1
4328720 1
4335668 1
4337529 1
4347646 1
4355932 1
4385214 1
4386064 1
4394681 1
4407320 1
4409930 1
4410183 1
4412927 1
4414857 1
4420093 1
4421908 1
4423443 1
4424207 1
4429716 1
4432056 1
4433820 1
4441659 1
4442311 1
4443556 1
4446333 1
4447188 1
4450445 1
4452287 1
4455090 1
4455489 1
4456450 1
4457514 1
4458730 1
4460145 1
4460145 1
4460440 1
4466118 1
4468317 1
4478206 1
4478350 1
4482101 1
4483730 1
4484338 1
4484632 1
4485796 1
4487308 1
4488242 1
4491305 1
4492547 1
4495821 1
4499206 1
4500862 1
4504076 1
4504692 1
4510751 1
4510874 1
4511368 1
4511550 1
4511920 1
4511984 1
4512659 1
4515532 1
4517641 1
4521880 1
4521924 1
4522557 1
4523527 1
4526385 1
4536453 1
4538520 1
4538804 1
4538968 1
4541305 1
4543514 1
4545902 1
4546479 1
4548739 1
4551533 1
4552299 1
4555662 1
4556830 1
4559606 1
4560548 1
4563013 1
4563101 1
4563101 1
4565013 1
4568214 1
4569104 1
4569475 1
4569699 1
4570113 1
4570263 1
4571467 1
4572260 1
4573640 1
4578402 1
4582432 1
4582456 1
4582670 1
4582691 1
4584565 1
4589636 1
4593030 1
4594257 1
4595823 1
4599161 1
4600032 1
4600151 1
4601355 1
4602272 1
4603406 1
4604703 1
4607932 1
4608148 1
4612272 1
4612328 1
4614794 1
4619734 1
4623159 1
4623716 1
4624652 1
4625127 1
4627362 1
4628164 1
4634237 1
4639051 1
4644640 1
4645834 1
4647486 1
4649325 1
4649660 1
4653386 1
4655068 1
4658479 1
4662337 1
4662748 1
4671637 1
4674053 1
4675620 1
4681672 1
4683184 1
4685897 1
4690910 1
4692462 1
4699837 1
4700248 1
4703641 1
4705166 1
4717123 1
4717190 1
4717820 1
4721391 1
4721580 1
4724856 1
4728774 1
4734372 1
4735075 1
4740062 1
4741029 1
4741310 1
4744223 1
4750660 1
4751261 1
4753519 1
4756357 1
4764434 1
4764532 1
4767502 1
4772857 1
4777507 1
4778212 1
4780907 1
4781073 1
4782367 1
4785596 1
4786818 1
4786870 1
4787292 1
4793387 1
4798976 1
4798976 1
4799846 1
4801284 1
4801579 1
4801869 1
4803885 1
4803885 1
4807188 1
4816102 1
4821908 1
4822513 1
4826310 1
4834253 1
4851307 1
4853698 1
4853725 1
4853773 1
4855561 1
4867174 1
4872189 1
4877122 1
4879396 1
4886409 1
4897775 1
4907002 1
4909596 1
4909596 1
4912905 1
4917164 1
4918186 1
4918616 1
4920023 1
4920044 1
4920358 1
4921328 1
4926869 1
4935194 1
4937965 1
4938095 1
4938557 1
4942043 1
4944445 1
4945233 1
4946471 1
4954312 1
4961107 1
4980715 1
4980719 1
4988838 1
4989115 1
4993377 1
4993809 1
4996787 1
4996898 1
4997469 1
5003741 1
5003831 1
5003881 1
5008057 1
5008070 1
5013692 1
5014848 1
5021823 1
5023321 1
5033124 1
5037043 1
5050605 1
5059104 1
5059458 1
5061891 1
5065547 1
5066622 1
5067235 1
5069678 1
5076914 1
5078470 1
5079458 1
5093206 1
5093955 1
5095951 1
5096952 1
5097489 1
5099238 1
5101993 1
5103153 1
5105583 1
5106074 1
5106074 1
5110402 1
5113418 1
5113774 1
5117501 1
5120532 1
5123130 1
5124546 1
5128585 1
5128653 1
5129087 1
5129895 1
5131811 1
5137442 1
5140675 1
5141023 1
5146992 1
5148353 1
5149052 1
5151166 1
5152979 1
5154427 1
5154867 1
5155539 1
5162270 1
5164862 1
5169217 1
5170514 1
5173012 1
5173960 1
5174958 1
5176387 1
5180046 1
5180980 1
5181159 1
5183894 1
5184136 1
5184571 1
5185579 1
5186252 1
5189667 1
5190381 1
5204055 1
5204955 1
5205994 1
5209405 1
5213404 1
5214108 1
5214985 1
5215617 1
5217124 1
5218341 1
5218930 1
5225357 1
5226359 1
5227083 1
5227100 1
5228133 1
5229380 1
5229701 1
5234750 1
5242117 1
5244150 1
5245910 1
5245910 1
5247890 1
5252676 1
5253115 1
5257114 1
5257736 1
5260538 1
5261401 1
5262868 1
5265184 1
5265759 1
5272269 1
5276747 1
5276752 1
5277932 1
5281140 1
5281481 1
5286152 1
5286297 1
5288754 1
5294217 1
5301954 1
5302101 1
5302191 1
5302698 1
5304001 1
5304290 1
5306810 1
5315787 1
5318682 1
5319107 1
5319887 1
5321501 1
5321582 1
5321634 1
5337394 1
5339476 1
5340058 1
5355901 1
5361349 1
5361908 1
5367644 1
5384269 1
5386446 1
5386890 1
5387029 1
5387029 1
5389807 1
5391533 1
5392065 1
5393927 1
5395471 1
5395872 1
5397157 1
5397475 1
5400922 1
5401384 1
5401409 1
5403514 1
5404544 1
5405926 1
5407002 1
5407850 1
5410137 1
5412442 1
5412735 1
5412917 1
5413879 1
5415949 1
5416068 1
5424430 1
5424431 1
5426936 1
5427132 1
5427667 1
5441984 1
5451637 1
5455588 1
5456488 1
5457200 1
5459007 1
5462022 1
5462115 1
5464485 1
5470130 1
5470385 1
5471090 1
5473759 1
5474142 1
5476479 1
5479646 1
5479971 1
5480107 1
5482144 1
5483203 1
5484417 1
5484417 1
5484700 1
5485254 1
5486543 1
5487358 1
5492678 1
5501842 1
5503530 1
5504487 1
5507692 1
5509395 1
5509435 1
5510629 1
5511839 1
5512519 1
5513948 1
5514091 1
5514366 1
5516209 1
5518454 1
5520217 1
5528511 1
5530111 1
5531716 1
5532051 1
5533978 1
5534129 1
5539186 1
5539255 1
5541277 1
5542359 1
5544823 1
5552105 1
5552449 1
5554198 1
5555148 1
5557725 1
5560580 1
5561107 1
5561128 1
5564998 1
5567975 1
5569996 1
5574701 1
5579579 1
5581389 1
5583349 1
5584943 1
5589551 1
5597619 1
5601922 1
5610371 1
5614420 1
5617955 1
5625376 1
5630184 1
5632659 1
5652326 1
5659154 1
5665891 1
5666578 1
5668488 1
5673336 1
5673514 1
5687725 1
5689601 1
5696052 1
5702274 1
5713692 1
5716931 1
5721728 1
5721985 1
5727418 1
5727634 1
5728388 1
5746673 1
5749124 1
5749186 1
5751321 1
5751414 1
5753175 1
5753514 1
5755844 1
5758262 1
5758694 1
5759597 1
5761282 1
5776551 1
5778487 1
5780958 1
5781695 1
5781697 1
5781818 1
5788924 1
5789965 1
5791024 1
5791812 1
5795345 1
5795815 1
5800362 1
5802541 1
5804992 1
5805541 1
5813071 1
5814331 1
5815745 1
5816077 1
5820020 1
5827978 1
5830137 1
5831351 1
5833698 1
5835028 1
5835310 1
5837464 1
5844100 1
5845226 1
5845435 1
5849176 1
5849276 1
5853593 1
5855498 1
5856581 1
5857434 1
5857434 1
5857496 1
5860785 1
5869185 1
5870645 1
5873488 1
5883168 1
5885096 1
5885472 1
5890728 1
5895690 1
5898069 1
5901989 1
5902974 1
5906422 1
5909755 1
5913360 1
5914690 1
5919162 1
5919384 1
5935535 1
5953537 1
5953724 1
5954272 1
5955597 1
5955672 1
5957509 1
5959263 1
5963496 1
5967711 1
5969077 1
5969529 1
5972590 1
5978297 1
5982035 1
5983523 1
5990274 1
5994177 1
5997008 1
5997058 1
5997120 1
5999814 1
6000166 1
6000991 1
6013288 1
6013566 1
6020994 1
6031232 1
6032189 1
6036075 1
6038102 1
6038127 1
6039087 1
6052443 1
6052693 1
6058667 1
6064833 1
6070051 1
6074233 1
6078228 1
6079398 1
6103371 1
6113302 1
6114363 1
6115205 1
6116698 1
6118025 1
6119152 1
6124843 1
6129848 1
6131087 1
6134025 1
6136719 1
6140962 1
6150080 1
6157756 1
6165650 1
6167785 1
6168905 1
6168905 1
6169002 1
6173350 1
6174609 1
6175739 1
6176900 1
6176900 1
6177161 1
6180977 1
6182511 1
6183026 1
6191016 1
6192149 1
6202006 1
6206256 1
6207556 1
6208145 1
6210905 1
6211887 1
6213980 1
6216947 1
6219992 1
6220508 1
6220508 1
6221113 1
6222550 1
6224024 1
6224209 1
6229428 1
6232345 1
6241217 1
6254954 1
6258500 1
6261346 1
6267126 1
6270950 1
6271859 1
6280508 1
6282071 1
6282619 1
6282973 1
6295835 1
6296718 1
6297329 1
6300248 1
6305866 1
6306123 1
6312610 1
6312743 1
6316632 1
6317818 1
6318429 1
6319380 1
6320589 1
6321264 1
6325573 1
6327859 1
6328805 1
6329289 1
6329501 1
6330432 1
6330456 1
6348907 1
6350104 1
6360125 1
6360628 1
6362139 1
6366933 1
6368483 1
6370984 1
6371463 1
6385010 1
6385703 1
6385837 1
6385950 1
6386199 1
6386476 1
6387620 1
6389652 1
6392651 1
6394515 1
6395783 1
6397742 1
6403848 1
6413377 1
6413421 1
6413702 1
6414040 1
6420182 1
6421667 1
6422635 1
6432793 1
6433828 1
6433841 1
6434832 1
6437913 1
6440566 1
6441147 1
6446413 1
6446852 1
6451857 1
6457021 1
6460994 1
6461474 1
6461969 1
6461990 1
6462736 1
6462745 1
6463377 1
6464326 1
6466775 1
6470828 1
6473916 1
6474150 1
6476831 1
6479044 1
6479651 1
6482668 1
6497115 1
6499452 1
6501357 1
6515988 1
6519856 1
6525275 1
6539945 1
6544000 1
6547028 1
6547175 1
6547681 1
6548488 1
6551225 1
6552037 1
6553894 1
6556002 1
6558901 1
6565839 1
6568113 1
6568903 1
6569836 1
6570626 1
6572608 1
6573463 1
6587877 1
6589482 1
6590236 1
6592095 1
6594055 1
6597530 1
6602773 1
6610619 1
6610705 1
6613820 1
6615389 1
6621785 1
6627952 1
6636554 1
6637947 1
6644028 1
6644085 1
6644181 1
6645587 1
6647780 1
6650160 1
6651162 1
6653540 1
6657355 1
6659609 1
6691137 1
6694001 1
6694119 1
6697259 1
6699289 1
6700994 1
6701929 1
6705641 1
6707970 1
6709318 1
6714161 1
6715329 1
6720582 1
6723166 1
6724500 1
6736943 1
6739142 1
6745404 1
6752184 1
6756856 1
6764941 1
6767572 1
6773664 1
6782595 1
6787484 1
6792617 1
6793271 1
6797379 1
6799362 1
6799781 1
6800098 1
6805505 1
6807235 1
6809307 1
6814390 1
6816567 1
6817416 1
6817416 1
6819800 1
6821284 1
6822362 1
6823568 1
6826253 1
6827421 1
6827538 1
6833858 1
6838618 1
6839745 1
6842437 1
6844957 1
6846347 1
6851306 1
6853661 1
6857163 1
6881303 1
6884902 1
6887884 1
6889697 1
6890742 1
6899615 1
6907174 1
6909633 1
6911882 1
6912030 1
6914525 1
6914841 1
6914859 1
6915549 1
6917214 1
6918346 1
6921519 1
6928486 1
6930118 1
6939222 1
6941907 1
6942080 1
6948941 1
6948941 1
6962552 1
6970573 1
6973187 1
6983474 1
6990917 1
6992571 1
6992644 1
6992871 1
6995912 1
6998607 1
6998694 1
6998814 1
7009458 1
7011450 1
7013201 1
7015005 1
7015370 1
7016385 1
7017158 1
7021226 1
7025316 1
7036010 1
7036101 1
7044743 1
7045916 1
7045937 1
7046863 1
7047557 1
7050040 1
7051484 1
7052619 1
7052889 1
7052928 1
7053298 1
7054094 1
7059523 1
7060266 1
7064119 1
7069214 1
7071811 1
7074987 1
7075259 1
7075650 1
7079736 1
7080574 1
7082617 1
7083812 1
7085258 1
7088732 1
7089203 1
7090255 1
7092592 1
7092673 1
7092782 1
7093466 1
7094219 1
7095494 1
7095890 1
7096095 1
7096095 1
7098006 1
7100417 1
7104611 1
7141234 1
7142226 1
7146406 1
7148658 1
7149333 1
7149644 1
7150088 1
7150163 1
7151012 1
7151149 1
7151173 1
7151541 1
7158081 1
7160948 1
7165509 1
7165628 1
7166863 1
7177637 1
7177988 1
7178639 1
7179846 1
7181360 1
7181813 1
7181813 1
7183668 1
7185705 1
7187191 1
7188636 1
7188758 1
7197466 1
7197711 1
7203195 1
7204432 1
7218402 1
7226087 1
7229156 1
7239335 1
7239397 1
7240893 1
7242456 1
7243621 1
7243994 1
7244164 1
7246229 1
7247604 1
7252455 1
7253140 1
7253157 1
7254273 1
7254715 1
7255797 1
7257540 1
7317074 1
7319317 1
7381939 1
7394808 1
7399698 1
7418944 1
7421857 1
7421950 1
7423274 1
7425822 1
7427289 1
7428274 1
7429261 1
7434290 1
7434386 1
7435599 1
7444724 1
7453577 1
7457293 1
7460418 1
7464735 1
7470637 1
7471343 1
7471343 1
7479074 1
7493701 1
7495982 1
7506578 1
7512794 1
7515250 1
7516976 1
7518647 1
7519516 1
7521585 1
7525527 1
7526991 1
7535258 1
7535860 1
7537503 1
7539953 1
7540790 1
7542905 1
7544696 1
7550056 1
7554576 1
7554891 1
7564755 1
7564840 1
7570952 1
7574495 1
7575510 1
7575728 1
7575812 1
7576289 1
7578505 1
7580056 1
7581986 1
7599016 1
7607663 1
7607667 1
7608671 1
7609754 1
7609775 1
7610049 1
7610706 1
7611157 1
7614398 1
7614663 1
7616689 1
7618380 1
7621848 1
7622791 1
7624327 1
7625769 1
7626110 1
7631065 1
7634384 1
7644107 1
7648016 1
7656275 1
7660023 1
7661342 1
7661348 1
7674077 1
7675246 1
7678809 1
7679257 1
7687111 1
7688011 1
7688329 1
7688935 1
7689104 1
7689140 1
7689345 1
7689557 1
7691504 1
7692666 1
7694655 1
7694818 1
7698418 1
7699225 1
7699238 1
7703968 1
7704706 1
7707077 1
7709997 1
7713663 1
7718121 1
7718584 1
7719189 1
7719257 1
7719853 1
7719940 1
7721269 1
7721394 1
7725296 1
7725654 1
7725667 1
7725971 1
7726295 1
7726314 1
7726395 1
7726395 1
7730443 1
7731044 1
7731831 1
7732091 1
7734686 1
7738481 1
7740547 1
7746783 1
7748574 1
7749411 1
7750110 1
7750315 1
7752593 1
7753135 1
7753262 1
7753309 1
7753317 1
7754518 1
7760035 1
7763270 1
7765459 1
7771801 1
7772203 1
7774529 1
7774529 1
7778974 1
7779920 1
7780765 1
7781355 1
7781600 1
7782742 1
7783730 1
7784102 1
7784623 1
7785961 1
7786189 1
7786350 1
7786380 1
7787163 1
7787325 1
7787325 1
7787878 1
7788162 1
7788242 1
7788844 1
7792026 1
7794775 1
7796305 1
7796719 1
7800084 1
7801989 1
7804314 1
7804624 1
7806688 1
7806936 1
7807600 1
7807774 1
7807827 1
7807837 1
7809807 1
7812490 1
7812668 1
7813483 1
7814428 1
7816160 1
7816345 1
7818436 1
7819899 1
7821120 1
7823386 1
7823433 1
7826373 1
7827032 1
7834138 1
7846798 1
7856442 1
7858271 1
7875980 1
7878109 1
7880647 1
7882405 1
7882460 1
7884805 1
7889140 1
7897572 1
7901388 1
7902455 1
7913822 1
7913843 1
7923298 1
7925623 1
7937036 1
7937916 1
7940881 1
7944288 1
7953929 1
7955334 1
7955385 1
7958034 1
7960478 1
7966515 1
7969049 1
7975436 1
7980870 1
7988986 1
7993135 1
7993228 1
8000439 1
8007105 1
8012150 1
8026345 1
8026370 1
8032864 1
8049348 1
8049442 1
8049854 1
8097749 1
8108706 1
8129059 1
8164849 1
8166805 1
8168372 1
8168612 1
8168845 1
8168874 1
8169283 1
8169850 1
8170023 1
8171101 1
8171386 1
8171755 1
8171775 1
8172914 1
8173618 1
8176420 1
8177023 1
8177345 1
8177356 1
8178029 1
8179061 1
8179061 1
8181141 1
8181288 1
8181393 1
8182665 1
8183057 1
8183121 1
8185753 1
8190618 1
8196579 1
8199064 1
8199127 1
8200006 1
8200009 1
8200181 1
8201459 1
8201460 1
8204784 1
8216661 1
8225277 1
8231930 1
8233757 1
8234267 1
8234373 1
8235307 1
8243498 1
8245376 1
8245576 1
8246008 1
8246398 1
8246576 1
8246820 1
8251692 1
8251701 1
8252295 1
8252499 1
8253890 1
8254688 1
8256204 1
8257131 1
8258219 1
8258867 1
8258948 1
8261953 1
8264010 1
8264702 1
8266345 1
8266354 1
8266886 1
8277923 1
8279228 1
8279686 1
8280279 1
8280305 1
8282296 1
8282503 1
8283051 1
8284151 1
8284799 1
8285932 1
8289693 1
8289827 1
8290119 1
8290399 1
8290698 1
8290846 1
8291342 1
8291412 1
8292258 1
8295496 1
8298490 1
8302725 1
8307704 1
8311689 1
6210 1
8305 1
9125 1
9522 1
9914 1
18394 1
24635 1
25165 1
25266 1
28301 1
30450 1
31380 1
32281 1
39732 1
41489 1
49061 1
51873 1
53522 1
57611 1
58858 1
61490 1
64055 1
65638 1
66115 1
66700 1
66781 1
66833 1
67123 1
67433 1
67786 1
67786 1
69095 1
70798 1
72918 1
76832 1
91346 1
92370 1
116577 1
118253 1
127444 1
138618 1
138683 1
140224 1
140300 1
148044 1
148066 1
150946 1
151629 1
153311 1
153342 1
154582 1
156036 1
156109 1
157900 1
159280 1
175623 1
176304 1
180133 1
180366 1
182306 1
183476 1
184445 1
188094 1
189719 1
190188 1
193345 1
194789 1
194823 1
194898 1
197583 1
205610 1
206683 1
207636 1
208339 1
208456 1
208848 1
210021 1
210108 1
212955 1
217508 1
218017 1
226373 1
226483 1
227215 1
227856 1
233784 1
234395 1
235800 1
237087 1
237149 1
239264 1
240087 1
240268 1
240518 1
241090 1
241694 1
242095 1
242628 1
242760 1
244143 1
246557 1
249356 1
249357 1
249940 1
251011 1
251172 1
251853 1
252156 1
259785 1
260353 1
267868 1
273109 1
273971 1
276861 1
281973 1
286016 1
286602 1
291694 1
292706 1
292708 1
298374 1
298540 1
304754 1
314518 1
314632 1
325844 1
331790 1
332826 1
333735 1
345033 1
345797 1
346554 1
347197 1
354997 1
356649 1
359121 1
361082 1
361194 1
364049 1
364632 1
365278 1
367493 1
374316 1
374893 1
377239 1
378949 1
379143 1
379170 1
380000 1
384411 1
385248 1
385424 1
386050 1
389129 1
394436 1
395787 1
397429 1
400247 1
401579 1
403740 1
404626 1
404905 1
404961 1
408793 1
409454 1
413144 1
413601 1
413772 1
414372 1
416732 1
417957 1
421432 1
422310 1
423561 1
425619 1
429629 1
431093 1
432604 1
433724 1
433931 1
434344 1
435109 1
437214 1
437216 1
439411 1
440003 1
440421 1
443355 1
445742 1
445995 1
448216 1
450415 1
456578 1
460602 1
464602 1
468278 1
470036 1
470882 1
475849 1
477622 1
479736 1
480134 1
482028 1
489736 1
492815 1
494746 1
495782 1
496488 1
497083 1
500983 1
503516 1
508309 1
510126 1
511539 1
517404 1
517882 1
521744 1
522025 1
523403 1
526492 1
527934 1
528728 1
529530 1
536793 1
538104 1
538622 1
542151 1
544631 1
550466 1
551265 1
553294 1
554148 1
554551 1
554794 1
561366 1
565941 1
573585 1
575217 1
576581 1
576974 1
577836 1
581640 1
582693 1
584747 1
589398 1
589753 1
591406 1
591504 1
592225 1
592321 1
594725 1
596990 1
597309 1
598888 1
601989 1
603530 1
603542 1
607746 1
609638 1
612142 1
616848 1
618470 1
619218 1
622788 1
625359 1
625588 1
628903 1
629460 1
630408 1
632653 1
634221 1
635278 1
644010 1
645420 1
647722 1
650909 1
653433 1
653480 1
654066 1
654698 1
655465 1
660502 1
665619 1
668998 1
673451 1
677174 1
689174 1
691780 1
692997 1
695288 1
697785 1
697789 1
698489 1
698561 1
700795 1
702759 1
702761 1
705803 1
718190 1
718222 1
719323 1
731063 1
731979 1
733224 1
736721 1
737247 1
738135 1
738477 1
739421 1
747749 1
750088 1
750721 1
751159 1
751436 1
753177 1
754577 1
782235 1
782469 1
782565 1
785941 1
789762 1
791562 1
801192 1
801289 1
813874 1
818033 1
819734 1
822244 1
827403 1
829552 1
853412 1
853412 1
855113 1
859661 1
859661 1
867383 1
871586 1
876060 1
876373 1
877120 1
879484 1
881169 1
884144 1
885373 1
887178 1
887369 1
887387 1
889925 1
898792 1
904439 1
908873 1
910191 1
910433 1
928156 1
934008 1
934838 1
937758 1
940081 1
947133 1
947312 1
948209 1
948371 1
955153 1
956629 1
956654 1
958026 1
958486 1
959689 1
961086 1
966092 1
968934 1
969218 1
971102 1
971280 1
973011 1
973490 1
974809 1
987997 1
988182 1
988509 1
988509 1
990986 1
991701 1
992301 1
994219 1
1000558 1
1012066 1
1012066 1
1015237 1
1019493 1
1020693 1
1023540 1
1033355 1
1036423 1
1037536 1
1051745 1
1060898 1
1071466 1
1073190 1
1076118 1
1076338 1
1090879 1
1091078 1
1094562 1
1109685 1
1110841 1
1114161 1
1120996 1
1121265 1
1122450 1
1124623 1
1124817 1
1124822 1
1124892 1
1125566 1
1125760 1
1128338 1
1129291 1
1129581 1
1131638 1
1132285 1
1133051 1
1136739 1
1136972 1
1139007 1
1146780 1
1148491 1
1148510 1
1148668 1
1149048 1
1149593 1
1150823 1
1152944 1
1163101 1
1180992 1
1182326 1
1191630 1
1193221 1
1198873 1
1210134 1
1217995 1
1224172 1
1237368 1
1243510 1
1244412 1
1245008 1
1246337 1
1246923 1
1249910 1
1251613 1
1254845 1
1256137 1
1259554 1
1260364 1
1260921 1
1260984 1
1261089 1
1266668 1
1272004 1
1273195 1
1277646 1
1279238 1
1281930 1
1282151 1
1303397 1
1304386 1
1319960 1
1325130 1
1332118 1
1334980 1
1344157 1
1346676 1
1351529 1
1351912 1
1356989 1
1362753 1
1368629 1
1369190 1
1380865 1
1384500 1
1394910 1
1399841 1
1401034 1
1403098 1
1407542 1
1413372 1
1418447 1
1429673 1
1432500 1
1435154 1
1436380 1
1439890 1
1465782 1
1472586 1
1474312 1
1477449 1
1485487 1
1486894 1
1487996 1
1490865 1
1495035 1
1495045 1
1495081 1
1502305 1
1515372 1
1516640 1
1518349 1
1518537 1
1522271 1
1526952 1
1530220 1
1533266 1
1534250 1
1567555 1
1572281 1
1572527 1
1585894 1
1587759 1
1587842 1
1595873 1
1595873 1
1596561 1
1613712 1
1616343 1
1617482 1
1621018 1
1627683 1
1631802 1
1658018 1
1658075 1
1659207 1
1668042 1
1671271 1
1672873 1
1683840 1
1691726 1
1692033 1
1702000 1
1703950 1
1704632 1
1713033 1
1714184 1
1715165 1
1724305 1
1725773 1
1728108 1
1739296 1
1750428 1
1751650 1
1754681 1
1755755 1
1764189 1
1764728 1
1765557 1
1766648 1
1767997 1
1773585 1
1773707 1
1775837 1
1782834 1
1785788 1
1792576 1
1793410 1
1795853 1
1802433 1
1806812 1
1809535 1
1811349 1
1812365 1
1812965 1
1816049 1
1817813 1
1818699 1
1824577 1
1826892 1
1830285 1
1837143 1
1838400 1
1838531 1
1839416 1
1840097 1
1840442 1
1840533 1
1841592 1
1841674 1
1844953 1
1845040 1
1846001 1
1859004 1
1867375 1
1867913 1
1869509 1
1870431 1
1870839 1
1881233 1
1881406 1
1892043 1
1893288 1
1893793 1
1894727 1
1906159 1
1907541 1
1908189 1
1911422 1
1911979 1
1913460 1
1917489 1
1918736 1
1919283 1
1921453 1
1922616 1
1922656 1
1923968 1
1925360 1
1926524 1
1928026 1
1928385 1
1930824 1
1933017 1
1936286 1
1941219 1
1944345 1
1948302 1
1963336 1
1963776 1
1967957 1
1968356 1
1972108 1
1972471 1
1972891 1
1981086 1
1981380 1
1981396 1
1981583 1
1983427 1
1984566 1
1984861 1
1984947 1
1985278 1
1986887 1
1987056 1
1987714 1
1990907 1
1993866 1
1994801 1
1994801 1
1996066 1
1996104 1
1999901 1
2003316 1
2003721 1
2006716 1
2008044 1
2011956 1
2012331 1
2022796 1
2024746 1
2025031 1
2025547 1
2027174 1
2027289 1
2027438 1
2028109 1
2031788 1
2031868 1
2032682 1
2033886 1
2034093 1
2035062 1
2035363 1
2035752 1
2037453 1
2037697 1
2038401 1
2039084 1
2040069 1
2041193 1
2042257 1
2042283 1
2042288 1
2042311 1
2042409 1
2044561 1
2051425 1
2051917 1
2054665 1
2055992 1
2056213 1
2056321 1
2056997 1
2059333 1
2060436 1
2063804 1
2066416 1
2072866 1
2073111 1
2077064 1
2077727 1
2082875 1
2086109 1
2087772 1
2090570 1
2091066 1
2101811 1
2116085 1
2118878 1
2133710 1
2136693 1
2144435 1
2154756 1
2154939 1
2157498 1
2160467 1
2165185 1
2166634 1
2166852 1
2167734 1
2167848 1
2173548 1
2175876 1
2176296 1
2176318 1
2176469 1
2176792 1
2178148 1
2188117 1
2188304 1
2189309 1
2192461 1
2194529 1
2196024 1
2203057 1
2207118 1
2222050 1
2225525 1
2227417 1
2227513 1
2227603 1
2227814 1
2228886 1
2230491 1
2230885 1
2232085 1
2232431 1
2234727 1
2235055 1
2239792 1
2241169 1
2241206 1
2241668 1
2242861 1
2243834 1
2244028 1
2245919 1
2246098 1
2248036 1
2250822 1
2252022 1
2252124 1
2252723 1
2257889 1
2262699 1
2263990 1
2264514 1
2266203 1
2267058 1
2267335 1
2270779 1
2273119 1
2277640 1
2286722 1
2296335 1
2302977 1
2307761 1
2315456 1
2316663 1
2319835 1
2326759 1
2328651 1
2343693 1
2344939 1
2346513 1
2346909 1
2348785 1
2352005 1
2354220 1
2354563 1
2354664 1
2355968 1
2360072 1
2361492 1
2362675 1
2364544 1
2368437 1
2370267 1
2370444 1
2373307 1
2380336 1
2380421 1
2387662 1
2390581 1
2390603 1
2392758 1
2394722 1
2397449 1
2401324 1
2403399 1
2404091 1
2410603 1
2410883 1
2410883 1
2410900 1
2410909 1
2414078 1
2414266 1
2427495 1
2429920 1
2450516 1
2451213 1
2454812 1
2455226 1
2456641 1
2460085 1
2461063 1
2461491 1
2462958 1
2463319 1
2465172 1
2465172 1
2466755 1
2467997 1
2469751 1
2470763 1
2473358 1
2475493 1
2480126 1
2480199 1
2486071 1
2486581 1
2486956 1
2491078 1
2491185 1
2491475 1
2493498 1
2500053 1
2505103 1
2507519 1
2511648 1
2514262 1
2514270 1
2514464 1
2515475 1
2517151 1
2518520 1
2519792 1
2520732 1
2520897 1
2539703 1
2546116 1
2549464 1
2549928 1
2553266 1
2562774 1
2566742 1
2572078 1
2577790 1
2578799 1
2584129 1
2585162 1
2587593 1
2591075 1
2599475 1
2599820 1
2601421 1
2607474 1
2610138 1
2610884 1
2611776 1
2613155 1
2614459 1
2615605 1
2618081 1
2618209 1
2618754 1
2619617 1
2619674 1
2620611 1
2623586 1
2624540 1
2628395 1
2633477 1
2633638 1
2637714 1
2639699 1
2644603 1
2649759 1
2658177 1
2660709 1
2661760 1
2667431 1
2670503 1
2673436 1
2675160 1
2676239 1
2689403 1
2691618 1
2691836 1
2692017 1
2693048 1
2701290 1
2703119 1
2704206 1
2705829 1
2708010 1
2708011 1
2709739 1
2710090 1
2711926 1
2714581 1
2714922 1
2715051 1
2722376 1
2722376 1
2728509 1
2730355 1
2734064 1
2734823 1
2735704 1
2738436 1
2741141 1
2743335 1
2743888 1
2748289 1
2748564 1
2748695 1
2749180 1
2749180 1
2750974 1
2757438 1
2758948 1
2759430 1
2759603 1
2760007 1
2761516 1
2764650 1
2765473 1
2771837 1
2772011 1
2772543 1
2775869 1
2778380 1
2778474 1
2779258 1
2780499 1
2780728 1
2780937 1
2784971 1
2793588 1
2797230 1
2799479 1
2805111 1
2811439 1
2818807 1
2821706 1
2821769 1
2822793 1
2825212 1
2825310 1
2828245 1
2829974 1
2831025 1
2834158 1
2835553 1
2839661 1
2842523 1
2843231 1
2845674 1
2846158 1
2858068 1
2861101 1
2861563 1
2869966 1
2870529 1
2870977 1
2875158 1
2875602 1
2875636 1
2880143 1
2884742 1
2889088 1
2890988 1
2893354 1
2894897 1
2902171 1
2902426 1
2902819 1
2904076 1
2904511 1
2906755 1
2909020 1
2909992 1
2909992 1
2911556 1
2914080 1
2918393 1
2918896 1
2921394 1
2924585 1
2926711 1
2927898 1
2951404 1
2956958 1
2964415 1
2971303 1
2971303 1
2980333 1
2982913 1
3014562 1
3015020 1
3015103 1
3020000 1
3020178 1
3021250 1
3021867 1
3022209 1
3023651 1
3023701 1
3024258 1
3030986 1
3032378 1
3033351 1
3033635 1
3039383 1
3039700 1
3042044 1
3047355 1
3047937 1
3054025 1
3054945 1
3056907 1
3060504 1
3069044 1
3069102 1
3069336 1
3069601 1
3078738 1
3080028 1
3082459 1
3083117 1
3083117 1
3090554 1
3099184 1
3103473 1
3104125 1
3108639 1
3111479 1
3114644 1
3133595 1
3138685 1
3142727 1
3147061 1
3157163 1
3163494 1
3167925 1
3169586 1
3169586 1
3181421 1
3182460 1
3183420 1
3206529 1
3215371 1
3216836 1
3217758 1
3223236 1
3226608 1
3226730 1
3230565 1
3240621 1
3244575 1
3245367 1
3245938 1
3267681 1
3267713 1
3284602 1
3287521 1
3289286 1
3294910 1
3299335 1
3303891 1
3307247 1
3309842 1
3310015 1
3312064 1
3312701 1
3312822 1
3315573 1
3316564 1
3316981 1
3323100 1
3326394 1
3330228 1
3332087 1
3333494 1
3335502 1
3341173 1
3345035 1
3350503 1
3355480 1
3355871 1
3356010 1
3362850 1
3363562 1
3364188 1
3366619 1
3366782 1
3366939 1
3367378 1
3367378 1
3373440 1
3375575 1
3378086 1
3378457 1
3379598 1
3379781 1
3381216 1
3383654 1
3386087 1
3400257 1
3409979 1
3410140 1
3411210 1
3411317 1
3416847 1
3416847 1
3422269 1
3446938 1
3447129 1
3454261 1
3455581 1
3456056 1
3459025 1
3461099 1
3461466 1
3461577 1
3463365 1
3463629 1
3470151 1
3471366 1
3471554 1
3479466 1
3481301 1
3488660 1
3490888 1
3499122 1
3499279 1
3499437 1
3506086 1
3515484 1
3544230 1
3561421 1
3561435 1
3563622 1
3563628 1
3571833 1
3574644 1
3579400 1
3585873 1
3586617 1
3595336 1
3596339 1
3613365 1
3613941 1
3632657 1
3635163 1
3637348 1
3637609 1
3639217 1
3641371 1
3642154 1
3642796 1
3643028 1
3644055 1
3644494 1
3647971 1
3651414 1
3656359 1
3656947 1
3670000 1
3670326 1
3674880 1
3675375 1
3678472 1
3679258 1
3681131 1
3681842 1
3682178 1
3683060 1
3689443 1
3691407 1
3692581 1
3694885 1
3695192 1
3696382 1
3701746 1
3701779 1
3701999 1
3703280 1
3703707 1
3705018 1
3705114 1
3706700 1
3711099 1
3711334 1
3712780 1
3714455 1
3714571 1
3718089 1
3723488 1
3725295 1
3725306 1
3726593 1
3727819 1
3728243 1
3728700 1
3733399 1
3735116 1
3736438 1
3737683 1
3738363 1
3738826 1
3744301 1
3747594 1
3749972 1
3749972 1
3750820 1
3751159 1
3752779 1
3754185 1
3769871 1
3770699 1
3771662 1
3775711 1
3776406 1
3781748 1
3790568 1
3790862 1
3792471 1
3792619 1
3795163 1
3799583 1
3802012 1
3806763 1
3808999 1
3824099 1
3827080 1
3833018 1
3841876 1
3848905 1
3849521 1
3849587 1
3850493 1
3850628 1
3853041 1
3853445 1
3853926 1
3853970 1
3854573 1
3856504 1
3870056 1
3876252 1
3876252 1
3876399 1
3879279 1
3885942 1
3886796 1
3888051 1
3893302 1
3896282 1
3900024 1
3900024 1
3900779 1
3904836 1
3908982 1
3909357 1
3912231 1
3912964 1
3913260 1
3913787 1
3914045 1
3916324 1
3916327 1
3916428 1
3917796 1
3918070 1
3919246 1
3920706 1
3922001 1
3922077 1
3923822 1
3924383 1
3924497 1
3925056 1
3925367 1
3925457 1
3926587 1
3929548 1
3929612 1
3929614 1
3931630 1
3932296 1
3932800 1
3934813 1
3938197 1
3938568 1
3939322 1
3941534 1
3945445 1
3946444 1
3947923 1
3948858 1
3950297 1
3951386 1
3953553 1
3956478 1
3957491 1
3958559 1
3960687 1
3960775 1
3965117 1
3971877 1
3972016 1
3972426 1
3980833 1
3980833 1
3983092 1
3988583 1
3990529 1
3991629 1
3995054 1
3996861 1
3996868 1
3998110 1
3998112 1
3999624 1
4000481 1
4002549 1
4002746 1
4003281 1
4004795 1
4006142 1
4007382 1
4007831 1
4011331 1
4011744 1
4012252 1
4017357 1
4017691 1
4024610 1
4029998 1
4035286 1
4037952 1
4041162 1
4041729 1
4044342 1
4049603 1
4050569 1
4050699 1
4050815 1
4052788 1
4053254 1
4053450 1
4059673 1
4063551 1
4075174 1
4078255 1
4080324 1
4081923 1
4082790 1
4089111 1
4093787 1
4100544 1
4100651 1
4104695 1
4106818 1
4107170 1
4107183 1
4108521 1
4109139 1
4113699 1
4114392 1
4114940 1
4114943 1
4115565 1
4118040 1
4119329 1
4120008 1
4120659 1
4122650 1
4123016 1
4124116 1
4127786 1
4127956 1
4131144 1
4131685 1
4131935 1
4134492 1
4134966 1
4135927 1
4136848 1
4137449 1
4142586 1
4147087 1
4147621 1
4150019 1
4153393 1
4161021 1
4161625 1
4161649 1
4163979 1
4166074 1
4166737 1
4166790 1
4169596 1
4173376 1
4176780 1
4181043 1
4181152 1
4181590 1
4186011 1
4188632 1
4189101 1
4202140 1
4205295 1
4215402 1
4217327 1
4217327 1
4221094 1
4223840 1
4230996 1
4233358 1
4234979 1
4239468 1
4244474 1
4244532 1
4244581 1
4245271 1
4245517 1
4245523 1
4246421 1
4250872 1
4252805 1
4253925 1
4266458 1
4267517 1
4267855 1
4267869 1
4268489 1
4268705 1
4270347 1
4272329 1
4275906 1
4278654 1
4280185 1
4287365 1
4289581 1
4289975 1
4295135 1
4302099 1
4302646 1
4305980 1
4307851 1
4310194 1
4312823 1
4314501 1
4314825 1
4316502 1
4321950 1
4321950 1
4324099 1
4327750 1
4340157 1
4340157 1
4355825 1
4392950 1
4393159 1
4393413 1
4395736 1
4405505 1
4410230 1
4410231 1
4410303 1
4412720 1
4417048 1
4432953 1
4434155 1
4436070 1
4442048 1
4442258 1
4442673 1
4445875 1
4446041 1
4446837 1
4447659 1
4450706 1
4451526 1
4451713 1
4453382 1
4454805 1
4455622 1
4458466 1
4459117 1
4459331 1
4465588 1
4467691 1
4467938 1
4468615 1
4469042 1
4469051 1
4470218 1
4470467 1
4473275 1
4482759 1
4483618 1
4486061 1
4487577 1
4487671 1
4487711 1
4487900 1
4488027 1
4489565 1
4492032 1
4492291 1
4498463 1
4499162 1
4499283 1
4499875 1
4500825 1
4501206 1
4502156 1
4504405 1
4511450 1
4516273 1
4518153 1
4518298 1
4518476 1
4518550 1
4522562 1
4523884 1
4536662 1
4538150 1
4540293 1
4542064 1
4543611 1
4545697 1
4548336 1
4548695 1
4548695 1
4558372 1
4559055 1
4560118 1
4563296 1
4566500 1
4568077 1
4568235 1
4568424 1
4568647 1
4568647 1
4568707 1
4568824 1
4569539 1
4572048 1
4572173 1
4573127 1
4576418 1
4576554 1
4577254 1
4578717 1
4582296 1
4582973 1
4583029 1
4584810 1
4584814 1
4586530 1
4586873 1
4588100 1
4588129 1
4590235 1
4592970 1
4593254 1
4595086 1
4595552 1
4598122 1
4598303 1
4599245 1
4599249 1
4599516 1
4599516 1
4600320 1
4603112 1
4603274 1
4603606 1
4603760 1
4606188 1
4607462 1
4608607 1
4611283 1
4611726 1
4612335 1
4619470 1
4620374 1
4620374 1
4623744 1
4624619 1
4625349 1
4625917 1
4626072 1
4626511 1
4626794 1
4627770 1
4629441 1
4647560 1
4648157 1
4648380 1
4649241 1
4655141 1
4658544 1
4658548 1
4660172 1
4666098 1
4666797 1
4667019 1
4673199 1
4673779 1
4674245 1
4675709 1
4678120 1
4681621 1
4681661 1
4681684 1
4681761 1
4686049 1
4686486 1
4686921 1
4693539 1
4703066 1
4703247 1
4706856 1
4708354 1
4710318 1
4711111 1
4716691 1
4717117 1
4720356 1
4720767 1
4721818 1
4721946 1
4722908 1
4724644 1
4730430 1
4740715 1
4741245 1
4743856 1
4744619 1
4744864 1
4746299 1
4748523 1
4750939 1
4753637 1
4756776 1
4757331 1
4758208 1
4758337 1
4760758 1
4762174 1
4768837 1
4771731 1
4774378 1
4774479 1
4782046 1
4784613 1
4786270 1
4787194 1
4788368 1
4789017 1
4791036 1
4791158 1
4793121 1
4793685 1
4793697 1
4798607 1
4800318 1
4802495 1
4803569 1
4813993 1
4820687 1
4826870 1
4826903 1
4830585 1
4831156 1
4831827 1
4849567 1
4854912 1
4859170 1
4866133 1
4867721 1
4868544 1
4871101 1
4871599 1
4872236 1
4879341 1
4887734 1
4887871 1
4887911 1
4891563 1
4901086 1
4901356 1
4901753 1
4917543 1
4919524 1
4921502 1
4921502 1
4925529 1
4927756 1
4928141 1
4929257 1
4930422 1
4933477 1
4933503 1
4936211 1
4937208 1
4937785 1
4938002 1
4939243 1
4940040 1
4942216 1
4948468 1
4954112 1
4966615 1
4967290 1
4976470 1
4976473 1
4987818 1
4988137 1
4988407 1
4988989 1
4993324 1
4993619 1
4995089 1
4997056 1
5002781 1
5003414 1
5008691 1
5008707 1
5013727 1
5014056 1
5014286 1
5014734 1
5016316 1
5020951 1
5021343 1
5021915 1
5022503 1
5027078 1
5028328 1
5030647 1
5031445 1
5031899 1
5034713 1
5039300 1
5042584 1
5050859 1
5052123 1
5052124 1
5052516 1
5056506 1
5057061 1
5061246 1
5061808 1
5063213 1
5066865 1
5070489 1
5073410 1
5073635 1
5073866 1
5075899 1
5078201 1
5081327 1
5085744 1
5088855 1
5090862 1
5092945 1
5093466 1
5095030 1
5096642 1
5098260 1
5098479 1
5099697 1
5100610 1
5101330 1
5102563 1
5103227 1
5105022 1
5105526 1
5106281 1
5106396 1
5106859 1
5106860 1
5107843 1
5108107 1
5108463 1
5109921 1
5110555 1
5112909 1
5113720 1
5115549 1
5117144 1
5119801 1
5119826 1
5128365 1
5128746 1
5130836 1
5135034 1
5137347 1
5138720 1
5143808 1
5143919 1
5145050 1
5145962 1
5147577 1
5152448 1
5152451 1
5154428 1
5155214 1
5161890 1
5162232 1
5164591 1
5164871 1
5165463 1
5166432 1
5166687 1
5170591 1
5170992 1
5172527 1
5175110 1
5178356 1
5179996 1
5180317 1
5180470 1
5185381 1
5185437 1
5186031 1
5190011 1
5190112 1
5191264 1
5191379 1
5195578 1
5198228 1
5198393 1
5204301 1
5206650 1
5214525 1
5221444 1
5222266 1
5223184 1
5225276 1
5225940 1
5226651 1
5226695 1
5227829 1
5228237 1
5237477 1
5237666 1
5244299 1
5256261 1
5257384 1
5261616 1
5264357 1
5273968 1
5274475 1
5274518 1
5277273 1
5277776 1
5282263 1
5287358 1
5289387 1
5311091 1
5313162 1
5313218 1
5318379 1
5323697 1
5335530 1
5337752 1
5338128 1
5339773 1
5340448 1
5342118 1
5343481 1
5345061 1
5346670 1
5352736 1
5357708 1
5364735 1
5382036 1
5386626 1
5390938 1
5393005 1
5396192 1
5397155 1
5400688 1
5403317 1
5403762 1
5403921 1
5404609 1
5405362 1
5405384 1
5405565 1
5405825 1
5406482 1
5406840 1
5409225 1
5409318 1
5410052 1
5410509 1
5410603 1
5411100 1
5412636 1
5412652 1
5413216 1
5431312 1
5434261 1
5454404 1
5459566 1
5460487 1
5464985 1
5474300 1
5474300 1
5480079 1
5480841 1
5484370 1
5484370 1
5488693 1
5493314 1
5493583 1
5496879 1
5512738 1
5513282 1
5513823 1
5519982 1
5527567 1
5529895 1
5534012 1
5541343 1
5542570 1
5545481 1
5550265 1
5550795 1
5551475 1
5553732 1
5560208 1
5560321 1
5564492 1
5565356 1
5567375 1
5567616 1
5574839 1
5575931 1
5577615 1
5577910 1
5581464 1
5582145 1
5585670 1
5601897 1
5603209 1
5603408 1
5603421 1
5605692 1
5606562 1
5612907 1
5614341 1
5619534 1
5620765 1
5624826 1
5625335 1
5625335 1
5626198 1
5627900 1
5627900 1
5628960 1
5631368 1
5631436 1
5633424 1
5635559 1
5635984 1
5645329 1
5645500 1
5646808 1
5648568 1
5655136 1
5660417 1
5667205 1
5667434 1
5669258 1
5669284 1
5669420 1
5671398 1
5672148 1
5676356 1
5677924 1
5682771 1
5685429 1
5695243 1
5696659 1
5702799 1
5705879 1
5706336 1
5706956 1
5714762 1
5720129 1
5722897 1
5724441 1
5725659 1
5725659 1
5728915 1
5731483 1
5738923 1
5739416 1
5750077 1
5753082 1
5754252 1
5754412 1
5754831 1
5754943 1
5755044 1
5755601 1
5756644 1
5758074 1
5759708 1
5761706 1
5764989 1
5766552 1
5767867 1
5769669 1
5771084 1
5772329 1
5778470 1
5780422 1
5782613 1
5783934 1
5789601 1
5791676 1
5791676 1
5800737 1
5811966 1
5815646 1
5817093 1
5827369 1
5837547 1
5837964 1
5839705 1
5842039 1
5844766 1
5845770 1
5846222 1
5848807 1
5850540 1
5856001 1
5857670 1
5860073 1
5861476 1
5863992 1
5866588 1
5867370 1
5867754 1
5871159 1
5873237 1
5874034 1
5883706 1
5883710 1
5886177 1
5895293 1
5897096 1
5902410 1
5907839 1
5913512 1
5917935 1
5918494 1
5919984 1
5920276 1
5922039 1
5927152 1
5929298 1
5934238 1
5943372 1
5953544 1
5954005 1
5954447 1
5956400 1
5956559 1
5956835 1
5957571 1
5957842 1
5957896 1
5958934 1
5976781 1
5979658 1
5982563 1
6000076 1
6012501 1
6012816 1
6015008 1
6016098 1
6018217 1
6022869 1
6025880 1
6026708 1
6027251 1
6033745 1
6036461 1
6037874 1
6039032 1
6040013 1
6056558 1
6058422 1
6059442 1
6062408 1
6062415 1
6077091 1
6077786 1
6082945 1
6084435 1
6089895 1
6090601 1
6098258 1
6102239 1
6104362 1
6113130 1
6113269 1
6117835 1
6118004 1
6120113 1
6126868 1
6126930 1
6136266 1
6141347 1
6141640 1
6144777 1
6149168 1
6149377 1
6154952 1
6155801 1
6160445 1
6160652 1
6169794 1
6170977 1
6171120 1
6172230 1
6172896 1
6173327 1
6174501 1
6201384 1
6202194 1
6202332 1
6209574 1
6214036 1
6215331 1
6216228 1
6218060 1
6218230 1
6218258 1
6219347 1
6220551 1
6221537 1
6223081 1
6223476 1
6223963 1
6224341 1
6224438 1
6225617 1
6228859 1
6229753 1
6229873 1
6231254 1
6234883 1
6234915 1
6234963 1
6235339 1
6236410 1
6240268 1
6240677 1
6241962 1
6242547 1
6243362 1
6244111 1
6244475 1
6246940 1
6246959 1
6246959 1
6247124 1
6252499 1
6252731 1
6258726 1
6263422 1
6263578 1
6265753 1
6266735 1
6267900 1
6270727 1
6271976 1
6278378 1
6278623 1
6279548 1
6286034 1
6287895 1
6288142 1
6296806 1
6299030 1
6301243 1
6303249 1
6303264 1
6303264 1
6303455 1
6304901 1
6305454 1
6317280 1
6319741 1
6322982 1
6325873 1
6328312 1
6329634 1
6330493 1
6330873 1
6343380 1
6345417 1
6347378 1
6351930 1
6352181 1
6352211 1
6352341 1
6352342 1
6352565 1
6356321 1
6362895 1
6362906 1
6365009 1
6366190 1
6368434 1
6377289 1
6377466 1
6386634 1
6397977 1
6398995 1
6409325 1
6414303 1
6414327 1
6419462 1
6424135 1
6431113 1
6436649 1
6439543 1
6442368 1
6444501 1
6457281 1
6462194 1
6462876 1
6462918 1
6463304 1
6463681 1
6463886 1
6465557 1
6466309 1
6466383 1
6467227 1
6485903 1
6499420 1
6499820 1
6501071 1
6503753 1
6507389 1
6515182 1
6515815 1
6516320 1
6522187 1
6522187 1
6522411 1
6522505 1
6534710 1
6539568 1
6542300 1
6546836 1
6546836 1
6547096 1
6547827 1
6548179 1
6549938 1
6551354 1
6554646 1
6556443 1
6557275 1
6560488 1
6565883 1
6566895 1
6577414 1
6587893 1
6592164 1
6592962 1
6598083 1
6599589 1
6601351 1
6602796 1
6602796 1
6605206 1
6609790 1
6609889 1
6611997 1
6615942 1
6615947 1
6616311 1
6621157 1
6623546 1
6635737 1
6638529 1
6639152 1
6642003 1
6645058 1
6645675 1
6645731 1
6648721 1
6658529 1
6663754 1
6672345 1
6672669 1
6700058 1
6700141 1
6700159 1
6701849 1
6703380 1
6707826 1
6709833 1
6712710 1
6719325 1
6719345 1
6728662 1
6729152 1
6729305 1
6729541 1
6738833 1
6738906 1
6740002 1
6740017 1
6741022 1
6743382 1
6743455 1
6745534 1
6745625 1
6745702 1
6747395 1
6749637 1
6756834 1
6758721 1
6769201 1
6769492 1
6771810 1
6777548 1
6784166 1
6787024 1
6794154 1
6795869 1
6797739 1
6798116 1
6798325 1
6798862 1
6801430 1
6801815 1
6813911 1
6814182 1
6815721 1
6816454 1
6819929 1
6828674 1
6828824 1
6846415 1
6859361 1
6867933 1
6871675 1
6888329 1
6890480 1
6893553 1
6894070 1
6912079 1
6914207 1
6919152 1
6920138 1
6922746 1
6924261 1
6933180 1
6945446 1
6953883 1
6956924 1
6959355 1
6969782 1
6971501 1
6971683 1
6971683 1
6972303 1
6977089 1
6980762 1
6980820 1
6985238 1
6986769 1
6989314 1
6990194 1
6990846 1
6998775 1
7000283 1
7002806 1
7008348 1
7009295 1
7009295 1
7009914 1
7015234 1
7015440 1
7016286 1
7019805 1
7023847 1
7033065 1
7041263 1
7043368 1
7045530 1
7045952 1
7046061 1
7051329 1
7053542 1
7054666 1
7054949 1
7055213 1
7058806 1
7059591 1
7066667 1
7068572 1
7076205 1
7080074 1
7083136 1
7083210 1
7084702 1
7089665 1
7090279 1
7090566 1
7090723 1
7091546 1
7091567 1
7092920 1
7093925 1
7094028 1
7095065 1
7095525 1
7095931 1
7095958 1
7097061 1
7098694 1
7100938 1
7102620 1
7103521 1
7104270 1
7126985 1
7127912 1
7127979 1
7132920 1
7133511 1
7141823 1
7142453 1
7143814 1
7144999 1
7146337 1
7146361 1
7148883 1
7152466 1
7155147 1
7157468 1
7159318 1
7169407 1
7178716 1
7179334 1
7181426 1
7181993 1
7183143 1
7186983 1
7188788 1
7192308 1
7197565 1
7199086 1
7203236 1
7203388 1
7204185 1
7207384 1
7210318 1
7210433 1
7212468 1
7231610 1
7238540 1
7242805 1
7242987 1
7244199 1
7247790 1
7248407 1
7248565 1
7261713 1
7264870 1
7272821 1
7292421 1
7292641 1
7360667 1
7397839 1
7399284 1
7400551 1
7402654 1
7404816 1
7413344 1
7414834 1
7414861 1
7417372 1
7422773 1
7424387 1
7438698 1
7443392 1
7444534 1
7444747 1
7449178 1
7449409 1
7451068 1
7453926 1
7458616 1
7462422 1
7466737 1
7468447 1
7471630 1
7474452 1
7486578 1
7487063 1
7488784 1
7491059 1
7491533 1
7491970 1
7493113 1
7494038 1
7496265 1
7497458 1
7497732 1
7499673 1
7516565 1
7524351 1
7526047 1
7529937 1
7531406 1
7539369 1
7540581 1
7545383 1
7551468 1
7551468 1
7552882 1
7556945 1
7557126 1
7559207 1
7559209 1
7568809 1
7573038 1
7574967 1
7579749 1
7579807 1
7579822 1
7580702 1
7580914 1
7580917 1
7582444 1
7583317 1
7585253 1
7593976 1
7595608 1
7599358 1
7602148 1
7607889 1
7608853 1
7608927 1
7609703 1
7616734 1
7624109 1
7626388 1
7626396 1
7626867 1
7627763 1
7628663 1
7630515 1
7631070 1
7634379 1
7634792 1
7638486 1
7640825 1
7643488 1
7644511 1
7647338 1
7653753 1
7653780 1
7657336 1
7657958 1
7663354 1
7664705 1
7667505 1
7670261 1
7670439 1
7677829 1
7678855 1
7679018 1
7682250 1
7686195 1
7687153 1
7688355 1
7688499 1
7689107 1
7689210 1
7689717 1
7691645 1
7691659 1
7691900 1
7692204 1
7692209 1
7697892 1
7699623 1
7700481 1
7701005 1
7703474 1
7710436 1
7716311 1
7717399 1
7718479 1
7718725 1
7719173 1
7719991 1
7720347 1
7720777 1
7722635 1
7724922 1
7725577 1
7731106 1
7734538 1
7734596 1
7739002 1
7741315 1
7741797 1
7743151 1
7746712 1
7747615 1
7748069 1
7748102 1
7748409 1
7749041 1
7749058 1
7751046 1
7751856 1
7755143 1
7759380 1
7764089 1
7764442 1
7765196 1
7765508 1
7765850 1
7766669 1
7766726 1
7768756 1
7768767 1
7768788 1
7769063 1
7771930 1
7776266 1
7778566 1
7778891 1
7779376 1
7779839 1
7783143 1
7785701 1
7785852 1
7786356 1
7786493 1
7786912 1
7787646 1
7788158 1
7792845 1
7795831 1
7797866 1
7798506 1
7798667 1
7799560 1
7799969 1
7801847 1
7802757 1
7803684 1
7803830 1
7804323 1
7806607 1
7806708 1
7807029 1
7807976 1
7808448 1
7812195 1
7813398 1
7815173 1
7815784 1
7816354 1
7817289 1
7817467 1
7818125 1
7818464 1
7820243 1
7820243 1
7820955 1
7822371 1
7824215 1
7825799 1
7827002 1
7834012 1
7851708 1
7854377 1
7856350 1
7858710 1
7859848 1
7863262 1
7866953 1
7874438 1
7881713 1
7882084 1
7882190 1
7883386 1
7893861 1
7913748 1
7916643 1
7920315 1
7926616 1
7927635 1
7932415 1
7934317 1
7936783 1
7936942 1
7937276 1
7940485 1
7941339 1
7957152 1
7973778 1
7990868 1
7995240 1
8014390 1
8015299 1
8029662 1
8047295 1
8048475 1
8050152 1
8058280 1
8080360 1
8096201 1
8110429 1
8127483 1
8130502 1
8146635 1
8150596 1
8155736 1
8161184 1
8169157 1
8172484 1
8172634 1
8176166 1
8179143 1
8181852 1
8184916 1
8184916 1
8189317 1
8189712 1
8191948 1
8196120 1
8196120 1
8197305 1
8198227 1
8199402 1
8200860 1
8201002 1
8203571 1
8203592 1
8204470 1
8204470 1
8204615 1
8205545 1
8206203 1
8208083 1
8208198 1
8209198 1
8214669 1
8226653 1
8230142 1
8233463 1
8234519 1
8235763 1
8238184 1
8240286 1
8240853 1
8240888 1
8241367 1
8243586 1
8243665 1
8246120 1
8246731 1
8250435 1
8252230 1
8252609 1
8254188 1
8254188 1
8254322 1
8255646 1
8256918 1
8264657 1
8268071 1
8268420 1
8268968 1
8275085 1
8278536 1
8279756 1
8280080 1
8280564 1
8280573 1
8281828 1
8283090 1
8290093 1
8290127 1
8290748 1
8291243 1
8291385 1
8302445 1
8302778 1
8304072 1
8304635 1
8304730 1
8305160 1
8308607 1
8309363 1
8309728 1
8311741 1
8312294 1
19558 1
20905 1
32024 1
36863 1
45725 1
51495 1
52170 1
66826 1
69553 1
70054 1
70811 1
86608 1
121677 1
151995 1
177723 1
182450 1
188462 1
219993 1
223941 1
244002 1
244897 1
259577 1
269048 1
280580 1
291109 1
325769 1
328264 1
337409 1
364054 1
373552 1
375049 1
383097 1
384103 1
392428 1
392498 1
413683 1
414424 1
431693 1
441914 1
441914 1
446827 1
458208 1
469567 1
479875 1
496618 1
504193 1
516693 1
526537 1
539371 1
539904 1
540223 1
545665 1
546520 1
595171 1
595754 1
623268 1
628735 1
629962 1
635185 1
656173 1
659319 1
673061 1
675535 1
683896 1
683896 1
696517 1
698613 1
704297 1
744204 1
780044 1
780820 1
780820 1
784138 1
806840 1
815549 1
818637 1
844785 1
851732 1
857645 1
871310 1
878499 1
884690 1
890597 1
904710 1
909931 1
909939 1
917254 1
918574 1
926098 1
948220 1
949173 1
950111 1
956351 1
976880 1
989597 1
993915 1
1036990 1
1037474 1
1041306 1
1044199 1
1047775 1
1071485 1
1090284 1
1095941 1
1125918 1
1125918 1
1135337 1
1144409 1
1153059 1
1154227 1
1155956 1
1179434 1
1180000 1
1249890 1
1252475 1
1282564 1
1282603 1
1364741 1
1376851 1
1405966 1
1409709 1
1468310 1
1482566 1
1485733 1
1526872 1
1543873 1
1646820 1
1693621 1
1715366 1
1717346 1
1752277 1
1754740 1
1760768 1
1763451 1
1764056 1
1774817 1
1779806 1
1811668 1
1812104 1
1813716 1
1814278 1
1827244 1
1830078 1
1841189 1
1841715 1
1873237 1
1873237 1
1874187 1
1897534 1
1903887 1
1906736 1
1916607 1
1922221 1
1926502 1
1936628 1
1944197 1
1945320 1
1962247 1
1972374 1
2012231 1
2017734 1
2019799 1
2020235 1
2028137 1
2033468 1
2035150 1
2050547 1
2060864 1
2075822 1
2079888 1
2082522 1
2089370 1
2100377 1
2130774 1
2130774 1
2133868 1
2162818 1
2175634 1
2178528 1
2186637 1
2216519 1
2232528 1
2265061 1
2265061 1
2315120 1
2317927 1
2321488 1
2343677 1
2348754 1
2352697 1
2356583 1
2358038 1
2359340 1
2372799 1
2412027 1
2418353 1
2425779 1
2455926 1
2529769 1
2560434 1
2571772 1
2580404 1
2613491 1
2618403 1
2629449 1
2631082 1
2631154 1
2635313 1
2661136 1
2687959 1
2698057 1
2701555 1
2710174 1
2711180 1
2711717 1
2722659 1
2733851 1
2771371 1
2799639 1
2807134 1
2807224 1
2811011 1
2811011 1
2811822 1
2826331 1
2842551 1
2845991 1
2886152 1
2889800 1
2892717 1
2892717 1
2921225 1
2921907 1
2923057 1
2938854 1
2954617 1
2976232 1
2979979 1
2982869 1
2990425 1
3015717 1
3021764 1
3022013 1
3022015 1
3061235 1
3099483 1
3103981 1
3131457 1
3138382 1
3141321 1
3149745 1
3249888 1
3250016 1
3251478 1
3295338 1
3299260 1
3299485 1
3301270 1
3310356 1
3314036 1
3318888 1
3327155 1
3329967 1
3349290 1
3356939 1
3359183 1
3367818 1
3377925 1
3399961 1
3402190 1
3460967 1
3492378 1
3545829 1
3564337 1
3579076 1
3627533 1
3634912 1
3648115 1
3652189 1
3657076 1
3672697 1
3674419 1
3674873 1
3710447 1
3717596 1
3728748 1
3730392 1
3735606 1
3800795 1
3813870 1
3825560 1
3857796 1
3864958 1
3874778 1
3881629 1
3889458 1
3889893 1
3900586 1
3902820 1
3904196 1
3907053 1
3907998 1
3908854 1
3921664 1
3922128 1
3923190 1
3923190 1
3925079 1
3926566 1
3929722 1
3932961 1
3938504 1
3939345 1
3940333 1
3946398 1
3948894 1
3950555 1
3957880 1
3958767 1
3960312 1
3966403 1
3968515 1
3971564 1
3972365 1
3990389 1
3996954 1
3999250 1
4000651 1
4003206 1
4004078 1
4011536 1
4024676 1
4038923 1
4051421 1
4061206 1
4067211 1
4079734 1
4080185 1
4083715 1
4088753 1
4089362 1
4092147 1
4109252 1
4126940 1
4135275 1
4135677 1
4139593 1
4151262 1
4152637 1
4160952 1
4166835 1
4170178 1
4190894 1
4221909 1
4230356 1
4243625 1
4247825 1
4257053 1
4295156 1
4301283 1
4301283 1
4309175 1
4391543 1
4395231 1
4402804 1
4405218 1
4405218 1
4435542 1
4436795 1
4453050 1
4454075 1
4464046 1
4472508 1
4487076 1
4489759 1
4491284 1
4504361 1
4517234 1
4538650 1
4545204 1
4548320 1
4548320 1
4556199 1
4557248 1
4560485 1
4560723 1
4561179 1
4567427 1
4578848 1
4582335 1
4594932 1
4603410 1
4604561 1
4620033 1
4624731 1
4629494 1
4637186 1
4646720 1
4647829 1
4648978 1
4649192 1
4659713 1
4666895 1
4700815 1
4704566 1
4709101 1
4709101 1
4719979 1
4719979 1
4743845 1
4744130 1
4746062 1
4757449 1
4761376 1
4764111 1
4767649 1
4786421 1
4793060 1
4829750 1
4830870 1
4831631 1
4832504 1
4833663 1
4866717 1
4886441 1
4886443 1
4888617 1
4889018 1
4890701 1
4894815 1
4896041 1
4900466 1
4915367 1
4918687 1
4920094 1
4925437 1
4925437 1
4942693 1
4953111 1
4963693 1
4983438 1
4985089 1
5002234 1
5002234 1
5007482 1
5019380 1
5030513 1
5030513 1
5042077 1
5059469 1
5063575 1
5067789 1
5069274 1
5073604 1
5096789 1
5097606 1
5107699 1
5113663 1
5117455 1
5137617 1
5152340 1
5156867 1
5165450 1
5171220 1
5175009 1
5189835 1
5222920 1
5227326 1
5229696 1
5234898 1
5251459 1
5252479 1
5253445 1
5264904 1
5276941 1
5278167 1
5321644 1
5325148 1
5337863 1
5338765 1
5342199 1
5344884 1
5358756 1
5360191 1
5365432 1
5366471 1
5366973 1
5368101 1
5405207 1
5409324 1
5451560 1
5483055 1
5519588 1
5552438 1
5566750 1
5569266 1
5581707 1
5582054 1
5626575 1
5639221 1
5671558 1
5699478 1
5701796 1
5717784 1
5728875 1
5731127 1
5746501 1
5748275 1
5753491 1
5764714 1
5778370 1
5783300 1
5788944 1
5794977 1
5796425 1
5801548 1
5815679 1
5864938 1
5873249 1
5938534 1
5959386 1
5979532 1
5981851 1
5994148 1
5995837 1
6011667 1
6013420 1
6016489 1
6041359 1
6056462 1
6107621 1
6119657 1
6137902 1
6160664 1
6167319 1
6172068 1
6218234 1
6220285 1
6234497 1
6235301 1
6236695 1
6244895 1
6246322 1
6250172 1
6252822 1
6296413 1
6306769 1
6317506 1
6319157 1
6332801 1
6356992 1
6360189 1
6391818 1
6438465 1
6464103 1
6493278 1
6517710 1
6541303 1
6587222 1
6592146 1
6592759 1
6596310 1
6604627 1
6604691 1
6643911 1
6645496 1
6655395 1
6695535 1
6717848 1
6738812 1
6740159 1
6742708 1
6744335 1
6746184 1
6758758 1
6758831 1
6759576 1
6790760 1
6795876 1
6798341 1
6798633 1
6805216 1
6816513 1
6826188 1
6848601 1
6942812 1
6948950 1
6971695 1
6978064 1
6997977 1
7003442 1
7016426 1
7035991 1
7039807 1
7045640 1
7048689 1
7055536 1
7057552 1
7079380 1
7093429 1
7135452 1
7143744 1
7143744 1
7156140 1
7159327 1
7185460 1
7188411 1
7190665 1
7193936 1
7203809 1
7207089 1
7213250 1
7229145 1
7252737 1
7253016 1
7255762 1
7311760 1
7376114 1
7391782 1
7464534 1
7474688 1
7491374 1
7495003 1
7495925 1
7503945 1
7517457 1
7519173 1
7524764 1
7531873 1
7534435 1
7571066 1
7625248 1
7626455 1
7634543 1
7651742 1
7652474 1
7654708 1
7665514 1
7669567 1
7680625 1
7689737 1
7691950 1
7692117 1
7698523 1
7713063 1
7713068 1
7713164 1
7720423 1
7720457 1
7731036 1
7738281 1
7754846 1
7765766 1
7765766 1
7766756 1
7775428 1
7781717 1
7781717 1
7786690 1
7811881 1
7818024 1
7818812 1
7822950 1
7822959 1
7837131 1
7861137 1
7902187 1
7905068 1
7918076 1
7922803 1
7956770 1
7959313 1
7994880 1
8028220 1
8051623 1
8060260 1
8181964 1
8183670 1
8205440 1
8231088 1
8231810 1
8234532 1
8239380 1
8254629 1
8259575 1
8260875 1
8279896 1
8281052 1
8283281 1
8301710 1
8307668 1
