8520 1
8737 1
33891 1
36419 1
41366 1
48269 1
50276 1
73074 1
103103 1
108882 1
109995 1
109995 1
110311 1
110852 1
120623 1
134856 1
139154 1
146216 1
146895 1
147249 1
150077 1
151388 1
153286 1
154622 1
154868 1
155224 1
161655 1
166819 1
169483 1
172280 1
181099 1
183432 1
183733 1
186957 1
197443 1
205051 1
205392 1
205395 1
206308 1
207928 1
209481 1
212552 1
213799 1
214032 1
240490 1
240490 1
244110 1
256298 1
261818 1
262707 1
265744 1
272105 1
288049 1
292261 1
295462 1
296286 1
299984 1
300041 1
327870 1
328172 1
330097 1
334947 1
337249 1
338634 1
343458 1
349679 1
351322 1
353242 1
357112 1
357477 1
358899 1
363627 1
368901 1
377585 1
381265 1
387151 1
387577 1
389869 1
404337 1
423028 1
424202 1
427791 1
427867 1
439698 1
446064 1
448474 1
449675 1
453381 1
456194 1
457004 1
462263 1
473988 1
484415 1
488665 1
489111 1
489407 1
492096 1
515926 1
521616 1
529249 1
529249 1
533219 1
538870 1
539117 1
549434 1
551030 1
554421 1
565540 1
565640 1
569791 1
573595 1
575075 1
576145 1
581719 1
587189 1
589678 1
603964 1
605831 1
626006 1
626139 1
627038 1
638205 1
639814 1
639906 1
641936 1
644502 1
651230 1
661312 1
662121 1
663552 1
667412 1
670436 1
673125 1
680494 1
690276 1
692404 1
702425 1
703632 1
706512 1
707794 1
716183 1
721122 1
724377 1
733581 1
733757 1
738903 1
741586 1
749878 1
752171 1
761245 1
761391 1
761486 1
766356 1
767377 1
767566 1
768024 1
769143 1
770631 1
780293 1
782802 1
792438 1
796965 1
801334 1
808033 1
814985 1
820542 1
821586 1
823145 1
828770 1
829458 1
829545 1
847912 1
847912 1
849988 1
851964 1
853330 1
860614 1
862581 1
865823 1
891865 1
892460 1
895767 1
897637 1
898817 1
900248 1
902764 1
903516 1
908939 1
909174 1
914027 1
915058 1
917978 1
929568 1
943100 1
948065 1
956036 1
956169 1
971158 1
974214 1
977998 1
977998 1
988945 1
993066 1
996453 1
1000152 1
1003898 1
1004143 1
1004444 1
1004563 1
1006320 1
1011963 1
1013656 1
1027183 1
1027724 1
1027737 1
1029100 1
1033838 1
1035677 1
1042804 1
1042864 1
1042864 1
1050081 1
1055878 1
1058398 1
1063460 1
1063931 1
1067140 1
1089165 1
1091788 1
1097155 1
1098051 1
1101608 1
1101608 1
1104442 1
1108654 1
1110007 1
1110640 1
1119684 1
1127289 1
1143959 1
1147080 1
1149370 1
1164868 1
1169312 1
1178241 1
1179669 1
1182801 1
1185776 1
1189143 1
1193730 1
1200095 1
1203235 1
1205527 1
1206409 1
1207998 1
1213988 1
1216304 1
1219782 1
1222968 1
1224239 1
1238475 1
1240947 1
1241950 1
1253002 1
1253273 1
1254199 1
1273589 1
1285477 1
1287631 1
1294060 1
1295732 1
1295732 1
1296176 1
1297390 1
1298060 1
1309319 1
1310507 1
1310507 1
1311207 1
1312529 1
1312574 1
1316844 1
1323171 1
1329789 1
1340099 1
1346244 1
1368501 1
1371583 1
1374648 1
1381065 1
1385244 1
1385244 1
1389253 1
1397490 1
1397917 1
1402390 1
1412706 1
1417783 1
1423281 1
1428032 1
1428787 1
1431398 1
1435689 1
1436232 1
1440893 1
1440894 1
1443774 1
1445382 1
1446292 1
1446682 1
1447436 1
1448994 1
1452549 1
1459901 1
1460057 1
1463311 1
1464967 1
1466920 1
1469045 1
1470547 1
1471045 1
1472242 1
1475378 1
1475482 1
1475836 1
1480993 1
1486209 1
1488627 1
1499211 1
1500108 1
1500108 1
1504022 1
1504116 1
1508635 1
1514260 1
1515770 1
1515770 1
1516974 1
1518880 1
1519758 1
1520534 1
1525244 1
1529206 1
1530978 1
1532589 1
1533060 1
1543936 1
1546433 1
1547932 1
1552497 1
1558806 1
1567685 1
1569364 1
1571340 1
1571740 1
1572189 1
1573891 1
1579586 1
1582316 1
1586409 1
1586409 1
1598636 1
1601013 1
1609467 1
1610159 1
1621718 1
1623155 1
1626346 1
1627067 1
1627067 1
1629768 1
1631319 1
1631418 1
1646596 1
1648953 1
1656933 1
1658250 1
1658277 1
1671997 1
1673889 1
1675672 1
1676159 1
1676806 1
1677649 1
1677802 1
1678935 1
1681239 1
1686754 1
1687216 1
1691922 1
1691924 1
1693308 1
1696192 1
1702171 1
1706158 1
1714236 1
1715703 1
1718286 1
1720636 1
1720808 1
1721566 1
1725090 1
1727586 1
1731554 1
1742809 1
1744399 1
1763863 1
1765953 1
1766583 1
1767063 1
1780461 1
1780476 1
1781418 1
1782387 1
1785216 1
1786594 1
1793526 1
1794128 1
1799459 1
1808003 1
1809018 1
1812628 1
1817006 1
1825128 1
1825832 1
1829829 1
1833117 1
1837691 1
1851908 1
1852910 1
1853981 1
1855447 1
1856739 1
1860729 1
1862269 1
1868189 1
1872479 1
1874050 1
1881798 1
1889443 1
1889733 1
1898224 1
1909238 1
1916372 1
1916682 1
1919769 1
1928283 1
1933901 1
1934427 1
1936480 1
1942575 1
1946699 1
1948710 1
1948710 1
1952479 1
1952595 1
1955128 1
1960859 1
1970561 1
1970794 1
1971601 1
1975683 1
1977212 1
1988308 1
1991678 1
1991939 1
1995372 1
2000830 1
2000984 1
2005084 1
2005378 1
2006990 1
2009223 1
2014987 1
2015834 1
2016493 1
2039635 1
2042870 1
2045769 1
2045769 1
2046270 1
2056666 1
2064387 1
2069826 1
2074135 1
2081211 1
2088672 1
2088672 1
2093317 1
2099208 1
2105668 1
2111505 1
2114525 1
2118731 1
2119825 1
2126134 1
2131244 1
2136134 1
2136134 1
2137815 1
2139261 1
2143373 1
2144625 1
2145227 1
2148200 1
2161257 1
2164153 1
2165125 1
2168974 1
2168974 1
2184886 1
2188814 1
2190127 1
2203107 1
2204229 1
2207314 1
2209265 1
2209265 1
2216067 1
2226788 1
2226788 1
2237549 1
2237884 1
2240654 1
2241351 1
2249772 1
2251543 1
2259989 1
2278058 1
2282287 1
2286568 1
2293122 1
2296954 1
2298572 1
2300340 1
2302715 1
2306739 1
2313445 1
2320349 1
2323374 1
2326462 1
2326466 1
2331352 1
2333591 1
2334533 1
2349786 1
2352823 1
2354359 1
2358269 1
2363550 1
2371439 1
2373411 1
2375841 1
2377125 1
2382488 1
2382488 1
2382929 1
2384075 1
2384330 1
2384330 1
2384330 1
2384330 1
2384717 1
2389015 1
2402175 1
2402763 1
2404721 1
2405473 1
2409625 1
2415265 1
2415537 1
2417413 1
2420857 1
2420941 1
2423878 1
2440126 1
2441741 1
2451573 1
2456425 1
2473955 1
2477527 1
2479102 1
2481460 1
2483314 1
2487367 1
2488595 1
2488864 1
2489648 1
2490202 1
2495907 1
2496776 1
2497687 1
2506507 1
2520477 1
2521660 1
2523309 1
2529942 1
2531191 1
2533802 1
2533936 1
2543976 1
2544250 1
2546535 1
2554969 1
2555831 1
2557008 1
2561745 1
2563543 1
2564071 1
2569889 1
2574198 1
2575359 1
2583035 1
2587020 1
2589105 1
2594289 1
2599581 1
2599592 1
2599592 1
2599592 1
2599592 1
2605066 1
2609279 1
2609409 1
2609468 1
2614963 1
2616652 1
2620039 1
2623373 1
2623985 1
2624933 1
2630443 1
2633985 1
2643137 1
2643971 1
2643971 1
2645010 1
2646372 1
2651134 1
2652544 1
2652663 1
2652830 1
2666350 1
2668029 1
2672897 1
2673546 1
2674396 1
2676987 1
2679496 1
2684619 1
2685255 1
2686751 1
2689440 1
2695186 1
2700359 1
2705982 1
2708312 1
2711005 1
2714695 1
2719831 1
2721443 1
2732119 1
2740903 1
2744370 1
2748056 1
2754680 1
2758030 1
2765579 1
2767294 1
2768090 1
2769063 1
2776963 1
2776963 1
2781386 1
2783555 1
2786314 1
2789762 1
2800263 1
2806014 1
2817856 1
2828796 1
2829281 1
2833656 1
2834352 1
2837188 1
2837188 1
2838053 1
2838457 1
2843395 1
2864187 1
2867727 1
2868061 1
2868625 1
2872120 1
2872121 1
2872356 1
2878109 1
2881953 1
2882831 1
2891080 1
2902964 1
2909078 1
2911799 1
2916359 1
2917056 1
2917974 1
2917974 1
2918993 1
2919038 1
2925669 1
2925669 1
2946654 1
2954529 1
2955970 1
2966045 1
2971711 1
2978657 1
2985919 1
2989792 1
2990400 1
2995228 1
2997638 1
2999448 1
3001699 1
3002915 1
3008486 1
3008841 1
3011736 1
3016756 1
3016855 1
3021188 1
3028920 1
3047711 1
3057968 1
3059900 1
3079932 1
3087023 1
3087334 1
3087334 1
3097919 1
3113199 1
3115073 1
3120994 1
3134210 1
3144392 1
3155375 1
3156627 1
3159166 1
3162818 1
3163352 1
3168430 1
3170074 1
3172628 1
3176888 1
3177093 1
3177093 1
3181330 1
3182536 1
3189789 1
3191838 1
3192646 1
3202454 1
3208537 1
3210682 1
3212880 1
3214732 1
3219850 1
3225709 1
3229061 1
3235271 1
3235283 1
3244047 1
3245104 1
3247790 1
3247967 1
3248491 1
3254301 1
3262505 1
3264861 1
3276895 1
3277818 1
3278233 1
3287674 1
3288442 1
3291847 1
3291860 1
3292689 1
3293549 1
3295417 1
3295417 1
3297900 1
3304570 1
3306121 1
3309417 1
3310996 1
3311680 1
3319666 1
3325052 1
3331370 1
3332399 1
3338228 1
3339635 1
3349684 1
3350672 1
3350672 1
3352833 1
3371290 1
3372356 1
3373412 1
3378300 1
3383711 1
3389108 1
3389228 1
3389648 1
3390110 1
3390529 1
3390978 1
3409161 1
3411517 1
3417709 1
3418514 1
3420497 1
3422382 1
3425662 1
3431439 1
3434061 1
3436461 1
3436598 1
3443021 1
3443140 1
3448978 1
3452117 1
3457434 1
3469151 1
3472140 1
3472435 1
3476952 1
3479781 1
3482856 1
3486081 1
3490922 1
3493170 1
3511492 1
3515106 1
3515328 1
3518317 1
3518851 1
3519757 1
3525022 1
3529618 1
3531084 1
3532098 1
3540462 1
3544466 1
3545194 1
3547881 1
3549524 1
3560694 1
3565340 1
3572965 1
3576288 1
3594078 1
3595584 1
3598496 1
3601204 1
3606089 1
3613860 1
3617886 1
3643737 1
3645285 1
3665268 1
3667333 1
3669626 1
3670740 1
3676213 1
3683152 1
3684984 1
3686777 1
3688537 1
3693298 1
3693419 1
3698053 1
3699813 1
3706016 1
3706018 1
3712270 1
3719066 1
3719509 1
3724510 1
3729032 1
3730420 1
3730420 1
3734631 1
3737870 1
3739065 1
3741138 1
3743077 1
3747392 1
3750747 1
3750992 1
3751251 1
3757948 1
3769823 1
3782334 1
3784271 1
3784733 1
3786863 1
3788230 1
3788261 1
3793377 1
3799647 1
3802248 1
3813134 1
3813207 1
3813357 1
3821514 1
3826572 1
3829073 1
3830454 1
3835184 1
3835354 1
3846996 1
3857452 1
3861736 1
3865075 1
3870868 1
3883706 1
3884514 1
3887004 1
3889577 1
3891428 1
3892719 1
3912950 1
3912950 1
3913594 1
3931821 1
3939871 1
3944655 1
3944981 1
3956142 1
3957107 1
3963112 1
3976586 1
3983248 1
3983266 1
3987295 1
3987424 1
3996646 1
3998805 1
3999408 1
4010177 1
4011309 1
4012328 1
4012383 1
4014111 1
4025316 1
4029148 1
4029638 1
4029862 1
4048543 1
4048543 1
4049858 1
4051762 1
4060104 1
4063650 1
4072814 1
4080471 1
4092327 1
4104821 1
4108019 1
4130765 1
4134162 1
4138377 1
4138460 1
4140507 1
4165244 1
4169828 1
4169903 1
4170076 1
4170296 1
4187734 1
4190122 1
4193170 1
4196017 1
4197251 1
4198733 1
4198962 1
4200401 1
4203943 1
4208786 1
4211457 1
4231723 1
4245709 1
4247284 1
4254312 1
4271551 1
4272238 1
4278200 1
4283275 1
4288429 1
4294850 1
4294850 1
4300158 1
4310284 1
4312091 1
4313997 1
4314362 1
4316844 1
4322016 1
4331255 1
4336654 1
4339720 1
4339738 1
4341584 1
4358828 1
4383265 1
4383265 1
4394390 1
4399193 1
4415071 1
4415687 1
4416851 1
4419079 1
4420432 1
4422516 1
4424529 1
4435242 1
4437106 1
4437137 1
4437551 1
4438134 1
4439070 1
4440165 1
4447579 1
4449261 1
4453034 1
4461907 1
4462781 1
4464643 1
4465296 1
4469625 1
4470664 1
4475437 1
4479480 1
4488685 1
4488685 1
4488955 1
4492590 1
4501474 1
4507615 1
4514500 1
4519941 1
4531092 1
4531836 1
4532308 1
4538955 1
4539733 1
4540663 1
4541212 1
4542566 1
4543287 1
4543689 1
4553972 1
4558765 1
4565484 1
4579234 1
4581203 1
4588749 1
4594531 1
4594651 1
4606062 1
4612205 1
4620514 1
4621459 1
4630391 1
4633930 1
4647697 1
4648062 1
4659855 1
4660129 1
4664132 1
4664662 1
4666002 1
4668576 1
4668576 1
4672349 1
4672655 1
4676041 1
4678357 1
4688034 1
4695999 1
4702849 1
4710690 1
4714278 1
4716320 1
4725297 1
4732253 1
4737369 1
4745763 1
4759227 1
4764873 1
4774730 1
4777679 1
4779864 1
4781136 1
4783096 1
4784483 1
4787055 1
4790172 1
4791578 1
4797156 1
4805664 1
4806119 1
4806528 1
4807284 1
4812539 1
4813145 1
4816200 1
4825857 1
4828906 1
4834117 1
4868397 1
4880562 1
4881402 1
4882639 1
4883032 1
4883540 1
4891019 1
4892784 1
4896002 1
4897085 1
4899795 1
4900483 1
4900513 1
4901709 1
4902920 1
4911361 1
4913465 1
4916350 1
4927579 1
4936959 1
4941030 1
4948731 1
4951954 1
4960918 1
4961270 1
4963173 1
4965403 1
4966211 1
4969501 1
4972702 1
4974668 1
4977374 1
4977577 1
4979086 1
4983756 1
4986605 1
4986982 1
4987300 1
4987303 1
4999454 1
5001872 1
5002278 1
5010539 1
5014746 1
5020508 1
5024133 1
5025601 1
5028541 1
5031653 1
5037792 1
5049996 1
5051224 1
5066060 1
5074551 1
5081482 1
5083951 1
5112095 1
5117896 1
5124118 1
5124652 1
5132456 1
5149542 1
5152110 1
5152589 1
5165951 1
5168668 1
5168677 1
5170143 1
5172838 1
5172904 1
5177980 1
5189191 1
5193915 1
5200161 1
5200405 1
5203365 1
5222598 1
5233475 1
5240632 1
5244460 1
5253535 1
5255522 1
5259385 1
5265344 1
5267923 1
5269710 1
5270615 1
5271408 1
5273747 1
5274543 1
5278847 1
5281871 1
5290986 1
5291612 1
5292964 1
5298423 1
5299629 1
5301435 1
5304520 1
5306308 1
5309011 1
5315296 1
5318454 1
5327770 1
5328986 1
5338075 1
5338648 1
5345419 1
5347294 1
5350052 1
5354511 1
5365362 1
5367436 1
5371264 1
5379370 1
5385743 1
5408734 1
5415534 1
5415938 1
5416134 1
5422219 1
5422534 1
5432105 1
5433079 1
5438522 1
5442315 1
5443500 1
5459647 1
5461529 1
5468641 1
5474881 1
5487045 1
5488319 1
5493838 1
5495780 1
5497055 1
5508456 1
5509604 1
5510050 1
5522798 1
5524776 1
5528823 1
5529195 1
5529811 1
5537277 1
5540881 1
5544069 1
5545004 1
5545142 1
5548455 1
5550392 1
5550574 1
5553232 1
5555712 1
5555886 1
5560234 1
5560241 1
5564146 1
5570971 1
5576408 1
5588142 1
5591766 1
5592044 1
5592044 1
5592154 1
5596184 1
5598384 1
5601524 1
5601674 1
5602824 1
5604914 1
5604931 1
5607886 1
5607886 1
5612149 1
5613975 1
5617190 1
5619097 1
5620684 1
5623071 1
5627112 1
5628858 1
5634637 1
5639039 1
5641678 1
5649243 1
5650009 1
5651242 1
5654223 1
5657289 1
5659210 1
5661971 1
5665060 1
5665666 1
5668527 1
5670503 1
5674974 1
5674974 1
5683370 1
5683435 1
5685197 1
5685851 1
5685858 1
5687054 1
5694169 1
5694431 1
5711389 1
5725138 1
5726159 1
5738220 1
5742769 1
5744572 1
5744572 1
5748665 1
5750390 1
5750754 1
5762480 1
5763298 1
5766104 1
5767582 1
5771475 1
5774743 1
5776374 1
5776457 1
5781901 1
5782209 1
5787780 1
5790909 1
5798785 1
5807920 1
5809081 1
5811552 1
5816573 1
5816573 1
5817070 1
5819817 1
5820172 1
5820307 1
5822408 1
5823708 1
5824580 1
5826302 1
5828755 1
5849904 1
5850188 1
5851310 1
5861379 1
5864774 1
5868613 1
5868823 1
5870785 1
5874772 1
5877119 1
5880428 1
5882896 1
5890436 1
5892696 1
5893305 1
5893498 1
5894843 1
5894858 1
5895669 1
5896422 1
5903606 1
5903633 1
5905081 1
5914833 1
5926711 1
5927289 1
5929443 1
5929483 1
5931928 1
5939832 1
5948281 1
5948539 1
5948555 1
5950138 1
5951675 1
5952916 1
5954762 1
5956651 1
5957926 1
5962127 1
5967193 1
5969916 1
5972383 1
5973081 1
5974246 1
5974246 1
5978459 1
5982311 1
5983213 1
5985487 1
5987129 1
5987129 1
5987844 1
5992037 1
5992037 1
5994884 1
5995642 1
6010285 1
6011423 1
6032662 1
6044060 1
6045918 1
6058319 1
6058321 1
6065102 1
6066668 1
6068463 1
6073976 1
6082720 1
6086549 1
6092388 1
6094189 1
6096074 1
6099548 1
6100073 1
6105314 1
6108170 1
6108460 1
6108460 1
6110475 1
6110736 1
6125231 1
6130636 1
6137267 1
6138235 1
6138518 1
6141384 1
6146211 1
6151234 1
6155096 1
6155506 1
6156097 1
6156576 1
6175236 1
6179491 1
6179494 1
6188005 1
6191384 1
6191397 1
6193496 1
6193947 1
6193947 1
6207116 1
6225445 1
6226002 1
6227874 1
6230230 1
6235372 1
6246171 1
6253774 1
6257738 1
6259601 1
6263085 1
6264396 1
6278569 1
6288410 1
6295989 1
6299984 1
6300683 1
6310221 1
6314525 1
6314968 1
6315910 1
6315910 1
6316215 1
6329234 1
6345743 1
6346408 1
6346525 1
6347211 1
6348907 1
6350976 1
6351022 1
6352223 1
6357893 1
6358650 1
6361309 1
6363316 1
6364840 1
6368782 1
6370666 1
6382195 1
6391137 1
6394770 1
6397513 1
6400286 1
6401705 1
6402652 1
6404372 1
6407615 1
6409312 1
6417433 1
6417669 1
6422360 1
6435954 1
6439511 1
6443807 1
6447772 1
6453938 1
6458889 1
6478922 1
6483013 1
6485073 1
6485188 1
6490944 1
6504144 1
6505227 1
6513107 1
6516600 1
6530668 1
6530890 1
6535017 1
6537773 1
6537776 1
6539195 1
6548258 1
6556245 1
6556817 1
6557342 1
6561693 1
6577855 1
6581366 1
6586304 1
6591835 1
6593634 1
6602330 1
6603293 1
6605384 1
6613306 1
6613653 1
6616129 1
6620547 1
6625044 1
6625218 1
6637583 1
6638462 1
6639075 1
6647447 1
6652579 1
6654906 1
6657854 1
6658728 1
6659093 1
6668014 1
6675199 1
6680202 1
6694279 1
6715672 1
6715713 1
6720106 1
6721532 1
6730136 1
6732499 1
6744309 1
6756733 1
6762641 1
6770446 1
6778792 1
6787268 1
6787877 1
6787877 1
6816521 1
6822722 1
6824569 1
6826708 1
6831343 1
6831818 1
6832995 1
6835041 1
6843637 1
6851268 1
6853498 1
6853947 1
6856401 1
6860018 1
6860018 1
6868276 1
6869511 1
6869574 1
6876835 1
6877132 1
6878047 1
6878053 1
6881392 1
6890107 1
6892521 1
6892651 1
6893286 1
6894968 1
6896066 1
6897199 1
6899140 1
6900989 1
6901123 1
6906893 1
6909945 1
6912423 1
6915530 1
6917279 1
6924736 1
6927685 1
6931858 1
6932158 1
6941204 1
6945563 1
6947415 1
6948652 1
6952605 1
6952983 1
6952986 1
6957260 1
6957851 1
6961010 1
6961246 1
6966112 1
6975862 1
6976412 1
6979830 1
6982645 1
6990792 1
6995083 1
6996641 1
6999935 1
7011085 1
7011098 1
7011535 1
7011535 1
7014703 1
7021434 1
7030315 1
7042797 1
7049619 1
7056027 1
7057731 1
7061178 1
7061350 1
7062032 1
7072399 1
7072492 1
7099052 1
7099816 1
7100453 1
7109233 1
7117310 1
7117641 1
7119945 1
7132643 1
7141578 1
7144897 1
7148782 1
7151759 1
7151937 1
7151937 1
7152007 1
7152009 1
7154538 1
7155318 1
7164042 1
7165472 1
7179408 1
7179913 1
7225530 1
7225714 1
7226614 1
7229123 1
7232881 1
7235047 1
7235047 1
7236503 1
7236594 1
7249010 1
7249010 1
7253029 1
7253029 1
7260049 1
7262661 1
7263378 1
7264255 1
7272254 1
7272492 1
7279877 1
7281078 1
7281078 1
7282565 1
7286886 1
7287768 1
7290063 1
7291050 1
7291050 1
7296155 1
7298048 1
7299303 1
7299538 1
7306268 1
7306500 1
7312606 1
7314640 1
7314949 1
7317668 1
7321787 1
7323852 1
7325131 1
7330170 1
7337128 1
7339896 1
7346906 1
7348476 1
7356776 1
7369142 1
7369440 1
7373754 1
7373754 1
7374633 1
7387320 1
7398237 1
7399930 1
7404522 1
7404573 1
7415050 1
7420175 1
7426576 1
7427610 1
7444050 1
7459680 1
7459776 1
7460273 1
7461505 1
7463890 1
7478395 1
7486244 1
7488019 1
7490800 1
7492923 1
7495541 1
7502966 1
7502966 1
7504866 1
7512475 1
7522669 1
7527151 1
7528059 1
7530930 1
7535406 1
7539488 1
7545018 1
7546616 1
7547013 1
7560124 1
7563825 1
7572571 1
7576629 1
7590159 1
7590616 1
7591076 1
7591794 1
7595714 1
7599235 1
7620986 1
7632957 1
7635950 1
7637202 1
7637889 1
7638984 1
7648088 1
7649581 1
7656623 1
7663149 1
7666990 1
7669866 1
7670787 1
7675213 1
7703199 1
7705696 1
7707754 1
7708394 1
7712329 1
7712329 1
7715398 1
7725767 1
7733738 1
7733738 1
7733741 1
7739926 1
7743319 1
7746407 1
7752043 1
7753506 1
7755709 1
7759594 1
7763371 1
7774337 1
7774834 1
7774940 1
7791074 1
7801460 1
7802184 1
7809718 1
7829809 1
7839798 1
7840214 1
7860584 1
7865960 1
7869486 1
7872249 1
7877656 1
7878926 1
7883998 1
7889960 1
7893791 1
7893791 1
7894369 1
7894532 1
7900704 1
7910602 1
7913200 1
7914424 1
7915182 1
7915975 1
7924413 1
7926633 1
7934880 1
7937753 1
7938312 1
7941271 1
7941442 1
7946388 1
7949715 1
7958455 1
7961440 1
7964859 1
7965509 1
7965509 1
7966080 1
7966746 1
7966820 1
7968978 1
7972465 1
7976117 1
7976855 1
7978664 1
7980307 1
7983192 1
7989378 1
8000635 1
8007326 1
8007332 1
8007895 1
8014695 1
8015813 1
8025847 1
8026620 1
8026620 1
8029145 1
8031016 1
8031330 1
8033828 1
8034209 1
8035584 1
8037246 1
8048611 1
8049419 1
8053090 1
8053386 1
8057750 1
8062028 1
8064120 1
8075592 1
8076642 1
8077002 1
8088985 1
8095541 1
8095689 1
8096599 1
8103789 1
8104002 1
8111122 1
8113526 1
8118482 1
8118482 1
8118858 1
8120017 1
8121352 1
8126219 1
8126765 1
8126932 1
8127654 1
8131849 1
8131852 1
8144574 1
8146507 1
8148147 1
8154609 1
8156355 1
8158532 1
8164198 1
8166770 1
8175337 1
8187379 1
8190006 1
8193344 1
8203061 1
8206021 1
8215430 1
8217708 1
8219296 1
8219296 1
8225457 1
8231228 1
8249696 1
8252584 1
8255427 1
8262213 1
8271930 1
8272616 1
8272616 1
8272894 1
8275490 1
8287706 1
8296477 1
8296942 1
8298082 1
8300354 1
8303244 1
8303249 1
8306648 1
15755 1
27229 1
28001 1
38882 1
63947 1
68355 1
68827 1
71565 1
74711 1
78172 1
78172 1
79676 1
83170 1
83237 1
98738 1
102353 1
105783 1
106797 1
108641 1
113838 1
117511 1
120077 1
122707 1
123012 1
123032 1
129710 1
131286 1
134115 1
134275 1
146927 1
149857 1
158126 1
172260 1
176059 1
177007 1
177495 1
183313 1
184460 1
184460 1
186305 1
188725 1
195194 1
199929 1
199929 1
199929 1
200042 1
201742 1
204490 1
209702 1
225234 1
228002 1
228850 1
229962 1
229996 1
232828 1
237085 1
249585 1
252033 1
253169 1
266708 1
267586 1
270660 1
272700 1
273034 1
275162 1
275205 1
285864 1
287991 1
288036 1
297217 1
335196 1
341691 1
341932 1
342174 1
344493 1
351036 1
353374 1
363406 1
363510 1
366151 1
366151 1
375069 1
382878 1
384593 1
398839 1
398839 1
415261 1
416273 1
424814 1
425656 1
428796 1
447035 1
452141 1
452603 1
453012 1
464463 1
472101 1
493664 1
501343 1
502409 1
504560 1
512294 1
535822 1
547431 1
553376 1
556549 1
565489 1
570865 1
575305 1
578141 1
578444 1
579501 1
580582 1
580715 1
587353 1
594116 1
596336 1
597827 1
610620 1
642454 1
648641 1
659118 1
669619 1
688562 1
719908 1
720398 1
729149 1
734006 1
736251 1
744303 1
745235 1
748037 1
750390 1
750390 1
752706 1
757944 1
760345 1
760370 1
762573 1
768592 1
788912 1
796660 1
799605 1
804490 1
804490 1
808101 1
812787 1
812875 1
814819 1
818528 1
821814 1
825342 1
831540 1
837744 1
839278 1
849044 1
866327 1
868880 1
869304 1
871631 1
888236 1
903257 1
903257 1
903257 1
903257 1
906550 1
910031 1
912399 1
917628 1
918163 1
926370 1
926370 1
929338 1
931251 1
931543 1
935980 1
936781 1
941140 1
943745 1
949438 1
949438 1
954322 1
956272 1
977780 1
990990 1
990990 1
998660 1
998984 1
1005116 1
1011504 1
1013039 1
1014792 1
1015240 1
1016331 1
1016923 1
1029519 1
1032046 1
1032866 1
1044632 1
1047186 1
1047597 1
1047846 1
1051205 1
1051469 1
1057913 1
1059330 1
1060186 1
1062714 1
1067724 1
1083512 1
1087807 1
1088888 1
1095528 1
1099523 1
1101130 1
1105467 1
1117217 1
1122157 1
1123153 1
1137130 1
1142101 1
1148105 1
1151340 1
1154595 1
1163411 1
1164364 1
1168015 1
1169835 1
1170043 1
1172151 1
1173007 1
1179828 1
1189863 1
1196080 1
1196606 1
1199230 1
1212253 1
1214572 1
1215494 1
1216194 1
1231370 1
1232292 1
1235510 1
1236057 1
1236978 1
1241064 1
1245856 1
1251306 1
1256670 1
1258352 1
1262913 1
1263626 1
1268234 1
1268314 1
1278865 1
1279128 1
1288399 1
1289577 1
1291596 1
1291776 1
1305353 1
1308476 1
1311444 1
1322923 1
1323068 1
1325217 1
1334957 1
1336394 1
1338904 1
1339849 1
1342164 1
1350417 1
1360050 1
1362754 1
1368607 1
1369330 1
1371946 1
1373322 1
1404206 1
1406438 1
1407459 1
1408136 1
1414756 1
1426036 1
1428042 1
1429219 1
1433785 1
1441841 1
1444889 1
1445230 1
1446374 1
1455668 1
1458573 1
1459690 1
1461505 1
1463933 1
1468770 1
1472149 1
1473614 1
1474706 1
1475774 1
1476669 1
1478576 1
1480393 1
1482365 1
1493656 1
1494848 1
1494956 1
1495939 1
1507345 1
1512203 1
1513020 1
1522730 1
1523191 1
1523536 1
1524060 1
1524202 1
1527958 1
1528692 1
1529744 1
1532991 1
1534406 1
1541095 1
1543247 1
1545327 1
1552417 1
1553096 1
1559275 1
1563028 1
1566299 1
1567941 1
1569829 1
1572903 1
1577939 1
1577993 1
1581430 1
1588884 1
1589583 1
1589974 1
1597636 1
1598667 1
1598675 1
1599601 1
1603960 1
1608489 1
1610389 1
1617524 1
1624137 1
1647413 1
1647535 1
1654977 1
1659613 1
1662016 1
1662052 1
1668771 1
1671304 1
1674450 1
1678685 1
1691375 1
1691810 1
1692686 1
1705721 1
1705957 1
1706111 1
1716226 1
1717836 1
1718678 1
1721749 1
1723981 1
1724870 1
1725101 1
1745476 1
1745658 1
1749679 1
1757890 1
1760333 1
1766423 1
1772720 1
1780317 1
1782407 1
1786333 1
1786523 1
1788813 1
1788813 1
1789831 1
1790791 1
1790968 1
1791005 1
1791036 1
1812425 1
1815902 1
1818006 1
1819686 1
1821901 1
1825781 1
1826668 1
1834414 1
1837186 1
1839459 1
1840907 1
1847811 1
1847910 1
1863233 1
1869497 1
1872119 1
1891067 1
1897703 1
1911234 1
1912743 1
1913877 1
1914698 1
1917487 1
1929024 1
1933976 1
1942109 1
1942824 1
1947547 1
1951786 1
1965490 1
1969110 1
1975367 1
1976942 1
1997764 1
2004612 1
2004612 1
2004716 1
2006755 1
2010087 1
2010571 1
2011260 1
2011287 1
2014658 1
2015137 1
2015252 1
2015252 1
2018512 1
2019108 1
2032758 1
2045251 1
2054758 1
2057396 1
2057694 1
2057699 1
2065229 1
2068018 1
2069608 1
2099729 1
2100091 1
2120772 1
2124095 1
2126792 1
2129924 1
2139244 1
2143203 1
2150724 1
2150942 1
2153711 1
2155483 1
2159095 1
2159380 1
2164016 1
2164764 1
2165466 1
2187307 1
2188872 1
2190426 1
2192752 1
2193320 1
2193865 1
2194820 1
2201593 1
2205297 1
2221598 1
2227620 1
2234607 1
2241300 1
2257075 1
2260295 1
2265353 1
2265792 1
2272053 1
2278719 1
2279948 1
2285855 1
2285855 1
2291580 1
2294205 1
2302666 1
2306515 1
2309174 1
2325868 1
2334267 1
2342957 1
2358922 1
2361845 1
2362287 1
2374464 1
2381529 1
2384012 1
2384012 1
2384028 1
2387100 1
2387290 1
2396977 1
2399182 1
2402982 1
2404655 1
2412690 1
2422453 1
2424987 1
2428617 1
2430753 1
2432223 1
2435058 1
2440473 1
2440613 1
2447297 1
2466713 1
2466713 1
2470468 1
2470907 1
2470937 1
2471589 1
2472594 1
2489305 1
2491713 1
2494499 1
2496577 1
2496577 1
2501532 1
2502396 1
2506104 1
2506241 1
2515737 1
2519581 1
2519859 1
2522635 1
2523182 1
2523698 1
2524567 1
2525179 1
2527174 1
2542390 1
2551033 1
2552209 1
2554269 1
2561020 1
2564098 1
2564164 1
2565006 1
2567400 1
2568487 1
2575014 1
2579596 1
2579596 1
2582821 1
2584602 1
2599175 1
2605676 1
2608609 1
2612039 1
2613765 1
2616592 1
2616793 1
2618066 1
2619863 1
2621759 1
2623244 1
2625358 1
2628884 1
2640248 1
2645335 1
2649418 1
2651530 1
2654392 1
2654805 1
2656591 1
2665411 1
2665414 1
2678076 1
2683995 1
2685118 1
2687665 1
2688745 1
2690741 1
2701978 1
2706688 1
2710328 1
2716265 1
2722270 1
2727537 1
2747107 1
2750788 1
2751314 1
2762834 1
2765512 1
2769754 1
2769768 1
2771143 1
2773559 1
2780474 1
2791629 1
2792044 1
2794143 1
2794752 1
2795315 1
2796368 1
2798521 1
2800724 1
2800884 1
2801122 1
2806258 1
2807558 1
2810913 1
2816060 1
2817345 1
2820270 1
2824676 1
2825937 1
2827741 1
2829258 1
2839955 1
2845684 1
2849984 1
2851216 1
2852980 1
2855607 1
2868825 1
2874194 1
2876420 1
2878891 1
2879613 1
2885219 1
2901964 1
2905526 1
2913464 1
2915597 1
2916591 1
2920410 1
2923210 1
2925953 1
2928055 1
2929847 1
2937810 1
2940460 1
2944006 1
2952638 1
2965221 1
2967648 1
2970313 1
2971585 1
2989830 1
2990911 1
2992545 1
2995197 1
2996213 1
3002753 1
3007058 1
3026536 1
3033756 1
3050803 1
3051579 1
3060058 1
3063528 1
3063528 1
3066782 1
3073204 1
3073277 1
3087455 1
3088808 1
3096960 1
3101079 1
3105398 1
3107431 1
3111219 1
3111452 1
3112274 1
3123396 1
3124319 1
3139164 1
3144819 1
3144966 1
3149808 1
3152252 1
3159100 1
3164327 1
3179756 1
3183717 1
3189762 1
3191481 1
3195306 1
3196823 1
3205810 1
3207772 1
3207781 1
3209976 1
3210211 1
3219711 1
3225390 1
3228753 1
3234708 1
3240805 1
3243943 1
3244042 1
3246708 1
3246715 1
3248675 1
3249441 1
3251556 1
3253254 1
3253254 1
3254864 1
3259805 1
3261677 1
3266112 1
3267050 1
3269934 1
3271472 1
3271710 1
3272668 1
3287186 1
3291833 1
3291833 1
3300767 1
3302343 1
3306837 1
3311970 1
3312716 1
3319466 1
3321141 1
3324345 1
3327951 1
3339903 1
3342394 1
3346966 1
3349265 1
3358699 1
3359841 1
3361404 1
3365000 1
3381467 1
3381891 1
3384087 1
3389420 1
3395384 1
3398360 1
3401027 1
3403849 1
3405372 1
3407009 1
3407566 1
3413100 1
3418247 1
3419070 1
3420108 1
3421807 1
3423165 1
3429098 1
3432649 1
3434015 1
3434789 1
3436996 1
3452409 1
3465800 1
3470366 1
3471116 1
3474605 1
3474605 1
3478817 1
3481850 1
3483163 1
3485460 1
3485732 1
3488003 1
3489265 1
3489592 1
3493294 1
3504753 1
3505147 1
3511335 1
3512670 1
3513028 1
3514332 1
3514332 1
3521150 1
3523467 1
3523993 1
3525572 1
3526508 1
3526508 1
3527715 1
3537065 1
3537964 1
3541911 1
3541938 1
3555616 1
3570745 1
3570745 1
3571184 1
3572417 1
3572897 1
3574883 1
3577538 1
3591305 1
3591311 1
3594039 1
3598103 1
3598308 1
3599874 1
3605538 1
3610102 1
3615073 1
3628662 1
3634037 1
3634037 1
3644553 1
3645987 1
3653512 1
3653997 1
3655922 1
3659120 1
3666961 1
3667932 1
3675318 1
3687614 1
3690714 1
3696121 1
3697019 1
3698428 1
3698662 1
3731386 1
3732877 1
3734167 1
3739973 1
3744770 1
3747921 1
3751368 1
3752074 1
3752548 1
3758729 1
3784258 1
3792283 1
3798134 1
3798398 1
3806184 1
3806188 1
3812963 1
3819560 1
3821288 1
3821344 1
3830551 1
3838741 1
3857170 1
3857346 1
3860748 1
3861553 1
3867908 1
3873330 1
3873891 1
3875306 1
3877750 1
3878941 1
3888812 1
3890412 1
3892821 1
3895328 1
3895988 1
3898311 1
3903244 1
3904959 1
3908777 1
3910541 1
3913040 1
3924749 1
3926526 1
3940457 1
3959762 1
3966690 1
3970938 1
3971791 1
3973041 1
3976669 1
3982352 1
3985118 1
3993524 1
3993870 1
4005787 1
4007901 1
4010348 1
4015414 1
4018657 1
4021288 1
4022708 1
4024634 1
4030300 1
4032742 1
4036692 1
4037101 1
4041479 1
4044773 1
4049691 1
4065892 1
4068640 1
4069801 1
4073058 1
4076235 1
4087898 1
4088143 1
4097535 1
4098212 1
4099152 1
4113728 1
4114536 1
4130626 1
4130626 1
4134758 1
4143453 1
4144493 1
4144493 1
4147178 1
4147178 1
4148092 1
4150900 1
4151225 1
4158543 1
4158762 1
4161669 1
4165154 1
4179573 1
4181448 1
4190269 1
4191068 1
4192927 1
4192960 1
4200553 1
4204108 1
4206791 1
4206806 1
4207575 1
4207729 1
4209870 1
4212756 1
4215032 1
4218393 1
4224301 1
4225496 1
4226956 1
4238341 1
4243020 1
4243023 1
4252459 1
4258826 1
4259268 1
4261458 1
4263708 1
4271868 1
4274756 1
4288775 1
4288775 1
4296200 1
4316042 1
4321601 1
4331500 1
4331507 1
4333718 1
4335494 1
4342497 1
4347376 1
4350595 1
4353514 1
4354288 1
4359237 1
4359237 1
4361072 1
4366108 1
4367654 1
4368953 1
4375507 1
4376933 1
4377770 1
4382437 1
4396249 1
4404673 1
4414306 1
4415003 1
4415144 1
4419574 1
4431536 1
4433775 1
4435119 1
4438303 1
4438303 1
4439742 1
4441201 1
4442538 1
4448135 1
4448548 1
4464012 1
4467862 1
4475456 1
4480630 1
4481115 1
4481962 1
4488509 1
4490106 1
4490691 1
4491105 1
4492819 1
4494037 1
4495990 1
4507898 1
4509006 1
4527313 1
4527313 1
4532035 1
4532749 1
4535585 1
4535688 1
4535698 1
4539723 1
4548019 1
4551355 1
4553019 1
4553880 1
4554316 1
4575820 1
4576804 1
4577883 1
4579561 1
4587397 1
4595550 1
4597607 1
4613715 1
4613715 1
4620836 1
4631015 1
4633459 1
4638478 1
4638478 1
4639708 1
4645010 1
4651087 1
4656949 1
4658169 1
4659957 1
4663609 1
4665009 1
4665124 1
4666831 1
4668211 1
4668391 1
4682925 1
4684400 1
4684460 1
4685126 1
4689405 1
4691989 1
4692916 1
4694345 1
4698577 1
4703500 1
4705515 1
4706022 1
4708450 1
4711074 1
4711074 1
4711074 1
4722785 1
4731416 1
4731643 1
4738051 1
4745367 1
4747197 1
4750753 1
4754011 1
4755123 1
4759724 1
4763116 1
4765311 1
4771216 1
4773011 1
4777680 1
4780419 1
4790842 1
4791694 1
4796237 1
4799066 1
4805423 1
4807485 1
4814040 1
4814887 1
4814887 1
4820281 1
4822468 1
4825036 1
4825036 1
4825544 1
4834293 1
4835396 1
4837669 1
4849428 1
4857017 1
4863644 1
4872043 1
4874435 1
4881231 1
4882662 1
4885194 1
4885387 1
4895159 1
4901290 1
4902673 1
4902785 1
4906036 1
4906204 1
4916760 1
4916760 1
4929586 1
4931194 1
4934573 1
4947289 1
4955745 1
4963090 1
4971203 1
4976603 1
4981642 1
4987862 1
4991977 1
4991977 1
4999636 1
5001945 1
5005305 1
5014438 1
5025556 1
5029200 1
5029467 1
5030721 1
5037249 1
5039956 1
5043997 1
5046319 1
5046533 1
5050107 1
5056325 1
5061817 1
5073784 1
5079467 1
5086192 1
5088013 1
5089847 1
5101572 1
5109454 1
5116318 1
5122755 1
5126994 1
5133875 1
5134885 1
5148940 1
5151444 1
5151559 1
5154158 1
5155040 1
5156948 1
5166782 1
5171677 1
5183548 1
5186625 1
5190323 1
5199531 1
5208520 1
5209221 1
5210240 1
5210240 1
5216625 1
5218820 1
5221854 1
5227641 1
5237282 1
5246860 1
5255737 1
5256970 1
5259765 1
5270032 1
5271775 1
5280510 1
5284442 1
5292360 1
5292495 1
5293033 1
5294036 1
5296123 1
5296285 1
5299662 1
5301193 1
5301243 1
5301979 1
5307133 1
5309605 1
5320451 1
5321701 1
5322614 1
5325262 1
5330128 1
5332171 1
5342250 1
5346443 1
5364206 1
5373961 1
5379401 1
5410661 1
5418685 1
5418690 1
5422437 1
5423831 1
5426830 1
5430933 1
5432130 1
5435533 1
5438798 1
5448649 1
5451343 1
5456798 1
5461879 1
5464791 1
5465230 1
5471425 1
5488860 1
5496485 1
5504059 1
5506879 1
5521088 1
5522340 1
5533318 1
5542534 1
5543107 1
5547882 1
5555152 1
5561565 1
5565699 1
5566337 1
5568219 1
5569763 1
5570900 1
5580394 1
5585111 1
5585606 1
5587061 1
5587327 1
5592959 1
5598577 1
5598578 1
5598578 1
5598976 1
5599358 1
5602750 1
5606300 1
5606844 1
5616174 1
5616583 1
5627740 1
5627741 1
5637642 1
5647793 1
5647892 1
5648252 1
5648835 1
5650907 1
5654337 1
5656086 1
5656808 1
5660089 1
5662187 1
5663074 1
5663271 1
5663313 1
5665831 1
5678929 1
5685549 1
5685588 1
5685588 1
5685979 1
5686036 1
5687398 1
5688196 1
5692510 1
5694249 1
5695739 1
5695739 1
5698557 1
5700139 1
5700139 1
5700265 1
5700492 1
5700592 1
5703252 1
5707747 1
5708625 1
5708625 1
5718297 1
5722111 1
5723253 1
5725110 1
5734513 1
5738081 1
5744527 1
5747865 1
5747865 1
5751700 1
5751709 1
5751717 1
5758572 1
5761306 1
5761578 1
5764354 1
5765088 1
5765088 1
5767406 1
5768925 1
5779933 1
5782081 1
5782196 1
5783051 1
5786309 1
5790349 1
5801045 1
5801924 1
5802763 1
5806462 1
5815816 1
5818042 1
5821594 1
5821758 1
5832802 1
5835217 1
5836836 1
5840582 1
5850046 1
5860312 1
5861140 1
5862543 1
5869301 1
5877050 1
5878234 1
5880293 1
5881846 1
5888544 1
5890639 1
5894627 1
5894905 1
5902813 1
5906074 1
5906074 1
5920014 1
5920704 1
5921478 1
5924145 1
5933986 1
5934151 1
5937197 1
5946022 1
5948102 1
5950204 1
5961958 1
5961958 1
5963250 1
5968207 1
5986741 1
5987167 1
5993579 1
5994136 1
5996291 1
5999038 1
6001367 1
6004472 1
6005172 1
6005388 1
6010567 1
6010997 1
6012245 1
6020842 1
6021727 1
6025266 1
6051585 1
6052231 1
6052256 1
6054975 1
6055641 1
6058953 1
6059819 1
6074265 1
6087634 1
6092824 1
6098477 1
6098939 1
6099023 1
6099384 1
6099625 1
6102579 1
6108149 1
6122680 1
6123069 1
6127187 1
6128986 1
6132425 1
6139057 1
6140113 1
6143765 1
6144331 1
6145908 1
6162955 1
6174423 1
6182371 1
6183814 1
6187809 1
6189144 1
6190592 1
6200787 1
6202970 1
6207933 1
6223115 1
6224654 1
6226227 1
6235405 1
6236571 1
6239334 1
6250703 1
6255226 1
6256239 1
6259654 1
6266255 1
6267252 1
6274009 1
6279279 1
6287205 1
6310327 1
6311891 1
6318451 1
6320156 1
6322887 1
6336127 1
6355287 1
6355287 1
6359768 1
6365674 1
6365674 1
6368596 1
6369181 1
6375416 1
6376725 1
6380158 1
6382887 1
6395464 1
6426123 1
6426137 1
6429592 1
6434320 1
6444130 1
6447012 1
6447012 1
6450281 1
6475124 1
6475234 1
6478223 1
6501215 1
6505674 1
6507688 1
6510315 1
6513073 1
6514510 1
6521287 1
6522675 1
6522990 1
6524030 1
6524717 1
6526986 1
6531725 1
6532265 1
6533384 1
6533384 1
6536943 1
6542949 1
6543014 1
6543633 1
6543762 1
6545478 1
6546448 1
6552881 1
6554717 1
6556969 1
6556998 1
6557808 1
6557808 1
6568131 1
6572243 1
6573016 1
6577684 1
6578413 1
6581512 1
6586597 1
6601136 1
6615002 1
6615835 1
6623738 1
6632349 1
6634635 1
6634658 1
6636091 1
6647387 1
6654960 1
6667826 1
6669056 1
6672581 1
6672901 1
6682100 1
6686396 1
6692927 1
6695618 1
6695769 1
6701215 1
6702610 1
6709905 1
6710310 1
6712957 1
6713180 1
6718204 1
6718204 1
6718721 1
6719409 1
6729220 1
6730552 1
6734623 1
6734623 1
6735043 1
6736316 1
6748224 1
6750579 1
6751472 1
6764197 1
6764360 1
6764697 1
6766077 1
6768471 1
6772208 1
6787983 1
6792968 1
6794698 1
6801602 1
6818205 1
6834699 1
6843579 1
6846103 1
6846161 1
6848647 1
6849825 1
6850569 1
6851535 1
6851537 1
6859147 1
6879398 1
6879917 1
6888275 1
6888275 1
6890884 1
6891742 1
6892730 1
6897826 1
6917994 1
6926567 1
6926663 1
6929471 1
6929745 1
6934446 1
6935418 1
6937267 1
6938149 1
6940107 1
6943945 1
6944469 1
6946443 1
6955298 1
6963897 1
6976659 1
6981583 1
6986429 1
6988187 1
6994052 1
6999862 1
6999894 1
7000650 1
7002737 1
7005734 1
7009767 1
7015179 1
7022242 1
7029634 1
7039080 1
7039590 1
7039596 1
7044732 1
7047301 1
7047301 1
7050364 1
7052032 1
7063339 1
7064845 1
7065384 1
7065384 1
7066469 1
7067267 1
7068021 1
7070686 1
7070686 1
7074801 1
7080532 1
7093475 1
7107170 1
7110543 1
7110580 1
7116678 1
7118619 1
7123041 1
7124203 1
7129521 1
7133939 1
7135470 1
7139087 1
7140165 1
7148285 1
7149533 1
7154369 1
7155696 1
7158640 1
7159492 1
7174208 1
7177517 1
7187853 1
7188854 1
7200182 1
7202820 1
7202859 1
7212921 1
7217198 1
7224702 1
7229795 1
7235814 1
7236205 1
7238899 1
7239849 1
7240952 1
7242974 1
7244876 1
7277294 1
7284012 1
7284339 1
7284472 1
7286154 1
7288231 1
7288675 1
7292973 1
7294725 1
7294725 1
7294845 1
7298505 1
7304636 1
7305697 1
7306529 1
7307389 1
7308467 1
7310026 1
7313275 1
7318443 1
7319031 1
7319057 1
7319184 1
7319829 1
7320995 1
7323345 1
7325077 1
7326840 1
7327919 1
7328538 1
7330554 1
7330601 1
7344664 1
7348547 1
7359462 1
7369971 1
7370939 1
7372822 1
7378799 1
7383663 1
7387676 1
7393399 1
7394419 1
7399641 1
7401587 1
7405293 1
7412725 1
7415186 1
7415587 1
7419891 1
7429118 1
7431283 1
7431283 1
7438146 1
7439916 1
7441397 1
7446447 1
7459920 1
7474514 1
7478253 1
7491016 1
7491635 1
7493511 1
7505724 1
7507164 1
7509307 1
7511327 1
7521748 1
7526259 1
7526440 1
7528388 1
7529231 1
7533847 1
7534828 1
7536933 1
7539018 1
7539088 1
7543619 1
7545261 1
7552952 1
7554876 1
7556364 1
7558099 1
7567226 1
7574888 1
7576134 1
7581314 1
7585321 1
7599471 1
7612892 1
7613091 1
7621473 1
7622687 1
7624973 1
7634521 1
7635926 1
7635926 1
7638845 1
7643816 1
7646856 1
7654393 1
7660587 1
7660587 1
7678225 1
7699798 1
7704679 1
7704726 1
7709471 1
7717924 1
7737220 1
7741294 1
7747519 1
7753336 1
7762405 1
7775387 1
7776338 1
7778201 1
7778201 1
7804062 1
7804062 1
7810975 1
7811293 1
7816722 1
7825557 1
7829871 1
7831122 1
7836607 1
7836607 1
7837731 1
7847607 1
7849382 1
7849875 1
7851063 1
7852991 1
7856377 1
7857753 1
7865717 1
7869309 1
7869851 1
7872064 1
7873926 1
7874813 1
7876164 1
7879253 1
7888102 1
7888370 1
7894750 1
7899982 1
7915484 1
7919249 1
7924173 1
7930871 1
7930871 1
7937711 1
7939751 1
7939751 1
7942801 1
7945404 1
7951146 1
7955890 1
7955890 1
7971000 1
7980522 1
7980522 1
7981306 1
7988073 1
7992774 1
8003380 1
8009188 1
8011361 1
8011613 1
8012344 1
8018742 1
8027850 1
8035683 1
8036010 1
8038104 1
8042900 1
8045255 1
8053662 1
8053776 1
8057424 1
8061150 1
8064884 1
8066357 1
8070555 1
8070756 1
8076431 1
8077779 1
8092541 1
8102184 1
8105940 1
8106381 1
8107608 1
8116175 1
8119191 1
8121631 1
8124111 1
8126987 1
8131662 1
8132015 1
8138834 1
8139418 1
8139418 1
8140124 1
8142348 1
8142348 1
8142989 1
8152131 1
8152816 1
8156067 1
8159217 1
8166676 1
8174603 1
8184697 1
8184858 1
8184858 1
8191379 1
8192043 1
8196577 1
8202970 1
8203023 1
8204747 1
8208224 1
8210620 1
8219516 1
8219729 1
8233472 1
8245518 1
8250186 1
8256298 1
8257139 1
8265760 1
8270456 1
8272119 1
8272472 1
8276702 1
8283270 1
8283892 1
8286089 1
8299759 1
8300262 1
8301082 1
8308828 1
8308828 1
8802 1
53820 1
55328 1
58558 1
68408 1
69550 1
70832 1
73563 1
78998 1
82966 1
82984 1
89763 1
100630 1
101678 1
109425 1
112411 1
118353 1
118642 1
120691 1
120920 1
125833 1
125833 1
135851 1
141652 1
141934 1
143637 1
144387 1
149765 1
157456 1
157593 1
157685 1
158641 1
159117 1
162852 1
165822 1
166985 1
179676 1
185762 1
189091 1
204474 1
217167 1
221614 1
221959 1
222661 1
226886 1
229602 1
234574 1
239010 1
244712 1
244712 1
249420 1
250257 1
272707 1
273141 1
273202 1
275154 1
278692 1
278692 1
285207 1
286031 1
286303 1
286478 1
287678 1
291679 1
296528 1
297521 1
297651 1
305074 1
311976 1
312067 1
315739 1
315914 1
319736 1
321023 1
322669 1
322898 1
335939 1
344671 1
351238 1
352556 1
357860 1
359169 1
359169 1
359637 1
361112 1
364024 1
364200 1
371445 1
372500 1
372518 1
384174 1
425147 1
425305 1
428107 1
429817 1
437843 1
442223 1
448283 1
458794 1
471364 1
478572 1
484740 1
485643 1
506806 1
509290 1
524721 1
525080 1
526213 1
527707 1
530108 1
531653 1
532549 1
546649 1
554670 1
562637 1
568320 1
570233 1
571926 1
575241 1
578193 1
578960 1
582173 1
586388 1
587966 1
603383 1
606708 1
606737 1
608219 1
613721 1
613941 1
614674 1
643065 1
643791 1
644861 1
651956 1
655179 1
656663 1
659152 1
659159 1
660469 1
678756 1
680693 1
681545 1
687473 1
691750 1
694891 1
699555 1
699642 1
706758 1
710462 1
711356 1
712245 1
724842 1
726110 1
731253 1
735442 1
737242 1
738021 1
740183 1
741791 1
749926 1
749926 1
756693 1
773773 1
775706 1
780012 1
781638 1
788550 1
793041 1
798799 1
808242 1
814751 1
830822 1
833007 1
846511 1
846547 1
848610 1
852683 1
854960 1
856849 1
861943 1
864703 1
868507 1
868546 1
869828 1
870286 1
871387 1
873008 1
875092 1
875092 1
884523 1
908896 1
919035 1
920089 1
928213 1
936082 1
939199 1
954707 1
962743 1
970230 1
973380 1
978561 1
983450 1
983450 1
985272 1
998487 1
1003213 1
1007063 1
1014834 1
1020748 1
1020748 1
1024580 1
1025811 1
1030834 1
1031363 1
1032682 1
1041197 1
1041286 1
1041595 1
1045877 1
1047376 1
1049963 1
1058423 1
1060292 1
1063974 1
1066070 1
1067257 1
1069560 1
1072766 1
1074521 1
1078023 1
1081664 1
1082642 1
1083404 1
1086063 1
1086063 1
1091446 1
1093734 1
1096113 1
1096196 1
1099188 1
1100024 1
1101188 1
1101621 1
1105187 1
1107717 1
1112562 1
1112805 1
1115808 1
1119982 1
1123063 1
1131012 1
1132936 1
1140137 1
1141096 1
1143628 1
1145749 1
1145767 1
1146593 1
1148728 1
1150251 1
1159414 1
1162209 1
1164298 1
1167098 1
1172632 1
1175809 1
1181480 1
1181480 1
1184124 1
1195837 1
1207058 1
1211817 1
1214214 1
1215775 1
1221397 1
1223164 1
1224980 1
1233228 1
1237082 1
1244271 1
1248344 1
1248973 1
1248973 1
1250421 1
1258288 1
1258323 1
1258323 1
1263819 1
1267483 1
1268530 1
1279710 1
1290816 1
1290816 1
1297357 1
1301911 1
1304376 1
1309853 1
1314257 1
1318572 1
1320965 1
1331335 1
1333081 1
1345300 1
1345300 1
1347952 1
1355808 1
1356542 1
1359180 1
1359783 1
1375863 1
1376509 1
1379565 1
1383181 1
1384398 1
1385127 1
1385138 1
1386787 1
1391528 1
1391896 1
1392937 1
1394250 1
1394250 1
1396404 1
1405917 1
1410735 1
1414231 1
1417918 1
1421146 1
1422040 1
1422152 1
1422741 1
1425828 1
1426833 1
1430186 1
1434680 1
1437799 1
1440363 1
1441165 1
1444893 1
1445557 1
1446005 1
1446224 1
1446224 1
1449426 1
1458911 1
1461109 1
1461215 1
1462156 1
1463942 1
1466631 1
1469124 1
1470434 1
1474276 1
1474627 1
1478975 1
1481943 1
1484831 1
1494041 1
1495840 1
1496291 1
1497114 1
1499874 1
1499921 1
1503634 1
1506063 1
1506192 1
1513412 1
1519032 1
1520628 1
1543956 1
1543976 1
1544783 1
1545052 1
1549517 1
1553853 1
1557486 1
1557486 1
1561970 1
1565813 1
1575808 1
1576527 1
1587380 1
1590282 1
1597713 1
1603927 1
1607773 1
1609632 1
1611853 1
1619524 1
1620161 1
1620413 1
1628602 1
1635060 1
1635412 1
1636159 1
1640701 1
1641510 1
1646626 1
1647402 1
1653303 1
1657458 1
1658024 1
1658622 1
1668804 1
1668804 1
1669348 1
1670744 1
1676103 1
1677476 1
1678497 1
1687928 1
1692560 1
1704684 1
1706984 1
1711416 1
1711416 1
1712146 1
1718798 1
1718798 1
1726754 1
1727622 1
1731040 1
1737334 1
1752031 1
1756839 1
1760144 1
1762221 1
1764297 1
1770848 1
1772013 1
1784697 1
1789540 1
1794124 1
1794553 1
1804700 1
1814417 1
1822444 1
1825932 1
1844564 1
1846428 1
1851944 1
1852262 1
1852911 1
1854022 1
1856882 1
1857260 1
1861773 1
1877550 1
1880432 1
1881084 1
1882478 1
1882658 1
1883728 1
1896221 1
1900702 1
1904076 1
1908911 1
1909313 1
1909335 1
1910080 1
1910357 1
1918078 1
1918193 1
1918193 1
1931598 1
1934500 1
1936469 1
1941067 1
1942165 1
1949265 1
1966295 1
1967946 1
1969960 1
1976542 1
1978181 1
1979723 1
1985722 1
1986674 1
1987031 1
1990678 1
1991360 1
2001368 1
2001832 1
2012440 1
2015246 1
2021121 1
2033247 1
2036822 1
2042825 1
2043726 1
2044299 1
2047345 1
2056235 1
2058504 1
2062568 1
2070136 1
2075150 1
2083349 1
2088496 1
2095328 1
2095974 1
2098785 1
2111397 1
2114697 1
2115738 1
2116678 1
2120240 1
2121365 1
2127113 1
2132636 1
2135532 1
2137561 1
2140831 1
2141434 1
2156745 1
2157679 1
2160674 1
2164330 1
2168574 1
2174849 1
2180814 1
2187246 1
2189048 1
2190656 1
2194164 1
2205060 1
2205340 1
2214128 1
2223676 1
2224409 1
2232122 1
2234880 1
2236013 1
2246609 1
2248563 1
2255008 1
2267676 1
2268400 1
2271473 1
2275918 1
2276139 1
2278745 1
2283661 1
2291798 1
2298726 1
2299352 1
2300000 1
2302368 1
2303051 1
2319677 1
2322821 1
2325068 1
2327892 1
2333344 1
2333344 1
2333587 1
2338025 1
2343766 1
2351218 1
2357220 1
2357822 1
2360024 1
2360401 1
2367059 1
2368128 1
2373181 1
2375215 1
2377506 1
2378850 1
2386307 1
2401493 1
2401580 1
2406130 1
2407719 1
2409464 1
2410290 1
2410471 1
2416975 1
2416975 1
2424751 1
2428985 1
2432816 1
2438464 1
2453252 1
2455487 1
2459178 1
2464618 1
2464618 1
2477740 1
2480955 1
2483080 1
2488578 1
2492769 1
2497660 1
2501969 1
2502738 1
2509355 1
2511109 1
2514504 1
2518020 1
2520891 1
2525188 1
2526124 1
2531568 1
2531858 1
2532198 1
2539153 1
2540521 1
2561829 1
2562654 1
2566383 1
2567357 1
2576419 1
2576419 1
2579480 1
2585579 1
2587702 1
2595502 1
2598244 1
2598487 1
2605840 1
2608205 1
2614508 1
2617578 1
2620339 1
2620872 1
2623862 1
2629032 1
2632003 1
2635278 1
2635783 1
2636957 1
2639761 1
2639904 1
2643037 1
2644518 1
2644778 1
2644877 1
2649068 1
2651948 1
2652296 1
2667033 1
2675086 1
2676744 1
2685769 1
2686043 1
2692670 1
2713428 1
2714710 1
2726104 1
2734559 1
2738955 1
2743936 1
2751292 1
2754144 1
2757022 1
2759542 1
2772610 1
2775132 1
2776887 1
2778999 1
2779509 1
2779714 1
2790202 1
2793989 1
2799636 1
2803163 1
2806275 1
2809663 1
2810732 1
2814087 1
2816940 1
2819782 1
2823060 1
2823060 1
2827499 1
2830857 1
2832842 1
2838485 1
2853676 1
2859129 1
2862565 1
2862565 1
2865486 1
2866480 1
2867855 1
2870084 1
2873225 1
2881544 1
2881839 1
2882286 1
2885988 1
2886710 1
2888484 1
2891763 1
2914505 1
2920198 1
2927882 1
2928617 1
2930089 1
2930708 1
2941881 1
2952416 1
2960720 1
2960920 1
2967446 1
2979645 1
2981409 1
2984290 1
2989551 1
2992002 1
3003262 1
3009494 1
3011484 1
3013995 1
3014191 1
3016948 1
3018281 1
3039522 1
3039522 1
3041609 1
3045164 1
3050456 1
3055830 1
3057507 1
3062869 1
3066406 1
3066406 1
3067581 1
3067870 1
3070531 1
3072354 1
3072354 1
3078589 1
3086247 1
3086459 1
3086494 1
3091609 1
3101032 1
3101511 1
3107375 1
3108771 1
3110916 1
3121480 1
3124758 1
3138296 1
3139259 1
3139695 1
3148803 1
3149400 1
3151071 1
3153233 1
3159898 1
3162328 1
3167101 1
3168347 1
3174852 1
3175100 1
3175844 1
3179710 1
3185697 1
3187718 1
3194190 1
3197124 1
3198173 1
3198195 1
3208778 1
3231591 1
3231636 1
3233553 1
3233859 1
3241526 1
3250246 1
3251916 1
3251916 1
3253425 1
3260128 1
3269554 1
3271123 1
3281958 1
3287329 1
3289016 1
3292323 1
3292648 1
3295801 1
3299659 1
3305878 1
3317033 1
3319282 1
3319434 1
3320037 1
3320723 1
3332484 1
3336523 1
3339305 1
3351345 1
3359931 1
3361642 1
3363365 1
3364208 1
3364544 1
3364544 1
3365671 1
3379008 1
3379522 1
3383095 1
3384146 1
3385897 1
3392841 1
3402816 1
3411076 1
3415407 1
3417447 1
3425432 1
3428775 1
3431288 1
3436327 1
3437316 1
3441765 1
3443586 1
3447902 1
3450590 1
3469552 1
3473966 1
3474806 1
3482144 1
3485217 1
3487487 1
3491352 1
3495792 1
3499932 1
3502016 1
3504810 1
3508540 1
3510337 1
3510465 1
3511093 1
3511847 1
3513602 1
3518696 1
3522016 1
3522690 1
3523974 1
3526605 1
3528530 1
3528530 1
3529869 1
3541018 1
3543978 1
3548243 1
3549935 1
3558580 1
3569749 1
3575826 1
3579367 1
3583521 1
3583928 1
3590042 1
3590042 1
3594536 1
3596534 1
3603157 1
3606309 1
3616088 1
3624384 1
3627662 1
3630180 1
3632084 1
3632679 1
3634383 1
3642915 1
3648532 1
3656286 1
3659164 1
3666694 1
3676651 1
3679469 1
3682305 1
3683540 1
3684058 1
3704919 1
3707880 1
3717457 1
3720430 1
3733018 1
3737739 1
3739173 1
3741791 1
3744687 1
3748286 1
3749074 1
3751458 1
3758081 1
3762802 1
3766337 1
3769996 1
3773175 1
3777082 1
3781999 1
3798507 1
3799495 1
3803419 1
3804012 1
3807329 1
3814717 1
3818447 1
3823123 1
3835287 1
3844056 1
3845734 1
3858689 1
3860667 1
3864017 1
3865708 1
3868640 1
3874577 1
3874942 1
3896657 1
3896657 1
3914637 1
3915401 1
3918545 1
3928400 1
3936082 1
3937324 1
3942607 1
3943205 1
3954501 1
3955617 1
3959520 1
3961603 1
3966246 1
3987123 1
3987626 1
3991610 1
3996814 1
4006659 1
4008378 1
4016327 1
4023140 1
4023489 1
4028826 1
4035549 1
4037636 1
4037636 1
4039544 1
4040622 1
4050300 1
4051560 1
4055428 1
4057103 1
4059485 1
4066762 1
4068038 1
4073710 1
4079460 1
4093462 1
4096183 1
4100601 1
4110058 1
4116666 1
4118192 1
4162515 1
4175591 1
4179752 1
4180308 1
4187220 1
4194838 1
4199685 1
4201482 1
4204100 1
4205037 1
4207606 1
4211067 1
4223366 1
4225005 1
4226689 1
4230095 1
4233823 1
4239549 1
4250780 1
4253118 1
4258581 1
4263100 1
4268496 1
4268958 1
4269705 1
4276336 1
4278406 1
4281271 1
4285270 1
4285967 1
4316900 1
4318687 1
4325138 1
4336329 1
4343230 1
4347512 1
4347985 1
4352081 1
4355882 1
4365657 1
4380716 1
4381725 1
4390859 1
4395622 1
4397888 1
4404911 1
4406690 1
4416553 1
4421816 1
4425571 1
4437597 1
4440697 1
4442236 1
4442236 1
4449046 1
4449570 1
4460091 1
4464785 1
4468439 1
4476828 1
4479003 1
4482987 1
4488512 1
4496077 1
4496812 1
4503734 1
4514745 1
4524386 1
4530356 1
4532777 1
4536192 1
4545233 1
4547226 1
4549423 1
4554407 1
4557655 1
4567326 1
4569756 1
4578339 1
4588908 1
4601743 1
4602534 1
4609399 1
4610083 1
4610963 1
4613655 1
4617853 1
4618859 1
4619348 1
4625612 1
4625612 1
4635306 1
4639979 1
4643509 1
4652741 1
4653340 1
4657412 1
4660642 1
4663457 1
4667029 1
4670272 1
4674937 1
4684890 1
4686941 1
4686941 1
4690522 1
4700198 1
4703613 1
4726232 1
4731575 1
4732563 1
4735412 1
4743021 1
4743936 1
4745506 1
4757803 1
4758564 1
4775640 1
4779097 1
4783474 1
4783910 1
4786401 1
4787842 1
4789333 1
4798954 1
4798954 1
4799888 1
4802924 1
4804848 1
4809090 1
4809963 1
4814335 1
4824661 1
4836326 1
4836556 1
4838689 1
4843391 1
4849359 1
4860520 1
4861042 1
4866877 1
4869941 1
4872030 1
4879433 1
4881912 1
4882338 1
4883066 1
4885734 1
4893215 1
4893277 1
4895588 1
4895685 1
4902830 1
4904752 1
4905331 1
4907898 1
4911066 1
4911066 1
4911112 1
4912120 1
4920987 1
4936196 1
4939380 1
4941131 1
4941446 1
4943118 1
4955857 1
4956751 1
4961834 1
4962416 1
4963435 1
4966125 1
4970458 1
4973906 1
4978611 1
4979534 1
4980438 1
4987018 1
4990306 1
4992720 1
4997843 1
4998125 1
5002489 1
5009300 1
5029159 1
5034383 1
5034891 1
5036941 1
5038128 1
5040270 1
5042163 1
5044755 1
5045575 1
5047512 1
5056148 1
5074704 1
5074711 1
5075417 1
5113323 1
5116674 1
5116674 1
5133698 1
5140083 1
5146277 1
5153899 1
5156044 1
5159563 1
5160847 1
5161240 1
5163756 1
5163885 1
5164519 1
5168964 1
5171686 1
5173577 1
5177341 1
5182965 1
5187580 1
5187585 1
5187651 1
5195498 1
5196745 1
5197272 1
5199813 1
5200194 1
5206340 1
5207716 1
5207778 1
5208243 1
5209882 1
5210783 1
5212798 1
5219433 1
5221279 1
5226481 1
5248844 1
5252300 1
5272191 1
5272469 1
5273471 1
5276278 1
5280216 1
5290947 1
5293406 1
5298494 1
5301838 1
5302945 1
5315727 1
5323593 1
5342379 1
5346415 1
5349884 1
5350381 1
5354382 1
5367892 1
5367899 1
5369488 1
5369974 1
5373395 1
5381887 1
5382266 1
5393378 1
5393540 1
5407323 1
5421526 1
5424704 1
5432359 1
5436808 1
5438737 1
5446315 1
5453929 1
5455025 1
5456205 1
5456205 1
5456302 1
5458299 1
5462808 1
5463608 1
5470845 1
5477029 1
5478157 1
5483453 1
5486709 1
5487766 1
5488289 1
5489164 1
5496308 1
5498730 1
5499960 1
5501481 1
5506939 1
5510285 1
5511656 1
5517337 1
5518524 1
5527371 1
5541115 1
5542583 1
5543732 1
5546359 1
5550454 1
5551638 1
5553249 1
5557016 1
5564448 1
5577056 1
5585001 1
5586822 1
5588697 1
5592361 1
5593931 1
5596296 1
5596711 1
5597233 1
5603332 1
5604489 1
5606337 1
5608562 1
5614963 1
5615211 1
5618280 1
5619520 1
5621888 1
5623575 1
5627027 1
5630583 1
5634685 1
5638115 1
5639632 1
5646048 1
5657474 1
5677594 1
5679258 1
5680079 1
5681171 1
5681776 1
5683077 1
5689572 1
5689769 1
5690516 1
5691005 1
5692197 1
5693765 1
5694375 1
5695295 1
5707966 1
5709173 1
5709994 1
5712189 1
5712486 1
5716526 1
5718752 1
5721847 1
5722786 1
5740585 1
5742016 1
5743429 1
5743429 1
5750378 1
5750483 1
5758385 1
5761683 1
5764563 1
5774653 1
5777272 1
5777272 1
5777892 1
5796873 1
5807727 1
5807981 1
5809107 1
5812314 1
5816022 1
5816745 1
5816872 1
5821882 1
5829735 1
5863475 1
5866872 1
5868946 1
5870291 1
5877703 1
5879971 1
5881077 1
5891897 1
5892232 1
5893136 1
5900387 1
5901026 1
5901662 1
5905614 1
5914666 1
5920779 1
5922378 1
5923729 1
5937274 1
5942754 1
5949403 1
5954377 1
5956090 1
5959563 1
5968781 1
5968781 1
5969392 1
5976327 1
5976634 1
5976666 1
5980483 1
5984678 1
5986246 1
5986786 1
5987718 1
5988742 1
5992756 1
5994933 1
5996583 1
5999107 1
6007641 1
6010980 1
6012004 1
6012004 1
6015332 1
6029274 1
6029274 1
6031031 1
6038534 1
6038534 1
6038539 1
6044215 1
6044271 1
6050406 1
6051185 1
6056833 1
6063510 1
6067485 1
6079036 1
6088405 1
6096375 1
6098521 1
6105080 1
6107810 1
6115275 1
6116239 1
6117688 1
6140771 1
6140988 1
6144907 1
6150517 1
6150517 1
6151447 1
6155109 1
6163237 1
6182640 1
6188454 1
6192476 1
6204463 1
6227436 1
6232075 1
6238945 1
6249136 1
6252153 1
6255859 1
6259768 1
6261759 1
6264958 1
6265058 1
6276920 1
6277836 1
6281087 1
6283157 1
6300442 1
6308222 1
6323461 1
6330904 1
6337904 1
6339795 1
6341785 1
6345105 1
6345223 1
6346003 1
6346304 1
6358536 1
6360589 1
6360686 1
6363143 1
6364254 1
6364254 1
6365038 1
6368862 1
6371518 1
6375224 1
6377750 1
6380648 1
6382924 1
6390703 1
6401065 1
6421437 1
6428566 1
6432157 1
6439410 1
6453221 1
6455218 1
6471594 1
6475108 1
6481715 1
6486552 1
6494155 1
6496751 1
6498507 1
6499691 1
6504984 1
6505766 1
6510754 1
6516558 1
6518070 1
6518238 1
6528841 1
6531579 1
6532255 1
6534457 1
6534457 1
6534688 1
6539101 1
6542145 1
6543423 1
6547762 1
6550195 1
6555186 1
6560925 1
6563606 1
6566137 1
6567957 1
6575238 1
6577228 1
6581552 1
6583480 1
6587125 1
6593658 1
6593953 1
6603244 1
6603503 1
6627026 1
6635984 1
6639752 1
6645387 1
6646094 1
6646618 1
6647669 1
6647694 1
6656326 1
6659997 1
6661292 1
6674125 1
6674803 1
6674830 1
6674830 1
6675233 1
6675461 1
6676183 1
6678239 1
6679089 1
6679871 1
6680995 1
6683420 1
6687617 1
6690249 1
6700517 1
6709105 1
6710417 1
6710816 1
6711022 1
6717593 1
6720285 1
6724399 1
6734031 1
6735359 1
6735779 1
6736282 1
6736375 1
6741496 1
6752626 1
6757924 1
6761396 1
6766438 1
6768349 1
6770364 1
6776323 1
6782749 1
6794295 1
6796815 1
6799997 1
6808378 1
6811963 1
6816494 1
6816494 1
6818246 1
6822514 1
6823129 1
6831967 1
6834089 1
6835617 1
6837497 1
6840212 1
6844032 1
6844250 1
6844570 1
6851587 1
6851599 1
6856051 1
6856686 1
6861704 1
6868536 1
6869954 1
6872083 1
6881422 1
6882712 1
6883991 1
6885469 1
6888368 1
6891954 1
6896235 1
6899633 1
6899779 1
6900066 1
6908866 1
6909774 1
6925510 1
6929188 1
6929631 1
6931108 1
6933325 1
6936194 1
6936917 1
6937629 1
6937844 1
6937876 1
6939963 1
6941270 1
6941993 1
6955402 1
6975988 1
6975988 1
6980924 1
6982091 1
6983113 1
6983113 1
6984471 1
6989507 1
6993441 1
6994696 1
6995615 1
6995642 1
7002462 1
7010808 1
7012197 1
7022703 1
7023316 1
7025004 1
7025636 1
7027577 1
7027762 1
7032562 1
7034925 1
7037004 1
7042203 1
7045541 1
7045541 1
7047061 1
7050481 1
7050481 1
7066379 1
7077350 1
7079015 1
7079145 1
7081738 1
7083311 1
7087399 1
7088950 1
7099038 1
7102279 1
7102631 1
7108398 1
7112230 1
7118045 1
7122598 1
7124974 1
7125190 1
7126050 1
7126103 1
7134851 1
7138031 1
7141040 1
7149957 1
7159977 1
7165311 1
7168557 1
7180518 1
7185181 1
7186265 1
7202759 1
7206045 1
7215228 1
7222732 1
7226843 1
7229915 1
7232586 1
7235570 1
7238649 1
7239834 1
7244893 1
7248450 1
7249196 1
7253666 1
7254516 1
7258695 1
7260528 1
7265483 1
7266422 1
7267799 1
7273810 1
7277318 1
7289284 1
7292473 1
7293546 1
7293558 1
7295091 1
7295302 1
7301191 1
7303517 1
7304153 1
7310013 1
7319158 1
7324200 1
7328831 1
7329069 1
7329385 1
7330113 1
7330302 1
7333413 1
7338035 1
7338354 1
7338790 1
7353960 1
7354771 1
7356940 1
7357591 1
7358990 1
7364141 1
7364861 1
7366481 1
7375620 1
7375934 1
7375934 1
7376013 1
7376542 1
7380998 1
7381155 1
7382410 1
7384087 1
7405284 1
7406952 1
7407230 1
7408518 1
7412078 1
7412133 1
7414508 1
7416093 1
7424035 1
7424724 1
7437833 1
7447660 1
7447677 1
7449858 1
7456164 1
7462925 1
7464834 1
7466033 1
7471378 1
7472414 1
7473442 1
7480185 1
7483668 1
7487957 1
7493214 1
7498629 1
7499186 1
7507289 1
7516173 1
7520983 1
7521673 1
7522201 1
7522962 1
7523500 1
7523500 1
7532651 1
7539148 1
7544054 1
7554351 1
7555168 1
7555311 1
7555311 1
7559153 1
7562645 1
7567619 1
7577771 1
7578980 1
7580771 1
7580925 1
7585217 1
7596580 1
7597087 1
7607125 1
7628480 1
7629563 1
7636316 1
7638507 1
7640034 1
7648149 1
7652535 1
7652689 1
7653257 1
7658678 1
7660194 1
7662226 1
7663247 1
7664783 1
7672251 1
7672910 1
7673715 1
7675226 1
7680789 1
7682782 1
7684243 1
7694613 1
7695496 1
7695562 1
7696584 1
7700281 1
7706292 1
7713908 1
7716915 1
7729049 1
7729927 1
7732877 1
7733284 1
7751196 1
7755421 1
7761533 1
7773518 1
7775375 1
7775426 1
7784227 1
7784246 1
7801530 1
7811090 1
7822972 1
7826449 1
7826804 1
7828226 1
7828486 1
7829752 1
7831883 1
7833378 1
7837599 1
7837683 1
7844511 1
7844944 1
7849084 1
7850080 1
7850503 1
7861167 1
7862077 1
7864864 1
7868309 1
7870522 1
7870522 1
7877387 1
7879307 1
7887261 1
7888067 1
7888950 1
7888950 1
7889657 1
7891435 1
7892488 1
7894312 1
7895096 1
7899364 1
7899677 1
7901747 1
7902915 1
7908496 1
7911995 1
7917957 1
7917957 1
7918065 1
7918428 1
7918428 1
7930382 1
7932881 1
7940110 1
7943916 1
7943916 1
7946206 1
7955063 1
7964977 1
7965006 1
7965707 1
7967491 1
7972056 1
7979392 1
7980644 1
7986923 1
7993466 1
7994172 1
7997273 1
7999415 1
7999870 1
8000584 1
8000927 1
8008644 1
8010466 1
8017189 1
8021417 1
8032987 1
8040604 1
8041994 1
8047644 1
8053001 1
8063558 1
8067735 1
8074654 1
8077542 1
8079700 1
8084649 1
8105435 1
8107069 1
8107734 1
8118751 1
8132362 1
8132362 1
8132362 1
8132362 1
8134666 1
8135113 1
8136764 1
8137640 1
8144607 1
8149271 1
8150619 1
8161440 1
8164487 1
8172366 1
8180446 1
8189438 1
8192515 1
8193485 1
8195728 1
8210303 1
8211433 1
8212416 1
8215631 1
8216942 1
8219450 1
8219957 1
8220903 1
8221993 1
8221993 1
8222081 1
8222267 1
8232840 1
8244742 1
8245145 1
8249559 1
8254626 1
8254852 1
8254854 1
8258808 1
8260929 1
8264857 1
8264857 1
8266701 1
8274454 1
8276211 1
8283815 1
8287446 1
8296395 1
8298549 1
8299438 1
8300500 1
8302498 1
23376 1
24100 1
24824 1
29204 1
37213 1
53847 1
59421 1
61583 1
63494 1
64128 1
68333 1
78502 1
88117 1
88509 1
98712 1
98712 1
99374 1
104506 1
121156 1
140189 1
143898 1
143965 1
146247 1
154373 1
156648 1
168144 1
170050 1
171782 1
172017 1
173228 1
176845 1
178562 1
179737 1
182598 1
185586 1
189411 1
190217 1
191667 1
193170 1
200036 1
202157 1
205245 1
221167 1
223698 1
225294 1
225294 1
227056 1
228172 1
228508 1
240413 1
242354 1
253559 1
256520 1
258498 1
259311 1
269776 1
274546 1
275711 1
279525 1
280353 1
288720 1
290166 1
290442 1
291041 1
293108 1
297029 1
299817 1
304177 1
333275 1
333823 1
334643 1
334843 1
347320 1
353879 1
355462 1
361383 1
362972 1
371855 1
376244 1
391869 1
436535 1
447584 1
456099 1
461744 1
461744 1
463281 1
463399 1
475126 1
481797 1
483929 1
488577 1
491888 1
494456 1
495605 1
499160 1
504462 1
504462 1
504767 1
506986 1
508150 1
508980 1
516375 1
520503 1
525807 1
531528 1
532068 1
532642 1
535909 1
542851 1
549324 1
549324 1
549324 1
549324 1
556497 1
561698 1
567262 1
580602 1
585175 1
598170 1
607597 1
608494 1
610143 1
618190 1
619838 1
625325 1
649274 1
649861 1
656729 1
661495 1
677739 1
691526 1
699302 1
703152 1
709107 1
717308 1
720024 1
721490 1
728424 1
728987 1
731740 1
739921 1
745037 1
747208 1
750102 1
752377 1
761715 1
763477 1
764407 1
765965 1
768642 1
774382 1
777226 1
780980 1
787424 1
790041 1
790041 1
792063 1
795923 1
807511 1
809931 1
810897 1
812768 1
814963 1
818848 1
819071 1
820532 1
832916 1
835252 1
835582 1
836103 1
839405 1
842936 1
849147 1
849182 1
852773 1
863672 1
867549 1
876430 1
879827 1
881632 1
882073 1
882830 1
894691 1
894912 1
895614 1
896811 1
898187 1
911536 1
918482 1
922578 1
922578 1
927133 1
929291 1
934422 1
935824 1
935961 1
936719 1
955918 1
957283 1
959916 1
967746 1
969916 1
974071 1
980100 1
980108 1
995993 1
996976 1
997037 1
1001170 1
1004084 1
1006036 1
1008000 1
1024586 1
1025186 1
1025227 1
1025918 1
1026404 1
1026739 1
1028310 1
1039144 1
1055250 1
1056725 1
1064424 1
1067825 1
1073798 1
1076353 1
1079522 1
1085119 1
1086809 1
1086809 1
1087123 1
1087128 1
1097506 1
1098817 1
1100402 1
1112701 1
1114991 1
1116072 1
1116126 1
1121821 1
1126679 1
1127086 1
1127649 1
1127870 1
1130170 1
1133210 1
1134541 1
1138813 1
1140192 1
1142355 1
1161847 1
1161978 1
1163141 1
1163613 1
1166685 1
1168258 1
1168583 1
1170807 1
1171444 1
1175603 1
1179487 1
1183786 1
1194203 1
1195371 1
1197745 1
1211238 1
1218150 1
1220297 1
1225931 1
1226601 1
1244777 1
1244777 1
1245624 1
1256269 1
1263248 1
1264881 1
1266243 1
1266243 1
1271845 1
1292968 1
1296619 1
1297275 1
1297434 1
1298551 1
1298575 1
1305705 1
1306903 1
1307292 1
1307321 1
1307330 1
1310011 1
1313249 1
1316766 1
1317582 1
1320757 1
1324729 1
1325172 1
1338495 1
1339136 1
1339208 1
1339208 1
1341345 1
1353177 1
1356533 1
1356566 1
1364996 1
1369484 1
1369484 1
1386172 1
1397798 1
1416803 1
1423768 1
1433263 1
1438830 1
1438966 1
1441771 1
1443585 1
1444814 1
1445710 1
1445720 1
1445963 1
1445963 1
1446052 1
1446604 1
1451471 1
1452983 1
1453025 1
1455160 1
1463551 1
1465559 1
1471402 1
1473338 1
1473987 1
1475006 1
1481933 1
1482840 1
1483093 1
1484747 1
1494208 1
1495176 1
1495832 1
1496047 1
1500199 1
1506918 1
1507133 1
1517140 1
1523486 1
1523677 1
1527659 1
1528292 1
1531225 1
1531225 1
1531756 1
1533863 1
1534393 1
1537337 1
1537337 1
1541654 1
1542938 1
1544537 1
1545525 1
1546674 1
1547143 1
1548939 1
1552922 1
1559880 1
1561915 1
1562286 1
1562571 1
1570998 1
1577880 1
1579550 1
1583776 1
1592385 1
1592520 1
1600047 1
1602576 1
1602576 1
1610062 1
1617328 1
1619995 1
1623682 1
1623682 1
1623753 1
1628989 1
1629269 1
1636472 1
1642189 1
1647307 1
1647856 1
1647856 1
1647875 1
1648870 1
1652359 1
1662501 1
1663602 1
1669681 1
1669904 1
1669904 1
1672508 1
1672670 1
1673149 1
1676222 1
1676356 1
1680404 1
1684432 1
1688457 1
1690310 1
1704057 1
1704780 1
1705351 1
1714903 1
1728008 1
1729934 1
1731274 1
1733351 1
1747281 1
1769537 1
1779635 1
1787829 1
1790893 1
1798010 1
1802047 1
1818245 1
1824510 1
1826168 1
1834849 1
1850073 1
1851815 1
1858578 1
1860667 1
1862300 1
1863325 1
1864362 1
1877458 1
1879339 1
1880470 1
1886411 1
1897589 1
1899129 1
1907704 1
1914719 1
1923287 1
1931169 1
1932490 1
1949895 1
1951760 1
1959186 1
1960523 1
1968982 1
1969505 1
1972068 1
1973479 1
1973835 1
1976141 1
1979336 1
1981264 1
1986940 1
1990293 1
1998521 1
1998635 1
1998635 1
1999042 1
1999143 1
2003476 1
2003506 1
2006928 1
2010457 1
2011734 1
2019277 1
2028645 1
2039490 1
2039689 1
2047334 1
2049420 1
2059610 1
2062001 1
2073317 1
2078783 1
2079579 1
2079579 1
2080598 1
2081583 1
2081731 1
2082381 1
2098168 1
2099699 1
2103689 1
2105170 1
2109673 1
2114273 1
2127274 1
2131196 1
2138948 1
2142321 1
2142349 1
2148600 1
2166778 1
2173439 1
2175670 1
2179953 1
2189132 1
2191176 1
2197019 1
2205111 1
2210746 1
2213036 1
2224200 1
2225759 1
2225883 1
2231489 1
2234645 1
2235756 1
2237092 1
2238162 1
2255453 1
2256994 1
2257170 1
2262321 1
2270696 1
2270705 1
2272545 1
2278651 1
2282456 1
2283761 1
2283894 1
2291988 1
2291988 1
2295593 1
2297457 1
2297542 1
2299139 1
2325740 1
2325746 1
2328300 1
2331681 1
2334902 1
2337499 1
2337704 1
2337726 1
2347993 1
2349550 1
2349550 1
2350571 1
2358047 1
2359363 1
2364836 1
2365387 1
2370813 1
2370909 1
2377569 1
2378195 1
2381842 1
2385478 1
2389946 1
2392285 1
2393450 1
2397584 1
2397687 1
2403472 1
2407184 1
2408794 1
2411822 1
2416010 1
2421083 1
2422359 1
2422735 1
2426329 1
2427092 1
2438616 1
2439702 1
2442440 1
2445614 1
2447236 1
2448007 1
2456315 1
2458956 1
2472849 1
2477234 1
2478829 1
2481867 1
2484771 1
2489386 1
2499834 1
2502777 1
2503902 1
2506165 1
2506165 1
2514742 1
2523129 1
2525193 1
2527228 1
2527379 1
2527805 1
2528660 1
2528660 1
2534894 1
2536740 1
2536747 1
2544192 1
2545048 1
2545069 1
2548878 1
2548996 1
2551214 1
2553842 1
2556737 1
2563073 1
2569796 1
2579259 1
2582508 1
2586830 1
2592503 1
2592920 1
2612684 1
2615805 1
2616064 1
2616253 1
2616655 1
2630336 1
2637676 1
2637781 1
2638645 1
2645832 1
2647578 1
2651072 1
2652127 1
2655604 1
2665917 1
2672338 1
2673785 1
2674728 1
2675714 1
2675714 1
2681104 1
2683697 1
2684317 1
2684317 1
2685056 1
2696822 1
2709248 1
2711874 1
2726120 1
2731777 1
2731947 1
2756997 1
2757539 1
2760622 1
2762001 1
2762449 1
2763477 1
2787253 1
2787253 1
2790131 1
2793043 1
2800699 1
2815282 1
2815282 1
2821329 1
2831264 1
2838206 1
2849873 1
2849878 1
2856875 1
2858792 1
2860958 1
2865690 1
2867360 1
2870335 1
2872316 1
2872592 1
2879966 1
2881980 1
2882489 1
2888378 1
2892800 1
2894250 1
2902290 1
2907919 1
2913031 1
2913194 1
2918705 1
2926127 1
2926239 1
2926239 1
2928568 1
2929579 1
2935239 1
2935572 1
2941429 1
2941429 1
2942258 1
2942258 1
2950738 1
2954696 1
2955892 1
2966871 1
2968364 1
2970165 1
2970165 1
2970751 1
2973726 1
2984147 1
2987119 1
2989244 1
2989921 1
2998749 1
2999676 1
2999822 1
3006462 1
3007758 1
3008987 1
3020831 1
3025567 1
3025776 1
3031453 1
3035335 1
3036457 1
3040977 1
3043550 1
3047646 1
3047664 1
3047869 1
3047920 1
3049415 1
3058569 1
3072311 1
3072311 1
3073971 1
3073973 1
3084096 1
3084187 1
3094105 1
3097900 1
3102950 1
3104599 1
3111986 1
3113850 1
3116359 1
3131622 1
3132046 1
3135356 1
3148544 1
3159743 1
3162708 1
3163206 1
3166889 1
3172759 1
3172759 1
3174557 1
3175832 1
3177139 1
3185034 1
3186218 1
3187014 1
3187823 1
3190518 1
3191263 1
3192242 1
3196852 1
3199333 1
3203586 1
3206724 1
3214876 1
3221519 1
3222483 1
3232603 1
3234847 1
3236142 1
3242392 1
3242417 1
3242451 1
3246250 1
3246250 1
3249086 1
3251161 1
3258395 1
3260881 1
3277891 1
3278976 1
3291614 1
3297797 1
3298910 1
3306556 1
3312582 1
3313575 1
3318540 1
3321823 1
3323971 1
3325538 1
3328433 1
3329414 1
3331080 1
3340136 1
3343054 1
3343449 1
3345693 1
3349727 1
3351152 1
3351176 1
3357815 1
3358406 1
3364543 1
3365504 1
3373128 1
3373138 1
3388685 1
3394189 1
3409641 1
3429846 1
3430867 1
3436965 1
3442705 1
3443220 1
3449081 1
3454388 1
3455114 1
3463862 1
3463862 1
3468267 1
3468768 1
3468826 1
3469063 1
3470135 1
3473786 1
3475940 1
3477881 1
3481100 1
3483353 1
3502192 1
3503786 1
3503786 1
3507529 1
3508637 1
3510493 1
3512249 1
3530123 1
3535567 1
3535567 1
3537235 1
3540201 1
3555738 1
3555738 1
3560524 1
3564041 1
3576457 1
3587291 1
3592635 1
3602562 1
3603452 1
3604896 1
3607768 1
3609971 1
3612608 1
3616176 1
3616761 1
3628595 1
3632889 1
3634613 1
3639488 1
3644591 1
3645576 1
3646978 1
3657017 1
3658326 1
3663054 1
3664151 1
3665196 1
3667433 1
3674386 1
3674444 1
3682560 1
3683523 1
3686390 1
3692733 1
3696187 1
3702905 1
3707247 1
3707471 1
3727173 1
3744385 1
3745212 1
3745559 1
3747044 1
3769508 1
3775091 1
3780367 1
3780818 1
3784822 1
3785319 1
3786615 1
3787556 1
3788632 1
3790099 1
3790099 1
3790194 1
3793217 1
3800325 1
3801050 1
3801463 1
3806170 1
3806911 1
3815884 1
3815884 1
3818570 1
3819730 1
3828192 1
3828288 1
3831972 1
3835291 1
3846306 1
3861198 1
3864554 1
3867671 1
3868104 1
3873121 1
3874683 1
3875999 1
3893535 1
3896899 1
3898094 1
3898094 1
3910197 1
3914005 1
3934734 1
3938632 1
3940636 1
3953083 1
3964862 1
3985662 1
3987880 1
3993391 1
3996154 1
4010044 1
4011607 1
4021029 1
4024365 1
4024543 1
4025113 1
4032093 1
4032317 1
4035586 1
4037422 1
4038012 1
4041838 1
4055630 1
4064789 1
4069363 1
4070260 1
4081225 1
4088267 1
4090362 1
4090959 1
4094417 1
4096259 1
4098193 1
4100555 1
4107421 1
4115935 1
4117032 1
4125685 1
4126153 1
4128694 1
4141853 1
4141853 1
4151500 1
4154530 1
4164572 1
4169010 1
4169921 1
4181707 1
4190956 1
4193320 1
4195862 1
4200685 1
4209159 1
4212461 1
4215653 1
4216876 1
4217525 1
4219089 1
4220442 1
4230107 1
4236482 1
4237539 1
4237539 1
4237539 1
4237539 1
4242455 1
4242892 1
4242988 1
4248684 1
4248684 1
4253777 1
4261820 1
4263174 1
4266570 1
4274921 1
4277911 1
4278972 1
4282684 1
4288639 1
4290821 1
4291379 1
4291379 1
4291960 1
4295624 1
4298111 1
4299292 1
4303788 1
4310137 1
4313914 1
4314095 1
4316708 1
4321149 1
4322979 1
4338769 1
4338769 1
4340456 1
4346261 1
4350702 1
4351485 1
4353655 1
4356453 1
4358258 1
4358258 1
4360616 1
4377227 1
4380181 1
4386146 1
4386579 1
4388319 1
4390318 1
4393680 1
4394736 1
4399518 1
4401478 1
4403081 1
4409391 1
4411007 1
4426422 1
4430280 1
4430718 1
4431704 1
4448345 1
4455315 1
4459757 1
4460740 1
4460740 1
4461471 1
4461487 1
4464384 1
4464384 1
4465444 1
4466226 1
4468649 1
4470080 1
4471102 1
4471641 1
4475486 1
4479405 1
4486128 1
4486572 1
4490159 1
4490562 1
4494831 1
4502893 1
4508766 1
4512304 1
4519163 1
4526496 1
4527294 1
4531260 1
4542144 1
4544008 1
4544023 1
4547862 1
4558563 1
4563615 1
4580685 1
4581703 1
4582733 1
4582873 1
4588722 1
4588733 1
4601954 1
4603191 1
4603191 1
4603794 1
4607312 1
4620113 1
4626767 1
4634058 1
4636220 1
4636773 1
4640479 1
4643321 1
4644288 1
4644288 1
4645190 1
4645968 1
4649034 1
4652102 1
4660627 1
4663929 1
4665556 1
4666520 1
4668528 1
4670104 1
4672650 1
4674815 1
4674815 1
4687712 1
4695778 1
4697287 1
4703592 1
4703592 1
4715563 1
4715887 1
4727254 1
4727254 1
4734865 1
4738045 1
4741273 1
4761440 1
4762957 1
4765570 1
4765570 1
4784409 1
4788532 1
4794797 1
4795915 1
4800603 1
4802594 1
4807433 1
4809383 1
4809878 1
4810026 1
4812031 1
4812745 1
4845256 1
4847724 1
4847724 1
4852993 1
4864201 1
4864201 1
4869563 1
4871569 1
4875028 1
4881412 1
4881777 1
4882935 1
4888642 1
4891520 1
4893036 1
4893036 1
4894929 1
4895575 1
4900151 1
4900576 1
4909686 1
4920774 1
4921070 1
4936990 1
4938669 1
4939104 1
4945704 1
4948151 1
4952510 1
4952887 1
4962862 1
4966651 1
4977193 1
4977194 1
4978907 1
4978910 1
4986092 1
4990375 1
4991555 1
4992362 1
4994083 1
4998649 1
4999526 1
5022633 1
5022633 1
5026020 1
5035031 1
5037376 1
5038522 1
5044761 1
5045432 1
5048489 1
5055309 1
5073610 1
5073625 1
5080698 1
5081306 1
5085004 1
5087238 1
5103452 1
5121592 1
5122545 1
5142464 1
5149558 1
5153547 1
5156649 1
5168360 1
5186221 1
5193079 1
5199076 1
5202270 1
5202666 1
5203508 1
5214985 1
5226830 1
5228808 1
5230919 1
5232389 1
5232389 1
5233079 1
5233623 1
5248911 1
5257648 1
5270984 1
5271797 1
5272564 1
5286004 1
5290459 1
5292143 1
5294976 1
5305605 1
5314637 1
5317542 1
5328583 1
5334042 1
5338945 1
5340401 1
5340401 1
5341409 1
5348597 1
5349314 1
5353752 1
5372295 1
5375011 1
5375012 1
5377401 1
5379860 1
5380036 1
5381833 1
5386574 1
5406195 1
5406703 1
5408049 1
5408165 1
5418192 1
5432671 1
5453092 1
5453900 1
5468180 1
5470007 1
5472752 1
5492744 1
5503844 1
5505706 1
5507206 1
5507206 1
5520433 1
5523790 1
5524781 1
5525526 1
5536125 1
5536986 1
5538350 1
5544592 1
5545840 1
5548162 1
5551052 1
5555827 1
5556402 1
5584973 1
5591823 1
5594872 1
5601328 1
5607514 1
5610380 1
5610855 1
5612212 1
5618372 1
5636878 1
5638515 1
5644547 1
5656379 1
5670337 1
5680197 1
5680943 1
5683069 1
5685072 1
5698451 1
5713333 1
5716173 1
5719856 1
5726008 1
5727992 1
5729403 1
5732153 1
5737529 1
5741900 1
5762033 1
5762468 1
5763925 1
5767404 1
5769869 1
5770296 1
5770296 1
5771640 1
5773883 1
5774974 1
5784272 1
5788717 1
5788730 1
5789216 1
5790507 1
5796391 1
5801985 1
5806121 1
5807157 1
5811153 1
5815014 1
5819162 1
5822867 1
5826415 1
5840763 1
5850258 1
5852128 1
5853681 1
5858210 1
5858313 1
5858508 1
5861163 1
5862761 1
5868141 1
5868330 1
5872878 1
5874675 1
5877599 1
5882843 1
5885847 1
5891341 1
5891416 1
5892567 1
5896488 1
5903981 1
5904673 1
5912921 1
5921796 1
5922171 1
5922269 1
5927179 1
5932352 1
5933463 1
5933673 1
5939539 1
5939893 1
5948099 1
5948712 1
5951422 1
5958735 1
5959616 1
5971846 1
5972413 1
5972814 1
5973151 1
5974743 1
5981704 1
5984920 1
5991336 1
5992157 1
5997911 1
6006141 1
6006606 1
6021561 1
6035967 1
6036418 1
6037404 1
6037873 1
6041537 1
6045888 1
6047271 1
6056227 1
6056230 1
6057799 1
6060847 1
6067440 1
6075600 1
6075610 1
6088478 1
6088716 1
6099037 1
6112119 1
6112872 1
6121382 1
6124866 1
6126252 1
6128952 1
6155155 1
6156801 1
6156922 1
6157057 1
6162201 1
6162455 1
6162462 1
6165867 1
6169953 1
6188189 1
6192049 1
6192361 1
6197711 1
6226485 1
6227907 1
6229702 1
6235085 1
6238742 1
6238742 1
6239231 1
6249181 1
6249849 1
6253870 1
6255633 1
6273145 1
6273179 1
6281072 1
6281085 1
6298658 1
6299919 1
6312153 1
6319403 1
6327720 1
6333987 1
6340119 1
6340829 1
6353456 1
6355574 1
6361078 1
6362381 1
6362469 1
6363861 1
6380188 1
6380501 1
6383574 1
6384059 1
6384059 1
6387029 1
6392925 1
6393560 1
6394678 1
6396752 1
6397683 1
6401070 1
6401185 1
6404735 1
6406076 1
6406958 1
6413426 1
6415871 1
6416300 1
6430285 1
6435163 1
6435694 1
6442458 1
6449259 1
6453834 1
6458615 1
6458615 1
6464860 1
6472848 1
6484037 1
6484980 1
6489277 1
6490939 1
6495121 1
6496297 1
6499772 1
6504426 1
6505912 1
6508584 1
6509349 1
6520135 1
6535530 1
6538746 1
6543250 1
6545157 1
6545305 1
6546343 1
6554770 1
6558761 1
6558804 1
6559567 1
6561732 1
6565326 1
6567395 1
6572666 1
6575713 1
6576060 1
6578544 1
6582664 1
6582666 1
6584376 1
6585063 1
6585994 1
6586360 1
6586360 1
6593134 1
6597679 1
6603000 1
6605832 1
6619727 1
6622439 1
6623505 1
6623722 1
6624955 1
6624955 1
6625131 1
6630365 1
6636391 1
6643880 1
6645998 1
6647627 1
6647647 1
6651686 1
6653872 1
6655708 1
6657754 1
6658192 1
6659385 1
6663281 1
6663694 1
6671831 1
6672745 1
6680060 1
6680665 1
6680679 1
6681939 1
6684588 1
6688659 1
6689685 1
6692449 1
6693227 1
6693686 1
6700005 1
6701729 1
6703700 1
6710738 1
6713525 1
6722393 1
6726522 1
6733930 1
6736396 1
6742713 1
6746441 1
6748046 1
6748298 1
6749962 1
6753126 1
6757208 1
6762083 1
6762176 1
6770839 1
6779884 1
6784310 1
6785597 1
6800749 1
6800971 1
6801797 1
6811887 1
6812713 1
6817501 1
6821225 1
6821899 1
6829647 1
6830307 1
6833167 1
6834635 1
6834708 1
6840493 1
6841806 1
6844091 1
6851635 1
6854778 1
6855873 1
6861249 1
6867824 1
6873154 1
6873154 1
6877407 1
6881929 1
6886908 1
6889244 1
6893593 1
6897523 1
6898544 1
6899627 1
6901243 1
6901252 1
6914709 1
6929840 1
6930829 1
6930829 1
6932930 1
6934944 1
6938086 1
6939607 1
6943608 1
6946193 1
6950463 1
6957447 1
6957447 1
6966142 1
6968903 1
6970884 1
6977817 1
6980102 1
7003897 1
7004289 1
7008531 1
7010400 1
7010454 1
7018825 1
7020544 1
7026053 1
7026389 1
7033382 1
7033754 1
7040442 1
7041819 1
7050688 1
7055882 1
7058084 1
7063493 1
7065252 1
7065644 1
7066080 1
7068775 1
7070354 1
7071345 1
7071505 1
7072779 1
7082377 1
7087260 1
7100671 1
7103727 1
7104333 1
7105142 1
7106671 1
7107337 1
7107478 1
7110781 1
7121781 1
7133666 1
7142373 1
7154220 1
7159773 1
7189893 1
7195692 1
7196459 1
7200010 1
7206329 1
7210709 1
7215183 1
7219488 1
7222772 1
7232042 1
7233376 1
7237425 1
7237456 1
7242686 1
7248468 1
7251763 1
7251763 1
7251973 1
7261506 1
7261731 1
7266577 1
7270686 1
7282801 1
7282934 1
7288085 1
7295966 1
7304249 1
7311551 1
7314984 1
7319246 1
7322849 1
7323974 1
7323974 1
7332671 1
7335559 1
7336356 1
7345456 1
7345893 1
7348590 1
7353006 1
7353727 1
7358456 1
7358882 1
7361266 1
7363734 1
7366775 1
7369195 1
7375722 1
7375722 1
7375969 1
7378823 1
7381045 1
7382533 1
7385052 1
7392492 1
7394259 1
7394618 1
7398491 1
7400476 1
7400478 1
7415621 1
7416070 1
7416070 1
7418575 1
7422393 1
7425363 1
7425543 1
7426345 1
7431135 1
7431744 1
7442795 1
7460841 1
7462645 1
7468607 1
7478319 1
7478373 1
7483995 1
7484248 1
7484937 1
7485702 1
7490939 1
7492070 1
7494302 1
7495547 1
7500061 1
7505389 1
7506750 1
7506907 1
7512540 1
7514021 1
7525305 1
7526290 1
7526637 1
7528347 1
7538005 1
7543412 1
7548339 1
7553355 1
7553355 1
7556526 1
7557356 1
7562181 1
7568021 1
7575243 1
7577110 1
7578284 1
7594201 1
7597950 1
7599969 1
7612921 1
7612937 1
7613012 1
7613023 1
7633148 1
7638445 1
7640358 1
7640682 1
7644964 1
7647375 1
7657313 1
7662214 1
7670964 1
7677923 1
7680382 1
7682535 1
7685981 1
7696514 1
7706787 1
7708153 1
7708614 1
7713304 1
7724113 1
7727055 1
7729555 1
7730363 1
7733102 1
7737633 1
7741525 1
7742350 1
7744472 1
7754671 1
7776820 1
7777039 1
7777039 1
7779479 1
7790247 1
7801767 1
7803564 1
7812842 1
7839961 1
7842992 1
7849584 1
7855468 1
7870858 1
7871292 1
7877582 1
7877582 1
7878578 1
7881404 1
7883066 1
7893359 1
7894901 1
7898823 1
7902846 1
7915749 1
7920060 1
7923912 1
7928574 1
7931836 1
7932846 1
7932846 1
7936971 1
7936971 1
7941697 1
7948692 1
7954512 1
7962733 1
7965089 1
7966525 1
7969675 1
7981378 1
7993116 1
7994528 1
7996357 1
8003577 1
8003577 1
8019550 1
8021772 1
8021792 1
8026161 1
8027013 1
8027968 1
8033267 1
8038952 1
8040908 1
8043398 1
8049716 1
8049901 1
8052602 1
8052841 1
8060430 1
8061034 1
8061288 1
8070308 1
8072033 1
8076800 1
8077558 1
8079128 1
8085984 1
8089609 1
8094761 1
8101835 1
8104832 1
8106655 1
8107539 1
8113926 1
8114624 1
8115035 1
8116649 1
8117429 1
8121537 1
8123759 1
8129701 1
8139870 1
8141636 1
8142068 1
8146388 1
8151988 1
8154902 1
8174678 1
8179667 1
8187432 1
8193980 1
8197631 1
8202751 1
8204166 1
8207347 1
8216911 1
8221253 1
8223893 1
8226169 1
8226577 1
8236043 1
8237601 1
8244940 1
8254693 1
8257197 1
8257910 1
8265718 1
8267605 1
8271989 1
8286863 1
8294444 1
8296506 1
8297344 1
8305791 1
2477 1
2477 1
10376 1
10376 1
17337 1
20624 1
20624 1
20624 1
35433 1
37606 1
43752 1
44610 1
45662 1
48751 1
49675 1
50878 1
55733 1
76834 1
100820 1
104216 1
108367 1
108419 1
117157 1
118227 1
123129 1
124232 1
132009 1
136160 1
139278 1
143856 1
147201 1
147910 1
149011 1
151488 1
156930 1
160043 1
160478 1
164128 1
164767 1
175401 1
177507 1
182779 1
182779 1
185219 1
185822 1
186299 1
186299 1
189773 1
196699 1
197247 1
202251 1
203175 1
211572 1
228826 1
237008 1
243334 1
246029 1
253726 1
254510 1
276271 1
276620 1
281147 1
282257 1
296546 1
298029 1
304100 1
304521 1
305509 1
324354 1
329988 1
331583 1
335469 1
338598 1
346662 1
352765 1
353456 1
360070 1
361795 1
382411 1
382411 1
384846 1
385666 1
402793 1
412211 1
424763 1
430269 1
432574 1
438039 1
442438 1
448114 1
451235 1
451235 1
453242 1
454051 1
455100 1
461598 1
462280 1
473899 1
484652 1
487404 1
489783 1
490339 1
496859 1
504534 1
506098 1
506358 1
508765 1
512101 1
517577 1
520751 1
534140 1
550584 1
565118 1
569224 1
573947 1
586762 1
588238 1
610922 1
623288 1
638113 1
648331 1
648331 1
653008 1
653008 1
658433 1
660010 1
660381 1
661997 1
666147 1
688586 1
688588 1
708190 1
712040 1
721756 1
726832 1
727754 1
728898 1
731886 1
754862 1
754900 1
759385 1
760103 1
767267 1
767891 1
768528 1
769588 1
770816 1
771613 1
777176 1
781135 1
798168 1
813415 1
814764 1
814996 1
824221 1
831082 1
839897 1
845894 1
847890 1
857368 1
858547 1
860328 1
867265 1
875079 1
880983 1
886958 1
887884 1
892334 1
893853 1
897544 1
905015 1
909986 1
917687 1
920552 1
926444 1
928851 1
929687 1
935965 1
936361 1
937296 1
937751 1
938708 1
957808 1
962069 1
963841 1
964331 1
970632 1
987265 1
987265 1
992585 1
993115 1
994806 1
1001422 1
1011056 1
1015947 1
1016350 1
1025241 1
1031071 1
1031396 1
1042236 1
1047322 1
1054059 1
1060496 1
1060607 1
1068302 1
1079166 1
1079551 1
1080402 1
1084239 1
1086439 1
1093303 1
1095008 1
1095105 1
1096960 1
1098969 1
1102197 1
1102197 1
1102613 1
1102613 1
1102940 1
1103726 1
1104187 1
1104469 1
1105942 1
1106148 1
1111919 1
1118550 1
1119198 1
1122034 1
1143144 1
1149254 1
1149495 1
1151010 1
1153780 1
1159494 1
1160271 1
1163910 1
1164491 1
1167736 1
1172491 1
1189176 1
1193143 1
1203471 1
1207138 1
1210378 1
1211531 1
1215461 1
1217123 1
1221609 1
1226603 1
1239712 1
1241188 1
1241493 1
1249392 1
1259263 1
1259874 1
1266217 1
1276001 1
1286410 1
1290112 1
1296550 1
1333474 1
1335527 1
1335940 1
1338751 1
1340672 1
1345678 1
1346875 1
1348163 1
1348512 1
1354543 1
1361753 1
1366309 1
1383391 1
1383710 1
1385200 1
1391635 1
1393247 1
1397124 1
1397565 1
1406916 1
1413488 1
1415821 1
1416766 1
1424113 1
1437230 1
1442044 1
1442044 1
1442051 1
1444794 1
1444947 1
1444947 1
1445066 1
1445643 1
1446380 1
1448822 1
1449301 1
1449508 1
1450345 1
1450476 1
1474016 1
1475796 1
1475796 1
1475796 1
1475796 1
1481285 1
1481289 1
1481795 1
1483588 1
1485423 1
1494468 1
1494468 1
1497089 1
1504235 1
1510800 1
1515429 1
1518365 1
1519053 1
1523080 1
1526561 1
1530527 1
1540003 1
1544808 1
1545000 1
1547367 1
1550870 1
1555885 1
1559428 1
1567219 1
1583698 1
1583698 1
1584142 1
1589246 1
1595749 1
1634325 1
1634925 1
1636196 1
1640364 1
1656801 1
1658198 1
1658455 1
1666712 1
1686361 1
1686828 1
1689312 1
1697651 1
1710955 1
1716371 1
1726423 1
1733476 1
1746301 1
1748983 1
1751280 1
1762613 1
1765017 1
1768691 1
1771784 1
1780926 1
1781020 1
1785346 1
1788483 1
1790408 1
1792888 1
1792888 1
1793376 1
1807459 1
1807991 1
1812661 1
1819611 1
1827409 1
1829795 1
1836777 1
1838797 1
1846112 1
1858654 1
1880634 1
1885982 1
1888093 1
1895665 1
1903490 1
1907952 1
1916405 1
1931532 1
1934679 1
1935900 1
1938500 1
1941144 1
1942559 1
1951104 1
1954145 1
1956337 1
1962567 1
1968481 1
1969357 1
1976036 1
1979373 1
1980212 1
1980212 1
1996064 1
1996844 1
1996876 1
2004388 1
2010083 1
2023340 1
2025113 1
2033073 1
2035956 1
2037163 1
2046931 1
2050858 1
2051153 1
2057479 1
2060094 1
2065759 1
2067344 1
2073438 1
2079958 1
2081617 1
2092142 1
2097284 1
2097440 1
2099838 1
2100244 1
2100466 1
2109664 1
2110161 1
2117565 1
2121691 1
2122204 1
2132242 1
2134315 1
2137340 1
2139477 1
2143287 1
2144887 1
2148243 1
2150435 1
2150475 1
2158703 1
2163512 1
2165616 1
2167310 1
2167510 1
2169841 1
2180548 1
2182381 1
2190010 1
2192306 1
2193061 1
2194694 1
2198340 1
2200529 1
2207376 1
2212906 1
2213330 1
2225081 1
2237385 1
2241344 1
2245263 1
2246960 1
2262303 1
2262520 1
2274259 1
2276912 1
2284417 1
2284625 1
2285431 1
2288584 1
2289776 1
2296153 1
2299073 1
2299745 1
2299745 1
2300557 1
2306855 1
2313433 1
2321948 1
2323326 1
2332433 1
2335820 1
2338274 1
2341187 1
2358681 1
2358681 1
2361283 1
2361283 1
2362860 1
2363538 1
2366612 1
2366613 1
2367236 1
2368266 1
2372023 1
2376457 1
2382072 1
2382926 1
2383331 1
2386099 1
2398553 1
2401209 1
2402717 1
2404560 1
2415982 1
2416809 1
2417912 1
2419329 1
2421021 1
2427327 1
2442816 1
2444720 1
2446336 1
2446336 1
2467138 1
2469333 1
2486649 1
2487277 1
2493631 1
2493850 1
2494523 1
2506749 1
2525214 1
2527012 1
2536823 1
2554712 1
2563126 1
2564241 1
2565632 1
2567490 1
2568410 1
2570864 1
2574011 1
2574011 1
2574480 1
2581317 1
2581548 1
2581568 1
2584570 1
2588605 1
2593921 1
2597888 1
2598320 1
2600378 1
2603066 1
2623414 1
2623446 1
2633574 1
2650563 1
2671870 1
2672605 1
2674163 1
2674360 1
2678003 1
2678683 1
2684136 1
2684360 1
2692575 1
2694488 1
2696694 1
2697672 1
2713458 1
2727305 1
2730205 1
2736533 1
2737254 1
2738649 1
2740755 1
2756146 1
2757557 1
2771195 1
2775705 1
2776635 1
2800391 1
2806441 1
2810610 1
2810722 1
2818421 1
2828524 1
2844629 1
2846404 1
2863344 1
2866436 1
2875910 1
2880365 1
2886265 1
2887975 1
2891798 1
2909055 1
2910977 1
2913362 1
2915476 1
2918720 1
2927157 1
2931088 1
2939097 1
2939097 1
2943345 1
2944580 1
2945636 1
2961110 1
2965211 1
2980908 1
2986508 1
2990970 1
2997407 1
2997407 1
3000162 1
3004326 1
3006985 1
3008649 1
3013384 1
3015233 1
3017900 1
3017900 1
3027782 1
3030770 1
3041147 1
3041535 1
3044760 1
3074387 1
3074649 1
3078015 1
3088205 1
3089927 1
3092454 1
3096680 1
3100043 1
3100706 1
3100706 1
3103988 1
3112541 1
3126612 1
3130015 1
3153393 1
3153393 1
3160041 1
3171665 1
3172732 1
3172779 1
3176308 1
3177369 1
3177619 1
3177801 1
3178542 1
3180683 1
3190973 1
3207441 1
3208044 1
3210500 1
3217722 1
3225627 1
3227867 1
3245099 1
3247327 1
3258945 1
3261422 1
3273087 1
3274208 1
3278689 1
3295701 1
3296424 1
3303147 1
3303169 1
3305411 1
3313471 1
3320991 1
3322061 1
3326513 1
3328995 1
3329344 1
3330738 1
3333699 1
3334955 1
3345081 1
3354776 1
3358656 1
3360872 1
3363726 1
3372180 1
3373650 1
3376776 1
3385373 1
3385929 1
3387879 1
3389012 1
3391762 1
3403233 1
3403779 1
3403779 1
3416896 1
3429582 1
3432878 1
3435472 1
3450351 1
3458469 1
3459305 1
3460740 1
3469469 1
3470165 1
3473375 1
3477145 1
3484594 1
3484977 1
3487346 1
3492912 1
3505468 1
3508190 1
3509956 1
3511096 1
3515218 1
3516179 1
3518354 1
3522148 1
3523085 1
3523085 1
3542570 1
3544707 1
3553616 1
3555353 1
3555934 1
3558529 1
3559851 1
3559875 1
3565249 1
3565321 1
3576931 1
3579198 1
3580703 1
3581934 1
3593382 1
3599548 1
3600422 1
3625595 1
3630232 1
3631227 1
3633175 1
3642510 1
3652078 1
3653702 1
3654033 1
3654033 1
3659436 1
3665058 1
3669037 1
3674796 1
3675623 1
3675623 1
3680189 1
3685349 1
3687363 1
3688666 1
3690368 1
3692462 1
3721823 1
3723842 1
3728705 1
3731149 1
3733196 1
3738550 1
3738608 1
3739310 1
3739855 1
3741920 1
3745445 1
3749232 1
3759418 1
3762736 1
3764663 1
3767501 1
3773831 1
3776169 1
3778796 1
3779931 1
3783068 1
3785368 1
3785778 1
3790025 1
3790027 1
3802495 1
3806449 1
3811135 1
3821292 1
3825885 1
3832499 1
3841586 1
3841586 1
3848883 1
3858135 1
3865491 1
3866847 1
3867059 1
3868551 1
3868766 1
3869617 1
3871456 1
3875066 1
3895467 1
3898867 1
3905164 1
3915438 1
3915438 1
3917308 1
3930371 1
3937220 1
3940147 1
3955191 1
3964498 1
3965370 1
3971787 1
3976658 1
3996293 1
4002099 1
4002099 1
4002283 1
4009941 1
4033199 1
4053668 1
4057563 1
4061166 1
4062620 1
4064597 1
4065310 1
4070808 1
4071964 1
4093097 1
4094679 1
4102448 1
4104106 1
4111261 1
4116331 1
4116619 1
4130354 1
4139223 1
4145668 1
4173347 1
4178633 1
4190899 1
4192876 1
4194998 1
4197525 1
4198769 1
4202773 1
4210556 1
4213492 1
4214034 1
4227265 1
4232508 1
4238432 1
4238457 1
4238555 1
4245471 1
4250690 1
4253693 1
4260564 1
4274869 1
4275809 1
4280133 1
4288476 1
4293659 1
4297330 1
4297330 1
4301241 1
4305987 1
4310291 1
4315332 1
4315447 1
4318981 1
4321638 1
4326412 1
4327377 1
4329880 1
4333699 1
4342241 1
4343113 1
4350692 1
4353709 1
4363785 1
4368866 1
4374885 1
4381587 1
4397929 1
4408407 1
4408407 1
4419182 1
4419182 1
4419343 1
4420846 1
4424461 1
4426310 1
4444541 1
4450400 1
4450473 1
4469185 1
4469830 1
4477155 1
4485278 1
4486947 1
4486972 1
4488557 1
4492718 1
4495622 1
4499020 1
4504434 1
4521624 1
4528963 1
4533081 1
4533330 1
4533605 1
4534755 1
4536735 1
4538178 1
4541425 1
4554992 1
4558151 1
4566159 1
4576891 1
4578734 1
4596866 1
4610870 1
4610870 1
4620041 1
4624594 1
4628621 1
4632403 1
4632951 1
4639919 1
4639919 1
4643203 1
4648004 1
4651311 1
4652581 1
4652966 1
4653100 1
4656173 1
4661121 1
4665143 1
4682651 1
4687628 1
4689720 1
4703852 1
4709000 1
4715956 1
4721168 1
4734944 1
4734944 1
4741423 1
4743015 1
4743029 1
4750762 1
4752354 1
4760380 1
4761576 1
4764455 1
4766630 1
4769281 1
4776724 1
4781015 1
4802401 1
4802964 1
4809034 1
4812120 1
4812126 1
4814103 1
4822019 1
4823377 1
4835146 1
4835381 1
4836166 1
4842023 1
4849998 1
4868771 1
4874810 1
4878398 1
4878931 1
4885057 1
4889353 1
4897803 1
4903522 1
4905984 1
4911419 1
4923123 1
4925702 1
4931208 1
4932222 1
4932237 1
4936801 1
4948140 1
4962797 1
4965474 1
4968629 1
4982819 1
4983887 1
4985656 1
4986928 1
4992427 1
4999508 1
5002979 1
5004325 1
5006495 1
5007241 1
5008871 1
5012456 1
5016326 1
5026436 1
5027722 1
5035409 1
5035409 1
5045591 1
5045690 1
5046066 1
5046109 1
5056237 1
5056437 1
5074718 1
5074880 1
5077689 1
5080530 1
5080530 1
5080530 1
5080530 1
5082924 1
5085813 1
5103548 1
5107844 1
5109057 1
5132422 1
5132538 1
5147222 1
5154755 1
5164778 1
5183739 1
5193693 1
5194438 1
5194683 1
5203099 1
5203284 1
5209394 1
5212787 1
5216508 1
5223717 1
5226556 1
5229168 1
5233166 1
5238022 1
5241139 1
5241918 1
5241918 1
5251763 1
5259069 1
5288455 1
5292163 1
5292442 1
5293237 1
5293682 1
5308874 1
5309138 1
5329422 1
5333675 1
5352033 1
5362722 1
5376867 1
5380318 1
5381810 1
5394123 1
5405481 1
5410193 1
5412117 1
5414847 1
5419274 1
5441893 1
5447246 1
5451911 1
5456405 1
5457457 1
5459958 1
5460780 1
5461351 1
5462202 1
5472239 1
5473667 1
5479845 1
5479849 1
5491315 1
5491315 1
5497612 1
5499559 1
5500651 1
5505515 1
5520014 1
5535006 1
5538006 1
5539092 1
5582722 1
5582722 1
5586415 1
5590327 1
5597353 1
5604757 1
5609237 1
5611258 1
5612370 1
5615894 1
5624835 1
5631223 1
5633712 1
5636665 1
5639097 1
5641240 1
5646897 1
5647722 1
5651139 1
5656709 1
5662894 1
5663771 1
5670153 1
5672767 1
5686972 1
5688764 1
5688764 1
5688840 1
5690672 1
5694239 1
5700554 1
5700747 1
5704373 1
5708543 1
5714478 1
5719353 1
5727275 1
5729926 1
5730164 1
5731112 1
5734070 1
5747511 1
5751692 1
5752311 1
5765068 1
5765703 1
5765714 1
5799668 1
5803100 1
5808556 1
5811673 1
5812458 1
5825177 1
5833434 1
5852522 1
5853899 1
5858539 1
5862078 1
5869144 1
5871835 1
5878148 1
5879635 1
5880915 1
5886716 1
5891398 1
5903372 1
5903822 1
5903919 1
5909481 1
5912678 1
5917358 1
5919820 1
5930736 1
5933805 1
5936794 1
5936794 1
5956997 1
5958387 1
5961132 1
5968927 1
5971435 1
5975129 1
5984721 1
5991936 1
5999350 1
6000903 1
6003568 1
6006085 1
6009428 1
6011449 1
6014916 1
6015993 1
6018115 1
6021489 1
6040405 1
6044875 1
6045124 1
6046340 1
6052967 1
6064905 1
6077055 1
6077323 1
6083843 1
6087659 1
6088045 1
6093990 1
6098197 1
6100722 1
6114588 1
6126236 1
6126236 1
6128658 1
6133065 1
6133065 1
6133102 1
6141186 1
6144509 1
6149509 1
6156250 1
6157739 1
6191798 1
6198588 1
6199404 1
6200029 1
6207276 1
6239685 1
6255733 1
6260184 1
6264414 1
6273843 1
6273876 1
6285863 1
6289022 1
6295476 1
6303580 1
6308566 1
6311738 1
6315552 1
6331860 1
6338011 1
6339428 1
6342221 1
6342802 1
6344431 1
6356449 1
6356537 1
6357422 1
6360862 1
6369635 1
6376328 1
6377059 1
6377406 1
6389825 1
6396071 1
6403292 1
6408124 1
6417965 1
6422005 1
6427279 1
6428059 1
6428269 1
6444092 1
6449895 1
6452355 1
6454566 1
6454574 1
6457554 1
6459748 1
6471148 1
6473940 1
6478618 1
6478704 1
6483801 1
6489001 1
6491863 1
6496370 1
6508006 1
6509540 1
6514912 1
6519345 1
6519345 1
6524416 1
6529731 1
6534502 1
6536780 1
6540497 1
6541531 1
6543752 1
6551965 1
6556460 1
6566077 1
6568363 1
6579753 1
6581497 1
6582086 1
6585203 1
6587722 1
6616209 1
6618766 1
6619977 1
6620281 1
6620599 1
6620954 1
6623592 1
6628956 1
6629328 1
6631992 1
6637314 1
6644485 1
6654191 1
6662489 1
6667244 1
6667882 1
6669991 1
6671823 1
6674569 1
6681008 1
6683352 1
6686609 1
6696221 1
6713301 1
6733901 1
6733925 1
6736575 1
6741167 1
6750298 1
6751300 1
6755593 1
6759853 1
6762500 1
6763802 1
6765352 1
6765352 1
6767108 1
6771667 1
6781232 1
6782319 1
6785190 1
6789294 1
6806336 1
6806977 1
6808653 1
6817256 1
6820325 1
6823826 1
6826614 1
6832253 1
6836710 1
6839542 1
6842468 1
6845461 1
6848156 1
6849001 1
6851930 1
6861860 1
6865335 1
6869483 1
6869486 1
6886272 1
6886865 1
6887212 1
6888395 1
6893440 1
6899288 1
6907787 1
6907797 1
6910367 1
6912103 1
6914962 1
6918639 1
6918639 1
6928008 1
6929629 1
6930184 1
6934149 1
6953528 1
6964631 1
6964947 1
6964947 1
6965419 1
6975482 1
6980205 1
6981934 1
6982500 1
6986768 1
7007176 1
7011943 1
7017310 1
7017410 1
7017410 1
7018563 1
7018635 1
7034710 1
7035181 1
7036259 1
7043284 1
7051566 1
7063827 1
7066927 1
7076198 1
7082788 1
7084112 1
7086161 1
7086972 1
7103298 1
7105830 1
7106750 1
7115962 1
7124397 1
7125171 1
7132286 1
7134738 1
7152049 1
7154924 1
7155357 1
7160381 1
7165440 1
7174924 1
7178363 1
7183781 1
7187984 1
7200033 1
7200035 1
7202608 1
7209721 1
7214369 1
7219299 1
7220892 1
7230282 1
7231016 1
7231929 1
7233756 1
7236080 1
7236771 1
7244812 1
7244902 1
7245945 1
7266526 1
7272630 1
7275468 1
7276932 1
7281875 1
7282007 1
7282554 1
7286330 1
7286476 1
7286916 1
7286916 1
7289661 1
7298356 1
7302045 1
7307880 1
7311898 1
7311898 1
7319279 1
7321618 1
7323846 1
7323968 1
7325680 1
7328652 1
7328725 1
7331661 1
7331661 1
7335305 1
7335872 1
7336042 1
7337108 1
7337512 1
7342372 1
7348970 1
7361596 1
7363747 1
7376728 1
7377515 1
7377523 1
7378024 1
7379158 1
7379837 1
7381492 1
7382947 1
7384755 1
7392411 1
7394055 1
7396307 1
7398956 1
7401717 1
7402492 1
7404508 1
7407602 1
7407602 1
7409938 1
7414921 1
7420092 1
7433646 1
7433646 1
7436251 1
7439893 1
7452117 1
7452302 1
7461624 1
7461690 1
7476333 1
7479466 1
7483372 1
7486227 1
7494810 1
7495326 1
7506278 1
7509701 1
7538689 1
7542370 1
7551832 1
7557604 1
7558171 1
7561959 1
7565442 1
7565531 1
7567747 1
7571606 1
7576084 1
7584677 1
7593700 1
7596301 1
7613786 1
7619806 1
7637014 1
7645855 1
7647822 1
7647887 1
7647941 1
7649353 1
7651340 1
7651973 1
7657808 1
7666811 1
7669434 1
7673257 1
7673368 1
7677206 1
7680831 1
7682243 1
7696561 1
7698071 1
7701334 1
7710626 1
7715578 1
7729153 1
7729154 1
7729592 1
7742161 1
7746166 1
7760207 1
7760207 1
7777239 1
7784282 1
7784930 1
7791574 1
7801737 1
7808516 1
7811049 1
7815546 1
7823873 1
7823873 1
7835328 1
7837865 1
7850745 1
7855227 1
7869728 1
7871056 1
7872211 1
7876692 1
7877925 1
7878810 1
7883824 1
7888799 1
7889507 1
7890392 1
7892895 1
7892981 1
7896201 1
7905179 1
7908897 1
7909273 1
7909600 1
7916350 1
7923263 1
7925828 1
7929266 1
7930109 1
7932018 1
7938457 1
7947220 1
7954962 1
7955296 1
7957119 1
7970374 1
7979013 1
7980606 1
7981876 1
7994579 1
7997771 1
8003368 1
8006294 1
8006787 1
8016160 1
8016160 1
8022095 1
8024372 1
8029630 1
8029891 1
8029891 1
8029998 1
8031377 1
8032244 1
8033871 1
8037629 1
8040328 1
8041900 1
8054155 1
8054171 1
8054690 1
8067471 1
8076663 1
8090401 1
8097362 1
8103357 1
8107282 1
8110477 1
8111138 1
8116331 1
8119881 1
8135449 1
8136145 1
8141443 1
8141653 1
8148781 1
8150692 1
8154843 1
8155554 1
8155878 1
8160548 1
8182124 1
8189862 1
8202868 1
8204472 1
8210826 1
8212433 1
8218697 1
8221655 1
8222973 1
8222973 1
8223682 1
8237375 1
8264997 1
8270245 1
8271243 1
8278429 1
8284998 1
8293277 1
8296673 1
8300071 1
8305166 1
8306164 1
