774 1
2582 1
6956 1
17053 1
23878 1
59983 1
79081 1
79081 1
80225 1
83055 1
86230 1
86772 1
87394 1
89435 1
89524 1
93104 1
95464 1
99542 1
103641 1
106933 1
109995 1
109995 1
112935 1
114666 1
115689 1
128066 1
128993 1
130523 1
133392 1
139131 1
144944 1
145058 1
145058 1
146140 1
152613 1
153294 1
155680 1
156961 1
156961 1
157260 1
171231 1
172781 1
178034 1
178034 1
181954 1
182206 1
185552 1
187042 1
192955 1
194555 1
195979 1
196738 1
197214 1
197470 1
198302 1
200172 1
206962 1
207246 1
207246 1
212217 1
214000 1
215049 1
223576 1
229410 1
244581 1
263370 1
265649 1
267396 1
272056 1
277151 1
277151 1
277151 1
280179 1
282264 1
284308 1
296286 1
306724 1
308162 1
308162 1
311444 1
312286 1
314435 1
317016 1
317159 1
322745 1
326291 1
329940 1
330780 1
330911 1
338206 1
345221 1
347870 1
350486 1
357112 1
357852 1
359164 1
362013 1
362874 1
370924 1
372277 1
377816 1
389926 1
405233 1
417680 1
420621 1
426389 1
439899 1
440069 1
441479 1
442466 1
450860 1
452294 1
453381 1
453819 1
460902 1
461606 1
488780 1
489161 1
491510 1
492804 1
500099 1
504597 1
506680 1
508070 1
525748 1
533399 1
538815 1
547597 1
559101 1
570050 1
578246 1
584891 1
585715 1
588277 1
618923 1
655591 1
655864 1
658410 1
659500 1
659757 1
663305 1
663330 1
667970 1
669212 1
670751 1
675126 1
677780 1
679749 1
681693 1
683491 1
683704 1
683704 1
697048 1
712072 1
716451 1
716698 1
718855 1
722583 1
723877 1
724377 1
734086 1
739205 1
761134 1
766356 1
767339 1
779220 1
783544 1
795992 1
796965 1
802901 1
803234 1
807494 1
807903 1
808028 1
808180 1
812857 1
813145 1
813874 1
828770 1
836371 1
843464 1
843990 1
855210 1
857393 1
865823 1
870285 1
871364 1
873520 1
874799 1
885274 1
886101 1
891479 1
910776 1
911095 1
912755 1
914027 1
919449 1
921549 1
925107 1
929112 1
929112 1
931545 1
940363 1
945558 1
948065 1
960910 1
963070 1
963883 1
977300 1
977998 1
977998 1
986680 1
992733 1
996453 1
1010278 1
1019892 1
1021497 1
1026181 1
1027724 1
1028236 1
1029296 1
1029558 1
1034271 1
1035828 1
1035828 1
1038191 1
1040189 1
1040977 1
1043303 1
1043317 1
1049459 1
1058169 1
1059853 1
1062847 1
1063460 1
1064134 1
1067572 1
1070364 1
1070364 1
1071009 1
1071506 1
1071578 1
1080709 1
1085281 1
1086045 1
1090992 1
1092761 1
1103851 1
1103851 1
1108654 1
1108807 1
1124678 1
1137173 1
1140858 1
1140858 1
1149875 1
1149879 1
1157401 1
1157401 1
1160476 1
1170555 1
1180030 1
1185697 1
1185776 1
1185965 1
1187926 1
1192458 1
1200785 1
1208401 1
1214597 1
1218167 1
1218687 1
1223586 1
1228872 1
1230302 1
1235237 1
1235237 1
1238475 1
1240727 1
1245823 1
1246198 1
1246198 1
1253273 1
1258135 1
1270394 1
1271426 1
1272818 1
1289206 1
1290054 1
1295912 1
1298073 1
1310757 1
1311508 1
1311706 1
1322499 1
1322499 1
1326303 1
1326748 1
1331007 1
1333398 1
1333398 1
1340048 1
1340089 1
1342202 1
1347329 1
1349594 1
1367792 1
1374577 1
1375317 1
1382120 1
1397083 1
1397493 1
1398006 1
1401749 1
1401749 1
1403504 1
1405018 1
1406286 1
1414477 1
1414632 1
1424755 1
1427574 1
1428866 1
1431398 1
1435689 1
1449744 1
1453384 1
1461385 1
1464170 1
1467224 1
1477325 1
1477777 1
1485280 1
1490974 1
1507817 1
1510165 1
1510165 1
1511069 1
1513323 1
1514946 1
1516069 1
1516411 1
1528464 1
1551636 1
1553440 1
1561743 1
1574925 1
1580572 1
1581177 1
1585695 1
1589167 1
1601570 1
1602379 1
1604068 1
1604393 1
1606860 1
1609135 1
1613506 1
1614251 1
1622191 1
1630251 1
1631377 1
1632570 1
1638934 1
1640059 1
1661024 1
1661024 1
1662484 1
1662931 1
1664460 1
1666370 1
1671987 1
1672909 1
1674903 1
1677802 1
1688088 1
1688226 1
1690664 1
1692300 1
1698195 1
1699578 1
1699578 1
1713991 1
1715720 1
1722321 1
1727466 1
1733430 1
1738900 1
1740377 1
1741591 1
1742701 1
1742759 1
1750931 1
1763874 1
1765206 1
1766588 1
1774874 1
1776073 1
1778281 1
1787694 1
1791648 1
1793623 1
1793646 1
1795872 1
1795872 1
1796732 1
1797380 1
1801443 1
1802728 1
1810442 1
1812936 1
1813377 1
1818508 1
1819870 1
1820554 1
1822430 1
1825068 1
1825832 1
1826020 1
1830607 1
1837782 1
1841340 1
1846151 1
1846151 1
1847198 1
1847681 1
1848682 1
1857980 1
1857980 1
1863419 1
1865611 1
1865977 1
1866149 1
1871265 1
1877832 1
1886911 1
1890465 1
1896126 1
1898229 1
1898277 1
1898521 1
1903230 1
1914471 1
1933908 1
1939915 1
1940574 1
1940982 1
1941418 1
1951405 1
1951405 1
1953677 1
1953677 1
1955128 1
1955251 1
1958274 1
1980512 1
1985854 1
1985854 1
1993220 1
1996357 1
2009897 1
2017010 1
2019067 1
2022143 1
2024826 1
2025660 1
2027773 1
2033625 1
2039635 1
2041085 1
2045925 1
2046107 1
2051289 1
2058697 1
2059878 1
2068854 1
2071501 1
2071887 1
2073996 1
2077801 1
2084283 1
2090221 1
2096890 1
2098405 1
2098620 1
2099208 1
2104262 1
2105650 1
2111078 1
2112394 1
2120076 1
2122502 1
2126134 1
2136134 1
2136134 1
2140724 1
2145470 1
2148218 1
2154979 1
2158023 1
2160968 1
2163621 1
2178551 1
2186128 1
2187279 1
2189046 1
2193146 1
2204226 1
2208948 1
2223945 1
2243990 1
2250716 1
2252804 1
2256411 1
2261592 1
2267015 1
2270442 1
2273456 1
2275566 1
2277269 1
2286568 1
2287470 1
2287699 1
2291365 1
2306738 1
2307535 1
2310964 1
2313751 1
2319860 1
2336781 1
2338300 1
2341970 1
2342700 1
2348959 1
2353750 1
2357426 1
2360870 1
2382929 1
2384075 1
2385851 1
2387730 1
2389033 1
2395753 1
2402763 1
2404156 1
2415265 1
2424351 1
2425249 1
2425980 1
2428758 1
2434272 1
2435674 1
2439666 1
2440126 1
2440191 1
2451508 1
2453261 1
2463810 1
2464219 1
2470546 1
2471327 1
2475785 1
2483885 1
2491375 1
2491429 1
2491983 1
2496776 1
2497687 1
2509980 1
2520474 1
2521863 1
2523360 1
2527741 1
2535111 1
2536098 1
2539301 1
2542900 1
2544250 1
2546535 1
2547582 1
2548256 1
2552551 1
2564081 1
2564238 1
2565867 1
2567399 1
2568830 1
2569704 1
2569887 1
2570825 1
2572189 1
2575971 1
2582863 1
2592601 1
2597037 1
2599134 1
2605066 1
2622602 1
2623772 1
2624691 1
2625311 1
2632074 1
2634358 1
2634358 1
2637616 1
2637670 1
2648496 1
2652663 1
2658192 1
2662033 1
2665544 1
2673366 1
2683156 1
2689487 1
2692638 1
2693315 1
2695093 1
2701954 1
2702703 1
2702714 1
2705881 1
2707536 1
2708264 1
2708264 1
2711108 1
2729539 1
2731395 1
2735032 1
2739525 1
2761701 1
2769668 1
2772186 1
2782083 1
2783226 1
2783555 1
2784682 1
2789762 1
2794932 1
2796972 1
2796972 1
2813954 1
2820946 1
2821096 1
2821096 1
2825226 1
2833037 1
2835050 1
2837252 1
2839695 1
2842689 1
2844568 1
2849769 1
2859986 1
2867727 1
2867995 1
2868625 1
2870985 1
2871814 1
2872018 1
2881355 1
2882574 1
2890517 1
2894066 1
2894593 1
2895245 1
2898700 1
2900745 1
2913266 1
2913546 1
2917974 1
2917974 1
2919795 1
2921480 1
2944116 1
2949910 1
2950348 1
2951931 1
2966059 1
2967305 1
2969659 1
2971717 1
2979048 1
2983397 1
2990281 1
2992258 1
2994407 1
2998228 1
3002343 1
3002581 1
3004974 1
3012510 1
3012753 1
3017159 1
3024537 1
3025220 1
3026735 1
3026735 1
3030108 1
3037376 1
3044340 1
3055256 1
3055256 1
3065134 1
3068305 1
3068360 1
3069179 1
3074606 1
3087810 1
3096642 1
3100551 1
3100551 1
3109502 1
3116000 1
3116008 1
3123993 1
3126025 1
3128005 1
3131985 1
3134236 1
3136382 1
3145327 1
3147565 1
3149088 1
3158174 1
3158363 1
3158840 1
3158859 1
3158867 1
3159166 1
3160582 1
3163164 1
3180612 1
3180827 1
3182536 1
3192849 1
3198985 1
3202454 1
3204321 1
3205407 1
3206789 1
3214734 1
3226767 1
3229616 1
3229631 1
3235045 1
3238445 1
3240081 1
3243114 1
3247687 1
3249651 1
3261532 1
3261532 1
3264861 1
3266452 1
3266553 1
3270560 1
3270764 1
3275075 1
3277818 1
3279061 1
3283299 1
3285143 1
3304744 1
3312564 1
3319851 1
3319857 1
3319865 1
3321498 1
3324360 1
3337312 1
3339846 1
3342658 1
3343482 1
3348644 1
3352223 1
3353574 1
3358217 1
3360250 1
3363241 1
3366214 1
3372665 1
3381406 1
3388162 1
3389427 1
3403335 1
3411493 1
3411493 1
3415080 1
3415080 1
3415826 1
3422691 1
3432642 1
3436145 1
3437387 1
3438953 1
3438953 1
3467795 1
3472738 1
3472738 1
3473249 1
3475084 1
3477835 1
3479159 1
3487421 1
3492829 1
3494640 1
3495478 1
3497130 1
3497219 1
3498282 1
3503894 1
3529049 1
3534003 1
3534615 1
3535015 1
3542002 1
3547628 1
3548008 1
3571108 1
3572529 1
3572965 1
3573106 1
3578899 1
3579606 1
3581557 1
3583901 1
3594580 1
3595505 1
3606086 1
3611581 1
3612281 1
3614710 1
3614908 1
3619157 1
3620996 1
3620996 1
3623192 1
3623192 1
3629909 1
3630659 1
3635737 1
3643725 1
3650121 1
3655255 1
3659055 1
3659412 1
3664668 1
3667333 1
3667861 1
3668233 1
3669403 1
3669540 1
3669540 1
3670561 1
3670741 1
3676695 1
3679844 1
3680836 1
3684430 1
3694942 1
3695497 1
3695831 1
3699806 1
3706018 1
3707146 1
3718879 1
3723660 1
3729615 1
3733647 1
3734822 1
3738650 1
3746828 1
3749516 1
3759645 1
3762290 1
3764765 1
3765725 1
3768136 1
3769823 1
3770326 1
3770733 1
3779844 1
3780868 1
3786578 1
3791594 1
3794002 1
3812241 1
3812724 1
3814644 1
3821458 1
3823614 1
3825683 1
3827941 1
3829073 1
3829322 1
3835256 1
3840041 1
3857452 1
3862216 1
3862233 1
3864913 1
3865548 1
3867947 1
3872074 1
3880289 1
3884250 1
3884514 1
3886180 1
3894518 1
3908319 1
3917109 1
3917545 1
3923987 1
3935605 1
3937264 1
3937520 1
3937538 1
3941767 1
3975438 1
3987295 1
3990453 1
3990912 1
3994008 1
3998815 1
3999665 1
4000770 1
4002877 1
4017492 1
4023434 1
4025316 1
4025829 1
4025846 1
4027186 1
4029732 1
4043050 1
4059837 1
4075783 1
4076805 1
4082482 1
4090705 1
4096789 1
4097302 1
4104821 1
4117605 1
4136469 1
4139733 1
4148151 1
4150020 1
4150709 1
4167188 1
4170076 1
4175962 1
4177369 1
4188195 1
4194262 1
4199570 1
4212266 1
4215266 1
4219060 1
4223117 1
4225949 1
4229862 1
4247916 1
4248423 1
4249990 1
4256556 1
4266234 1
4267287 1
4272220 1
4274378 1
4278551 1
4282207 1
4282207 1
4283847 1
4291873 1
4294752 1
4300998 1
4302232 1
4308532 1
4314054 1
4314362 1
4325476 1
4327688 1
4331669 1
4337295 1
4340362 1
4342279 1
4343078 1
4344639 1
4345512 1
4346423 1
4352638 1
4357915 1
4358823 1
4362250 1
4369638 1
4371720 1
4371720 1
4371720 1
4371720 1
4382651 1
4385604 1
4385773 1
4387286 1
4389277 1
4389521 1
4397058 1
4401155 1
4404355 1
4407586 1
4410555 1
4416734 1
4420523 1
4420994 1
4426843 1
4427480 1
4435065 1
4438757 1
4439070 1
4441094 1
4443792 1
4447661 1
4453904 1
4457650 1
4464882 1
4477424 1
4495804 1
4516868 1
4516868 1
4518663 1
4519094 1
4525191 1
4527320 1
4527613 1
4527613 1
4535913 1
4542877 1
4543789 1
4558427 1
4560163 1
4568301 1
4595167 1
4606288 1
4613793 1
4619584 1
4619753 1
4626344 1
4631970 1
4648724 1
4651697 1
4653645 1
4653994 1
4676041 1
4694720 1
4698459 1
4709924 1
4709932 1
4710196 1
4714999 1
4720975 1
4721220 1
4721800 1
4723381 1
4731932 1
4734555 1
4735820 1
4737397 1
4742963 1
4747978 1
4750362 1
4752086 1
4756452 1
4761025 1
4770172 1
4774730 1
4776916 1
4776916 1
4779766 1
4784082 1
4792046 1
4799287 1
4804401 1
4806673 1
4824838 1
4825857 1
4826688 1
4833346 1
4839060 1
4842093 1
4843884 1
4855844 1
4859991 1
4880306 1
4883426 1
4883895 1
4884514 1
4887296 1
4888205 1
4892683 1
4895937 1
4909321 1
4914505 1
4916350 1
4916455 1
4920947 1
4927579 1
4932830 1
4935370 1
4947691 1
4947691 1
4948011 1
4960049 1
4960153 1
4960161 1
4960918 1
4962936 1
4963825 1
4977577 1
4980263 1
4987303 1
4994311 1
4996951 1
4997023 1
4998388 1
4999546 1
5001608 1
5001988 1
5005495 1
5006439 1
5010646 1
5013798 1
5019581 1
5019921 1
5022867 1
5033574 1
5038321 1
5039554 1
5039979 1
5041167 1
5043733 1
5044602 1
5044602 1
5049031 1
5050470 1
5055167 1
5055834 1
5056305 1
5056318 1
5060567 1
5066060 1
5070882 1
5071047 1
5073263 1
5074551 1
5077815 1
5090010 1
5112095 1
5136644 1
5141839 1
5143732 1
5146648 1
5149325 1
5153540 1
5155603 1
5161195 1
5171306 1
5171313 1
5173026 1
5173026 1
5173269 1
5189191 1
5193915 1
5204758 1
5222852 1
5228215 1
5229946 1
5231346 1
5235005 1
5249396 1
5254215 1
5256589 1
5263319 1
5264991 1
5276591 1
5276591 1
5288956 1
5289498 1
5291809 1
5301435 1
5314071 1
5317080 1
5322670 1
5323368 1
5326315 1
5334233 1
5344452 1
5344452 1
5344452 1
5344452 1
5344452 1
5344452 1
5344452 1
5344452 1
5344452 1
5344452 1
5344452 1
5344452 1
5344452 1
5344452 1
5344452 1
5344452 1
5344452 1
5344452 1
5344452 1
5344452 1
5344452 1
5346608 1
5355659 1
5369709 1
5369712 1
5375621 1
5383091 1
5383091 1
5383267 1
5383267 1
5383481 1
5395484 1
5418565 1
5430841 1
5431920 1
5433746 1
5439532 1
5440662 1
5441495 1
5441586 1
5443125 1
5444110 1
5447239 1
5452603 1
5457759 1
5466032 1
5466107 1
5467340 1
5467940 1
5471748 1
5472734 1
5474661 1
5478232 1
5489097 1
5495780 1
5504371 1
5505779 1
5509540 1
5512200 1
5512200 1
5515831 1
5523278 1
5524019 1
5524929 1
5535576 1
5546335 1
5549784 1
5551683 1
5554803 1
5555204 1
5557039 1
5558156 1
5558909 1
5561041 1
5565923 1
5567804 1
5568730 1
5568950 1
5572311 1
5572984 1
5574562 1
5575443 1
5594678 1
5597644 1
5604776 1
5607317 1
5608967 1
5631183 1
5634637 1
5636350 1
5646444 1
5650009 1
5657934 1
5666081 1
5667695 1
5679595 1
5679908 1
5686116 1
5686632 1
5687689 1
5689209 1
5693570 1
5706425 1
5707705 1
5714110 1
5720247 1
5729204 1
5735239 1
5738238 1
5746512 1
5747613 1
5747996 1
5748072 1
5757304 1
5758023 1
5763191 1
5763549 1
5766886 1
5768401 1
5777443 1
5780816 1
5788073 1
5790909 1
5798570 1
5798785 1
5805789 1
5806840 1
5811510 1
5811629 1
5822413 1
5827836 1
5833474 1
5852737 1
5857585 1
5857791 1
5857949 1
5872233 1
5878530 1
5879455 1
5880428 1
5880615 1
5881349 1
5881823 1
5881827 1
5882310 1
5882513 1
5887275 1
5896716 1
5912023 1
5920569 1
5929443 1
5932591 1
5939143 1
5939916 1
5941424 1
5946988 1
5949630 1
5952916 1
5954849 1
5956009 1
5971015 1
5983539 1
5985923 1
5986033 1
5992037 1
5992037 1
5999226 1
5999330 1
6001291 1
6004212 1
6007828 1
6030191 1
6033340 1
6034165 1
6038180 1
6038375 1
6045025 1
6047083 1
6052639 1
6054572 1
6057735 1
6062656 1
6067751 1
6071442 1
6073052 1
6083264 1
6088685 1
6097022 1
6097866 1
6101270 1
6103900 1
6105884 1
6109097 1
6110055 1
6119086 1
6119086 1
6120725 1
6121611 1
6122673 1
6123045 1
6123345 1
6125098 1
6127417 1
6133720 1
6136465 1
6137267 1
6139720 1
6142445 1
6144087 1
6150937 1
6150946 1
6150965 1
6150973 1
6151042 1
6151232 1
6151837 1
6152033 1
6152661 1
6155091 1
6156558 1
6156637 1
6165390 1
6165594 1
6186590 1
6190694 1
6193947 1
6193947 1
6196014 1
6198078 1
6203461 1
6204827 1
6210476 1
6231160 1
6235366 1
6235366 1
6239217 1
6248864 1
6253774 1
6257719 1
6257719 1
6258386 1
6263665 1
6264234 1
6269677 1
6277665 1
6278569 1
6295989 1
6302639 1
6305508 1
6306252 1
6309488 1
6314968 1
6315103 1
6327370 1
6340839 1
6356871 1
6363335 1
6366233 1
6370140 1
6370666 1
6371026 1
6376916 1
6379431 1
6381907 1
6393075 1
6393852 1
6403989 1
6412844 1
6413792 1
6415015 1
6423840 1
6424180 1
6426517 1
6437372 1
6437453 1
6440120 1
6440493 1
6443583 1
6451162 1
6452222 1
6455848 1
6461591 1
6467214 1
6469784 1
6471604 1
6479025 1
6480075 1
6480698 1
6484433 1
6485073 1
6485568 1
6490315 1
6505539 1
6507215 1
6512681 1
6512925 1
6513556 1
6522994 1
6523777 1
6542446 1
6551785 1
6563046 1
6567723 1
6583043 1
6583570 1
6583570 1
6591715 1
6593634 1
6601676 1
6602040 1
6604385 1
6610459 1
6611098 1
6612426 1
6614476 1
6622870 1
6629382 1
6636994 1
6637831 1
6640983 1
6642781 1
6642789 1
6643745 1
6646536 1
6657854 1
6658575 1
6665588 1
6680206 1
6680206 1
6680217 1
6686067 1
6688776 1
6697802 1
6700598 1
6706514 1
6709622 1
6712155 1
6713172 1
6726858 1
6732002 1
6732002 1
6733530 1
6733826 1
6735415 1
6748657 1
6748657 1
6754261 1
6754681 1
6768880 1
6778491 1
6780459 1
6780459 1
6783520 1
6802567 1
6803086 1
6805449 1
6811098 1
6814876 1
6829193 1
6832140 1
6832579 1
6834333 1
6852003 1
6855668 1
6859148 1
6863918 1
6866521 1
6868524 1
6871198 1
6871615 1
6871615 1
6879136 1
6889434 1
6894968 1
6895076 1
6909445 1
6911730 1
6915630 1
6917575 1
6920446 1
6925499 1
6931581 1
6931858 1
6935079 1
6937523 1
6938347 1
6941041 1
6944037 1
6955159 1
6957260 1
6959381 1
6960760 1
6971970 1
6973312 1
6975800 1
6979050 1
6982317 1
6983403 1
6990792 1
6994062 1
6994070 1
6994519 1
6994956 1
6995083 1
7003075 1
7006897 1
7013174 1
7015214 1
7015733 1
7018541 1
7028259 1
7028574 1
7028955 1
7031634 1
7033590 1
7034649 1
7037751 1
7044952 1
7049734 1
7054594 1
7055869 1
7056998 1
7059746 1
7063359 1
7064313 1
7075228 1
7075575 1
7076456 1
7082519 1
7082647 1
7083381 1
7084984 1
7099816 1
7100453 1
7102702 1
7103582 1
7108412 1
7113833 1
7115904 1
7121182 1
7125262 1
7133320 1
7138791 1
7149282 1
7166479 1
7171751 1
7173904 1
7184610 1
7190383 1
7194111 1
7199822 1
7200703 1
7208088 1
7210588 1
7216969 1
7224304 1
7225080 1
7227907 1
7229283 1
7229986 1
7236707 1
7237768 1
7244958 1
7250532 1
7250995 1
7274070 1
7280664 1
7282282 1
7287061 1
7287815 1
7290978 1
7301986 1
7306007 1
7312134 1
7315098 1
7315098 1
7315736 1
7317287 1
7317993 1
7322796 1
7323856 1
7326579 1
7329648 1
7337128 1
7340142 1
7341301 1
7347122 1
7349924 1
7350620 1
7352561 1
7352873 1
7352873 1
7354923 1
7369686 1
7371269 1
7373853 1
7376493 1
7378807 1
7379674 1
7379964 1
7382186 1
7383995 1
7386533 1
7389478 1
7396452 1
7400076 1
7401740 1
7405754 1
7407568 1
7408912 1
7418176 1
7423996 1
7440396 1
7442861 1
7443692 1
7445730 1
7467038 1
7467765 1
7471113 1
7475610 1
7485521 1
7485606 1
7491604 1
7498237 1
7501791 1
7502669 1
7503793 1
7508359 1
7512441 1
7514070 1
7514070 1
7514489 1
7517992 1
7523895 1
7528059 1
7530084 1
7537710 1
7538414 1
7540821 1
7544015 1
7545505 1
7546768 1
7549324 1
7550551 1
7559854 1
7560124 1
7562232 1
7563588 1
7563671 1
7564957 1
7565401 1
7574535 1
7587952 1
7587952 1
7588270 1
7595420 1
7600829 1
7601668 1
7601864 1
7603716 1
7608178 1
7608550 1
7608889 1
7624598 1
7629688 1
7631324 1
7632957 1
7636721 1
7638829 1
7645843 1
7647630 1
7649038 1
7652330 1
7653051 1
7662094 1
7663149 1
7665392 1
7665392 1
7667029 1
7674666 1
7676162 1
7678114 1
7682102 1
7685692 1
7688000 1
7688239 1
7693368 1
7698048 1
7705963 1
7706248 1
7706891 1
7706892 1
7711424 1
7711507 1
7711606 1
7713193 1
7725479 1
7726961 1
7733028 1
7733414 1
7735550 1
7736147 1
7748793 1
7753538 1
7755709 1
7759665 1
7766034 1
7766156 1
7768516 1
7769276 1
7774230 1
7774836 1
7776544 1
7780540 1
7782768 1
7803326 1
7803880 1
7821980 1
7822079 1
7827826 1
7829011 1
7829809 1
7856901 1
7864801 1
7864801 1
7865326 1
7866974 1
7871979 1
7874297 1
7881788 1
7890293 1
7890982 1
7891660 1
7897628 1
7899233 1
7900714 1
7902366 1
7905558 1
7909595 1
7913793 1
7915975 1
7918618 1
7923611 1
7930910 1
7931891 1
7933338 1
7933997 1
7941139 1
7941271 1
7942472 1
7943563 1
7946524 1
7947263 1
7952672 1
7961440 1
7966820 1
7968122 1
7968748 1
7970105 1
7974980 1
7983071 1
7986232 1
7995210 1
7996286 1
7997216 1
7998674 1
8000635 1
8014695 1
8014779 1
8015212 1
8017288 1
8021153 1
8022218 1
8025477 1
8025477 1
8030717 1
8031016 1
8032928 1
8034239 1
8040456 1
8041083 1
8042868 1
8042868 1
8048613 1
8053623 1
8053829 1
8054792 1
8056150 1
8058906 1
8061184 1
8061614 1
8063127 1
8066372 1
8068178 1
8069195 1
8073010 1
8081185 1
8083455 1
8084729 1
8085758 1
8089127 1
8090898 1
8102030 1
8105806 1
8108989 1
8109281 1
8115396 1
8115931 1
8115936 1
8117105 1
8117229 1
8120990 1
8121774 1
8122175 1
8125036 1
8125036 1
8125491 1
8127054 1
8130165 1
8130165 1
8131131 1
8131900 1
8131915 1
8131915 1
8133191 1
8139199 1
8139680 1
8144574 1
8146981 1
8148147 1
8150393 1
8151767 1
8152940 1
8156379 1
8160093 1
8161405 1
8164462 1
8167011 1
8173968 1
8181366 1
8189342 1
8191397 1
8191397 1
8194567 1
8203913 1
8203913 1
8204897 1
8218323 1
8220170 1
8224021 1
8230101 1
8231816 1
8236660 1
8250097 1
8252584 1
8254207 1
8256350 1
8266251 1
8271350 1
8273330 1
8275948 1
8288512 1
8298082 1
8306798 1
1200 1
1469 1
12017 1
13021 1
26064 1
28001 1
33517 1
52482 1
54433 1
55275 1
59955 1
63061 1
73160 1
73785 1
77852 1
83301 1
91749 1
102353 1
111811 1
120969 1
123012 1
126408 1
128077 1
128544 1
134985 1
134985 1
137684 1
138123 1
139789 1
139916 1
141498 1
143516 1
143830 1
146945 1
148850 1
149928 1
150430 1
151579 1
156351 1
156351 1
162024 1
162925 1
163396 1
164656 1
165157 1
166969 1
169782 1
174543 1
175484 1
177396 1
179933 1
180218 1
188294 1
190133 1
190600 1
191211 1
192760 1
196626 1
197919 1
198999 1
201711 1
212994 1
218026 1
222607 1
223208 1
225155 1
225234 1
227483 1
228935 1
229962 1
230916 1
236421 1
241292 1
247431 1
250539 1
261371 1
261371 1
262142 1
264891 1
268756 1
270660 1
270663 1
272983 1
274128 1
274134 1
275563 1
281789 1
286186 1
286782 1
293240 1
294907 1
297854 1
300416 1
307301 1
328967 1
328967 1
331470 1
332166 1
340965 1
350868 1
351135 1
353374 1
358211 1
363731 1
369052 1
381528 1
381813 1
389904 1
389904 1
406825 1
413051 1
416066 1
417824 1
421783 1
426783 1
436184 1
436189 1
444578 1
447035 1
453012 1
453592 1
459907 1
466018 1
466018 1
474577 1
476794 1
484980 1
490692 1
493105 1
497487 1
501344 1
510973 1
511335 1
511833 1
527083 1
534466 1
541820 1
558987 1
559749 1
561667 1
570551 1
574317 1
574430 1
576443 1
577025 1
580335 1
587831 1
590533 1
610620 1
615823 1
622334 1
624559 1
643670 1
647726 1
648290 1
652843 1
656451 1
657089 1
657089 1
657089 1
682857 1
693352 1
695618 1
696665 1
701958 1
710315 1
711411 1
711411 1
721414 1
723580 1
730921 1
734006 1
742740 1
744651 1
747666 1
750390 1
750390 1
757316 1
757804 1
764927 1
765288 1
766962 1
772618 1
782543 1
792623 1
798562 1
798681 1
800426 1
801986 1
802186 1
805888 1
809172 1
815534 1
816545 1
832412 1
842202 1
842202 1
850563 1
851073 1
856307 1
864906 1
868073 1
868711 1
869353 1
875233 1
881934 1
881934 1
886880 1
890934 1
890934 1
905164 1
908296 1
915605 1
919806 1
923175 1
923757 1
926377 1
929600 1
933565 1
935139 1
935139 1
955206 1
962092 1
983935 1
985821 1
992462 1
1002915 1
1015240 1
1023326 1
1026236 1
1028556 1
1031094 1
1034269 1
1037891 1
1042498 1
1051107 1
1052375 1
1052375 1
1062707 1
1064148 1
1065860 1
1068501 1
1074188 1
1074280 1
1084996 1
1087665 1
1098836 1
1101017 1
1113315 1
1120311 1
1121074 1
1121074 1
1135262 1
1137099 1
1140964 1
1144744 1
1150578 1
1153328 1
1153747 1
1156199 1
1160863 1
1161346 1
1164985 1
1170326 1
1170496 1
1185951 1
1187070 1
1187656 1
1196088 1
1196863 1
1196863 1
1199967 1
1214572 1
1216194 1
1219544 1
1229877 1
1237689 1
1238824 1
1247760 1
1255982 1
1263626 1
1271725 1
1286955 1
1306622 1
1309446 1
1311252 1
1311448 1
1320823 1
1322923 1
1324487 1
1326246 1
1326404 1
1331834 1
1350408 1
1357676 1
1368607 1
1370128 1
1373106 1
1379068 1
1387085 1
1387661 1
1390440 1
1427067 1
1432555 1
1436410 1
1439650 1
1443238 1
1444889 1
1459942 1
1461343 1
1464037 1
1466628 1
1468141 1
1468770 1
1469170 1
1469170 1
1470949 1
1472149 1
1475518 1
1476808 1
1482692 1
1489288 1
1503515 1
1511278 1
1533418 1
1546054 1
1552127 1
1559418 1
1559921 1
1559921 1
1570934 1
1572143 1
1581503 1
1586158 1
1586774 1
1589922 1
1590082 1
1593078 1
1594958 1
1597250 1
1598206 1
1604022 1
1607254 1
1608851 1
1610389 1
1619652 1
1624137 1
1624679 1
1636243 1
1639406 1
1641157 1
1646053 1
1646537 1
1655699 1
1662052 1
1665019 1
1665019 1
1671250 1
1675442 1
1682045 1
1686542 1
1687657 1
1687856 1
1691810 1
1709530 1
1725991 1
1726239 1
1727042 1
1729580 1
1730386 1
1732291 1
1735112 1
1738878 1
1748891 1
1749665 1
1764374 1
1770043 1
1772796 1
1773098 1
1777611 1
1778022 1
1779146 1
1794301 1
1797937 1
1799260 1
1808562 1
1820278 1
1823363 1
1825781 1
1827327 1
1829379 1
1830705 1
1832983 1
1834163 1
1842873 1
1844066 1
1851153 1
1852625 1
1854699 1
1855110 1
1867402 1
1872119 1
1872670 1
1873062 1
1894618 1
1901307 1
1902270 1
1904494 1
1905688 1
1909549 1
1914590 1
1916593 1
1918066 1
1918748 1
1918825 1
1925139 1
1933942 1
1935564 1
1939821 1
1946114 1
1946813 1
1950402 1
1954907 1
1963211 1
1964645 1
1972650 1
1974234 1
1977811 1
1991730 1
2009392 1
2012989 1
2013801 1
2022279 1
2023761 1
2023761 1
2026446 1
2039840 1
2052945 1
2052998 1
2056066 1
2061586 1
2064440 1
2067298 1
2068634 1
2105743 1
2105743 1
2107938 1
2110416 1
2116894 1
2116894 1
2121752 1
2123255 1
2126016 1
2128746 1
2131452 1
2132828 1
2135232 1
2136351 1
2140322 1
2155080 1
2159170 1
2160627 1
2161288 1
2177902 1
2182371 1
2183240 1
2183433 1
2185657 1
2187257 1
2188221 1
2189917 1
2224130 1
2235131 1
2241300 1
2259108 1
2267536 1
2270961 1
2271046 1
2272124 1
2272725 1
2275533 1
2278014 1
2287936 1
2289128 1
2292103 1
2293093 1
2295413 1
2295650 1
2295650 1
2297360 1
2307137 1
2309174 1
2312519 1
2318176 1
2329136 1
2330069 1
2346524 1
2349126 1
2351007 1
2351007 1
2365335 1
2367516 1
2368765 1
2370409 1
2370512 1
2374580 1
2376879 1
2383189 1
2383373 1
2401914 1
2407411 1
2417434 1
2420434 1
2422222 1
2422222 1
2424875 1
2428021 1
2431549 1
2433071 1
2436570 1
2440613 1
2450884 1
2453756 1
2454696 1
2475828 1
2478985 1
2483994 1
2486244 1
2488697 1
2493563 1
2497828 1
2498085 1
2515737 1
2523182 1
2525121 1
2533016 1
2537419 1
2541767 1
2542390 1
2545461 1
2548754 1
2556798 1
2565367 1
2566726 1
2567229 1
2567892 1
2570923 1
2579819 1
2584602 1
2597183 1
2608614 1
2622946 1
2623012 1
2625363 1
2627563 1
2629003 1
2630194 1
2633318 1
2634262 1
2641466 1
2644672 1
2657569 1
2664090 1
2664905 1
2665414 1
2666496 1
2667268 1
2670716 1
2676387 1
2687585 1
2687673 1
2695613 1
2708973 1
2710036 1
2711384 1
2712213 1
2713663 1
2719006 1
2725460 1
2727537 1
2729929 1
2731513 1
2738671 1
2746232 1
2751334 1
2751784 1
2763525 1
2766979 1
2768779 1
2768842 1
2768988 1
2770307 1
2770307 1
2788287 1
2790018 1
2791588 1
2805136 1
2806258 1
2810432 1
2817054 1
2817345 1
2826977 1
2828613 1
2834896 1
2837596 1
2839499 1
2849995 1
2849995 1
2850898 1
2889082 1
2892788 1
2897634 1
2909607 1
2911403 1
2912249 1
2912398 1
2916067 1
2920876 1
2935182 1
2935182 1
2938804 1
2949792 1
2956191 1
2971591 1
2972533 1
2982774 1
2983690 1
2987068 1
2991831 1
2994797 1
3011689 1
3012219 1
3023521 1
3025397 1
3025467 1
3026576 1
3027461 1
3030794 1
3030794 1
3035492 1
3038815 1
3047128 1
3070833 1
3075999 1
3080862 1
3085212 1
3094264 1
3096192 1
3105295 1
3105910 1
3111955 1
3112343 1
3118596 1
3121192 1
3121192 1
3133116 1
3136355 1
3147047 1
3151840 1
3161642 1
3161657 1
3164327 1
3167162 1
3167595 1
3169425 1
3175066 1
3179026 1
3179756 1
3182256 1
3182845 1
3182845 1
3183547 1
3183563 1
3186793 1
3191481 1
3194890 1
3202144 1
3202388 1
3205242 1
3209914 1
3210211 1
3219711 1
3226344 1
3226344 1
3235535 1
3236563 1
3240504 1
3254864 1
3259805 1
3269474 1
3271476 1
3272099 1
3279267 1
3284859 1
3289356 1
3289356 1
3298550 1
3302294 1
3302343 1
3304597 1
3313525 1
3313525 1
3315410 1
3319893 1
3325362 1
3328858 1
3334186 1
3350360 1
3351381 1
3359208 1
3364587 1
3372943 1
3381066 1
3381066 1
3385679 1
3385679 1
3390260 1
3392808 1
3392808 1
3393611 1
3403859 1
3410182 1
3425717 1
3428508 1
3429421 1
3436222 1
3440416 1
3444715 1
3449208 1
3449311 1
3451311 1
3465360 1
3465360 1
3477941 1
3481472 1
3485732 1
3491308 1
3497801 1
3501231 1
3508111 1
3513384 1
3513384 1
3513390 1
3514032 1
3527497 1
3538324 1
3541938 1
3543762 1
3547084 1
3553324 1
3553324 1
3565250 1
3573769 1
3576848 1
3579201 1
3579400 1
3579498 1
3580622 1
3586001 1
3588830 1
3598103 1
3599857 1
3601495 1
3607647 1
3619739 1
3627490 1
3633011 1
3637030 1
3646316 1
3649059 1
3654140 1
3658808 1
3660062 1
3660417 1
3667739 1
3668029 1
3673148 1
3673968 1
3686247 1
3688110 1
3690290 1
3694682 1
3694682 1
3694979 1
3706388 1
3712083 1
3713761 1
3719861 1
3721303 1
3721718 1
3730199 1
3730199 1
3732419 1
3734179 1
3736870 1
3741100 1
3741100 1
3747837 1
3761535 1
3774754 1
3776293 1
3776382 1
3780444 1
3780930 1
3781334 1
3788887 1
3795974 1
3797158 1
3803636 1
3805215 1
3810034 1
3822074 1
3823171 1
3829612 1
3832859 1
3833386 1
3847991 1
3847991 1
3849923 1
3861608 1
3861608 1
3863620 1
3867275 1
3868148 1
3870945 1
3871845 1
3873326 1
3875306 1
3884631 1
3889425 1
3890412 1
3892672 1
3894241 1
3899972 1
3902891 1
3905252 1
3913914 1
3937363 1
3944429 1
3946694 1
3953621 1
3953654 1
3966657 1
3970938 1
3972813 1
3975394 1
3976669 1
3982241 1
3989873 1
3997975 1
4009607 1
4017889 1
4029250 1
4032742 1
4034302 1
4044294 1
4044773 1
4048256 1
4049739 1
4052821 1
4057258 1
4058451 1
4070647 1
4071648 1
4083556 1
4087057 1
4095893 1
4097521 1
4098895 1
4100769 1
4103371 1
4108671 1
4113728 1
4115533 1
4117889 1
4117889 1
4118151 1
4123193 1
4133976 1
4135980 1
4135980 1
4137822 1
4138132 1
4153851 1
4160377 1
4162813 1
4173977 1
4177212 1
4184209 1
4187465 1
4189937 1
4189937 1
4190976 1
4191068 1
4227498 1
4229728 1
4229808 1
4229945 1
4231487 1
4236500 1
4238860 1
4240343 1
4248460 1
4258640 1
4258926 1
4266839 1
4275296 1
4285720 1
4290475 1
4291317 1
4304366 1
4307577 1
4307873 1
4314174 1
4314353 1
4319658 1
4323602 1
4324906 1
4338062 1
4342157 1
4345118 1
4346218 1
4346218 1
4346218 1
4346218 1
4353300 1
4354395 1
4359608 1
4367654 1
4371698 1
4371974 1
4371974 1
4377770 1
4381454 1
4396640 1
4398916 1
4402012 1
4402307 1
4403003 1
4405119 1
4413725 1
4415129 1
4424037 1
4424659 1
4428494 1
4431389 1
4431545 1
4442418 1
4461021 1
4464317 1
4470026 1
4470026 1
4474495 1
4475630 1
4480364 1
4493520 1
4510013 1
4512389 1
4515338 1
4515529 1
4535798 1
4535798 1
4536037 1
4536037 1
4549540 1
4556280 1
4558815 1
4559555 1
4564194 1
4590277 1
4591330 1
4592542 1
4595137 1
4595550 1
4601255 1
4603620 1
4606899 1
4623382 1
4624701 1
4641356 1
4647012 1
4650402 1
4660934 1
4665990 1
4668021 1
4668391 1
4671691 1
4676547 1
4677371 1
4680285 1
4684289 1
4691057 1
4698544 1
4707584 1
4714129 1
4724519 1
4724734 1
4729236 1
4729261 1
4734741 1
4736877 1
4737258 1
4740407 1
4744518 1
4747194 1
4754011 1
4754038 1
4754566 1
4757909 1
4761598 1
4761598 1
4765310 1
4766863 1
4766941 1
4771169 1
4785593 1
4788892 1
4789596 1
4792079 1
4796361 1
4796361 1
4798389 1
4799066 1
4807491 1
4813380 1
4815858 1
4816886 1
4822468 1
4829583 1
4835396 1
4836559 1
4837859 1
4844471 1
4845444 1
4845704 1
4850070 1
4856381 1
4856605 1
4861018 1
4864103 1
4872043 1
4878676 1
4880730 1
4882410 1
4883073 1
4894268 1
4896354 1
4900682 1
4901120 1
4903944 1
4905583 1
4905643 1
4916760 1
4916760 1
4921271 1
4921271 1
4929039 1
4930710 1
4942353 1
4942857 1
4946406 1
4955588 1
4956879 1
4969199 1
4975427 1
4980331 1
4986889 1
4987378 1
4997191 1
4997252 1
4999387 1
4999484 1
5000907 1
5001041 1
5003991 1
5007482 1
5020239 1
5023759 1
5025175 1
5035953 1
5044539 1
5044713 1
5046210 1
5048812 1
5052148 1
5086586 1
5103388 1
5116318 1
5127905 1
5133703 1
5133875 1
5134041 1
5134469 1
5140149 1
5141513 1
5154322 1
5159475 1
5160675 1
5163504 1
5173456 1
5198099 1
5207626 1
5207626 1
5209648 1
5215300 1
5216625 1
5221854 1
5222885 1
5223693 1
5228883 1
5233282 1
5248780 1
5255625 1
5258205 1
5258377 1
5259441 1
5262384 1
5270366 1
5300737 1
5308308 1
5309343 1
5312121 1
5313917 1
5326503 1
5330105 1
5331940 1
5353455 1
5354602 1
5357266 1
5366076 1
5367641 1
5372797 1
5378799 1
5378799 1
5381159 1
5383579 1
5393336 1
5421320 1
5424733 1
5425904 1
5426500 1
5426500 1
5426633 1
5431214 1
5431214 1
5431691 1
5432130 1
5436851 1
5436851 1
5439412 1
5440835 1
5461745 1
5465416 1
5467869 1
5467946 1
5478397 1
5479826 1
5497007 1
5499477 1
5506793 1
5510204 1
5510642 1
5513661 1
5523430 1
5535703 1
5535709 1
5537657 1
5541096 1
5545216 1
5546906 1
5547560 1
5547722 1
5550389 1
5550389 1
5553003 1
5553317 1
5555152 1
5572585 1
5573408 1
5583837 1
5589359 1
5589414 1
5597603 1
5597727 1
5603252 1
5605048 1
5612058 1
5612058 1
5614855 1
5615832 1
5619966 1
5620628 1
5623055 1
5630391 1
5635035 1
5635035 1
5635035 1
5635035 1
5639705 1
5641970 1
5643799 1
5647554 1
5651799 1
5655800 1
5661496 1
5662187 1
5665147 1
5668938 1
5668938 1
5680214 1
5681511 1
5686219 1
5687090 1
5691522 1
5693495 1
5694859 1
5702256 1
5702860 1
5715086 1
5722626 1
5733450 1
5736345 1
5737494 1
5744527 1
5745108 1
5747865 1
5747865 1
5748652 1
5752259 1
5762583 1
5763409 1
5766263 1
5768195 1
5785290 1
5788390 1
5796136 1
5796136 1
5810405 1
5815072 1
5822179 1
5825252 1
5835204 1
5838341 1
5839377 1
5843684 1
5846916 1
5858900 1
5858928 1
5859721 1
5860041 1
5864590 1
5865088 1
5866102 1
5871658 1
5873703 1
5877050 1
5880293 1
5881637 1
5881947 1
5882067 1
5882720 1
5883034 1
5883034 1
5888544 1
5893891 1
5893891 1
5895016 1
5898666 1
5902813 1
5905237 1
5906598 1
5917296 1
5920014 1
5922310 1
5923422 1
5932098 1
5932098 1
5932640 1
5945876 1
5946022 1
5951482 1
5957632 1
5964325 1
5967844 1
5968207 1
5969181 1
5971005 1
5975094 1
5975817 1
5976622 1
5979394 1
5980505 1
5986681 1
5996817 1
5997338 1
5997563 1
6000411 1
6000411 1
6000767 1
6001761 1
6004472 1
6005172 1
6006218 1
6007557 1
6012523 1
6013197 1
6014621 1
6018857 1
6018857 1
6019258 1
6025694 1
6030021 1
6030021 1
6032429 1
6033881 1
6034721 1
6037904 1
6048865 1
6052127 1
6054836 1
6062174 1
6062174 1
6063435 1
6063834 1
6070973 1
6071581 1
6071877 1
6071877 1
6076302 1
6077631 1
6083390 1
6088550 1
6088578 1
6097833 1
6098152 1
6104906 1
6108041 1
6108448 1
6118689 1
6128645 1
6135493 1
6139057 1
6142419 1
6146594 1
6150364 1
6150447 1
6151602 1
6154396 1
6154875 1
6156223 1
6157754 1
6158997 1
6164888 1
6167605 1
6170982 1
6173784 1
6174235 1
6177221 1
6184524 1
6196376 1
6196976 1
6204726 1
6208663 1
6213960 1
6218047 1
6225694 1
6228835 1
6246940 1
6248440 1
6252207 1
6252548 1
6254870 1
6259883 1
6259883 1
6262997 1
6266700 1
6267823 1
6269757 1
6272840 1
6273744 1
6276888 1
6286393 1
6294284 1
6303844 1
6304480 1
6325181 1
6329135 1
6336109 1
6336127 1
6357266 1
6363372 1
6363500 1
6364129 1
6377699 1
6380928 1
6382121 1
6384658 1
6387501 1
6389676 1
6392354 1
6398804 1
6399333 1
6405825 1
6406525 1
6412436 1
6427759 1
6429136 1
6433627 1
6434320 1
6439650 1
6442527 1
6475426 1
6481077 1
6481176 1
6487322 1
6490584 1
6490590 1
6506064 1
6507100 1
6509690 1
6511700 1
6528048 1
6529633 1
6531725 1
6532794 1
6535183 1
6535183 1
6537515 1
6539865 1
6545683 1
6546389 1
6549108 1
6552987 1
6553396 1
6559205 1
6561623 1
6561659 1
6566197 1
6568207 1
6568937 1
6569979 1
6577248 1
6586175 1
6586602 1
6590236 1
6616648 1
6620660 1
6620848 1
6622682 1
6626992 1
6627842 1
6627941 1
6632115 1
6634635 1
6634892 1
6649321 1
6659809 1
6665175 1
6666029 1
6667480 1
6667826 1
6670168 1
6681600 1
6689813 1
6696716 1
6702610 1
6717832 1
6726166 1
6730570 1
6734817 1
6734817 1
6738032 1
6738060 1
6744965 1
6749038 1
6757068 1
6757974 1
6757974 1
6763288 1
6763401 1
6764108 1
6771044 1
6773370 1
6791513 1
6796296 1
6807272 1
6811194 1
6812009 1
6824716 1
6829256 1
6831017 1
6831553 1
6831821 1
6832948 1
6842414 1
6848012 1
6849194 1
6852810 1
6855724 1
6862363 1
6868857 1
6872338 1
6884903 1
6885300 1
6893178 1
6893212 1
6893803 1
6894813 1
6897826 1
6905328 1
6907028 1
6908747 1
6912845 1
6915690 1
6917520 1
6929745 1
6933596 1
6934330 1
6936147 1
6937440 1
6937457 1
6940300 1
6941066 1
6950991 1
6962283 1
6975705 1
6976676 1
6981461 1
6988187 1
7002557 1
7003797 1
7008877 1
7013950 1
7020030 1
7021376 1
7023013 1
7035942 1
7040788 1
7044647 1
7050502 1
7062310 1
7064577 1
7067853 1
7079930 1
7079930 1
7080227 1
7080364 1
7083154 1
7083541 1
7084695 1
7106252 1
7112877 1
7113488 1
7113488 1
7123021 1
7130987 1
7136792 1
7140122 1
7140743 1
7145945 1
7154369 1
7155696 1
7165175 1
7172807 1
7172807 1
7176754 1
7206194 1
7207829 1
7213456 1
7220996 1
7221525 1
7222401 1
7224619 1
7224702 1
7229433 1
7232788 1
7235193 1
7236205 1
7258568 1
7261801 1
7274620 1
7274989 1
7280530 1
7288480 1
7300211 1
7303734 1
7306529 1
7307389 1
7310553 1
7310553 1
7313275 1
7315123 1
7317212 1
7319031 1
7320534 1
7320534 1
7322825 1
7324029 1
7324954 1
7325719 1
7329873 1
7330447 1
7339813 1
7341365 1
7344843 1
7351517 1
7352685 1
7356371 1
7359092 1
7361430 1
7368945 1
7371776 1
7374076 1
7378764 1
7378799 1
7380157 1
7383040 1
7383040 1
7387629 1
7390627 1
7391335 1
7394419 1
7396360 1
7399358 1
7400285 1
7411030 1
7438559 1
7442757 1
7452796 1
7452796 1
7452796 1
7452796 1
7471654 1
7474682 1
7475459 1
7488240 1
7489321 1
7497325 1
7498152 1
7504257 1
7506420 1
7506492 1
7506873 1
7509677 1
7513030 1
7513913 1
7518249 1
7523218 1
7524570 1
7532139 1
7533854 1
7535004 1
7550251 1
7552952 1
7558091 1
7559652 1
7560950 1
7562263 1
7562449 1
7563518 1
7563780 1
7564137 1
7576134 1
7586870 1
7593902 1
7593903 1
7594728 1
7597642 1
7606482 1
7615370 1
7622021 1
7623408 1
7623689 1
7624973 1
7625587 1
7631404 1
7638616 1
7640088 1
7640419 1
7642636 1
7646905 1
7650345 1
7659249 1
7660769 1
7661916 1
7673899 1
7678362 1
7683756 1
7690380 1
7690663 1
7696737 1
7704115 1
7704655 1
7705088 1
7705344 1
7706548 1
7707053 1
7707673 1
7727168 1
7731212 1
7735338 1
7741192 1
7752237 1
7754392 1
7765044 1
7765044 1
7765271 1
7770050 1
7770653 1
7773227 1
7777830 1
7778882 1
7783080 1
7789409 1
7792831 1
7797828 1
7799794 1
7804805 1
7805581 1
7805605 1
7806632 1
7821985 1
7822751 1
7832187 1
7833098 1
7833098 1
7849299 1
7854073 1
7857177 1
7859955 1
7861210 1
7864362 1
7865717 1
7869061 1
7873926 1
7874492 1
7877174 1
7887296 1
7888038 1
7888370 1
7888769 1
7888769 1
7889042 1
7889042 1
7911753 1
7914283 1
7919249 1
7924173 1
7924510 1
7931342 1
7932823 1
7933647 1
7935872 1
7936539 1
7937711 1
7937784 1
7940212 1
7942692 1
7947104 1
7948409 1
7949503 1
7956721 1
7959071 1
7959098 1
7962098 1
7962098 1
7965136 1
7969815 1
7969815 1
7971547 1
7979243 1
7984973 1
7985453 1
7996813 1
7999190 1
8004412 1
8010414 1
8011361 1
8011613 1
8012612 1
8013343 1
8015923 1
8025636 1
8027748 1
8036170 1
8038200 1
8039678 1
8040612 1
8042682 1
8043246 1
8045333 1
8046515 1
8052204 1
8053662 1
8053723 1
8055694 1
8060045 1
8061605 1
8061803 1
8063188 1
8063197 1
8069516 1
8070282 1
8075840 1
8076370 1
8077917 1
8079749 1
8082539 1
8085323 1
8085613 1
8086660 1
8086660 1
8087066 1
8089804 1
8090303 1
8095242 1
8096154 1
8097794 1
8098362 1
8098926 1
8104641 1
8104649 1
8105940 1
8109886 1
8112529 1
8118063 1
8127367 1
8130829 1
8133900 1
8138834 1
8140446 1
8140739 1
8144651 1
8153889 1
8156067 1
8158966 1
8159150 1
8160865 1
8166676 1
8168116 1
8174363 1
8175626 1
8178103 1
8180621 1
8182404 1
8182785 1
8183772 1
8183772 1
8186340 1
8187079 1
8204967 1
8208111 1
8213782 1
8214985 1
8219729 1
8221296 1
8224141 1
8225965 1
8241283 1
8242970 1
8245518 1
8258189 1
8258189 1
8262334 1
8263829 1
8266579 1
8266736 1
8266736 1
8270448 1
8272119 1
8272932 1
8273527 1
8282939 1
8289006 1
8294431 1
8298327 1
8298669 1
8301760 1
8303698 1
8306818 1
1764 1
3147 1
6476 1
7167 1
10471 1
14627 1
17902 1
29804 1
36122 1
56837 1
67621 1
78007 1
82984 1
98064 1
98960 1
99968 1
100320 1
101074 1
105929 1
107841 1
110643 1
112411 1
112550 1
118353 1
124757 1
125394 1
126120 1
126352 1
127591 1
132421 1
135380 1
137230 1
142897 1
145452 1
145455 1
153597 1
154188 1
155547 1
159117 1
161834 1
162852 1
166462 1
166478 1
166639 1
173709 1
174816 1
174885 1
176311 1
180955 1
183090 1
184894 1
185091 1
187092 1
189091 1
190254 1
192007 1
199367 1
200445 1
202377 1
203891 1
205842 1
208108 1
212471 1
215137 1
225164 1
228367 1
231838 1
232036 1
249290 1
253964 1
254127 1
262720 1
268587 1
273141 1
273202 1
283859 1
285984 1
286303 1
287337 1
295132 1
297323 1
297521 1
297651 1
299175 1
304986 1
309393 1
311169 1
313493 1
315087 1
318115 1
318824 1
322895 1
322898 1
324242 1
328038 1
333034 1
344671 1
351238 1
354560 1
359203 1
359203 1
362421 1
368093 1
383400 1
386035 1
386319 1
387259 1
389735 1
406886 1
417803 1
428163 1
428899 1
438551 1
448661 1
453076 1
456136 1
459484 1
466855 1
479360 1
480744 1
487925 1
488477 1
508788 1
512507 1
524882 1
524882 1
525080 1
529211 1
529211 1
530965 1
548510 1
551253 1
552507 1
562094 1
566445 1
575237 1
576083 1
576429 1
589456 1
598864 1
601841 1
603383 1
608365 1
609701 1
610242 1
615065 1
621306 1
624288 1
627858 1
628368 1
630694 1
639591 1
646019 1
654715 1
655216 1
655438 1
659152 1
660029 1
661374 1
666208 1
666846 1
672409 1
686041 1
691210 1
691406 1
698638 1
701787 1
702936 1
710462 1
713249 1
715282 1
720157 1
725351 1
725928 1
729128 1
733413 1
736211 1
736211 1
738491 1
744001 1
748285 1
751708 1
755690 1
764727 1
768093 1
778345 1
785365 1
797251 1
800609 1
801318 1
802414 1
807218 1
809023 1
811097 1
811272 1
811860 1
820093 1
830762 1
844483 1
845065 1
847085 1
861774 1
871385 1
871385 1
876181 1
888793 1
891489 1
904322 1
915458 1
918639 1
923415 1
932284 1
936050 1
941676 1
942911 1
952515 1
966996 1
984104 1
984652 1
985195 1
987068 1
994321 1
1000533 1
1003212 1
1006977 1
1008981 1
1014321 1
1016126 1
1016710 1
1024998 1
1025825 1
1030837 1
1037646 1
1039000 1
1039000 1
1040672 1
1041185 1
1043611 1
1047718 1
1047811 1
1048916 1
1054440 1
1064192 1
1066699 1
1074617 1
1075110 1
1076741 1
1088540 1
1089586 1
1092254 1
1102526 1
1105167 1
1105358 1
1108388 1
1109293 1
1110689 1
1110780 1
1112805 1
1115808 1
1126506 1
1128988 1
1131012 1
1135154 1
1135909 1
1153363 1
1154023 1
1156130 1
1156853 1
1159173 1
1159173 1
1170321 1
1172632 1
1178863 1
1188627 1
1189581 1
1193404 1
1194947 1
1196229 1
1200005 1
1205082 1
1208140 1
1210022 1
1215389 1
1215779 1
1216578 1
1217292 1
1222758 1
1222758 1
1245960 1
1263459 1
1264204 1
1264857 1
1266009 1
1279049 1
1286681 1
1286798 1
1293571 1
1304054 1
1306889 1
1306953 1
1308395 1
1310645 1
1310645 1
1315257 1
1317199 1
1319245 1
1320965 1
1328468 1
1342630 1
1343297 1
1343792 1
1343792 1
1346298 1
1346474 1
1348114 1
1349172 1
1357912 1
1363160 1
1374323 1
1383181 1
1385127 1
1385138 1
1387495 1
1397373 1
1404681 1
1404681 1
1413426 1
1414763 1
1415412 1
1419577 1
1419577 1
1419740 1
1419740 1
1422040 1
1428401 1
1430083 1
1430083 1
1432162 1
1438036 1
1456430 1
1458914 1
1461819 1
1465018 1
1467910 1
1469124 1
1470192 1
1470434 1
1476807 1
1483941 1
1495481 1
1495840 1
1497444 1
1516101 1
1534461 1
1536388 1
1537555 1
1541550 1
1541709 1
1542043 1
1543724 1
1550127 1
1556221 1
1562424 1
1564035 1
1571326 1
1574426 1
1577282 1
1579052 1
1581359 1
1586854 1
1587080 1
1587380 1
1590560 1
1593901 1
1597713 1
1605797 1
1608437 1
1611853 1
1611911 1
1623094 1
1625513 1
1629077 1
1629786 1
1638919 1
1638919 1
1639245 1
1646418 1
1657597 1
1657597 1
1666452 1
1670853 1
1674751 1
1677591 1
1699177 1
1699945 1
1702717 1
1714033 1
1719324 1
1731846 1
1732660 1
1740141 1
1741120 1
1742566 1
1743192 1
1743193 1
1745303 1
1747156 1
1762521 1
1762521 1
1764297 1
1765126 1
1766602 1
1767586 1
1780021 1
1788265 1
1790860 1
1796180 1
1800015 1
1804427 1
1811043 1
1813216 1
1814294 1
1814372 1
1816187 1
1823827 1
1824015 1
1828003 1
1829110 1
1829741 1
1829741 1
1831089 1
1832043 1
1832451 1
1833609 1
1840350 1
1853540 1
1855747 1
1860100 1
1862012 1
1863302 1
1867492 1
1869441 1
1869962 1
1871711 1
1874728 1
1875784 1
1878352 1
1882478 1
1882658 1
1886054 1
1886054 1
1899418 1
1905636 1
1909313 1
1914146 1
1914146 1
1919530 1
1928915 1
1930486 1
1931905 1
1938438 1
1942257 1
1944361 1
1944933 1
1945407 1
1947324 1
1962153 1
1966280 1
1966696 1
1967946 1
1975657 1
1976542 1
1979213 1
1980835 1
1987031 1
1992296 1
1999985 1
2010185 1
2010185 1
2012680 1
2015004 1
2020144 1
2021057 1
2023150 1
2039198 1
2039431 1
2042803 1
2049201 1
2070955 1
2070955 1
2079352 1
2080364 1
2082640 1
2084208 1
2085257 1
2094272 1
2095328 1
2095848 1
2109638 1
2114697 1
2116074 1
2118813 1
2126554 1
2130081 1
2134095 1
2138164 1
2141541 1
2143454 1
2147754 1
2154394 1
2156199 1
2156745 1
2158912 1
2164330 1
2165320 1
2170182 1
2170285 1
2170697 1
2173616 1
2176060 1
2176060 1
2182921 1
2187786 1
2193064 1
2205084 1
2205406 1
2214128 1
2216175 1
2219813 1
2223223 1
2225051 1
2227956 1
2231160 1
2239209 1
2245063 1
2247454 1
2248657 1
2249562 1
2250101 1
2265589 1
2267308 1
2277814 1
2278637 1
2284495 1
2287828 1
2294261 1
2296317 1
2299352 1
2300512 1
2307093 1
2314436 1
2317223 1
2318824 1
2321937 1
2330562 1
2331859 1
2332711 1
2333846 1
2340661 1
2340673 1
2351218 1
2356776 1
2356869 1
2357220 1
2368243 1
2368958 1
2368958 1
2373701 1
2373848 1
2374347 1
2374347 1
2385219 1
2385232 1
2386307 1
2387681 1
2391460 1
2401265 1
2403393 1
2404018 1
2407042 1
2407042 1
2407342 1
2411173 1
2414301 1
2414724 1
2422407 1
2423279 1
2433189 1
2433189 1
2433189 1
2433189 1
2434429 1
2436002 1
2436002 1
2437354 1
2437354 1
2441087 1
2450633 1
2450667 1
2463702 1
2463991 1
2487421 1
2487451 1
2500244 1
2501843 1
2510761 1
2510891 1
2511118 1
2518020 1
2531523 1
2532420 1
2539153 1
2541388 1
2541528 1
2542586 1
2543203 1
2544132 1
2544646 1
2545181 1
2548815 1
2551782 1
2570592 1
2572370 1
2575143 1
2578412 1
2580697 1
2583887 1
2585579 1
2596399 1
2598359 1
2599636 1
2603203 1
2605189 1
2606482 1
2611819 1
2620339 1
2620885 1
2625230 1
2628100 1
2629255 1
2631224 1
2637598 1
2667033 1
2667183 1
2669197 1
2671166 1
2682416 1
2685066 1
2695274 1
2696463 1
2696463 1
2698201 1
2713088 1
2715923 1
2718401 1
2718720 1
2721135 1
2727753 1
2730587 1
2731936 1
2741296 1
2741562 1
2757128 1
2758283 1
2763395 1
2765841 1
2768471 1
2768539 1
2772610 1
2773972 1
2780218 1
2791022 1
2792900 1
2799892 1
2799892 1
2801182 1
2802674 1
2806377 1
2815200 1
2818291 1
2826181 1
2827661 1
2829767 1
2833742 1
2840351 1
2849333 1
2849784 1
2851540 1
2852457 1
2860035 1
2860494 1
2864641 1
2865621 1
2866499 1
2866668 1
2869034 1
2879651 1
2887846 1
2888484 1
2890224 1
2893572 1
2905391 1
2921517 1
2932410 1
2948523 1
2955074 1
2961722 1
2963337 1
2963974 1
2971835 1
2972186 1
2982631 1
2987982 1
2988926 1
2992002 1
2993098 1
2997983 1
3001965 1
3003302 1
3008033 1
3013990 1
3018281 1
3023862 1
3023862 1
3040573 1
3044813 1
3047995 1
3049067 1
3049067 1
3049067 1
3055866 1
3063046 1
3067492 1
3076394 1
3078931 1
3079881 1
3086441 1
3087745 1
3089651 1
3101571 1
3102778 1
3110852 1
3113855 1
3113855 1
3117346 1
3117346 1
3117346 1
3117346 1
3117435 1
3119995 1
3122053 1
3136213 1
3138058 1
3148803 1
3151071 1
3156285 1
3162328 1
3162346 1
3167016 1
3172464 1
3181601 1
3182377 1
3183849 1
3183951 1
3184491 1
3185430 1
3187254 1
3191526 1
3194084 1
3196710 1
3197233 1
3207726 1
3207745 1
3218952 1
3220317 1
3231484 1
3236481 1
3236481 1
3236481 1
3236481 1
3243942 1
3245711 1
3251105 1
3251942 1
3253524 1
3255829 1
3256519 1
3258413 1
3263306 1
3271159 1
3281958 1
3283051 1
3284300 1
3284543 1
3285662 1
3286327 1
3286329 1
3295167 1
3298830 1
3306841 1
3310942 1
3313745 1
3319557 1
3326492 1
3327750 1
3331911 1
3350255 1
3355427 1
3356320 1
3363365 1
3365671 1
3366655 1
3373028 1
3375885 1
3379730 1
3403454 1
3418113 1
3419787 1
3424483 1
3426309 1
3427865 1
3428737 1
3430750 1
3431288 1
3433667 1
3434796 1
3435572 1
3438421 1
3464912 1
3474806 1
3479369 1
3479369 1
3482460 1
3485664 1
3494000 1
3499516 1
3502550 1
3517679 1
3517731 1
3524281 1
3524520 1
3529999 1
3529999 1
3541013 1
3542280 1
3545151 1
3556076 1
3559134 1
3560199 1
3560918 1
3564978 1
3568489 1
3580783 1
3589284 1
3589870 1
3589876 1
3602854 1
3605686 1
3607411 1
3607631 1
3607734 1
3609213 1
3616942 1
3621344 1
3621535 1
3622506 1
3625135 1
3629312 1
3631702 1
3634852 1
3645671 1
3648019 1
3651479 1
3652406 1
3659157 1
3659763 1
3660730 1
3662601 1
3667028 1
3675573 1
3687713 1
3687761 1
3688603 1
3690149 1
3695014 1
3697699 1
3704639 1
3704804 1
3706080 1
3712165 1
3716493 1
3720433 1
3727098 1
3730726 1
3733775 1
3741791 1
3743634 1
3748125 1
3748967 1
3749199 1
3750247 1
3751738 1
3753416 1
3756629 1
3757540 1
3758527 1
3759113 1
3765164 1
3766039 1
3767343 1
3777293 1
3779894 1
3781999 1
3784017 1
3786765 1
3798353 1
3802437 1
3802556 1
3802556 1
3805399 1
3810957 1
3815173 1
3825828 1
3837834 1
3839069 1
3842313 1
3846568 1
3850138 1
3854683 1
3855560 1
3855560 1
3861007 1
3864457 1
3864635 1
3864880 1
3865708 1
3865715 1
3868640 1
3872018 1
3874214 1
3875911 1
3880136 1
3883245 1
3890075 1
3892911 1
3904436 1
3905530 1
3908006 1
3908748 1
3908941 1
3917643 1
3950805 1
3954267 1
3954336 1
3959789 1
3970317 1
3983883 1
3988307 1
3990802 1
4019220 1
4019570 1
4022034 1
4023518 1
4028830 1
4036375 1
4041625 1
4044655 1
4058844 1
4058853 1
4067002 1
4068971 1
4086063 1
4087468 1
4089580 1
4090016 1
4092803 1
4095149 1
4103898 1
4112201 1
4112586 1
4113846 1
4117439 1
4118728 1
4157999 1
4159969 1
4169036 1
4183264 1
4185858 1
4198594 1
4202879 1
4213300 1
4216941 1
4227644 1
4231477 1
4234408 1
4234409 1
4239549 1
4241547 1
4246272 1
4250233 1
4250241 1
4250571 1
4255758 1
4256724 1
4258551 1
4263100 1
4268245 1
4275692 1
4275692 1
4278230 1
4278230 1
4298197 1
4304174 1
4305449 1
4307065 1
4311252 1
4316020 1
4316900 1
4326605 1
4327069 1
4330182 1
4335853 1
4337867 1
4341070 1
4345348 1
4345438 1
4348521 1
4355723 1
4364594 1
4367299 1
4371378 1
4376350 1
4378515 1
4380251 1
4380569 1
4385044 1
4386430 1
4392055 1
4397575 1
4402573 1
4413586 1
4413867 1
4415253 1
4419546 1
4419546 1
4424170 1
4425235 1
4431097 1
4431097 1
4442236 1
4442236 1
4443603 1
4449744 1
4449747 1
4461031 1
4478270 1
4478863 1
4480891 1
4485334 1
4487652 1
4488512 1
4489632 1
4493484 1
4509923 1
4509961 1
4518435 1
4529514 1
4538218 1
4540218 1
4557655 1
4567070 1
4569895 1
4575794 1
4578339 1
4579059 1
4601754 1
4605377 1
4608691 1
4616069 1
4617853 1
4627208 1
4629309 1
4632468 1
4633570 1
4634994 1
4637962 1
4646303 1
4652033 1
4654785 1
4656527 1
4658778 1
4662097 1
4671125 1
4671887 1
4672173 1
4687774 1
4691165 1
4697919 1
4709044 1
4709440 1
4709732 1
4710710 1
4711895 1
4712245 1
4715795 1
4715795 1
4717232 1
4726137 1
4729652 1
4739694 1
4740161 1
4746957 1
4748733 1
4754965 1
4757804 1
4760741 1
4762913 1
4762925 1
4771040 1
4774473 1
4782669 1
4790905 1
4792758 1
4795814 1
4804085 1
4809150 1
4809150 1
4819170 1
4819288 1
4822160 1
4830770 1
4832345 1
4832345 1
4834367 1
4839185 1
4843387 1
4850007 1
4855051 1
4859921 1
4868852 1
4872030 1
4878417 1
4881196 1
4884494 1
4886634 1
4887018 1
4891454 1
4892150 1
4892150 1
4896401 1
4897053 1
4898000 1
4901213 1
4905326 1
4905672 1
4905672 1
4908425 1
4916149 1
4918315 1
4918315 1
4936196 1
4937505 1
4941745 1
4942026 1
4948315 1
4951079 1
4955911 1
4964658 1
4974515 1
4978678 1
4979263 1
4979534 1
4980373 1
4988887 1
4993029 1
4997802 1
4998674 1
5001469 1
5002489 1
5019893 1
5021601 1
5022723 1
5026416 1
5026679 1
5036946 1
5044434 1
5045336 1
5048225 1
5057346 1
5073718 1
5083749 1
5084180 1
5085541 1
5092810 1
5092810 1
5095609 1
5103861 1
5107613 1
5129167 1
5135439 1
5142422 1
5143304 1
5148956 1
5154838 1
5165692 1
5168964 1
5173161 1
5182775 1
5184832 1
5187510 1
5187585 1
5190680 1
5194243 1
5208408 1
5221279 1
5221706 1
5235728 1
5237990 1
5239442 1
5249380 1
5249380 1
5253333 1
5254807 1
5254871 1
5257575 1
5257987 1
5259484 1
5261721 1
5265337 1
5272930 1
5275692 1
5280352 1
5285238 1
5286927 1
5295940 1
5304487 1
5309465 1
5313910 1
5314961 1
5317302 1
5323234 1
5344834 1
5351170 1
5351170 1
5351170 1
5351170 1
5351170 1
5351170 1
5355631 1
5359931 1
5360813 1
5364337 1
5371701 1
5381400 1
5381435 1
5383704 1
5384403 1
5384720 1
5411773 1
5426046 1
5426046 1
5427100 1
5446353 1
5446414 1
5451492 1
5452225 1
5475502 1
5476628 1
5478157 1
5487440 1
5487440 1
5491034 1
5493211 1
5495037 1
5502715 1
5510039 1
5524459 1
5535334 1
5538294 1
5542185 1
5547985 1
5548811 1
5549824 1
5559280 1
5562429 1
5564448 1
5569252 1
5578628 1
5589462 1
5611346 1
5612937 1
5634956 1
5637940 1
5640841 1
5643745 1
5644748 1
5646048 1
5647855 1
5650442 1
5657562 1
5657854 1
5659010 1
5660684 1
5663404 1
5673812 1
5675022 1
5675654 1
5676385 1
5679368 1
5680079 1
5682163 1
5690262 1
5707606 1
5709157 1
5709173 1
5710738 1
5711059 1
5722820 1
5740874 1
5745582 1
5750378 1
5758285 1
5776130 1
5776178 1
5783006 1
5783337 1
5789354 1
5808759 1
5808759 1
5810621 1
5812314 1
5812752 1
5835250 1
5845676 1
5851983 1
5853307 1
5860116 1
5862774 1
5866872 1
5868570 1
5869497 1
5870291 1
5876771 1
5879640 1
5879678 1
5886347 1
5888256 1
5894018 1
5905893 1
5927215 1
5930498 1
5933790 1
5939549 1
5940052 1
5940696 1
5949989 1
5950667 1
5951739 1
5952382 1
5958535 1
5959425 1
5969392 1
5970993 1
5971146 1
5980036 1
5981904 1
5986971 1
5993141 1
5994933 1
5995896 1
5996083 1
6001569 1
6004698 1
6004731 1
6020426 1
6027766 1
6030918 1
6038539 1
6039790 1
6041978 1
6042114 1
6046187 1
6047358 1
6050521 1
6055081 1
6055865 1
6057946 1
6060855 1
6063510 1
6063716 1
6068175 1
6072660 1
6073425 1
6075436 1
6075809 1
6079036 1
6079086 1
6079204 1
6081070 1
6083199 1
6087140 1
6095730 1
6096375 1
6099878 1
6107202 1
6118548 1
6130422 1
6142227 1
6148880 1
6148880 1
6149142 1
6149842 1
6152693 1
6153218 1
6153322 1
6153322 1
6155038 1
6158297 1
6163790 1
6165781 1
6168405 1
6170662 1
6171006 1
6172097 1
6175192 1
6178325 1
6188454 1
6190775 1
6192852 1
6195562 1
6197485 1
6197493 1
6197862 1
6214719 1
6216684 1
6228138 1
6232525 1
6239545 1
6261258 1
6262852 1
6265590 1
6269850 1
6272389 1
6276313 1
6277362 1
6278000 1
6278000 1
6286257 1
6288192 1
6289974 1
6291365 1
6292010 1
6292883 1
6293920 1
6297874 1
6306352 1
6308223 1
6311356 1
6325164 1
6332537 1
6334458 1
6336454 1
6346003 1
6350503 1
6352094 1
6353330 1
6355841 1
6367240 1
6368448 1
6368862 1
6368870 1
6380486 1
6386152 1
6387375 1
6387833 1
6389605 1
6389605 1
6396042 1
6415662 1
6441759 1
6444926 1
6449701 1
6449701 1
6452542 1
6452542 1
6478781 1
6479592 1
6479768 1
6486440 1
6494155 1
6521907 1
6525124 1
6525802 1
6527160 1
6527160 1
6530304 1
6546175 1
6549721 1
6553198 1
6555515 1
6558178 1
6563703 1
6564580 1
6566843 1
6578568 1
6595950 1
6605731 1
6609580 1
6613212 1
6614089 1
6615166 1
6615166 1
6615166 1
6617950 1
6620813 1
6626281 1
6627026 1
6629634 1
6653467 1
6655471 1
6664078 1
6669847 1
6674651 1
6689624 1
6691173 1
6696644 1
6703131 1
6706623 1
6710935 1
6711331 1
6712928 1
6713430 1
6745238 1
6748143 1
6753785 1
6754676 1
6757969 1
6762517 1
6763605 1
6766157 1
6768480 1
6774803 1
6775203 1
6775203 1
6778767 1
6782749 1
6787338 1
6788547 1
6788639 1
6793849 1
6794419 1
6798153 1
6799419 1
6807782 1
6809726 1
6822529 1
6823129 1
6827974 1
6828824 1
6830282 1
6831058 1
6831672 1
6831713 1
6832861 1
6833232 1
6840059 1
6844570 1
6854928 1
6856051 1
6857972 1
6862653 1
6868964 1
6869741 1
6871576 1
6872581 1
6882371 1
6893672 1
6909774 1
6910178 1
6914087 1
6920674 1
6923069 1
6924950 1
6925723 1
6926520 1
6929631 1
6929637 1
6931994 1
6932658 1
6932765 1
6936917 1
6938055 1
6943432 1
6946377 1
6949708 1
6963735 1
6965078 1
6965594 1
6969603 1
6970767 1
6980164 1
6982925 1
6988765 1
6990648 1
6992063 1
6995065 1
6996299 1
6996299 1
6998215 1
7003995 1
7006486 1
7006988 1
7007422 1
7011339 1
7012849 1
7022074 1
7023105 1
7032245 1
7033702 1
7033884 1
7039083 1
7053902 1
7062451 1
7062451 1
7067308 1
7068266 1
7078172 1
7078902 1
7080249 1
7088364 1
7089745 1
7090044 1
7099038 1
7100761 1
7103458 1
7103474 1
7103983 1
7110355 1
7116197 1
7120355 1
7123379 1
7131175 1
7131175 1
7133144 1
7142310 1
7145832 1
7146148 1
7149105 1
7149957 1
7154232 1
7157199 1
7162672 1
7166953 1
7169799 1
7173143 1
7175230 1
7178859 1
7191813 1
7193093 1
7211195 1
7215080 1
7219194 1
7226846 1
7228060 1
7232599 1
7249088 1
7259838 1
7260528 1
7265483 1
7265498 1
7271197 1
7271197 1
7271340 1
7272330 1
7272330 1
7274517 1
7274637 1
7277318 1
7277712 1
7281575 1
7284918 1
7287241 1
7288368 1
7292750 1
7299832 1
7309065 1
7316649 1
7321359 1
7322507 1
7338035 1
7341627 1
7346368 1
7359491 1
7359799 1
7361523 1
7361523 1
7362400 1
7370640 1
7370640 1
7370652 1
7373120 1
7374015 1
7374531 1
7374880 1
7376013 1
7382576 1
7383630 1
7385611 1
7393107 1
7398468 1
7403768 1
7414508 1
7416395 1
7420320 1
7420795 1
7424138 1
7435871 1
7437940 1
7445476 1
7457084 1
7468531 1
7472877 1
7476394 1
7479723 1
7483353 1
7485830 1
7485849 1
7485849 1
7487485 1
7487957 1
7493633 1
7497780 1
7502556 1
7506941 1
7507378 1
7512638 1
7513159 1
7514474 1
7516173 1
7518204 1
7518204 1
7529850 1
7535052 1
7537786 1
7541368 1
7544899 1
7554486 1
7555311 1
7555311 1
7561237 1
7561237 1
7564115 1
7573248 1
7581789 1
7586644 1
7590517 1
7595058 1
7597087 1
7597433 1
7597433 1
7602324 1
7606051 1
7608784 1
7608786 1
7614205 1
7624050 1
7624063 1
7625061 1
7626816 1
7628089 1
7629012 1
7633825 1
7636695 1
7636818 1
7641987 1
7642003 1
7646889 1
7647524 1
7647525 1
7647525 1
7651138 1
7651449 1
7652689 1
7654738 1
7657055 1
7657593 1
7665076 1
7666207 1
7671066 1
7680788 1
7683140 1
7683140 1
7683887 1
7683887 1
7684729 1
7687258 1
7695022 1
7697208 1
7697932 1
7706555 1
7711724 1
7712047 1
7715895 1
7729189 1
7730679 1
7733389 1
7736012 1
7738654 1
7739401 1
7761477 1
7767952 1
7772826 1
7774743 1
7775426 1
7780869 1
7780874 1
7786716 1
7786995 1
7803778 1
7806379 1
7819173 1
7823837 1
7836447 1
7838794 1
7849839 1
7859885 1
7861301 1
7864113 1
7864113 1
7864452 1
7864452 1
7865455 1
7871557 1
7873270 1
7875240 1
7879862 1
7881760 1
7883871 1
7892308 1
7894599 1
7899677 1
7900803 1
7906985 1
7911014 1
7915018 1
7917111 1
7917685 1
7917754 1
7921275 1
7930382 1
7930608 1
7932268 1
7932268 1
7936144 1
7943640 1
7954480 1
7962105 1
7963300 1
7964977 1
7979234 1
7979640 1
7988297 1
7993719 1
7994362 1
7997273 1
8000584 1
8001418 1
8004103 1
8004283 1
8008839 1
8010971 1
8015081 1
8015825 1
8016662 1
8016983 1
8017597 1
8017936 1
8021417 1
8032090 1
8033992 1
8034685 1
8038795 1
8042264 1
8042790 1
8046281 1
8051899 1
8056698 1
8061004 1
8067735 1
8069226 1
8075522 1
8077685 1
8079700 1
8080284 1
8081213 1
8083169 1
8083169 1
8085476 1
8090323 1
8090826 1
8092652 1
8105209 1
8107069 1
8111590 1
8112066 1
8112623 1
8113046 1
8115107 1
8119535 1
8123450 1
8125081 1
8131777 1
8136764 1
8139443 1
8143316 1
8145507 1
8156814 1
8166001 1
8171169 1
8174344 1
8174752 1
8182634 1
8182634 1
8183501 1
8204816 1
8205496 1
8207811 1
8208368 1
8210303 1
8217055 1
8219885 1
8219885 1
8220641 1
8220906 1
8220906 1
8221371 1
8236505 1
8237568 1
8241777 1
8250247 1
8252715 1
8264396 1
8276211 1
8276415 1
8278291 1
8287140 1
8287140 1
8293657 1
8302069 1
8307344 1
8309854 1
8363 1
9303 1
16317 1
32894 1
37213 1
41473 1
45346 1
61583 1
76873 1
77979 1
78502 1
87170 1
88117 1
91431 1
94633 1
94990 1
96727 1
97497 1
98330 1
98934 1
100855 1
101025 1
102963 1
104526 1
105345 1
106542 1
107135 1
110081 1
110796 1
111455 1
118320 1
123928 1
125870 1
126724 1
127006 1
128393 1
132596 1
145798 1
150826 1
150939 1
151940 1
156763 1
157401 1
158408 1
160179 1
160208 1
160873 1
160873 1
160873 1
162096 1
162325 1
168968 1
170656 1
170656 1
170656 1
170834 1
170834 1
176267 1
178607 1
180687 1
182354 1
182598 1
184760 1
193170 1
195107 1
195644 1
196394 1
200448 1
202172 1
203636 1
205245 1
209983 1
218407 1
222031 1
222036 1
229782 1
242354 1
243784 1
243784 1
254411 1
259723 1
261949 1
262191 1
262191 1
267473 1
274902 1
276713 1
281855 1
288701 1
288720 1
295659 1
303790 1
305138 1
310120 1
315596 1
318747 1
326998 1
330970 1
332848 1
335330 1
348348 1
352936 1
360106 1
365655 1
369536 1
369536 1
376569 1
391976 1
403676 1
404180 1
415597 1
415920 1
415920 1
416141 1
442072 1
442585 1
450682 1
452227 1
456016 1
462060 1
463281 1
464110 1
465032 1
469265 1
475874 1
477409 1
481797 1
486252 1
488577 1
490860 1
494456 1
494786 1
499565 1
512775 1
521917 1
533801 1
535533 1
537777 1
556497 1
561691 1
565397 1
566611 1
567262 1
567766 1
570086 1
572036 1
588620 1
590805 1
604792 1
619947 1
624086 1
628198 1
633790 1
637960 1
640426 1
640500 1
640810 1
642593 1
648212 1
663904 1
666356 1
679017 1
680672 1
685922 1
686170 1
699513 1
704684 1
704966 1
711923 1
717067 1
722420 1
725315 1
725762 1
741267 1
742519 1
744970 1
746666 1
749987 1
750333 1
752839 1
755896 1
759534 1
765494 1
785678 1
790134 1
796421 1
797704 1
799087 1
799087 1
801918 1
805214 1
810412 1
812006 1
813296 1
820678 1
824897 1
843578 1
843579 1
844299 1
844956 1
849147 1
870981 1
874412 1
874526 1
883450 1
902792 1
902792 1
915185 1
922865 1
925040 1
925040 1
939361 1
946210 1
957224 1
957902 1
964020 1
971869 1
972881 1
974071 1
983479 1
984339 1
998977 1
1007395 1
1010852 1
1013761 1
1016141 1
1025918 1
1030869 1
1040135 1
1040556 1
1050348 1
1054660 1
1055526 1
1057238 1
1057478 1
1064355 1
1064413 1
1071732 1
1074251 1
1082595 1
1084763 1
1085621 1
1086914 1
1087899 1
1091768 1
1096086 1
1097506 1
1098817 1
1099000 1
1101893 1
1106075 1
1117298 1
1124687 1
1126672 1
1126999 1
1136411 1
1136411 1
1144006 1
1148227 1
1150310 1
1150463 1
1154412 1
1159278 1
1159278 1
1161978 1
1170268 1
1171444 1
1177077 1
1178580 1
1178580 1
1179463 1
1179590 1
1190861 1
1199380 1
1199394 1
1200245 1
1200245 1
1200526 1
1213575 1
1216288 1
1216719 1
1217443 1
1219414 1
1224007 1
1230051 1
1230912 1
1230912 1
1234049 1
1241281 1
1247850 1
1249297 1
1250154 1
1255693 1
1255693 1
1256275 1
1259177 1
1263567 1
1272430 1
1279389 1
1295289 1
1300815 1
1306233 1
1308823 1
1310351 1
1311399 1
1318798 1
1323257 1
1327914 1
1328438 1
1330252 1
1334739 1
1335668 1
1339121 1
1342534 1
1343019 1
1354569 1
1354681 1
1369914 1
1372498 1
1375066 1
1378918 1
1384196 1
1401322 1
1408522 1
1409201 1
1414361 1
1414361 1
1414369 1
1421884 1
1423609 1
1427217 1
1429893 1
1432183 1
1433147 1
1433808 1
1434384 1
1438830 1
1443585 1
1445669 1
1446809 1
1453454 1
1456429 1
1460917 1
1462393 1
1476172 1
1480579 1
1486241 1
1490798 1
1494208 1
1503521 1
1503584 1
1513418 1
1518144 1
1523486 1
1525472 1
1535877 1
1548937 1
1548937 1
1558523 1
1561960 1
1562219 1
1574369 1
1574699 1
1574699 1
1583275 1
1583796 1
1583796 1
1585070 1
1585797 1
1587703 1
1593504 1
1595446 1
1600425 1
1606541 1
1606758 1
1609417 1
1609681 1
1615758 1
1619622 1
1620609 1
1621204 1
1624483 1
1639742 1
1639782 1
1640784 1
1644071 1
1644071 1
1647015 1
1647856 1
1647856 1
1652359 1
1660749 1
1663642 1
1665295 1
1675573 1
1679347 1
1680404 1
1682981 1
1684394 1
1687823 1
1703275 1
1703275 1
1713671 1
1724559 1
1729536 1
1730444 1
1731274 1
1734536 1
1734536 1
1739910 1
1745372 1
1749315 1
1751603 1
1753895 1
1755699 1
1758071 1
1759686 1
1766095 1
1769537 1
1770435 1
1786747 1
1786931 1
1787100 1
1787232 1
1787538 1
1791157 1
1798380 1
1812196 1
1813667 1
1814115 1
1815208 1
1819596 1
1820672 1
1820941 1
1827152 1
1834849 1
1835880 1
1836642 1
1837102 1
1840320 1
1845439 1
1845439 1
1848424 1
1854347 1
1860923 1
1861461 1
1861895 1
1861895 1
1867177 1
1870902 1
1872156 1
1873988 1
1878619 1
1880770 1
1885875 1
1887415 1
1891376 1
1891567 1
1892489 1
1895687 1
1899708 1
1907455 1
1919370 1
1929531 1
1947473 1
1951167 1
1952726 1
1956999 1
1958424 1
1960908 1
1960908 1
1961697 1
1968401 1
1969548 1
1972068 1
1972805 1
1977122 1
1995360 1
1995801 1
2001506 1
2001506 1
2005732 1
2012471 1
2014053 1
2018568 1
2025931 1
2032438 1
2034676 1
2036939 1
2038396 1
2039890 1
2039890 1
2043088 1
2044427 1
2056221 1
2078147 1
2088799 1
2091833 1
2093273 1
2095046 1
2103964 1
2109860 1
2111683 1
2112957 1
2113808 1
2117501 1
2120701 1
2122246 1
2130896 1
2135994 1
2135999 1
2135999 1
2138439 1
2142366 1
2147310 1
2149226 1
2149808 1
2151936 1
2153470 1
2166778 1
2170103 1
2172537 1
2172537 1
2196696 1
2197846 1
2220670 1
2224226 1
2231597 1
2234890 1
2246138 1
2268042 1
2269934 1
2273113 1
2273113 1
2278654 1
2285011 1
2290262 1
2290543 1
2292527 1
2293385 1
2297457 1
2299169 1
2303157 1
2306261 1
2327527 1
2331681 1
2334824 1
2337615 1
2344248 1
2346296 1
2347651 1
2347850 1
2354211 1
2354211 1
2357380 1
2357686 1
2358079 1
2358647 1
2360681 1
2377291 1
2382002 1
2383135 1
2383219 1
2383377 1
2390191 1
2400736 1
2402299 1
2404860 1
2409150 1
2411489 1
2412420 1
2416494 1
2416674 1
2420712 1
2422735 1
2427092 1
2428344 1
2429381 1
2430852 1
2432661 1
2435588 1
2445548 1
2445552 1
2449905 1
2456516 1
2460154 1
2471165 1
2471165 1
2472384 1
2472576 1
2475802 1
2477802 1
2484167 1
2486577 1
2496514 1
2496870 1
2504814 1
2512798 1
2522013 1
2527566 1
2541357 1
2545655 1
2550444 1
2553839 1
2556737 1
2562844 1
2567839 1
2570981 1
2579097 1
2598948 1
2604893 1
2610199 1
2615301 1
2621852 1
2626946 1
2630336 1
2630409 1
2634279 1
2634646 1
2642431 1
2648790 1
2650210 1
2650652 1
2652697 1
2653792 1
2654942 1
2655604 1
2663402 1
2671291 1
2673240 1
2676151 1
2683697 1
2687217 1
2688685 1
2690432 1
2696093 1
2702791 1
2707193 1
2709794 1
2711142 1
2711313 1
2711874 1
2713917 1
2713917 1
2718743 1
2721112 1
2730150 1
2731463 1
2736453 1
2743083 1
2746047 1
2755699 1
2761692 1
2763496 1
2775274 1
2775814 1
2780998 1
2784178 1
2790131 1
2793043 1
2796012 1
2796051 1
2802261 1
2804423 1
2804423 1
2806073 1
2807987 1
2822380 1
2829599 1
2830819 1
2849878 1
2851714 1
2860709 1
2866564 1
2875854 1
2876003 1
2876929 1
2879228 1
2879544 1
2881602 1
2885179 1
2885179 1
2887971 1
2902290 1
2912321 1
2913031 1
2916988 1
2918424 1
2918705 1
2928568 1
2934937 1
2937505 1
2938621 1
2939183 1
2964867 1
2970163 1
2971379 1
2985556 1
2988591 1
2994677 1
2997428 1
3004469 1
3006273 1
3007758 1
3009614 1
3017465 1
3030068 1
3038492 1
3038492 1
3040001 1
3040791 1
3054869 1
3055445 1
3059260 1
3061093 1
3063357 1
3063357 1
3063523 1
3066262 1
3068810 1
3076982 1
3078778 1
3085017 1
3085898 1
3093966 1
3098149 1
3103690 1
3115428 1
3124728 1
3124728 1
3125549 1
3129464 1
3131768 1
3136465 1
3139376 1
3157798 1
3158828 1
3161969 1
3162473 1
3162708 1
3165160 1
3166266 1
3168975 1
3170553 1
3171114 1
3175813 1
3175832 1
3178086 1
3179167 1
3184763 1
3184771 1
3191263 1
3199887 1
3200534 1
3210335 1
3211859 1
3213927 1
3213927 1
3240209 1
3242455 1
3244493 1
3250906 1
3258294 1
3258294 1
3258354 1
3260931 1
3265499 1
3269861 1
3273152 1
3273596 1
3273596 1
3273753 1
3275113 1
3275119 1
3275472 1
3277835 1
3282933 1
3292416 1
3295268 1
3297885 1
3300568 1
3302561 1
3303595 1
3305326 1
3307527 1
3310112 1
3310597 1
3312582 1
3321819 1
3323556 1
3323967 1
3328354 1
3332781 1
3335325 1
3337552 1
3340623 1
3341230 1
3341536 1
3343111 1
3343423 1
3343438 1
3345951 1
3351152 1
3355642 1
3355812 1
3360458 1
3364742 1
3372040 1
3372927 1
3377642 1
3405133 1
3409005 1
3409005 1
3417716 1
3422621 1
3429004 1
3433183 1
3434502 1
3441992 1
3455114 1
3471241 1
3475940 1
3481356 1
3483353 1
3486053 1
3498645 1
3503786 1
3503786 1
3508625 1
3512249 1
3519114 1
3519600 1
3525272 1
3526916 1
3527403 1
3535390 1
3539539 1
3539805 1
3550229 1
3550768 1
3555738 1
3555738 1
3569659 1
3590820 1
3595091 1
3596925 1
3603452 1
3607839 1
3610231 1
3612608 1
3616176 1
3623220 1
3628577 1
3633138 1
3633138 1
3634151 1
3634613 1
3639488 1
3641927 1
3641929 1
3641929 1
3646839 1
3650144 1
3653581 1
3654308 1
3657017 1
3660195 1
3664718 1
3672584 1
3673508 1
3681760 1
3688228 1
3691985 1
3700806 1
3702203 1
3702905 1
3710730 1
3718515 1
3726819 1
3732280 1
3737078 1
3745561 1
3748100 1
3751954 1
3753761 1
3755818 1
3756948 1
3760507 1
3761818 1
3766995 1
3766995 1
3771478 1
3777065 1
3777707 1
3780818 1
3794904 1
3803184 1
3805699 1
3806170 1
3809504 1
3818766 1
3819593 1
3828182 1
3832190 1
3833579 1
3845754 1
3845756 1
3857048 1
3859152 1
3861790 1
3863261 1
3863493 1
3866758 1
3874494 1
3877077 1
3881740 1
3891338 1
3891999 1
3892236 1
3898545 1
3900776 1
3904387 1
3924321 1
3932545 1
3938096 1
3947922 1
3948352 1
3949556 1
3951185 1
3964862 1
3967087 1
3973288 1
3973523 1
3974105 1
3974141 1
3978418 1
3982137 1
3983599 1
3986975 1
4013405 1
4015492 1
4016595 1
4027005 1
4032317 1
4033073 1
4036191 1
4041705 1
4042077 1
4052252 1
4055063 1
4068744 1
4083355 1
4089321 1
4090232 1
4105069 1
4107313 1
4107321 1
4108970 1
4116241 1
4127690 1
4130395 1
4131034 1
4133819 1
4135012 1
4139696 1
4141855 1
4144575 1
4145537 1
4145537 1
4150819 1
4156224 1
4158156 1
4167132 1
4168049 1
4170547 1
4178067 1
4178672 1
4182275 1
4182281 1
4189171 1
4205075 1
4208019 1
4211915 1
4212462 1
4212944 1
4212944 1
4230109 1
4233793 1
4234199 1
4234930 1
4237886 1
4247317 1
4248765 1
4250837 1
4251300 1
4254764 1
4259574 1
4262899 1
4263031 1
4271093 1
4271685 1
4272121 1
4272682 1
4274126 1
4277911 1
4288825 1
4297345 1
4309297 1
4312982 1
4316717 1
4318365 1
4321149 1
4324560 1
4343083 1
4348148 1
4348577 1
4350702 1
4370394 1
4370394 1
4372334 1
4372973 1
4373438 1
4385218 1
4385235 1
4386146 1
4386183 1
4386579 1
4387956 1
4387956 1
4391078 1
4394672 1
4396719 1
4399768 1
4399873 1
4401270 1
4401270 1
4403289 1
4408249 1
4409810 1
4416903 1
4431052 1
4432559 1
4436642 1
4440005 1
4440867 1
4444139 1
4444517 1
4447598 1
4450451 1
4455450 1
4472292 1
4479044 1
4489217 1
4490159 1
4490405 1
4491309 1
4491476 1
4501025 1
4505529 1
4508503 1
4511212 1
4522970 1
4551466 1
4554940 1
4571651 1
4579227 1
4583309 1
4591016 1
4597415 1
4601002 1
4601706 1
4603153 1
4603794 1
4613325 1
4623806 1
4636220 1
4648531 1
4649034 1
4656621 1
4677065 1
4685252 1
4686866 1
4692878 1
4699383 1
4719501 1
4731656 1
4737975 1
4742531 1
4750878 1
4750878 1
4761124 1
4768192 1
4788393 1
4794953 1
4796336 1
4798503 1
4801782 1
4803323 1
4804092 1
4809383 1
4809927 1
4820259 1
4821252 1
4824369 1
4829172 1
4834981 1
4835312 1
4836781 1
4838880 1
4840100 1
4868212 1
4871569 1
4877465 1
4877990 1
4880821 1
4881585 1
4885777 1
4887921 1
4888807 1
4891133 1
4891133 1
4894748 1
4895575 1
4896126 1
4896496 1
4903088 1
4909686 1
4916053 1
4920774 1
4921998 1
4923898 1
4934375 1
4936389 1
4938095 1
4938669 1
4945704 1
4946540 1
4947973 1
4948151 1
4954067 1
4958927 1
4959958 1
4964847 1
4965142 1
4971027 1
4988422 1
4996537 1
4996766 1
4997598 1
4998657 1
4999100 1
5012114 1
5022089 1
5023493 1
5023915 1
5025911 1
5029397 1
5034125 1
5035069 1
5037301 1
5045977 1
5045977 1
5074477 1
5074781 1
5075598 1
5076732 1
5080185 1
5080725 1
5089483 1
5092614 1
5093314 1
5112312 1
5112439 1
5120704 1
5121222 1
5135774 1
5136285 1
5138689 1
5150929 1
5154519 1
5159386 1
5170473 1
5174957 1
5190047 1
5191111 1
5192079 1
5193071 1
5196924 1
5197017 1
5202264 1
5204112 1
5210009 1
5210669 1
5214556 1
5219699 1
5233367 1
5233769 1
5234283 1
5236364 1
5238679 1
5241207 1
5245504 1
5248077 1
5251186 1
5253306 1
5280180 1
5286676 1
5306699 1
5317859 1
5320716 1
5332485 1
5335486 1
5341409 1
5347115 1
5356822 1
5361700 1
5375513 1
5380270 1
5381732 1
5382858 1
5386574 1
5401505 1
5417872 1
5418191 1
5427734 1
5427987 1
5432496 1
5432644 1
5437779 1
5438905 1
5447635 1
5454198 1
5458984 1
5473594 1
5476594 1
5477438 1
5481114 1
5481114 1
5492730 1
5494081 1
5501392 1
5504101 1
5509532 1
5509532 1
5520105 1
5537362 1
5544592 1
5545840 1
5545977 1
5545977 1
5555492 1
5555496 1
5559177 1
5559177 1
5577830 1
5583562 1
5583562 1
5586065 1
5594970 1
5603837 1
5609947 1
5611868 1
5611868 1
5612325 1
5613338 1
5616415 1
5616735 1
5617453 1
5618372 1
5620823 1
5622297 1
5625548 1
5635634 1
5637546 1
5659812 1
5671838 1
5672881 1
5677132 1
5680284 1
5685072 1
5686513 1
5689187 1
5689634 1
5690945 1
5690945 1
5696883 1
5700500 1
5704970 1
5710269 1
5715895 1
5716968 1
5720283 1
5721200 1
5726008 1
5729889 1
5730031 1
5732053 1
5732153 1
5740710 1
5742324 1
5744472 1
5751881 1
5754554 1
5763843 1
5768893 1
5770270 1
5782891 1
5784242 1
5800270 1
5802215 1
5805780 1
5805780 1
5809659 1
5809659 1
5814329 1
5818879 1
5825855 1
5828829 1
5828829 1
5835432 1
5843074 1
5850749 1
5864224 1
5864228 1
5876503 1
5880553 1
5888688 1
5891950 1
5898503 1
5901600 1
5902494 1
5903981 1
5918331 1
5919382 1
5919382 1
5923037 1
5925309 1
5926175 1
5933463 1
5939509 1
5945883 1
5948952 1
5948952 1
5953446 1
5956840 1
5966932 1
5968929 1
5969338 1
5970331 1
5974466 1
5984610 1
5989256 1
5995603 1
6001442 1
6003880 1
6013204 1
6024781 1
6029859 1
6030723 1
6030951 1
6031839 1
6035967 1
6036176 1
6036176 1
6036347 1
6041314 1
6042349 1
6046969 1
6061863 1
6063419 1
6065995 1
6071759 1
6071759 1
6077010 1
6081302 1
6090980 1
6095462 1
6107552 1
6121150 1
6121510 1
6121560 1
6121672 1
6124532 1
6127584 1
6140822 1
6149242 1
6149251 1
6149615 1
6152852 1
6153707 1
6154146 1
6154379 1
6155230 1
6155901 1
6155986 1
6157316 1
6165446 1
6167792 1
6173609 1
6185714 1
6186608 1
6188289 1
6192382 1
6196407 1
6200636 1
6205792 1
6205854 1
6213501 1
6221096 1
6228726 1
6230027 1
6230522 1
6233416 1
6236635 1
6237057 1
6237165 1
6260445 1
6266345 1
6270203 1
6273574 1
6275311 1
6286739 1
6288664 1
6293664 1
6308651 1
6314304 1
6323833 1
6330955 1
6347658 1
6347895 1
6348671 1
6362068 1
6365719 1
6375683 1
6377859 1
6378402 1
6384040 1
6384167 1
6384266 1
6387955 1
6397142 1
6410619 1
6414353 1
6418982 1
6422274 1
6425236 1
6429382 1
6430350 1
6439725 1
6439725 1
6441538 1
6445274 1
6447549 1
6449013 1
6452396 1
6467817 1
6472553 1
6472854 1
6474895 1
6475370 1
6487282 1
6491654 1
6492493 1
6493565 1
6503247 1
6504427 1
6515907 1
6524960 1
6532972 1
6533308 1
6538604 1
6543666 1
6543666 1
6546343 1
6547029 1
6552290 1
6552295 1
6558228 1
6565326 1
6574481 1
6575422 1
6575713 1
6583960 1
6583960 1
6584652 1
6598831 1
6600817 1
6603735 1
6606789 1
6608262 1
6608845 1
6609397 1
6627007 1
6627138 1
6627856 1
6627877 1
6629986 1
6630239 1
6630365 1
6631428 1
6631428 1
6631726 1
6636391 1
6638670 1
6638670 1
6643985 1
6649141 1
6651499 1
6654463 1
6659141 1
6660403 1
6677187 1
6677694 1
6678952 1
6680829 1
6687534 1
6689698 1
6693686 1
6694354 1
6694354 1
6699159 1
6700088 1
6700211 1
6701524 1
6708716 1
6709317 1
6716685 1
6718396 1
6723058 1
6726334 1
6726334 1
6731354 1
6734218 1
6734218 1
6735496 1
6740052 1
6750812 1
6751079 1
6751137 1
6754146 1
6760266 1
6761003 1
6765596 1
6766514 1
6768742 1
6772606 1
6775004 1
6780673 1
6787301 1
6787719 1
6789257 1
6789730 1
6791003 1
6807018 1
6807474 1
6812565 1
6818862 1
6821026 1
6821950 1
6827688 1
6836085 1
6838292 1
6853305 1
6855612 1
6860241 1
6862429 1
6863409 1
6863409 1
6867828 1
6870022 1
6873023 1
6874410 1
6874528 1
6876563 1
6882215 1
6884820 1
6885618 1
6887434 1
6889304 1
6893488 1
6900507 1
6900507 1
6903836 1
6910252 1
6914734 1
6914734 1
6921229 1
6925519 1
6925519 1
6925710 1
6926772 1
6928917 1
6929840 1
6936898 1
6937148 1
6948080 1
6955339 1
6962861 1
6963093 1
6963297 1
6964945 1
6964945 1
6965718 1
6966450 1
6972278 1
6975914 1
6985366 1
6986142 1
6986494 1
6988888 1
6994684 1
6995436 1
7001130 1
7003653 1
7003897 1
7007264 1
7011928 1
7014175 1
7018682 1
7018683 1
7037915 1
7045619 1
7046554 1
7048563 1
7050688 1
7051025 1
7055411 1
7059990 1
7063117 1
7067522 1
7068775 1
7069424 1
7072499 1
7077368 1
7077433 1
7083909 1
7084062 1
7086047 1
7090660 1
7103733 1
7113369 1
7117870 1
7124805 1
7131412 1
7132420 1
7140597 1
7159537 1
7165605 1
7166190 1
7167608 1
7189986 1
7196113 1
7196113 1
7198394 1
7200010 1
7200972 1
7211276 1
7223005 1
7224097 1
7225467 1
7227142 1
7232042 1
7249698 1
7257667 1
7265456 1
7277113 1
7278320 1
7279740 1
7283442 1
7296866 1
7298177 1
7299637 1
7300913 1
7306453 1
7306854 1
7310639 1
7310983 1
7311471 1
7311673 1
7311673 1
7312181 1
7330874 1
7330877 1
7336356 1
7341043 1
7345456 1
7348358 1
7352013 1
7364003 1
7368453 1
7369870 1
7373253 1
7392243 1
7394618 1
7404799 1
7410783 1
7412416 1
7425158 1
7426345 1
7433159 1
7438221 1
7453775 1
7455339 1
7471577 1
7473439 1
7475168 1
7475699 1
7481169 1
7487662 1
7490224 1
7493278 1
7493824 1
7514893 1
7520077 1
7525305 1
7538622 1
7539896 1
7540744 1
7544757 1
7550671 1
7556526 1
7559124 1
7559343 1
7561947 1
7562834 1
7563003 1
7563926 1
7565232 1
7575132 1
7575401 1
7577119 1
7577245 1
7578511 1
7578511 1
7587723 1
7588063 1
7589441 1
7591955 1
7593272 1
7596663 1
7596663 1
7598307 1
7599010 1
7600928 1
7603181 1
7607377 1
7610481 1
7625150 1
7629807 1
7637948 1
7637973 1
7641728 1
7642610 1
7643466 1
7644235 1
7651325 1
7653708 1
7655548 1
7668375 1
7668375 1
7669110 1
7673761 1
7690016 1
7705453 1
7706099 1
7709512 1
7713010 1
7720621 1
7720655 1
7733797 1
7775972 1
7776120 1
7776830 1
7788813 1
7792043 1
7802476 1
7810301 1
7811037 1
7812841 1
7819852 1
7821697 1
7825652 1
7825933 1
7837479 1
7848710 1
7848737 1
7848950 1
7849909 1
7853834 1
7859107 1
7871924 1
7878564 1
7893477 1
7899475 1
7899866 1
7900335 1
7902846 1
7903226 1
7906475 1
7908028 1
7916291 1
7916573 1
7916573 1
7916954 1
7923405 1
7927570 1
7928093 1
7928574 1
7929702 1
7934753 1
7936577 1
7936979 1
7941375 1
7945902 1
7949093 1
7952129 1
7952876 1
7962733 1
7962857 1
7964916 1
7971481 1
7972538 1
7984252 1
7990286 1
8003577 1
8003577 1
8006949 1
8010192 1
8017560 1
8019110 1
8021772 1
8027230 1
8029392 1
8030460 1
8031246 1
8031982 1
8033260 1
8035052 1
8037493 1
8038942 1
8040908 1
8042987 1
8044116 1
8044239 1
8048497 1
8059718 1
8059998 1
8060861 1
8061341 1
8072148 1
8074835 1
8075719 1
8077882 1
8078275 1
8079042 1
8080202 1
8083118 1
8085984 1
8086393 1
8095014 1
8106321 1
8106321 1
8108197 1
8109125 1
8110054 1
8112065 1
8113032 1
8116737 1
8118398 1
8121209 1
8121880 1
8125460 1
8128747 1
8129527 1
8132371 1
8132371 1
8133367 1
8134263 1
8134795 1
8135003 1
8138929 1
8138929 1
8139749 1
8139749 1
8144190 1
8144811 1
8151988 1
8152336 1
8153622 1
8158135 1
8158598 1
8159690 1
8161066 1
8163673 1
8170806 1
8177783 1
8180101 1
8182386 1
8205574 1
8220732 1
8230859 1
8234990 1
8235424 1
8254445 1
8255639 1
8256260 1
8256458 1
8261473 1
8264849 1
8265727 1
8266806 1
8268842 1
8275568 1
8275641 1
8286863 1
8298397 1
8308532 1
8309384 1
26 1
2477 1
2477 1
3015 1
3682 1
6617 1
10837 1
19549 1
24867 1
25198 1
29089 1
36027 1
36042 1
53588 1
57063 1
58607 1
60922 1
62388 1
90283 1
90779 1
92932 1
99163 1
99886 1
100149 1
112766 1
113895 1
114597 1
117145 1
122801 1
122913 1
127551 1
129986 1
133651 1
139278 1
140494 1
142954 1
147431 1
151488 1
157344 1
158291 1
160904 1
164706 1
164767 1
167625 1
169704 1
169705 1
169705 1
169705 1
169705 1
170771 1
177322 1
180129 1
180285 1
180405 1
180516 1
181082 1
187845 1
201933 1
206919 1
208350 1
208581 1
208735 1
215839 1
223786 1
223811 1
235460 1
235559 1
235575 1
240510 1
244693 1
256518 1
265305 1
272065 1
272502 1
285936 1
286249 1
302819 1
307192 1
308024 1
312367 1
317637 1
320562 1
324354 1
329629 1
345843 1
346561 1
356331 1
356352 1
356356 1
360065 1
364525 1
366404 1
370491 1
405143 1
407216 1
408101 1
411545 1
412355 1
413726 1
413726 1
418330 1
420132 1
432946 1
438699 1
438699 1
442948 1
452939 1
453218 1
457606 1
464832 1
468760 1
471302 1
472705 1
474360 1
474360 1
479932 1
479933 1
487355 1
505789 1
505908 1
506358 1
507811 1
513692 1
521082 1
529097 1
530403 1
534140 1
538711 1
552280 1
552815 1
563779 1
565118 1
565140 1
572371 1
576681 1
607830 1
610382 1
625479 1
635752 1
643105 1
649061 1
660381 1
661650 1
683568 1
703426 1
704089 1
711692 1
711692 1
712107 1
712808 1
712808 1
716823 1
720374 1
721756 1
724579 1
728724 1
729597 1
731638 1
736519 1
746855 1
751136 1
752266 1
756924 1
760103 1
763557 1
765155 1
765517 1
774139 1
779625 1
782253 1
782827 1
788244 1
814996 1
833164 1
845236 1
848051 1
848824 1
853756 1
862244 1
862244 1
863198 1
863198 1
866821 1
866821 1
873392 1
875619 1
878514 1
888117 1
891260 1
898907 1
906920 1
906920 1
907202 1
912638 1
912638 1
912722 1
916231 1
919147 1
919965 1
936747 1
963300 1
990160 1
1014887 1
1016243 1
1035854 1
1035924 1
1036120 1
1038060 1
1046497 1
1052877 1
1053851 1
1058288 1
1060711 1
1070102 1
1070257 1
1073856 1
1083225 1
1083225 1
1083488 1
1086590 1
1089666 1
1090781 1
1091586 1
1095228 1
1100475 1
1103257 1
1115558 1
1119186 1
1119866 1
1121781 1
1131486 1
1133291 1
1138037 1
1140860 1
1143547 1
1147382 1
1152196 1
1157675 1
1160127 1
1166268 1
1172368 1
1176872 1
1181117 1
1181667 1
1184574 1
1184643 1
1186111 1
1193806 1
1193806 1
1200232 1
1213337 1
1215043 1
1215950 1
1218007 1
1219184 1
1219589 1
1219806 1
1220274 1
1227446 1
1233109 1
1234798 1
1240341 1
1250422 1
1252980 1
1255491 1
1256415 1
1256569 1
1262048 1
1263469 1
1264965 1
1280581 1
1288452 1
1292363 1
1300354 1
1304382 1
1307478 1
1317719 1
1322618 1
1326030 1
1329879 1
1346870 1
1346875 1
1366043 1
1367876 1
1372997 1
1384489 1
1390516 1
1394098 1
1395031 1
1397644 1
1405890 1
1407560 1
1410174 1
1411136 1
1423766 1
1427450 1
1430648 1
1444379 1
1447571 1
1448123 1
1448822 1
1452731 1
1455743 1
1463060 1
1467341 1
1469183 1
1470475 1
1478570 1
1498732 1
1500258 1
1508050 1
1521806 1
1524743 1
1529999 1
1532902 1
1532932 1
1533187 1
1533397 1
1540964 1
1542257 1
1544808 1
1546696 1
1556761 1
1560663 1
1561681 1
1567219 1
1573569 1
1576022 1
1583698 1
1583698 1
1583997 1
1591836 1
1596147 1
1599493 1
1610762 1
1616355 1
1617105 1
1627971 1
1632410 1
1634296 1
1641484 1
1649103 1
1655125 1
1659318 1
1659318 1
1663472 1
1669742 1
1675496 1
1675496 1
1685561 1
1686244 1
1688614 1
1699001 1
1700631 1
1708666 1
1725914 1
1744356 1
1755995 1
1756642 1
1757934 1
1763250 1
1765138 1
1767926 1
1770775 1
1776908 1
1777000 1
1786088 1
1789027 1
1794624 1
1810115 1
1810222 1
1815893 1
1818661 1
1824550 1
1827730 1
1833127 1
1834375 1
1846130 1
1851647 1
1853789 1
1855771 1
1857023 1
1857315 1
1858814 1
1866323 1
1870440 1
1870440 1
1870485 1
1870758 1
1871901 1
1873867 1
1875005 1
1876491 1
1889405 1
1895074 1
1902468 1
1902835 1
1912667 1
1914311 1
1923591 1
1925460 1
1929242 1
1933831 1
1934253 1
1934679 1
1935900 1
1937774 1
1937774 1
1942549 1
1962467 1
1964753 1
1965225 1
1966441 1
1966701 1
1970015 1
1980212 1
1980212 1
1994859 1
1996876 1
1998592 1
2008017 1
2011387 1
2015415 1
2020511 1
2026125 1
2026125 1
2041422 1
2057448 1
2069644 1
2071101 1
2073438 1
2087344 1
2087776 1
2088400 1
2088400 1
2099263 1
2104565 1
2108480 1
2108903 1
2110921 1
2117565 1
2124020 1
2137340 1
2141306 1
2142316 1
2143287 1
2144887 1
2147414 1
2156218 1
2156546 1
2167510 1
2172929 1
2183600 1
2186880 1
2204175 1
2205864 1
2212051 1
2230415 1
2234205 1
2252900 1
2257203 1
2259621 1
2259937 1
2264200 1
2264857 1
2269333 1
2273239 1
2277716 1
2278086 1
2293354 1
2305455 1
2305770 1
2307548 1
2325707 1
2332433 1
2367365 1
2376457 1
2376778 1
2388615 1
2389542 1
2396081 1
2396830 1
2407562 1
2407562 1
2408879 1
2411193 1
2417912 1
2418731 1
2418745 1
2419849 1
2430261 1
2437515 1
2444720 1
2460225 1
2481409 1
2491492 1
2492021 1
2492105 1
2495405 1
2498895 1
2502429 1
2502864 1
2507486 1
2511978 1
2513051 1
2513521 1
2515968 1
2516889 1
2518819 1
2520514 1
2523412 1
2525651 1
2530571 1
2536823 1
2538762 1
2544496 1
2549472 1
2566476 1
2567594 1
2580412 1
2588809 1
2592671 1
2595117 1
2605333 1
2605441 1
2611607 1
2611875 1
2615316 1
2623446 1
2623700 1
2647250 1
2658161 1
2666176 1
2666591 1
2673234 1
2678857 1
2678857 1
2684893 1
2702499 1
2705360 1
2726932 1
2727069 1
2727541 1
2729114 1
2732595 1
2735112 1
2735302 1
2738196 1
2740176 1
2743571 1
2748938 1
2750447 1
2752085 1
2753231 1
2758987 1
2759470 1
2760237 1
2766209 1
2773696 1
2773696 1
2776226 1
2777319 1
2778653 1
2781314 1
2790413 1
2791829 1
2816984 1
2820996 1
2821102 1
2821239 1
2822680 1
2831922 1
2832705 1
2834584 1
2835556 1
2842761 1
2842761 1
2844472 1
2851287 1
2852694 1
2857613 1
2862981 1
2877986 1
2886333 1
2892833 1
2897766 1
2898006 1
2907660 1
2912079 1
2912732 1
2918720 1
2930041 1
2938435 1
2939204 1
2940209 1
2948544 1
2954370 1
2956250 1
2962028 1
2970273 1
2976155 1
2984576 1
2990762 1
2992131 1
3030748 1
3043486 1
3052695 1
3058528 1
3058571 1
3060505 1
3064969 1
3072926 1
3073183 1
3078969 1
3083924 1
3088718 1
3089158 1
3094238 1
3101589 1
3116938 1
3129396 1
3132459 1
3143009 1
3146233 1
3147395 1
3148945 1
3158795 1
3163825 1
3170775 1
3172674 1
3176535 1
3177635 1
3180404 1
3191864 1
3194671 1
3201422 1
3205042 1
3222141 1
3223076 1
3244703 1
3297843 1
3298454 1
3310869 1
3311334 1
3319184 1
3319494 1
3323097 1
3329344 1
3333785 1
3352457 1
3354548 1
3359720 1
3359720 1
3363652 1
3363726 1
3363917 1
3368395 1
3381254 1
3385373 1
3385478 1
3389806 1
3393081 1
3395324 1
3395324 1
3406995 1
3408931 1
3409386 1
3413882 1
3421560 1
3423115 1
3423886 1
3427201 1
3427967 1
3427967 1
3445123 1
3445123 1
3452940 1
3458459 1
3459983 1
3460177 1
3460740 1
3468657 1
3480683 1
3483372 1
3484726 1
3488999 1
3488999 1
3495149 1
3512973 1
3515526 1
3546150 1
3551323 1
3554368 1
3556526 1
3565249 1
3565723 1
3566892 1
3566892 1
3569512 1
3570078 1
3571221 1
3571881 1
3577235 1
3577889 1
3581864 1
3586676 1
3586676 1
3589434 1
3598175 1
3600886 1
3600886 1
3617405 1
3619186 1
3619452 1
3626347 1
3627774 1
3630041 1
3651789 1
3657474 1
3660797 1
3665687 1
3670037 1
3670268 1
3676176 1
3687582 1
3687904 1
3688135 1
3688262 1
3703635 1
3705338 1
3709744 1
3716349 1
3732430 1
3739089 1
3744176 1
3748236 1
3757465 1
3757608 1
3778824 1
3785610 1
3795725 1
3800500 1
3802166 1
3802495 1
3817154 1
3818575 1
3828394 1
3828842 1
3828857 1
3833306 1
3839522 1
3839532 1
3842416 1
3842984 1
3844799 1
3844799 1
3845892 1
3852943 1
3855480 1
3858809 1
3863641 1
3869330 1
3870137 1
3876326 1
3881748 1
3881748 1
3884976 1
3886170 1
3888455 1
3891240 1
3901120 1
3911578 1
3918807 1
3935339 1
3937220 1
3938287 1
3941808 1
3947822 1
3969707 1
3974653 1
3977131 1
3982634 1
3988850 1
3992437 1
3996046 1
4002826 1
4007545 1
4013607 1
4017115 1
4017115 1
4018816 1
4023612 1
4024395 1
4035950 1
4042105 1
4050625 1
4059109 1
4065597 1
4066278 1
4071808 1
4091273 1
4102448 1
4108000 1
4113567 1
4117837 1
4130354 1
4130951 1
4131048 1
4133141 1
4139358 1
4142823 1
4148130 1
4150314 1
4151852 1
4155488 1
4177922 1
4182156 1
4183257 1
4187902 1
4197525 1
4201035 1
4205483 1
4205483 1
4208230 1
4208705 1
4208898 1
4209904 1
4214221 1
4216555 1
4223843 1
4238457 1
4257760 1
4257823 1
4258455 1
4276622 1
4282897 1
4285384 1
4288980 1
4289507 1
4297330 1
4297330 1
4299050 1
4302884 1
4306837 1
4306837 1
4314616 1
4315447 1
4316513 1
4325424 1
4328541 1
4329880 1
4330856 1
4336632 1
4343113 1
4344676 1
4352315 1
4354507 1
4354507 1
4354638 1
4354753 1
4357717 1
4379187 1
4379962 1
4383389 1
4384323 1
4396465 1
4397929 1
4403099 1
4417244 1
4421260 1
4421526 1
4428125 1
4428548 1
4431018 1
4440231 1
4443580 1
4444736 1
4449193 1
4450741 1
4453838 1
4463790 1
4466756 1
4471570 1
4474502 1
4482603 1
4484279 1
4486972 1
4491405 1
4500485 1
4503492 1
4504122 1
4513626 1
4525501 1
4526809 1
4528896 1
4539056 1
4539056 1
4539974 1
4540685 1
4543932 1
4546904 1
4553690 1
4565382 1
4567340 1
4584685 1
4587551 1
4588408 1
4592677 1
4594548 1
4600995 1
4603667 1
4621531 1
4627762 1
4630172 1
4630207 1
4640119 1
4644044 1
4644044 1
4649066 1
4657149 1
4661519 1
4666517 1
4667147 1
4668485 1
4671608 1
4672188 1
4672367 1
4687089 1
4688532 1
4702948 1
4704586 1
4705723 1
4709215 1
4710443 1
4711683 1
4723046 1
4731721 1
4733043 1
4733362 1
4736864 1
4739315 1
4764314 1
4767156 1
4770082 1
4771912 1
4776841 1
4787517 1
4790403 1
4791316 1
4792643 1
4794840 1
4805178 1
4807450 1
4811664 1
4815537 1
4819719 1
4821882 1
4825796 1
4829895 1
4830509 1
4839004 1
4840371 1
4840371 1
4842023 1
4848147 1
4848147 1
4865008 1
4867557 1
4875463 1
4875463 1
4875463 1
4875463 1
4880317 1
4882844 1
4898487 1
4903518 1
4910403 1
4912195 1
4915492 1
4917477 1
4920594 1
4928295 1
4943519 1
4946089 1
4951339 1
4953522 1
4954803 1
4955510 1
4957701 1
4961749 1
4965474 1
4980865 1
4981219 1
4987404 1
4988620 1
5000745 1
5000745 1
5002219 1
5002378 1
5011574 1
5017611 1
5019257 1
5021716 1
5023913 1
5026885 1
5036980 1
5045343 1
5049913 1
5051831 1
5067369 1
5070533 1
5072578 1
5074239 1
5074718 1
5074880 1
5079357 1
5079357 1
5080668 1
5082117 1
5094149 1
5111415 1
5137335 1
5140527 1
5141877 1
5142828 1
5143412 1
5146503 1
5149657 1
5152112 1
5156573 1
5163636 1
5164195 1
5172094 1
5173773 1
5174304 1
5174849 1
5183728 1
5193112 1
5194683 1
5205358 1
5205358 1
5206664 1
5211049 1
5211223 1
5217510 1
5217510 1
5234721 1
5237456 1
5241905 1
5243004 1
5250306 1
5251398 1
5254575 1
5257681 1
5258462 1
5282905 1
5293907 1
5309138 1
5315011 1
5316062 1
5319060 1
5322443 1
5328529 1
5329761 1
5331448 1
5349590 1
5350984 1
5353823 1
5354445 1
5354445 1
5360378 1
5362278 1
5363760 1
5374152 1
5385344 1
5427897 1
5430210 1
5433750 1
5437728 1
5440138 1
5446396 1
5449892 1
5451354 1
5453849 1
5456405 1
5465277 1
5473667 1
5474325 1
5480661 1
5485647 1
5498994 1
5500651 1
5500785 1
5502126 1
5505438 1
5506017 1
5520298 1
5528115 1
5540426 1
5543219 1
5545178 1
5556015 1
5560214 1
5560214 1
5568599 1
5582722 1
5582722 1
5588515 1
5593240 1
5608593 1
5608988 1
5608988 1
5615601 1
5615601 1
5626058 1
5627739 1
5631155 1
5631234 1
5634019 1
5636665 1
5638708 1
5659741 1
5671186 1
5679867 1
5681189 1
5681736 1
5697082 1
5698103 1
5710980 1
5710980 1
5720280 1
5728132 1
5740543 1
5741621 1
5748017 1
5765053 1
5765714 1
5768000 1
5770774 1
5771165 1
5773935 1
5773935 1
5778471 1
5779858 1
5782654 1
5790542 1
5799668 1
5801974 1
5805303 1
5805303 1
5806058 1
5813772 1
5816954 1
5832791 1
5838054 1
5838054 1
5838054 1
5838054 1
5840547 1
5842967 1
5851219 1
5852522 1
5857867 1
5869071 1
5869430 1
5878400 1
5878452 1
5881278 1
5885869 1
5886397 1
5887899 1
5890919 1
5903200 1
5904955 1
5907550 1
5907798 1
5918953 1
5919954 1
5920539 1
5921287 1
5938642 1
5943389 1
5943389 1
5955975 1
5956726 1
5956997 1
5958281 1
5958387 1
5965623 1
5968584 1
5968927 1
5974611 1
5979933 1
5984418 1
5992061 1
6003626 1
6007119 1
6014466 1
6015484 1
6015649 1
6018964 1
6025026 1
6026879 1
6026927 1
6031078 1
6031862 1
6036872 1
6047767 1
6051626 1
6063567 1
6067123 1
6069917 1
6076848 1
6076848 1
6077457 1
6079815 1
6083892 1
6088285 1
6090218 1
6093990 1
6094857 1
6097077 1
6097201 1
6097201 1
6097201 1
6097201 1
6116853 1
6125551 1
6145305 1
6147945 1
6153036 1
6153036 1
6155287 1
6155495 1
6155815 1
6156033 1
6158056 1
6158275 1
6158322 1
6193903 1
6198588 1
6200522 1
6201772 1
6204524 1
6207276 1
6222171 1
6236026 1
6239532 1
6246517 1
6255292 1
6260184 1
6267569 1
6276370 1
6277745 1
6279429 1
6280606 1
6285492 1
6289208 1
6294885 1
6296403 1
6299221 1
6307973 1
6319184 1
6319695 1
6324299 1
6344631 1
6345025 1
6369124 1
6369124 1
6387726 1
6387818 1
6389845 1
6399261 1
6405979 1
6406023 1
6415221 1
6422294 1
6435980 1
6436744 1
6472051 1
6477556 1
6480948 1
6483495 1
6483801 1
6483834 1
6493424 1
6504964 1
6507622 1
6508027 1
6508397 1
6510058 1
6510058 1
6516035 1
6530831 1
6537886 1
6539923 1
6540252 1
6540497 1
6551965 1
6553070 1
6554788 1
6555158 1
6556272 1
6564625 1
6566420 1
6576901 1
6579943 1
6591034 1
6592100 1
6594423 1
6600852 1
6600942 1
6606643 1
6619578 1
6620446 1
6620565 1
6625058 1
6626328 1
6626954 1
6627897 1
6633544 1
6645383 1
6646284 1
6646459 1
6650810 1
6653232 1
6653848 1
6659863 1
6660863 1
6666283 1
6666283 1
6667244 1
6672113 1
6674575 1
6674685 1
6686902 1
6686932 1
6688807 1
6693433 1
6695225 1
6708410 1
6708410 1
6708410 1
6708410 1
6708639 1
6716957 1
6719957 1
6723186 1
6731905 1
6747099 1
6751104 1
6753044 1
6759853 1
6763806 1
6775338 1
6781232 1
6782195 1
6786623 1
6790746 1
6794300 1
6795179 1
6802036 1
6808653 1
6809812 1
6809812 1
6811929 1
6814058 1
6819410 1
6820269 1
6834431 1
6837973 1
6842261 1
6844724 1
6845698 1
6847316 1
6850018 1
6854585 1
6854585 1
6869483 1
6872182 1
6884105 1
6884202 1
6884619 1
6886925 1
6904466 1
6906772 1
6915861 1
6916050 1
6924683 1
6926339 1
6928061 1
6930708 1
6955104 1
6959949 1
6963815 1
6968581 1
6969861 1
6969864 1
6970417 1
6972483 1
6974749 1
6989813 1
6994739 1
6995528 1
7007176 1
7020248 1
7028908 1
7042051 1
7050300 1
7055743 1
7057272 1
7074978 1
7077556 1
7077557 1
7078698 1
7078698 1
7082851 1
7083916 1
7089677 1
7090141 1
7103298 1
7116941 1
7125171 1
7127053 1
7131622 1
7144231 1
7151019 1
7154924 1
7160144 1
7165440 1
7172433 1
7176669 1
7178363 1
7179921 1
7189179 1
7198582 1
7207766 1
7211593 1
7213970 1
7223884 1
7233756 1
7239430 1
7242342 1
7244052 1
7246504 1
7247574 1
7256269 1
7257714 1
7260236 1
7265400 1
7266451 1
7271062 1
7273431 1
7281652 1
7281875 1
7282007 1
7285400 1
7289732 1
7292575 1
7295026 1
7296782 1
7307610 1
7309096 1
7309821 1
7311898 1
7311898 1
7319440 1
7319682 1
7320018 1
7323846 1
7325454 1
7328652 1
7336648 1
7340292 1
7342101 1
7349039 1
7351073 1
7351073 1
7351126 1
7352951 1
7360133 1
7362788 1
7366029 1
7370042 1
7372458 1
7376301 1
7377523 1
7379802 1
7380969 1
7381492 1
7384157 1
7389068 1
7392710 1
7400101 1
7400101 1
7414861 1
7420544 1
7424281 1
7430355 1
7432810 1
7459576 1
7461624 1
7472179 1
7472179 1
7482172 1
7482767 1
7486227 1
7496241 1
7507504 1
7507678 1
7511743 1
7512567 1
7523385 1
7534706 1
7536328 1
7537865 1
7537967 1
7541907 1
7546514 1
7547102 1
7547102 1
7552464 1
7563619 1
7565531 1
7568159 1
7587811 1
7588368 1
7590192 1
7593883 1
7594441 1
7595131 1
7603837 1
7610312 1
7621702 1
7626418 1
7627683 1
7636344 1
7637014 1
7643145 1
7643573 1
7647070 1
7647618 1
7656126 1
7658841 1
7674152 1
7677425 1
7679039 1
7680769 1
7682040 1
7701334 1
7712979 1
7714358 1
7715537 1
7730149 1
7734486 1
7737984 1
7739627 1
7739627 1
7741605 1
7745658 1
7751155 1
7753231 1
7757602 1
7766170 1
7768052 1
7777239 1
7780941 1
7785373 1
7786212 1
7791880 1
7792733 1
7793518 1
7805516 1
7806370 1
7811018 1
7818338 1
7822858 1
7828508 1
7831545 1
7839603 1
7839871 1
7841314 1
7848807 1
7851844 1
7854437 1
7855323 1
7877925 1
7878795 1
7880566 1
7884048 1
7889507 1
7892981 1
7894842 1
7894879 1
7904015 1
7905783 1
7915688 1
7915702 1
7917657 1
7921164 1
7923301 1
7931250 1
7941043 1
7942401 1
7948130 1
7949282 1
7957119 1
7961727 1
7962463 1
7964502 1
7969241 1
7971524 1
7973824 1
7975866 1
7979101 1
7982855 1
7988301 1
7990841 1
7992054 1
7992497 1
7995320 1
7999826 1
8002298 1
8004193 1
8007984 1
8009647 1
8014722 1
8020785 1
8020926 1
8023858 1
8023858 1
8023858 1
8025441 1
8032244 1
8032963 1
8038712 1
8041000 1
8041900 1
8051901 1
8052029 1
8053918 1
8054548 1
8060543 1
8069324 1
8073235 1
8074293 1
8074389 1
8076862 1
8079360 1
8085053 1
8087892 1
8090076 1
8091200 1
8100840 1
8107416 1
8108018 1
8111369 1
8117316 1
8119603 1
8124757 1
8125364 1
8130525 1
8138110 1
8140289 1
8141936 1
8143229 1
8146246 1
8147147 1
8153676 1
8160212 1
8164441 1
8167778 1
8212476 1
8212686 1
8216313 1
8222919 1
8228574 1
8230529 1
8241610 1
8255618 1
8271176 1
8273929 1
8276825 1
8276969 1
8284998 1
8305166 1
8308918 1
