39732 1
185068 1
225817 1
280298 1
403696 1
414505 1
416690 1
418488 1
467630 1
502029 1
512254 1
527798 1
550792 1
631143 1
639257 1
646798 1
732166 1
762823 1
762823 1
776278 1
776603 1
787933 1
856264 1
995600 1
1045554 1
1229673 1
1253006 1
1364687 1
1700049 1
1778244 1
1797287 1
1987033 1
2018134 1
2039271 1
2180128 1
2329153 1
2363777 1
2389395 1
2389395 1
2413847 1
2414714 1
2601987 1
2822722 1
2841154 1
2894035 1
2972257 1
2986582 1
3023079 1
3024111 1
3098678 1
3115640 1
3250658 1
3315728 1
3320021 1
3348264 1
3371737 1
3410712 1
3455953 1
3701071 1
3703229 1
3899481 1
3950035 1
3999324 1
4129966 1
4133064 1
4158332 1
4271221 1
4312012 1
4321950 1
4456638 1
4558254 1
4624024 1
4655478 1
4693458 1
4758240 1
4786245 1
4793387 1
4908393 1
4933664 1
5358569 1
5392116 1
5403776 1
5427132 1
5570287 1
5705572 1
5719045 1
5739488 1
5781319 1
5791514 1
6059116 1
6101423 1
6124726 1
6131165 1
6175682 1
6221079 1
6221257 1
6420182 1
6615334 1
6620747 1
6713603 1
6798891 1
6799853 1
6857170 1
7088961 1
7095963 1
7097102 1
7201653 1
7240868 1
7471630 1
7572694 1
7574046 1
7623996 1
7750168 1
7750521 1
7786995 1
7814987 1
7832493 1
7940472 1
7992971 1
8180806 1
8190186 1
8205450 1
8250640 1
8306462 1
130034 1
395692 1
454872 1
569733 1
592020 1
673748 1
697827 1
790939 1
859162 1
881169 1
1140848 1
1513064 1
1796104 1
1911123 1
1983284 1
2086085 1
2176533 1
2258324 1
2343693 1
2354220 1
2410603 1
2414858 1
2473374 1
2531582 1
2779204 1
2868593 1
2914012 1
2999617 1
3022078 1
3069302 1
3216118 1
3223345 1
3228102 1
3420518 1
3439423 1
3632624 1
3651709 1
3654312 1
3695384 1
3822190 1
3908452 1
3968638 1
4026809 1
4146727 1
4251481 1
4276576 1
4483402 1
4557685 1
4568214 1
4568424 1
4834253 1
4907448 1
5003831 1
5151166 1
5161673 1
5162972 1
5205994 1
5229701 1
5277915 1
5324688 1
5474142 1
5509395 1
5632476 1
5681470 1
5800666 1
5946420 1
5959484 1
5966559 1
6434832 1
6439009 1
6760736 1
6792617 1
6843360 1
6948941 1
7052619 1
7083812 1
7091402 1
7153658 1
7609775 1
7749411 1
7760035 1
7797832 1
7815638 1
7818689 1
7826373 1
7884805 1
8015299 1
8169918 1
8171755 1
8240433 1
8254688 1
8282137 1
140300 1
150946 1
232630 1
252145 1
394970 1
432393 1
442234 1
489736 1
554818 1
576581 1
621175 1
692120 1
755359 1
790893 1
819734 1
885373 1
887369 1
985649 1
1077454 1
1163231 1
1193221 1
1244412 1
1277826 1
1278533 1
1354456 1
1477449 1
1673226 1
1841953 1
1881233 1
1906159 1
1994707 1
2051917 1
2095594 1
2154756 1
2456457 1
2467624 1
2486581 1
2792400 1
3047937 1
3185946 1
3245362 1
3378457 1
3400257 1
3525835 1
3661415 1
3681842 1
3718538 1
3771894 1
3907131 1
3956478 1
3980029 1
4082790 1
4119357 1
4128590 1
4135191 1
4266410 1
4340602 1
4457845 1
4459331 1
4542064 1
4548320 1
4548320 1
4563128 1
4569699 1
4593247 1
4601270 1
4626219 1
4634767 1
4794472 1
5022503 1
5092945 1
5106920 1
5108107 1
5112909 1
5181159 1
5223060 1
5271472 1
5365352 1
5391985 1
5398971 1
5479971 1
5550795 1
5621464 1
5811508 1
6136568 1
6205239 1
6252731 1
6374230 1
6522411 1
6537172 1
6713555 1
6759693 1
6765433 1
6857981 1
7247823 1
7462140 1
7687040 1
7701891 1
7766509 1
7779861 1
7834509 1
8189844 1
8257717 1
233784 1
539904 1
743964 1
863595 1
1075087 1
1249890 1
1925065 1
2381304 1
3289653 1
3883086 1
3889458 1
4135275 1
4467694 1
4647409 1
4744130 1
5070509 1
6033745 1
6493278 1
6592759 1
6596101 1
6695535 1
6814454 1
7632633 1
7669567 1
7719940 1
7801054 1
