3311 1
9253 1
17324 1
18874 1
20382 1
23311 1
23860 1
23860 1
27635 1
29061 1
29407 1
32773 1
37921 1
37936 1
45523 1
61852 1
68494 1
82042 1
92408 1
99811 1
101600 1
109208 1
109292 1
109299 1
109596 1
110843 1
111234 1
111852 1
114442 1
115627 1
117476 1
117659 1
119590 1
123479 1
125739 1
131096 1
131295 1
135473 1
137924 1
138083 1
140021 1
141385 1
141969 1
142642 1
144229 1
145958 1
146886 1
146998 1
147894 1
151137 1
151830 1
155290 1
156968 1
157726 1
158499 1
160422 1
160865 1
161383 1
161737 1
164046 1
168957 1
169355 1
173589 1
181213 1
183015 1
187913 1
190561 1
191104 1
191554 1
191926 1
193077 1
197041 1
201920 1
202159 1
206904 1
207249 1
207686 1
209028 1
211261 1
211843 1
213193 1
213799 1
217876 1
218044 1
218296 1
219311 1
219330 1
221441 1
224960 1
225052 1
225214 1
229432 1
231340 1
232347 1
240212 1
244837 1
246841 1
246985 1
247717 1
249487 1
249980 1
249985 1
250951 1
259545 1
261042 1
264247 1
264688 1
268085 1
272317 1
273296 1
275156 1
277601 1
278475 1
281337 1
282593 1
283409 1
285047 1
285913 1
286392 1
295891 1
297265 1
299241 1
301672 1
311866 1
316394 1
318712 1
321093 1
322313 1
323892 1
326492 1
329351 1
329579 1
330708 1
330999 1
333255 1
335605 1
339721 1
341975 1
346153 1
352059 1
353471 1
356866 1
356866 1
357429 1
363204 1
385213 1
387151 1
389148 1
391922 1
421300 1
436000 1
438828 1
441188 1
442644 1
448705 1
449255 1
450720 1
451125 1
451653 1
456013 1
456488 1
461753 1
462191 1
465057 1
465379 1
467315 1
479013 1
486727 1
486975 1
487736 1
491290 1
494314 1
497112 1
497855 1
506109 1
506680 1
507289 1
507313 1
511475 1
512429 1
512923 1
513714 1
515371 1
519128 1
520910 1
522058 1
526567 1
529889 1
530708 1
530708 1
535380 1
541935 1
549039 1
550425 1
551047 1
551500 1
552196 1
554536 1
565644 1
565838 1
568713 1
570127 1
575992 1
579309 1
581208 1
581575 1
586281 1
589456 1
593681 1
598683 1
602501 1
604081 1
613793 1
613879 1
621220 1
621306 1
621658 1
621658 1
626112 1
640224 1
653706 1
655957 1
669713 1
673481 1
678275 1
678941 1
680795 1
692795 1
701892 1
702440 1
703609 1
703917 1
707521 1
711444 1
713611 1
717786 1
719762 1
720609 1
723669 1
724286 1
726018 1
727379 1
727529 1
728098 1
728308 1
731472 1
731950 1
741183 1
743030 1
743503 1
743503 1
743978 1
747104 1
747539 1
748599 1
752866 1
753950 1
755035 1
755035 1
755376 1
758447 1
775267 1
775982 1
776064 1
778873 1
779598 1
781711 1
781978 1
782278 1
783217 1
785640 1
788067 1
796430 1
799355 1
800478 1
805625 1
812259 1
819755 1
823396 1
823605 1
824598 1
826581 1
831590 1
839168 1
840804 1
844626 1
845617 1
845768 1
846935 1
848353 1
859776 1
862185 1
864283 1
864283 1
871662 1
880549 1
881421 1
888459 1
890495 1
894522 1
899254 1
899637 1
908950 1
913042 1
914592 1
917978 1
921599 1
924814 1
940291 1
942044 1
947562 1
950386 1
950643 1
952067 1
952524 1
954312 1
955053 1
962591 1
962591 1
967338 1
969690 1
971043 1
971403 1
979940 1
979940 1
982362 1
993139 1
1002270 1
1003485 1
1005303 1
1007296 1
1013977 1
1023505 1
1024338 1
1025317 1
1030201 1
1030877 1
1031159 1
1034679 1
1036317 1
1038314 1
1042266 1
1044098 1
1046707 1
1056993 1
1059360 1
1059984 1
1060365 1
1063610 1
1066519 1
1068254 1
1068907 1
1072052 1
1073134 1
1073846 1
1073846 1
1075494 1
1081462 1
1082395 1
1082971 1
1088222 1
1092639 1
1093439 1
1096707 1
1098921 1
1100192 1
1100743 1
1101082 1
1101604 1
1101671 1
1102025 1
1106299 1
1107800 1
1110493 1
1118510 1
1118719 1
1123259 1
1124697 1
1127019 1
1129778 1
1136703 1
1137007 1
1147547 1
1148306 1
1151438 1
1156628 1
1163551 1
1170592 1
1173087 1
1173315 1
1174077 1
1176957 1
1177029 1
1179066 1
1180740 1
1184015 1
1187166 1
1189836 1
1198002 1
1199074 1
1200969 1
1201165 1
1202474 1
1203533 1
1204395 1
1210666 1
1217642 1
1221304 1
1223614 1
1225532 1
1229043 1
1242982 1
1265529 1
1275003 1
1280129 1
1281673 1
1287032 1
1296639 1
1296667 1
1297994 1
1298802 1
1304582 1
1307187 1
1307694 1
1308114 1
1308129 1
1308129 1
1310629 1
1313160 1
1315814 1
1318574 1
1328143 1
1328922 1
1334923 1
1340292 1
1342130 1
1344262 1
1346610 1
1346610 1
1348232 1
1348616 1
1353160 1
1356574 1
1358144 1
1359726 1
1364368 1
1367489 1
1367944 1
1369558 1
1372757 1
1374660 1
1377569 1
1379324 1
1383738 1
1396949 1
1400282 1
1400426 1
1401232 1
1401232 1
1405959 1
1411257 1
1416436 1
1416655 1
1419972 1
1424009 1
1428026 1
1431323 1
1433974 1
1434139 1
1434706 1
1435381 1
1435531 1
1436664 1
1438619 1
1440396 1
1441182 1
1442868 1
1442868 1
1443556 1
1446900 1
1446955 1
1449037 1
1449177 1
1464237 1
1467362 1
1469687 1
1479667 1
1479687 1
1486747 1
1488142 1
1488827 1
1496296 1
1497687 1
1511786 1
1513214 1
1519833 1
1519833 1
1527206 1
1530553 1
1530633 1
1530762 1
1531566 1
1531940 1
1533144 1
1533715 1
1545919 1
1546356 1
1546506 1
1552040 1
1559231 1
1561466 1
1567919 1
1568578 1
1568584 1
1571187 1
1578399 1
1581313 1
1581989 1
1586494 1
1587297 1
1587320 1
1589899 1
1593058 1
1595100 1
1596353 1
1598130 1
1600834 1
1602823 1
1603991 1
1608812 1
1609046 1
1614786 1
1620145 1
1620351 1
1621996 1
1624336 1
1625495 1
1626637 1
1627205 1
1629917 1
1631889 1
1632515 1
1633103 1
1636487 1
1638073 1
1639474 1
1641199 1
1646009 1
1647740 1
1652220 1
1659266 1
1662115 1
1663656 1
1669293 1
1675759 1
1676665 1
1678561 1
1680153 1
1680279 1
1699411 1
1702492 1
1703085 1
1708274 1
1708274 1
1709645 1
1716405 1
1718541 1
1719906 1
1721713 1
1723106 1
1724028 1
1725349 1
1729682 1
1730308 1
1733326 1
1737834 1
1742611 1
1742907 1
1746231 1
1746326 1
1761875 1
1765199 1
1768749 1
1776988 1
1782178 1
1788161 1
1789120 1
1791787 1
1792877 1
1794398 1
1798955 1
1801019 1
1808082 1
1816228 1
1825111 1
1825985 1
1829405 1
1836738 1
1843733 1
1845110 1
1845372 1
1853257 1
1853431 1
1855358 1
1858376 1
1859844 1
1866555 1
1872907 1
1873452 1
1873885 1
1873885 1
1876189 1
1877822 1
1879226 1
1880474 1
1882530 1
1883611 1
1884015 1
1889462 1
1890442 1
1890452 1
1895615 1
1900425 1
1904297 1
1905128 1
1907040 1
1907387 1
1908219 1
1915231 1
1935430 1
1937121 1
1942519 1
1943061 1
1943738 1
1945663 1
1947375 1
1949775 1
1952864 1
1953453 1
1953477 1
1962970 1
1964018 1
1965445 1
1968186 1
1969643 1
1970241 1
1972355 1
1974844 1
1975799 1
1976239 1
1978757 1
1986568 1
1987487 1
1992347 1
1996201 1
1996855 1
2001565 1
2003359 1
2005622 1
2006978 1
2010314 1
2016759 1
2017279 1
2018248 1
2018620 1
2027009 1
2027923 1
2031282 1
2031611 1
2037037 1
2037945 1
2046624 1
2057576 1
2057896 1
2058200 1
2062643 1
2066260 1
2069975 1
2070228 1
2070833 1
2079374 1
2081740 1
2084207 1
2084589 1
2085695 1
2085773 1
2089583 1
2092114 1
2096040 1
2097071 1
2097590 1
2098097 1
2098906 1
2099563 1
2102641 1
2106642 1
2117658 1
2118724 1
2119483 1
2119799 1
2120339 1
2126456 1
2132795 1
2138632 1
2138750 1
2139563 1
2140484 1
2143187 1
2147566 1
2151126 1
2151126 1
2153396 1
2155603 1
2156334 1
2158384 1
2164649 1
2164898 1
2172637 1
2173726 1
2178308 1
2180187 1
2180709 1
2183206 1
2184258 1
2186012 1
2187972 1
2198511 1
2198806 1
2199487 1
2210255 1
2216981 1
2222325 1
2225638 1
2227946 1
2230170 1
2231428 1
2232355 1
2235778 1
2237750 1
2241370 1
2241762 1
2245030 1
2247824 1
2247824 1
2249150 1
2254445 1
2256313 1
2259352 1
2260946 1
2261141 1
2265488 1
2266618 1
2269935 1
2270479 1
2273134 1
2279316 1
2281450 1
2281825 1
2288386 1
2292789 1
2295858 1
2297078 1
2299373 1
2299938 1
2300011 1
2301035 1
2301724 1
2301884 1
2307987 1
2308516 1
2313649 1
2316211 1
2320601 1
2320892 1
2337775 1
2342346 1
2342346 1
2343663 1
2349661 1
2349886 1
2350039 1
2351049 1
2354973 1
2356827 1
2359259 1
2360793 1
2362933 1
2365721 1
2366699 1
2370336 1
2370957 1
2376706 1
2381194 1
2383143 1
2385134 1
2385291 1
2388352 1
2390019 1
2391695 1
2393445 1
2396860 1
2396923 1
2402680 1
2408867 1
2411650 1
2419280 1
2422295 1
2423255 1
2423835 1
2424329 1
2424353 1
2425925 1
2426424 1
2448345 1
2457147 1
2464508 1
2467862 1
2472924 1
2477021 1
2478165 1
2482903 1
2483039 1
2488187 1
2488430 1
2490282 1
2494118 1
2494306 1
2496487 1
2501346 1
2502575 1
2507206 1
2516611 1
2517676 1
2517797 1
2517887 1
2522475 1
2522775 1
2525121 1
2530773 1
2536658 1
2537580 1
2539775 1
2548061 1
2550944 1
2556372 1
2557237 1
2562647 1
2564124 1
2566187 1
2568067 1
2572348 1
2579771 1
2582976 1
2583963 1
2591971 1
2591978 1
2592194 1
2594271 1
2605226 1
2606062 1
2606328 1
2618928 1
2619887 1
2622798 1
2639991 1
2642926 1
2644029 1
2644922 1
2645433 1
2650096 1
2650517 1
2651002 1
2651073 1
2651419 1
2653918 1
2658296 1
2659865 1
2664304 1
2665393 1
2665393 1
2672002 1
2673901 1
2674494 1
2674730 1
2676593 1
2679447 1
2680117 1
2684493 1
2684958 1
2685256 1
2685998 1
2691882 1
2694504 1
2708072 1
2712197 1
2718803 1
2720857 1
2722334 1
2725162 1
2725742 1
2730312 1
2731021 1
2737312 1
2737425 1
2747744 1
2754688 1
2758103 1
2762365 1
2766600 1
2766852 1
2771867 1
2777989 1
2778301 1
2780289 1
2780488 1
2780488 1
2782052 1
2792236 1
2794120 1
2795684 1
2799975 1
2801133 1
2801151 1
2801269 1
2801492 1
2804808 1
2806353 1
2809688 1
2814550 1
2814793 1
2820674 1
2821075 1
2823575 1
2827824 1
2827824 1
2828014 1
2828480 1
2830082 1
2838397 1
2839808 1
2840679 1
2849691 1
2849866 1
2851735 1
2854916 1
2855829 1
2859151 1
2861493 1
2866786 1
2870669 1
2876244 1
2877114 1
2877673 1
2878726 1
2881462 1
2883258 1
2883437 1
2883705 1
2887982 1
2891879 1
2893351 1
2897186 1
2902359 1
2902394 1
2913354 1
2913891 1
2913891 1
2914504 1
2915733 1
2916740 1
2918228 1
2918228 1
2924403 1
2927094 1
2927940 1
2929482 1
2931065 1
2934644 1
2935407 1
2936197 1
2936786 1
2941194 1
2951318 1
2951817 1
2955992 1
2966332 1
2969470 1
2972513 1
2972618 1
2976040 1
2979428 1
2982223 1
2982522 1
2986423 1
2993378 1
2998819 1
3003301 1
3006204 1
3007637 1
3009736 1
3015162 1
3016678 1
3016756 1
3027404 1
3027488 1
3030202 1
3032988 1
3035970 1
3043199 1
3045107 1
3048247 1
3048534 1
3049982 1
3051671 1
3052733 1
3053189 1
3062009 1
3063809 1
3065630 1
3070186 1
3073948 1
3074083 1
3074412 1
3074844 1
3074844 1
3077468 1
3078848 1
3080434 1
3092128 1
3096767 1
3097646 1
3098007 1
3105006 1
3105197 1
3111765 1
3112228 1
3119710 1
3119732 1
3120263 1
3124481 1
3124621 1
3125417 1
3126266 1
3128029 1
3128033 1
3129907 1
3130647 1
3133767 1
3138028 1
3140683 1
3143500 1
3146979 1
3147751 1
3149710 1
3156532 1
3159880 1
3163164 1
3168056 1
3168238 1
3173070 1
3178260 1
3179967 1
3180584 1
3194529 1
3202735 1
3205687 1
3211733 1
3213343 1
3218722 1
3221519 1
3227137 1
3228029 1
3231720 1
3232167 1
3237695 1
3239157 1
3242901 1
3244067 1
3245547 1
3246937 1
3246937 1
3249584 1
3273522 1
3273703 1
3275819 1
3278230 1
3279035 1
3281696 1
3285143 1
3287095 1
3287741 1
3293016 1
3297202 1
3308941 1
3311001 1
3312852 1
3313642 1
3319162 1
3320613 1
3321521 1
3321521 1
3327865 1
3329626 1
3331306 1
3332790 1
3333857 1
3336010 1
3336093 1
3338781 1
3340644 1
3341706 1
3344865 1
3345448 1
3346323 1
3351152 1
3355720 1
3355720 1
3360479 1
3363456 1
3368517 1
3380442 1
3380615 1
3384743 1
3387579 1
3388448 1
3388448 1
3394938 1
3397977 1
3399629 1
3402816 1
3415826 1
3416584 1
3418622 1
3422640 1
3427212 1
3431165 1
3433316 1
3433828 1
3436445 1
3438326 1
3439284 1
3446040 1
3452264 1
3452535 1
3460450 1
3464683 1
3469549 1
3470451 1
3471453 1
3473179 1
3478023 1
3487892 1
3494520 1
3500282 1
3500964 1
3506322 1
3507972 1
3515732 1
3515851 1
3516453 1
3520362 1
3520757 1
3523775 1
3523993 1
3526068 1
3530300 1
3530582 1
3533043 1
3536395 1
3538637 1
3539280 1
3540783 1
3545155 1
3553019 1
3566712 1
3567283 1
3573036 1
3575313 1
3579983 1
3580386 1
3581305 1
3581374 1
3582562 1
3584213 1
3592817 1
3594436 1
3606309 1
3618138 1
3619155 1
3625816 1
3625959 1
3629906 1
3630286 1
3632666 1
3633976 1
3637091 1
3638661 1
3641941 1
3652441 1
3654592 1
3654997 1
3665321 1
3670935 1
3671634 1
3675367 1
3690178 1
3696213 1
3697888 1
3699694 1
3700997 1
3716234 1
3730971 1
3731715 1
3731919 1
3732816 1
3739283 1
3742965 1
3743113 1
3745389 1
3747073 1
3751745 1
3751915 1
3761168 1
3765094 1
3765795 1
3770947 1
3773418 1
3778103 1
3778374 1
3783718 1
3786335 1
3788538 1
3799647 1
3801949 1
3802617 1
3813154 1
3819730 1
3835236 1
3837556 1
3840700 1
3841951 1
3845371 1
3858642 1
3859464 1
3859464 1
3863089 1
3863837 1
3864038 1
3866604 1
3866762 1
3868044 1
3870345 1
3871641 1
3875927 1
3877302 1
3883614 1
3884801 1
3885710 1
3887279 1
3890384 1
3898984 1
3906332 1
3906754 1
3908813 1
3909637 1
3913416 1
3914122 1
3916857 1
3918701 1
3929469 1
3929472 1
3932178 1
3933095 1
3941026 1
3941777 1
3943090 1
3945372 1
3952556 1
3954937 1
3955102 1
3961585 1
3962245 1
3967340 1
3981657 1
3985881 1
3994285 1
3995652 1
4001220 1
4001321 1
4006664 1
4008222 1
4008259 1
4010199 1
4012057 1
4012410 1
4013314 1
4020220 1
4021844 1
4024348 1
4024503 1
4025887 1
4029896 1
4032962 1
4033841 1
4033841 1
4034189 1
4039347 1
4046112 1
4048160 1
4056430 1
4058410 1
4062524 1
4062952 1
4065433 1
4067778 1
4067778 1
4068971 1
4071638 1
4075767 1
4077316 1
4080191 1
4084082 1
4086425 1
4090609 1
4090609 1
4092866 1
4100879 1
4101927 1
4104836 1
4105656 1
4108571 1
4114248 1
4115369 1
4120357 1
4129314 1
4129557 1
4135721 1
4144304 1
4145772 1
4159709 1
4160054 1
4160054 1
4162624 1
4162986 1
4163332 1
4164716 1
4168617 1
4172809 1
4177514 1
4184178 1
4184783 1
4188988 1
4189982 1
4189982 1
4194266 1
4194439 1
4195424 1
4195842 1
4198407 1
4202618 1
4202764 1
4203005 1
4206699 1
4211024 1
4211531 1
4214607 1
4217192 1
4225708 1
4225856 1
4225953 1
4232909 1
4235653 1
4235686 1
4243995 1
4243995 1
4247181 1
4250507 1
4253275 1
4263167 1
4265026 1
4269101 1
4270702 1
4281637 1
4292166 1
4293552 1
4301299 1
4303386 1
4312996 1
4314668 1
4314668 1
4319405 1
4321460 1
4322108 1
4327877 1
4330835 1
4332501 1
4338752 1
4342029 1
4342885 1
4345438 1
4346445 1
4346708 1
4348329 1
4350453 1
4352005 1
4352859 1
4353839 1
4354987 1
4356566 1
4356736 1
4357330 1
4357361 1
4357437 1
4362184 1
4365054 1
4366517 1
4366934 1
4370226 1
4372017 1
4373063 1
4373679 1
4375264 1
4379707 1
4380229 1
4382742 1
4383400 1
4385144 1
4388366 1
4396182 1
4400857 1
4414146 1
4415254 1
4416461 1
4419141 1
4420332 1
4422081 1
4424808 1
4430451 1
4434569 1
4439073 1
4439254 1
4439254 1
4442578 1
4442906 1
4455431 1
4459121 1
4465371 1
4470117 1
4472342 1
4477402 1
4477722 1
4477999 1
4478196 1
4481464 1
4482788 1
4483797 1
4485144 1
4485175 1
4488624 1
4490463 1
4492634 1
4494981 1
4500983 1
4501466 1
4506717 1
4506786 1
4521076 1
4522146 1
4525343 1
4531289 1
4533438 1
4535797 1
4536380 1
4543725 1
4546360 1
4550127 1
4552907 1
4563557 1
4565484 1
4565974 1
4576972 1
4579637 1
4580832 1
4601293 1
4602901 1
4605932 1
4613702 1
4614576 1
4616874 1
4616874 1
4620636 1
4630556 1
4630938 1
4635115 1
4639117 1
4650876 1
4651636 1
4652757 1
4654910 1
4656100 1
4660301 1
4660968 1
4663120 1
4664953 1
4669592 1
4669592 1
4669729 1
4670972 1
4672161 1
4676051 1
4677113 1
4678010 1
4682638 1
4683488 1
4686353 1
4691730 1
4694550 1
4697016 1
4698573 1
4699280 1
4699280 1
4706476 1
4706769 1
4710621 1
4712921 1
4722468 1
4722480 1
4723249 1
4724616 1
4724616 1
4728787 1
4729994 1
4730445 1
4731496 1
4731776 1
4735980 1
4736307 1
4737286 1
4737685 1
4743320 1
4744952 1
4760452 1
4761479 1
4763039 1
4764285 1
4765796 1
4767616 1
4770867 1
4775807 1
4777616 1
4779895 1
4780499 1
4781732 1
4781997 1
4783916 1
4785490 1
4788568 1
4789856 1
4791505 1
4791841 1
4792547 1
4796272 1
4797187 1
4797495 1
4798769 1
4798769 1
4798809 1
4799697 1
4800922 1
4803378 1
4804188 1
4804464 1
4804948 1
4805494 1
4806242 1
4807012 1
4808294 1
4812310 1
4814000 1
4816520 1
4816520 1
4818171 1
4820141 1
4820725 1
4833722 1
4835289 1
4836562 1
4838318 1
4838988 1
4842089 1
4843411 1
4843926 1
4845104 1
4857890 1
4859924 1
4860265 1
4862066 1
4862874 1
4863033 1
4864382 1
4872027 1
4874750 1
4875566 1
4878887 1
4879079 1
4883305 1
4895586 1
4895749 1
4896551 1
4899300 1
4900400 1
4900448 1
4901696 1
4903173 1
4905781 1
4905781 1
4906057 1
4909427 1
4915987 1
4917828 1
4922357 1
4922617 1
4925943 1
4927052 1
4928153 1
4929134 1
4931451 1
4932019 1
4943874 1
4961721 1
4962952 1
4964474 1
4967722 1
4969435 1
4975655 1
4982335 1
4995205 1
4995431 1
4998014 1
5003289 1
5008238 1
5021823 1
5023087 1
5024054 1
5024853 1
5039554 1
5044630 1
5047017 1
5047857 1
5052310 1
5053220 1
5054595 1
5056191 1
5067027 1
5075810 1
5080378 1
5082753 1
5087195 1
5087429 1
5091943 1
5093845 1
5104182 1
5107380 1
5113541 1
5116637 1
5120728 1
5120788 1
5125888 1
5128327 1
5132679 1
5136709 1
5137028 1
5138335 1
5141612 1
5149358 1
5151989 1
5151989 1
5159426 1
5163556 1
5166895 1
5166895 1
5168120 1
5170203 1
5173292 1
5175624 1
5175624 1
5180886 1
5181913 1
5187654 1
5193418 1
5193917 1
5208705 1
5212594 1
5212836 1
5216436 1
5223499 1
5230259 1
5240126 1
5240613 1
5241862 1
5243831 1
5249755 1
5258409 1
5260316 1
5261008 1
5262057 1
5268543 1
5268727 1
5277423 1
5279380 1
5286276 1
5286563 1
5286563 1
5293073 1
5306652 1
5309593 1
5315864 1
5317605 1
5318553 1
5320075 1
5323829 1
5324008 1
5330102 1
5331642 1
5335025 1
5345604 1
5345802 1
5346403 1
5352626 1
5363607 1
5367718 1
5371246 1
5373561 1
5376971 1
5379353 1
5379822 1
5382488 1
5382922 1
5398711 1
5405111 1
5408653 1
5418372 1
5424090 1
5426034 1
5428484 1
5430376 1
5434572 1
5435270 1
5436638 1
5437308 1
5439412 1
5444868 1
5448783 1
5453908 1
5460767 1
5463667 1
5466897 1
5469400 1
5481832 1
5482221 1
5483626 1
5492540 1
5492780 1
5493849 1
5497270 1
5502414 1
5510999 1
5516967 1
5524790 1
5524914 1
5527132 1
5529201 1
5529315 1
5531024 1
5538896 1
5540156 1
5542201 1
5548570 1
5548570 1
5549095 1
5549310 1
5549940 1
5552380 1
5554831 1
5554835 1
5555336 1
5570823 1
5570823 1
5580240 1
5586745 1
5591466 1
5593737 1
5594678 1
5596312 1
5601830 1
5608885 1
5613570 1
5615407 1
5617357 1
5618253 1
5619822 1
5621539 1
5628622 1
5648090 1
5648727 1
5656107 1
5659681 1
5661180 1
5661823 1
5662387 1
5675547 1
5677352 1
5679933 1
5682854 1
5683723 1
5684979 1
5685870 1
5685982 1
5686634 1
5686634 1
5690749 1
5690908 1
5692314 1
5696127 1
5698372 1
5700651 1
5704529 1
5706733 1
5709177 1
5710619 1
5722499 1
5724489 1
5725158 1
5731722 1
5738275 1
5744502 1
5755449 1
5757720 1
5758141 1
5759897 1
5764354 1
5769234 1
5772576 1
5776126 1
5781901 1
5783164 1
5796920 1
5803223 1
5805477 1
5808873 1
5813580 1
5813919 1
5816022 1
5819469 1
5820603 1
5822374 1
5822948 1
5824842 1
5827079 1
5829987 1
5835607 1
5841112 1
5841808 1
5848522 1
5850853 1
5856257 1
5857128 1
5858175 1
5860680 1
5864762 1
5870024 1
5870710 1
5871575 1
5881847 1
5882550 1
5884010 1
5890351 1
5890773 1
5890877 1
5891374 1
5893579 1
5893686 1
5894397 1
5894889 1
5903819 1
5907600 1
5916598 1
5916660 1
5921355 1
5921993 1
5923651 1
5931241 1
5931884 1
5933492 1
5933792 1
5938493 1
5948610 1
5955384 1
5959897 1
5962723 1
5964224 1
5969122 1
5973951 1
5975100 1
5982959 1
5985019 1
5986247 1
5986598 1
5990240 1
5990487 1
5990536 1
5991496 1
5994194 1
5997863 1
5998553 1
6004759 1
6004759 1
6005727 1
6009351 1
6010395 1
6013178 1
6015062 1
6015062 1
6022035 1
6031997 1
6034095 1
6034334 1
6035931 1
6036760 1
6038515 1
6043895 1
6045769 1
6047253 1
6049246 1
6049246 1
6053079 1
6058656 1
6064863 1
6071826 1
6073215 1
6074494 1
6078852 1
6085869 1
6089169 1
6091523 1
6094958 1
6096695 1
6115528 1
6123217 1
6124771 1
6126990 1
6129998 1
6130229 1
6133906 1
6146694 1
6148540 1
6151739 1
6152181 1
6153240 1
6171510 1
6179548 1
6180434 1
6182679 1
6195773 1
6195900 1
6196155 1
6227171 1
6227501 1
6229099 1
6230230 1
6230482 1
6230497 1
6234866 1
6235241 1
6245102 1
6249917 1
6249993 1
6252579 1
6256700 1
6256739 1
6260676 1
6262235 1
6263742 1
6267629 1
6269153 1
6271202 1
6276062 1
6276984 1
6280986 1
6281230 1
6288465 1
6295024 1
6296222 1
6296874 1
6297176 1
6302024 1
6303044 1
6303488 1
6305529 1
6316092 1
6317849 1
6323182 1
6328723 1
6331808 1
6332206 1
6336560 1
6337786 1
6338324 1
6339699 1
6351809 1
6353686 1
6357531 1
6358501 1
6358651 1
6358651 1
6365142 1
6365556 1
6369669 1
6372026 1
6375164 1
6377327 1
6384217 1
6385708 1
6387327 1
6388594 1
6394798 1
6395739 1
6404430 1
6408601 1
6409622 1
6417041 1
6422063 1
6426718 1
6432178 1
6432756 1
6432911 1
6439096 1
6441607 1
6443902 1
6448325 1
6459911 1
6477475 1
6489256 1
6491279 1
6492594 1
6497766 1
6500941 1
6502228 1
6503035 1
6503607 1
6505370 1
6506483 1
6508457 1
6515127 1
6515893 1
6520087 1
6539103 1
6539313 1
6540925 1
6543590 1
6549211 1
6549949 1
6549993 1
6550187 1
6550843 1
6557031 1
6557031 1
6561438 1
6564979 1
6567724 1
6570260 1
6576964 1
6577170 1
6582139 1
6582398 1
6584155 1
6591079 1
6597987 1
6605960 1
6605960 1
6606229 1
6608397 1
6608749 1
6619232 1
6620557 1
6620570 1
6624681 1
6625260 1
6627373 1
6627689 1
6629270 1
6630629 1
6630634 1
6643188 1
6644125 1
6645861 1
6646300 1
6648905 1
6651475 1
6652942 1
6656263 1
6657364 1
6657445 1
6660554 1
6661186 1
6664607 1
6667664 1
6675973 1
6677951 1
6679326 1
6680937 1
6681230 1
6682245 1
6691160 1
6691729 1
6704784 1
6710288 1
6712560 1
6714596 1
6718366 1
6719465 1
6724077 1
6724077 1
6727152 1
6728058 1
6733606 1
6737477 1
6737932 1
6751065 1
6756518 1
6757052 1
6757300 1
6757710 1
6758528 1
6763488 1
6764048 1
6766694 1
6769744 1
6774576 1
6784145 1
6785811 1
6787187 1
6788190 1
6791117 1
6795643 1
6795965 1
6796791 1
6798493 1
6804788 1
6825455 1
6826604 1
6834224 1
6837798 1
6849452 1
6851868 1
6852768 1
6856401 1
6856980 1
6860874 1
6861151 1
6862076 1
6863203 1
6864974 1
6870333 1
6870583 1
6872124 1
6876535 1
6879634 1
6881102 1
6883380 1
6884561 1
6885193 1
6885624 1
6886469 1
6886469 1
6894543 1
6897556 1
6901010 1
6913394 1
6915768 1
6916445 1
6916843 1
6919152 1
6920387 1
6921619 1
6923571 1
6924849 1
6925137 1
6930728 1
6931316 1
6932493 1
6935319 1
6936498 1
6936588 1
6938276 1
6940462 1
6940471 1
6940492 1
6943369 1
6944084 1
6944414 1
6944503 1
6945089 1
6950099 1
6950271 1
6952418 1
6953342 1
6953833 1
6956886 1
6959431 1
6971438 1
6973209 1
6982645 1
6982649 1
6988028 1
6989940 1
6996684 1
6997228 1
6998126 1
6999160 1
7000026 1
7000134 1
7003417 1
7007764 1
7008593 1
7012757 1
7019970 1
7025709 1
7030762 1
7034040 1
7038667 1
7040752 1
7042553 1
7043439 1
7046267 1
7059203 1
7059824 1
7059824 1
7060433 1
7060972 1
7061337 1
7065023 1
7065951 1
7066878 1
7068889 1
7074425 1
7076522 1
7080320 1
7086728 1
7087609 1
7095256 1
7100303 1
7103193 1
7113896 1
7116447 1
7118659 1
7120632 1
7125615 1
7125663 1
7130558 1
7135549 1
7137786 1
7138280 1
7138798 1
7139588 1
7139995 1
7140248 1
7143500 1
7150990 1
7151654 1
7155475 1
7157149 1
7158662 1
7159568 1
7160457 1
7161336 1
7163909 1
7171601 1
7175051 1
7175725 1
7176989 1
7177650 1
7193490 1
7193921 1
7200122 1
7202679 1
7203024 1
7203024 1
7205215 1
7205806 1
7209528 1
7211192 1
7215418 1
7223844 1
7225306 1
7232281 1
7232705 1
7237967 1
7242356 1
7245513 1
7247259 1
7247566 1
7252663 1
7254855 1
7256829 1
7270433 1
7275954 1
7278169 1
7282592 1
7284606 1
7286305 1
7292775 1
7293932 1
7295222 1
7295222 1
7298669 1
7300407 1
7303734 1
7303929 1
7304204 1
7307836 1
7310013 1
7311288 1
7314007 1
7314848 1
7314987 1
7324911 1
7325371 1
7327225 1
7329526 1
7332330 1
7332707 1
7334582 1
7334682 1
7335816 1
7341403 1
7343657 1
7344635 1
7344912 1
7345550 1
7350112 1
7350423 1
7351553 1
7353025 1
7356850 1
7365481 1
7365503 1
7367083 1
7367849 1
7368737 1
7369321 1
7370356 1
7371156 1
7375019 1
7375235 1
7376737 1
7377558 1
7377987 1
7379270 1
7380703 1
7380704 1
7388258 1
7390391 1
7393749 1
7399450 1
7400522 1
7400896 1
7400906 1
7400931 1
7407410 1
7412145 1
7412364 1
7413502 1
7414024 1
7419636 1
7419650 1
7419650 1
7422325 1
7425363 1
7426841 1
7428936 1
7440411 1
7442793 1
7443805 1
7447971 1
7447989 1
7457556 1
7458191 1
7468695 1
7493240 1
7493578 1
7501642 1
7501910 1
7503228 1
7509343 1
7510141 1
7514294 1
7515091 1
7517093 1
7521125 1
7521125 1
7526750 1
7536819 1
7538503 1
7542443 1
7544038 1
7551861 1
7552322 1
7556870 1
7558130 1
7558263 1
7558322 1
7565832 1
7572652 1
7574538 1
7582702 1
7584027 1
7584882 1
7588924 1
7592495 1
7594503 1
7601106 1
7602957 1
7605956 1
7608580 1
7613948 1
7617507 1
7625838 1
7629555 1
7631563 1
7653275 1
7655105 1
7656338 1
7657431 1
7657431 1
7659629 1
7667021 1
7668061 1
7670780 1
7681940 1
7683445 1
7685824 1
7685824 1
7687689 1
7693373 1
7696336 1
7705025 1
7705860 1
7706020 1
7706755 1
7708329 1
7710885 1
7711177 1
7711290 1
7712563 1
7716426 1
7727632 1
7728669 1
7729997 1
7734505 1
7742161 1
7746192 1
7749381 1
7755036 1
7755333 1
7757291 1
7765371 1
7768908 1
7770815 1
7773502 1
7777033 1
7777146 1
7777296 1
7779135 1
7780382 1
7783306 1
7785597 1
7790273 1
7791685 1
7792161 1
7798523 1
7811656 1
7827974 1
7828745 1
7829549 1
7833770 1
7835945 1
7837223 1
7840301 1
7845119 1
7849505 1
7857897 1
7863700 1
7865136 1
7866358 1
7867270 1
7870682 1
7871386 1
7876292 1
7878446 1
7882528 1
7889098 1
7892031 1
7894600 1
7902650 1
7902836 1
7907140 1
7911268 1
7918021 1
7918837 1
7920989 1
7926700 1
7928387 1
7934880 1
7938287 1
7940743 1
7940967 1
7946847 1
7948081 1
7955630 1
7957925 1
7962926 1
7963954 1
7967591 1
7968768 1
7971311 1
7972683 1
7974266 1
7975195 1
7980309 1
7986801 1
7993116 1
7994119 1
7997996 1
8004967 1
8005170 1
8005408 1
8005900 1
8007142 1
8007551 1
8008242 1
8011031 1
8011033 1
8011593 1
8011658 1
8013908 1
8015622 1
8017637 1
8022116 1
8022321 1
8026070 1
8027546 1
8027732 1
8030181 1
8032385 1
8034274 1
8035406 1
8036173 1
8044327 1
8052440 1
8053075 1
8059601 1
8060419 1
8065643 1
8070323 1
8071835 1
8072564 1
8072759 1
8072914 1
8074053 1
8081035 1
8086005 1
8086401 1
8086401 1
8088251 1
8098238 1
8103491 1
8106718 1
8107208 1
8107235 1
8108859 1
8111647 1
8112046 1
8113913 1
8115655 1
8117489 1
8118471 1
8119710 1
8128299 1
8128480 1
8131773 1
8132939 1
8134395 1
8137455 1
8144237 1
8147896 1
8149320 1
8153157 1
8154115 1
8158802 1
8165287 1
8166354 1
8167862 1
8168504 1
8177207 1
8182431 1
8185066 1
8185296 1
8186170 1
8189705 1
8190186 1
8191232 1
8193121 1
8194784 1
8195266 1
8206345 1
8208549 1
8208832 1
8211250 1
8211250 1
8211963 1
8213250 1
8215758 1
8220371 1
8223619 1
8225044 1
8227764 1
8251892 1
8259200 1
8264035 1
8265575 1
8265575 1
8270922 1
8274515 1
8274975 1
8277746 1
8278363 1
8289726 1
8297834 1
8298109 1
8298196 1
8302474 1
8303271 1
8304119 1
8310255 1
8310958 1
1473 1
8765 1
17866 1
20258 1
23158 1
27731 1
32647 1
33942 1
33943 1
34897 1
34897 1
42570 1
42798 1
45662 1
48442 1
50416 1
56535 1
58207 1
58249 1
62887 1
65037 1
65519 1
73782 1
75822 1
76328 1
79659 1
93209 1
99787 1
99850 1
100019 1
100227 1
101098 1
101925 1
102013 1
104651 1
105010 1
105989 1
108685 1
113798 1
115110 1
118999 1
123796 1
124523 1
128095 1
131766 1
132809 1
132860 1
133834 1
134713 1
140187 1
142137 1
143729 1
147223 1
148774 1
151840 1
153988 1
154651 1
155971 1
157431 1
159425 1
160179 1
163051 1
165117 1
165162 1
165691 1
165928 1
165928 1
166736 1
168246 1
169697 1
171409 1
172202 1
172862 1
172862 1
175962 1
179748 1
182254 1
182254 1
185874 1
190940 1
196528 1
199869 1
202167 1
208327 1
208359 1
209313 1
209412 1
211131 1
211225 1
215863 1
217155 1
220222 1
222140 1
225202 1
227237 1
229101 1
229594 1
230892 1
232267 1
237892 1
238924 1
240608 1
249460 1
255231 1
262667 1
275038 1
275317 1
278028 1
278195 1
279813 1
285499 1
285856 1
290373 1
296962 1
299995 1
299995 1
302970 1
306700 1
307308 1
321846 1
322859 1
322913 1
326386 1
327806 1
340547 1
341922 1
342338 1
350668 1
351686 1
356794 1
361336 1
363050 1
366213 1
374199 1
375128 1
382878 1
400495 1
400495 1
407788 1
418064 1
420222 1
420222 1
428392 1
428860 1
436859 1
438357 1
439254 1
442610 1
446611 1
452675 1
455623 1
457028 1
459240 1
459881 1
463804 1
463899 1
464591 1
468332 1
483316 1
487458 1
489918 1
492428 1
494042 1
494456 1
496316 1
499906 1
501766 1
506180 1
506193 1
506940 1
512019 1
515467 1
517113 1
519601 1
522896 1
527432 1
529189 1
529251 1
531849 1
535202 1
535755 1
535794 1
553436 1
554138 1
557301 1
558639 1
566097 1
570051 1
570051 1
571130 1
571981 1
572622 1
579396 1
579708 1
581068 1
581402 1
590520 1
592564 1
597584 1
598146 1
598410 1
600148 1
614774 1
618429 1
619376 1
627071 1
627088 1
635678 1
639521 1
642955 1
643262 1
645379 1
648974 1
650307 1
652671 1
656026 1
658325 1
660130 1
660678 1
675344 1
675868 1
677047 1
681928 1
682786 1
697229 1
702051 1
705289 1
718348 1
718430 1
719294 1
720026 1
722434 1
727034 1
729532 1
730781 1
733833 1
750584 1
752187 1
752917 1
753602 1
756736 1
765010 1
768345 1
771591 1
775667 1
783370 1
786937 1
793090 1
793423 1
800178 1
805138 1
811130 1
818113 1
820952 1
831610 1
832418 1
832418 1
840046 1
841878 1
844227 1
844853 1
852950 1
859176 1
864758 1
870125 1
873994 1
884675 1
891614 1
892334 1
893200 1
896658 1
900309 1
908921 1
912144 1
919646 1
920194 1
920196 1
920336 1
920941 1
934179 1
937063 1
937950 1
940220 1
943247 1
953830 1
956508 1
962010 1
964535 1
974132 1
976487 1
987949 1
999580 1
999580 1
1000321 1
1006687 1
1009997 1
1018397 1
1021949 1
1030580 1
1032269 1
1032773 1
1035997 1
1036279 1
1044015 1
1045720 1
1051481 1
1059397 1
1060496 1
1062687 1
1063838 1
1065933 1
1068497 1
1071660 1
1073766 1
1075110 1
1076525 1
1079852 1
1080517 1
1082109 1
1084721 1
1088291 1
1093793 1
1094209 1
1096414 1
1097901 1
1100789 1
1101005 1
1103982 1
1106783 1
1107816 1
1117694 1
1122670 1
1122782 1
1125629 1
1127286 1
1127289 1
1132090 1
1134674 1
1141163 1
1141809 1
1141809 1
1143748 1
1144843 1
1146632 1
1150314 1
1158059 1
1174042 1
1175120 1
1180981 1
1182665 1
1184268 1
1184403 1
1186142 1
1186796 1
1187760 1
1188159 1
1188159 1
1189060 1
1189247 1
1195073 1
1198468 1
1200389 1
1207919 1
1209724 1
1211724 1
1212405 1
1218179 1
1218738 1
1218885 1
1221473 1
1222679 1
1222815 1
1235917 1
1242396 1
1248523 1
1250351 1
1257936 1
1262836 1
1262889 1
1263852 1
1268962 1
1269882 1
1272061 1
1274684 1
1276092 1
1278757 1
1279995 1
1290887 1
1297049 1
1297876 1
1298778 1
1298839 1
1304347 1
1309267 1
1310627 1
1316554 1
1320578 1
1326289 1
1326289 1
1327245 1
1331699 1
1334039 1
1334242 1
1334640 1
1336208 1
1336396 1
1339096 1
1341854 1
1344948 1
1347787 1
1347787 1
1347947 1
1349087 1
1351603 1
1355193 1
1356536 1
1359404 1
1359881 1
1361982 1
1364388 1
1367699 1
1370657 1
1371270 1
1373796 1
1378427 1
1380707 1
1381181 1
1381838 1
1383603 1
1385538 1
1385713 1
1393230 1
1397520 1
1397712 1
1398506 1
1399676 1
1399829 1
1400192 1
1400233 1
1409773 1
1410835 1
1416118 1
1425627 1
1427407 1
1432584 1
1435509 1
1435827 1
1442504 1
1447327 1
1448030 1
1448033 1
1449774 1
1451758 1
1451906 1
1454982 1
1455993 1
1457973 1
1458134 1
1458573 1
1460126 1
1460575 1
1461719 1
1463177 1
1463177 1
1466080 1
1472206 1
1481314 1
1486925 1
1491464 1
1492217 1
1492570 1
1494193 1
1494427 1
1494536 1
1496073 1
1502704 1
1505394 1
1509931 1
1513655 1
1513655 1
1522762 1
1525445 1
1525935 1
1525935 1
1527104 1
1531996 1
1532605 1
1535418 1
1543989 1
1544673 1
1545467 1
1546080 1
1549875 1
1554154 1
1556211 1
1556211 1
1556211 1
1556211 1
1556211 1
1556211 1
1556211 1
1556211 1
1557761 1
1558745 1
1560698 1
1563216 1
1564087 1
1567747 1
1567747 1
1568077 1
1570991 1
1575599 1
1576315 1
1577079 1
1577079 1
1582266 1
1582283 1
1582293 1
1582368 1
1584439 1
1584642 1
1586414 1
1588835 1
1588835 1
1597314 1
1597331 1
1597424 1
1601479 1
1602367 1
1602998 1
1606603 1
1608489 1
1609906 1
1613195 1
1615578 1
1615578 1
1619900 1
1621695 1
1622352 1
1623243 1
1624170 1
1624401 1
1628039 1
1629505 1
1630295 1
1630855 1
1630855 1
1633557 1
1635300 1
1639333 1
1639333 1
1645274 1
1653463 1
1654504 1
1662259 1
1670174 1
1676064 1
1678409 1
1684676 1
1685611 1
1686819 1
1689603 1
1689639 1
1696606 1
1696606 1
1703564 1
1704235 1
1706105 1
1706336 1
1707942 1
1709748 1
1713673 1
1719774 1
1720224 1
1720968 1
1721130 1
1721648 1
1724353 1
1730231 1
1733197 1
1738572 1
1740137 1
1742509 1
1744780 1
1744864 1
1744877 1
1745552 1
1748839 1
1752357 1
1753589 1
1770885 1
1771515 1
1776092 1
1776662 1
1778980 1
1780227 1
1784441 1
1788095 1
1792402 1
1796029 1
1797887 1
1799440 1
1800835 1
1806464 1
1808711 1
1809934 1
1811290 1
1812239 1
1817532 1
1817918 1
1818760 1
1819498 1
1829717 1
1831158 1
1831336 1
1832388 1
1837048 1
1842447 1
1843624 1
1844453 1
1844753 1
1846262 1
1847492 1
1852870 1
1852977 1
1852977 1
1853884 1
1853928 1
1862183 1
1865741 1
1867152 1
1869096 1
1870590 1
1870980 1
1874728 1
1875130 1
1881392 1
1881463 1
1887965 1
1888004 1
1897498 1
1897660 1
1899658 1
1900692 1
1906668 1
1907508 1
1908021 1
1910338 1
1910387 1
1910449 1
1916359 1
1933383 1
1933756 1
1935447 1
1939869 1
1941377 1
1942487 1
1947171 1
1947287 1
1947389 1
1947392 1
1949227 1
1950122 1
1950778 1
1950778 1
1951042 1
1952183 1
1953574 1
1956620 1
1958759 1
1963249 1
1965906 1
1965906 1
1966777 1
1971188 1
1977727 1
1978621 1
1980332 1
1980477 1
1982535 1
1989741 1
1990219 1
1994225 1
1998903 1
2002006 1
2002287 1
2003121 1
2003829 1
2003829 1
2008634 1
2012488 1
2014106 1
2029610 1
2030899 1
2033432 1
2039933 1
2044435 1
2046587 1
2047426 1
2047732 1
2052649 1
2052808 1
2057984 1
2059756 1
2063241 1
2064721 1
2066111 1
2069597 1
2070005 1
2070168 1
2076088 1
2080526 1
2084622 1
2085237 1
2087400 1
2089546 1
2090786 1
2098617 1
2102294 1
2107375 1
2112629 1
2117482 1
2119042 1
2119685 1
2121157 1
2121676 1
2124985 1
2130880 1
2137063 1
2141916 1
2142357 1
2142906 1
2146352 1
2147058 1
2147690 1
2148340 1
2149898 1
2159402 1
2160994 1
2161071 1
2163156 1
2165156 1
2168899 1
2170536 1
2174513 1
2175736 1
2178409 1
2189901 1
2190910 1
2192752 1
2194365 1
2197208 1
2198483 1
2207346 1
2207980 1
2213685 1
2220950 1
2224828 1
2225290 1
2226306 1
2229769 1
2237166 1
2237887 1
2239310 1
2246175 1
2247083 1
2248117 1
2250956 1
2251771 1
2255052 1
2262904 1
2269135 1
2271602 1
2272429 1
2275602 1
2275648 1
2282099 1
2282099 1
2283791 1
2284021 1
2285918 1
2286878 1
2288972 1
2293063 1
2294236 1
2294239 1
2301645 1
2302728 1
2304465 1
2310102 1
2313917 1
2326316 1
2326551 1
2328584 1
2328741 1
2341633 1
2349483 1
2354504 1
2354515 1
2358642 1
2358864 1
2359831 1
2360446 1
2362441 1
2363310 1
2364285 1
2365060 1
2375152 1
2375960 1
2376067 1
2376731 1
2381432 1
2382648 1
2383207 1
2383904 1
2384862 1
2387528 1
2387945 1
2388676 1
2389066 1
2389682 1
2391994 1
2393721 1
2397830 1
2401849 1
2402844 1
2408552 1
2421592 1
2421674 1
2422796 1
2430376 1
2430991 1
2437315 1
2440602 1
2442264 1
2442954 1
2444395 1
2444549 1
2444753 1
2446065 1
2456593 1
2461191 1
2470596 1
2474912 1
2479577 1
2481154 1
2482283 1
2486643 1
2494370 1
2495887 1
2498583 1
2504511 1
2513861 1
2515014 1
2515369 1
2521180 1
2521463 1
2524542 1
2526795 1
2529888 1
2530419 1
2532048 1
2549756 1
2551744 1
2553405 1
2554088 1
2561333 1
2567413 1
2567608 1
2569335 1
2582508 1
2587118 1
2587121 1
2588088 1
2588498 1
2590325 1
2591613 1
2593257 1
2596043 1
2596083 1
2603199 1
2603983 1
2607232 1
2608738 1
2609780 1
2612305 1
2616194 1
2616194 1
2617185 1
2619951 1
2625920 1
2634971 1
2635607 1
2636155 1
2637974 1
2642421 1
2645335 1
2649086 1
2651726 1
2652225 1
2652225 1
2659485 1
2661137 1
2666462 1
2670689 1
2670908 1
2673870 1
2676839 1
2680650 1
2682199 1
2682479 1
2684670 1
2698427 1
2698557 1
2703512 1
2703777 1
2720816 1
2721850 1
2721861 1
2723976 1
2727381 1
2728437 1
2728441 1
2728822 1
2731234 1
2732881 1
2734051 1
2737026 1
2740150 1
2740150 1
2747316 1
2754423 1
2754423 1
2754905 1
2757819 1
2763889 1
2766681 1
2773401 1
2773988 1
2781585 1
2783709 1
2784530 1
2786219 1
2787945 1
2788797 1
2789192 1
2792862 1
2794255 1
2796225 1
2797593 1
2799767 1
2801845 1
2803121 1
2804011 1
2805619 1
2807929 1
2808568 1
2809854 1
2817038 1
2818710 1
2823046 1
2823834 1
2824428 1
2830829 1
2833304 1
2849357 1
2851216 1
2856452 1
2861666 1
2862476 1
2869178 1
2870332 1
2875095 1
2877632 1
2878576 1
2878880 1
2879960 1
2882304 1
2883476 1
2886075 1
2886079 1
2892483 1
2895791 1
2895917 1
2896507 1
2897598 1
2898503 1
2898678 1
2903269 1
2903512 1
2903954 1
2905369 1
2912535 1
2917649 1
2922232 1
2922285 1
2923457 1
2925137 1
2926254 1
2938745 1
2941244 1
2945757 1
2951102 1
2958445 1
2959203 1
2959437 1
2961578 1
2965893 1
2967507 1
2967537 1
2973762 1
2979747 1
2981143 1
2982350 1
2986161 1
2992549 1
2993015 1
2994106 1
2994413 1
2996535 1
2999950 1
3000999 1
3001699 1
3002977 1
3007055 1
3008364 1
3008364 1
3008983 1
3009094 1
3009094 1
3010912 1
3012823 1
3013026 1
3013077 1
3019981 1
3023684 1
3026720 1
3032255 1
3036349 1
3036362 1
3036779 1
3038416 1
3039471 1
3043091 1
3043091 1
3046189 1
3048206 1
3049725 1
3058569 1
3058810 1
3064345 1
3073768 1
3078610 1
3081558 1
3085712 1
3094093 1
3098084 1
3098242 1
3103050 1
3103666 1
3105651 1
3112522 1
3122014 1
3125069 1
3131255 1
3133583 1
3146564 1
3154034 1
3154701 1
3161532 1
3168013 1
3170964 1
3172424 1
3177285 1
3178527 1
3178768 1
3183995 1
3185202 1
3187022 1
3196855 1
3204808 1
3204889 1
3209365 1
3210207 1
3213849 1
3216059 1
3217340 1
3218596 1
3220103 1
3226925 1
3233446 1
3244944 1
3249556 1
3252415 1
3253649 1
3255294 1
3261670 1
3269095 1
3269237 1
3271934 1
3279337 1
3283980 1
3284504 1
3285030 1
3288642 1
3299284 1
3304323 1
3306371 1
3316774 1
3318747 1
3320063 1
3322120 1
3322705 1
3323194 1
3324876 1
3328904 1
3329941 1
3332938 1
3338451 1
3342456 1
3346791 1
3347731 1
3350961 1
3355620 1
3359101 1
3360278 1
3371755 1
3373960 1
3384087 1
3393360 1
3396275 1
3399544 1
3406834 1
3409534 1
3414088 1
3430607 1
3433635 1
3433658 1
3436090 1
3446422 1
3449002 1
3449117 1
3454719 1
3457747 1
3461310 1
3463228 1
3471119 1
3472739 1
3476023 1
3476809 1
3477227 1
3477318 1
3478683 1
3479662 1
3480192 1
3484524 1
3487087 1
3487218 1
3492687 1
3493073 1
3498487 1
3502924 1
3502993 1
3504017 1
3511675 1
3513244 1
3517883 1
3517883 1
3535575 1
3536905 1
3542344 1
3542833 1
3544667 1
3545188 1
3546642 1
3550109 1
3553564 1
3557235 1
3557765 1
3573371 1
3574196 1
3577150 1
3579381 1
3579798 1
3584409 1
3589262 1
3589448 1
3593726 1
3596935 1
3608041 1
3618812 1
3622891 1
3624024 1
3632091 1
3638756 1
3638992 1
3640399 1
3640399 1
3642557 1
3645542 1
3652626 1
3654145 1
3663912 1
3664179 1
3669758 1
3670763 1
3676784 1
3680309 1
3683700 1
3691569 1
3692189 1
3697529 1
3697529 1
3698559 1
3699377 1
3700647 1
3700852 1
3701755 1
3707323 1
3707962 1
3708031 1
3708759 1
3708900 1
3709796 1
3710191 1
3712381 1
3712646 1
3713770 1
3713992 1
3715458 1
3716630 1
3718578 1
3719884 1
3725131 1
3729319 1
3736995 1
3737983 1
3747806 1
3756258 1
3760646 1
3761053 1
3762570 1
3764913 1
3765106 1
3768149 1
3768307 1
3772596 1
3772718 1
3778692 1
3781595 1
3782915 1
3797350 1
3802245 1
3804919 1
3806174 1
3807886 1
3808957 1
3808957 1
3810788 1
3810845 1
3813341 1
3816321 1
3819017 1
3824052 1
3825328 1
3828964 1
3836232 1
3838168 1
3858024 1
3858802 1
3861193 1
3861297 1
3862701 1
3863078 1
3869758 1
3869908 1
3872231 1
3880858 1
3880944 1
3882547 1
3893503 1
3896078 1
3896365 1
3897273 1
3938803 1
3946200 1
3950855 1
3954106 1
3954370 1
3961551 1
3962073 1
3964395 1
3966959 1
3966969 1
3973102 1
3973857 1
3973983 1
3974123 1
3974420 1
3981572 1
3982241 1
3982634 1
3995851 1
3999442 1
4014755 1
4031488 1
4032011 1
4033354 1
4033600 1
4034413 1
4041582 1
4046588 1
4046588 1
4046804 1
4048576 1
4051275 1
4053537 1
4055564 1
4056589 1
4057674 1
4059438 1
4061630 1
4062455 1
4062904 1
4062904 1
4063195 1
4065062 1
4065114 1
4071298 1
4073526 1
4073908 1
4078617 1
4079749 1
4090829 1
4092399 1
4094156 1
4097057 1
4101629 1
4104483 1
4105413 1
4105930 1
4111706 1
4122181 1
4129278 1
4132505 1
4136918 1
4140636 1
4141694 1
4142878 1
4151091 1
4160252 1
4163250 1
4176830 1
4176830 1
4187380 1
4192902 1
4196722 1
4202890 1
4203058 1
4207255 1
4208540 1
4209170 1
4212945 1
4213573 1
4213610 1
4218515 1
4218515 1
4219626 1
4219626 1
4221117 1
4226086 1
4227742 1
4228341 1
4233503 1
4235016 1
4239139 1
4243454 1
4249041 1
4250478 1
4252158 1
4254670 1
4254968 1
4257179 1
4257302 1
4257682 1
4262388 1
4263511 1
4273208 1
4273954 1
4274092 1
4275348 1
4278320 1
4278526 1
4279977 1
4280061 1
4281223 1
4282329 1
4289845 1
4289882 1
4299293 1
4301631 1
4305771 1
4307925 1
4313703 1
4315491 1
4321677 1
4321820 1
4322674 1
4329289 1
4333570 1
4334056 1
4334322 1
4334400 1
4334602 1
4340147 1
4344660 1
4354739 1
4356620 1
4356625 1
4365444 1
4368624 1
4371021 1
4380225 1
4385202 1
4388317 1
4390973 1
4393954 1
4396003 1
4399774 1
4404346 1
4409472 1
4412802 1
4413697 1
4414264 1
4415155 1
4424013 1
4424063 1
4424537 1
4426175 1
4428738 1
4431904 1
4436493 1
4448427 1
4450039 1
4458537 1
4469523 1
4480971 1
4481496 1
4486460 1
4488505 1
4488675 1
4493473 1
4494155 1
4505073 1
4505583 1
4506719 1
4509642 1
4512395 1
4517044 1
4518926 1
4536302 1
4538048 1
4540060 1
4541059 1
4547471 1
4547512 1
4554569 1
4558642 1
4558889 1
4564055 1
4566701 1
4566891 1
4585933 1
4585995 1
4587368 1
4591169 1
4593392 1
4601331 1
4601399 1
4602290 1
4608889 1
4609060 1
4612819 1
4613970 1
4615044 1
4622049 1
4627952 1
4629898 1
4630820 1
4634891 1
4638358 1
4642391 1
4643538 1
4657241 1
4660926 1
4661219 1
4665312 1
4668362 1
4668504 1
4671247 1
4673608 1
4675453 1
4676961 1
4677122 1
4678589 1
4682905 1
4692904 1
4694972 1
4698844 1
4700758 1
4702233 1
4708578 1
4710595 1
4713074 1
4717061 1
4717793 1
4719634 1
4722404 1
4723492 1
4730052 1
4730282 1
4731726 1
4733813 1
4735672 1
4737844 1
4738922 1
4739719 1
4740799 1
4742938 1
4743644 1
4747245 1
4754986 1
4763248 1
4767605 1
4774595 1
4774901 1
4775712 1
4778676 1
4778977 1
4785415 1
4786589 1
4790414 1
4791414 1
4797281 1
4797847 1
4800384 1
4800706 1
4804156 1
4808945 1
4813010 1
4815812 1
4817809 1
4824778 1
4824778 1
4825360 1
4825544 1
4825630 1
4830802 1
4838897 1
4845378 1
4849834 1
4856738 1
4857797 1
4861363 1
4864998 1
4869481 1
4869598 1
4869984 1
4870226 1
4879927 1
4881692 1
4883063 1
4889507 1
4889795 1
4891102 1
4900338 1
4900778 1
4904451 1
4905280 1
4905711 1
4905897 1
4907790 1
4910482 1
4913679 1
4916385 1
4918876 1
4924494 1
4924884 1
4928494 1
4932272 1
4932274 1
4936623 1
4937386 1
4937890 1
4947612 1
4952606 1
4957197 1
4964169 1
4965236 1
4966074 1
4967997 1
4969442 1
4979212 1
4980061 1
4984391 1
4984561 1
4997298 1
4999599 1
5004496 1
5009935 1
5013970 1
5014676 1
5016307 1
5021368 1
5026325 1
5026951 1
5030531 1
5030770 1
5030820 1
5034682 1
5035482 1
5035522 1
5038526 1
5044040 1
5044266 1
5047134 1
5053480 1
5053511 1
5059424 1
5064042 1
5066186 1
5081544 1
5082270 1
5083624 1
5089804 1
5096675 1
5103445 1
5106979 1
5114818 1
5115197 1
5115197 1
5115221 1
5120719 1
5125405 1
5133706 1
5136408 1
5146827 1
5153368 1
5159848 1
5160072 1
5172146 1
5172802 1
5172802 1
5188870 1
5193182 1
5194253 1
5202202 1
5202398 1
5208836 1
5210192 1
5224866 1
5227608 1
5232939 1
5238080 1
5239147 1
5239601 1
5241272 1
5250655 1
5251438 1
5258395 1
5259305 1
5262113 1
5279477 1
5280676 1
5283843 1
5287193 1
5290698 1
5290747 1
5301343 1
5309869 1
5314310 1
5321038 1
5324370 1
5325303 1
5327972 1
5329286 1
5330413 1
5331750 1
5336635 1
5337825 1
5341317 1
5343403 1
5347831 1
5351078 1
5351334 1
5353312 1
5363837 1
5366408 1
5367167 1
5368830 1
5373043 1
5377019 1
5389480 1
5394862 1
5394862 1
5394901 1
5400787 1
5425317 1
5429348 1
5429564 1
5432238 1
5443558 1
5450594 1
5451862 1
5452981 1
5454118 1
5456792 1
5458130 1
5461698 1
5465313 1
5471330 1
5475484 1
5478840 1
5485116 1
5486189 1
5494798 1
5498425 1
5508127 1
5508607 1
5510932 1
5511558 1
5512782 1
5519486 1
5523080 1
5523138 1
5523342 1
5529846 1
5530127 1
5530592 1
5532594 1
5532860 1
5533981 1
5534809 1
5535834 1
5537631 1
5538605 1
5549740 1
5550153 1
5550371 1
5558148 1
5561420 1
5567250 1
5568031 1
5568339 1
5568973 1
5572294 1
5572561 1
5577775 1
5580522 1
5580522 1
5583518 1
5583518 1
5584091 1
5584091 1
5584339 1
5590806 1
5591117 1
5595486 1
5604050 1
5605092 1
5605825 1
5608891 1
5609168 1
5612960 1
5613136 1
5616780 1
5620117 1
5621316 1
5622440 1
5634024 1
5636721 1
5638055 1
5639979 1
5648395 1
5650752 1
5651306 1
5654473 1
5655490 1
5657314 1
5659926 1
5665003 1
5666009 1
5667520 1
5668521 1
5676546 1
5677754 1
5687346 1
5689258 1
5689278 1
5690203 1
5692392 1
5692630 1
5697824 1
5699567 1
5699751 1
5700252 1
5701293 1
5701450 1
5704229 1
5707561 1
5710634 1
5716530 1
5725545 1
5727149 1
5729983 1
5730674 1
5736454 1
5741561 1
5746242 1
5750529 1
5773841 1
5782322 1
5783147 1
5787034 1
5788396 1
5792806 1
5796732 1
5801697 1
5807852 1
5808129 1
5810413 1
5813969 1
5817705 1
5822671 1
5822821 1
5829535 1
5833214 1
5835094 1
5836947 1
5840776 1
5844005 1
5848328 1
5848738 1
5850228 1
5852557 1
5852972 1
5853415 1
5853909 1
5854610 1
5856575 1
5862094 1
5869840 1
5874133 1
5875036 1
5876843 1
5878172 1
5879849 1
5880431 1
5881296 1
5881554 1
5882850 1
5886956 1
5888543 1
5889631 1
5890573 1
5891219 1
5894183 1
5898548 1
5899331 1
5902675 1
5909649 1
5909649 1
5913814 1
5914379 1
5916429 1
5918521 1
5923034 1
5926610 1
5926791 1
5930170 1
5932265 1
5933642 1
5934731 1
5942400 1
5943783 1
5946822 1
5946929 1
5948953 1
5949137 1
5949811 1
5961840 1
5964036 1
5969445 1
5970038 1
5976212 1
5976425 1
5979972 1
5979972 1
5987539 1
5988384 1
5992173 1
5999486 1
6000287 1
6002831 1
6010896 1
6014004 1
6018400 1
6022162 1
6022230 1
6031891 1
6032960 1
6033105 1
6035308 1
6036390 1
6039529 1
6040451 1
6040452 1
6043344 1
6045044 1
6045284 1
6046769 1
6050271 1
6052669 1
6056683 1
6065668 1
6066389 1
6068387 1
6068387 1
6071238 1
6079382 1
6081800 1
6081800 1
6082039 1
6083155 1
6083155 1
6085978 1
6090381 1
6099268 1
6107373 1
6115213 1
6120364 1
6121336 1
6121498 1
6125237 1
6126418 1
6128939 1
6147388 1
6152802 1
6153311 1
6154384 1
6157754 1
6158878 1
6165191 1
6172558 1
6180276 1
6182768 1
6184199 1
6187520 1
6187832 1
6192379 1
6196716 1
6197523 1
6222190 1
6222190 1
6224173 1
6229508 1
6229508 1
6230531 1
6233073 1
6235187 1
6235906 1
6238333 1
6239439 1
6240036 1
6245768 1
6249886 1
6253228 1
6259538 1
6259631 1
6264909 1
6269763 1
6277772 1
6282506 1
6282714 1
6284696 1
6286076 1
6286143 1
6291234 1
6295903 1
6300675 1
6302157 1
6302378 1
6308493 1
6311005 1
6313027 1
6314843 1
6315515 1
6316194 1
6326828 1
6331038 1
6333550 1
6336613 1
6344226 1
6348621 1
6353556 1
6369248 1
6372685 1
6375741 1
6376503 1
6378972 1
6380391 1
6380397 1
6383868 1
6386999 1
6387385 1
6388492 1
6389021 1
6393312 1
6396860 1
6403393 1
6407267 1
6423854 1
6425202 1
6430569 1
6431106 1
6433608 1
6435549 1
6439004 1
6441378 1
6449318 1
6453226 1
6454860 1
6465769 1
6467433 1
6471668 1
6474899 1
6479884 1
6482842 1
6483950 1
6490711 1
6492837 1
6493628 1
6501343 1
6501788 1
6502073 1
6504612 1
6504612 1
6509165 1
6513937 1
6532732 1
6541852 1
6544302 1
6544304 1
6548311 1
6548744 1
6549850 1
6552957 1
6560398 1
6561829 1
6562254 1
6566018 1
6566018 1
6566024 1
6567205 1
6567792 1
6568829 1
6568829 1
6575968 1
6576512 1
6576965 1
6580465 1
6583958 1
6584820 1
6590524 1
6593252 1
6595789 1
6601542 1
6602170 1
6613184 1
6617853 1
6619199 1
6624658 1
6626181 1
6631595 1
6632388 1
6633160 1
6637088 1
6638932 1
6639820 1
6640986 1
6643155 1
6646319 1
6659603 1
6670653 1
6674622 1
6675998 1
6679594 1
6683569 1
6686463 1
6687253 1
6689561 1
6690220 1
6702717 1
6703296 1
6706431 1
6706890 1
6709060 1
6709672 1
6709906 1
6713639 1
6714689 1
6715702 1
6718726 1
6735166 1
6741133 1
6741667 1
6746867 1
6749978 1
6750807 1
6750873 1
6754494 1
6763708 1
6767878 1
6774607 1
6783955 1
6785845 1
6788723 1
6796870 1
6797886 1
6805244 1
6815206 1
6821121 1
6821285 1
6824824 1
6827718 1
6829129 1
6831642 1
6834635 1
6834760 1
6835328 1
6840414 1
6842770 1
6843212 1
6847075 1
6849985 1
6850112 1
6850554 1
6853028 1
6855594 1
6856276 1
6856312 1
6860425 1
6864305 1
6868013 1
6870342 1
6872507 1
6872713 1
6875756 1
6877449 1
6878081 1
6881932 1
6883647 1
6883824 1
6884560 1
6884646 1
6885604 1
6892116 1
6893156 1
6894351 1
6896497 1
6898238 1
6898844 1
6899884 1
6904027 1
6904936 1
6905968 1
6913514 1
6913591 1
6916106 1
6919427 1
6920328 1
6920985 1
6922440 1
6923957 1
6924512 1
6925599 1
6927171 1
6929878 1
6930473 1
6931158 1
6932253 1
6932588 1
6933545 1
6935225 1
6936886 1
6937434 1
6937434 1
6943885 1
6944450 1
6944612 1
6944690 1
6946333 1
6951746 1
6951746 1
6952792 1
6952792 1
6955272 1
6955311 1
6962389 1
6964420 1
6964968 1
6965269 1
6971021 1
6972163 1
6972163 1
6975349 1
6984004 1
6985649 1
6985743 1
6987309 1
6988786 1
6993000 1
6994303 1
6994447 1
6995490 1
6995896 1
7002478 1
7009760 1
7010313 1
7020123 1
7020186 1
7022370 1
7026474 1
7028927 1
7029821 1
7030255 1
7033867 1
7040094 1
7040737 1
7041528 1
7048104 1
7051348 1
7052189 1
7064169 1
7065252 1
7069391 1
7073229 1
7078594 1
7080917 1
7087729 1
7089811 1
7101897 1
7105805 1
7105826 1
7107797 1
7114944 1
7115964 1
7115964 1
7116025 1
7120592 1
7120739 1
7120975 1
7126612 1
7138965 1
7141151 1
7156058 1
7160406 1
7163132 1
7169648 1
7169925 1
7173134 1
7175151 1
7195256 1
7195741 1
7200522 1
7200612 1
7208220 1
7215652 1
7218841 1
7219037 1
7225049 1
7227461 1
7228687 1
7231186 1
7235256 1
7242371 1
7247385 1
7247613 1
7252349 1
7252349 1
7261707 1
7267372 1
7272505 1
7274750 1
7276267 1
7279444 1
7280274 1
7281260 1
7281865 1
7283052 1
7285144 1
7290091 1
7290287 1
7290287 1
7291272 1
7295538 1
7296418 1
7296496 1
7297791 1
7303893 1
7304946 1
7306825 1
7307263 1
7311206 1
7311330 1
7312645 1
7314476 1
7314476 1
7315905 1
7316297 1
7322743 1
7323265 1
7323425 1
7333330 1
7338298 1
7338657 1
7342848 1
7344091 1
7348165 1
7351911 1
7352921 1
7359727 1
7362798 1
7368882 1
7371806 1
7373261 1
7374873 1
7376744 1
7378693 1
7378999 1
7386976 1
7387921 1
7388822 1
7390772 1
7391149 1
7391892 1
7392066 1
7393137 1
7393266 1
7395527 1
7400443 1
7401970 1
7404192 1
7404657 1
7404657 1
7404945 1
7411383 1
7411459 1
7415241 1
7418342 1
7419852 1
7420095 1
7425575 1
7425593 1
7425770 1
7429293 1
7429389 1
7430621 1
7430960 1
7440383 1
7442727 1
7446437 1
7448306 1
7449329 1
7450465 1
7455330 1
7465092 1
7466268 1
7471240 1
7472898 1
7474721 1
7475846 1
7476972 1
7477370 1
7483678 1
7485632 1
7490140 1
7492690 1
7493339 1
7499482 1
7500050 1
7503264 1
7503414 1
7506372 1
7509867 1
7512058 1
7514012 1
7514729 1
7526073 1
7530637 1
7540392 1
7548513 1
7551337 1
7551983 1
7554628 1
7555302 1
7555523 1
7555918 1
7556427 1
7570226 1
7577652 1
7579078 1
7583565 1
7585057 1
7593307 1
7593307 1
7594202 1
7595797 1
7596896 1
7598803 1
7598923 1
7600210 1
7600236 1
7605948 1
7605974 1
7606376 1
7608132 1
7612768 1
7621000 1
7621894 1
7629239 1
7629409 1
7635410 1
7635511 1
7640182 1
7647000 1
7648402 1
7649290 1
7650690 1
7651280 1
7651873 1
7656899 1
7657319 1
7658197 1
7658948 1
7667813 1
7669399 1
7669696 1
7677130 1
7678809 1
7684367 1
7688490 1
7690179 1
7690428 1
7691773 1
7694073 1
7695050 1
7696024 1
7700281 1
7720568 1
7720632 1
7720712 1
7720931 1
7720931 1
7727545 1
7727743 1
7727743 1
7729474 1
7729921 1
7730158 1
7731747 1
7733218 1
7733623 1
7738027 1
7738645 1
7738645 1
7741087 1
7747138 1
7747212 1
7747398 1
7750302 1
7752789 1
7754832 1
7760875 1
7761712 1
7767066 1
7773537 1
7773746 1
7774145 1
7775021 1
7777452 1
7782291 1
7782764 1
7788288 1
7788288 1
7792896 1
7792915 1
7801368 1
7813287 1
7815965 1
7829687 1
7832021 1
7832137 1
7833698 1
7835103 1
7835850 1
7840190 1
7842174 1
7844797 1
7850092 1
7850402 1
7850528 1
7853710 1
7854114 1
7855054 1
7855278 1
7856392 1
7857565 1
7857565 1
7861350 1
7863568 1
7871184 1
7871538 1
7872524 1
7874443 1
7874448 1
7875605 1
7880949 1
7882841 1
7886300 1
7886546 1
7891435 1
7892026 1
7892216 1
7898311 1
7899743 1
7902572 1
7904950 1
7907325 1
7909515 1
7918151 1
7925405 1
7930616 1
7930616 1
7931084 1
7931339 1
7932185 1
7936468 1
7937076 1
7937122 1
7937122 1
7947669 1
7947696 1
7947819 1
7958380 1
7966826 1
7967963 1
7968020 1
7968473 1
7970542 1
7974305 1
7974678 1
7975954 1
7977824 1
7978576 1
7979107 1
7979877 1
7993697 1
7994793 1
8002053 1
8005752 1
8009138 1
8010577 1
8013870 1
8015623 1
8018982 1
8023621 1
8025620 1
8027585 1
8029671 1
8031315 1
8031738 1
8034069 1
8036421 1
8037172 1
8038744 1
8040293 1
8041395 1
8046789 1
8050257 1
8050622 1
8055014 1
8055518 1
8056243 1
8057146 1
8058949 1
8061880 1
8071796 1
8077418 1
8078310 1
8079821 1
8080906 1
8082500 1
8093937 1
8095532 1
8097526 1
8102585 1
8104341 1
8105285 1
8106185 1
8108272 1
8111525 1
8120686 1
8123095 1
8123263 1
8126213 1
8131400 1
8131751 1
8136522 1
8140872 1
8143023 1
8144346 1
8154161 1
8158213 1
8158755 1
8159498 1
8160146 1
8165512 1
8174501 1
8183057 1
8191249 1
8192325 1
8193327 1
8195677 1
8195677 1
8204071 1
8214067 1
8214160 1
8216895 1
8217091 1
8217457 1
8218789 1
8222406 1
8227360 1
8257706 1
8265944 1
8272247 1
8272743 1
8275160 1
8275471 1
8275501 1
8275711 1
8283644 1
8286255 1
8286864 1
8296207 1
8300379 1
8307615 1
8311963 1
10147 1
11761 1
35545 1
36593 1
44610 1
49132 1
69841 1
70967 1
71388 1
82790 1
83587 1
83760 1
98562 1
98738 1
99669 1
100083 1
100636 1
100914 1
101038 1
105175 1
107694 1
108361 1
109929 1
110079 1
111744 1
111946 1
111959 1
113691 1
113867 1
115386 1
115651 1
116796 1
119631 1
120914 1
124375 1
125348 1
125906 1
126163 1
132529 1
132594 1
132698 1
133767 1
134375 1
134590 1
136178 1
137480 1
137615 1
139293 1
140762 1
142789 1
144744 1
149891 1
151736 1
152985 1
153548 1
153921 1
153921 1
154765 1
156377 1
157033 1
158201 1
158265 1
158652 1
160492 1
162100 1
162932 1
170382 1
170520 1
174759 1
176419 1
177228 1
179786 1
190112 1
194040 1
195429 1
195622 1
195942 1
196552 1
199046 1
199046 1
199132 1
199376 1
199376 1
200786 1
202119 1
203998 1
206341 1
213512 1
221592 1
225894 1
227258 1
227258 1
227497 1
227846 1
228711 1
229075 1
231276 1
243937 1
245125 1
245125 1
248071 1
256342 1
257920 1
261405 1
262236 1
262244 1
262390 1
262393 1
262393 1
262581 1
262690 1
265305 1
265863 1
267421 1
271287 1
274637 1
278874 1
278981 1
285238 1
286202 1
286277 1
286553 1
286733 1
291704 1
301174 1
304829 1
308061 1
309805 1
310953 1
312049 1
315759 1
318653 1
320202 1
323844 1
329882 1
331241 1
333877 1
333877 1
343754 1
347134 1
351571 1
352295 1
353568 1
354456 1
357782 1
361010 1
362365 1
374070 1
374643 1
376986 1
384017 1
384470 1
386994 1
387986 1
390208 1
425298 1
426980 1
429872 1
441010 1
442436 1
442436 1
443165 1
445217 1
445576 1
450390 1
451103 1
452425 1
457429 1
458940 1
459384 1
461044 1
467609 1
480288 1
482379 1
490339 1
493129 1
495176 1
497880 1
499005 1
499288 1
504242 1
504775 1
507239 1
510187 1
513907 1
515056 1
516573 1
521515 1
521887 1
522959 1
527014 1
529168 1
547199 1
553378 1
554485 1
557851 1
562891 1
566698 1
571793 1
571896 1
573410 1
574909 1
578057 1
588504 1
590830 1
601377 1
606276 1
615358 1
623504 1
637577 1
640687 1
645615 1
650351 1
650827 1
652222 1
653125 1
665365 1
666152 1
670542 1
671466 1
672221 1
672591 1
674752 1
676752 1
682002 1
689618 1
693870 1
699642 1
702326 1
703228 1
711842 1
718330 1
719513 1
726282 1
738029 1
743334 1
747271 1
748638 1
749747 1
750888 1
751380 1
759389 1
765943 1
769588 1
771371 1
771606 1
772199 1
778939 1
780175 1
788099 1
789037 1
792637 1
795037 1
795724 1
807174 1
812655 1
813636 1
815591 1
823826 1
832269 1
834080 1
834792 1
837450 1
837999 1
842446 1
842980 1
843172 1
851203 1
852006 1
866331 1
867914 1
868109 1
872436 1
872594 1
880886 1
882064 1
882254 1
891308 1
891915 1
891915 1
892466 1
896124 1
897549 1
904298 1
910955 1
913131 1
920904 1
928779 1
931472 1
934087 1
936579 1
941263 1
946453 1
950063 1
952723 1
953327 1
953920 1
976101 1
976342 1
979863 1
985421 1
986246 1
987059 1
987265 1
993319 1
993319 1
993615 1
998339 1
1006983 1
1007916 1
1018078 1
1021621 1
1022522 1
1022522 1
1022971 1
1027804 1
1029400 1
1029400 1
1040109 1
1043354 1
1046476 1
1049369 1
1050028 1
1050348 1
1050540 1
1050727 1
1051963 1
1059168 1
1059312 1
1059907 1
1063608 1
1066788 1
1072054 1
1083432 1
1097316 1
1105049 1
1106530 1
1107852 1
1110322 1
1117652 1
1118188 1
1126390 1
1126655 1
1126725 1
1129584 1
1134259 1
1136131 1
1136131 1
1136663 1
1138112 1
1141081 1
1142625 1
1146350 1
1153246 1
1158618 1
1163799 1
1167071 1
1167096 1
1167373 1
1167680 1
1167692 1
1177657 1
1185206 1
1185992 1
1189232 1
1191700 1
1194460 1
1196985 1
1199818 1
1203641 1
1206409 1
1207084 1
1217196 1
1218558 1
1219184 1
1226253 1
1228823 1
1229114 1
1230770 1
1231998 1
1239495 1
1242038 1
1248016 1
1248016 1
1249746 1
1250071 1
1253471 1
1256211 1
1257858 1
1259320 1
1259540 1
1264533 1
1264789 1
1269149 1
1273313 1
1273385 1
1275667 1
1276323 1
1276466 1
1278177 1
1282546 1
1292822 1
1302991 1
1308535 1
1309218 1
1310790 1
1313149 1
1315454 1
1320156 1
1320156 1
1336442 1
1342387 1
1349549 1
1349762 1
1349762 1
1350400 1
1350717 1
1353889 1
1354365 1
1357811 1
1358309 1
1362293 1
1383186 1
1390258 1
1393596 1
1395207 1
1398546 1
1399985 1
1399993 1
1400516 1
1400677 1
1401021 1
1413136 1
1416352 1
1418491 1
1420971 1
1421564 1
1423561 1
1423744 1
1423862 1
1427314 1
1431408 1
1431494 1
1433321 1
1433390 1
1434750 1
1435480 1
1436721 1
1442812 1
1444420 1
1445161 1
1452669 1
1456156 1
1456540 1
1456552 1
1460417 1
1465989 1
1472429 1
1475504 1
1475859 1
1475936 1
1479403 1
1480393 1
1482482 1
1482550 1
1482750 1
1486471 1
1487305 1
1488184 1
1497351 1
1499906 1
1501085 1
1501607 1
1506415 1
1508423 1
1509789 1
1510617 1
1519334 1
1534093 1
1534638 1
1535792 1
1540518 1
1542403 1
1542475 1
1543250 1
1543598 1
1544079 1
1544079 1
1544582 1
1547870 1
1547870 1
1547877 1
1548677 1
1548730 1
1558960 1
1558960 1
1561697 1
1561710 1
1564043 1
1564542 1
1564548 1
1567190 1
1576226 1
1578212 1
1578276 1
1580917 1
1581139 1
1581489 1
1581638 1
1582089 1
1582575 1
1586776 1
1586776 1
1587432 1
1590020 1
1591144 1
1593421 1
1594130 1
1594779 1
1595358 1
1595759 1
1598675 1
1599607 1
1599802 1
1599802 1
1604294 1
1604702 1
1604717 1
1607345 1
1607657 1
1613117 1
1613137 1
1613306 1
1620530 1
1624990 1
1625572 1
1627346 1
1627542 1
1627928 1
1633078 1
1641434 1
1643707 1
1643707 1
1644260 1
1648889 1
1652260 1
1654207 1
1654269 1
1654941 1
1658577 1
1662104 1
1664646 1
1665174 1
1665827 1
1671027 1
1671362 1
1677307 1
1681953 1
1683210 1
1686888 1
1688484 1
1691135 1
1704149 1
1704271 1
1707488 1
1709094 1
1713294 1
1716684 1
1717385 1
1720003 1
1720657 1
1742260 1
1744323 1
1744705 1
1747231 1
1749665 1
1750813 1
1758819 1
1764668 1
1766400 1
1767161 1
1771168 1
1771365 1
1771497 1
1773384 1
1773384 1
1773866 1
1774733 1
1776443 1
1778035 1
1779560 1
1781224 1
1786634 1
1791700 1
1792180 1
1792347 1
1793943 1
1816503 1
1817525 1
1821368 1
1826128 1
1828123 1
1832539 1
1834373 1
1834373 1
1834385 1
1846357 1
1850149 1
1855960 1
1857605 1
1857694 1
1858631 1
1861439 1
1868089 1
1869264 1
1871798 1
1874485 1
1877680 1
1878431 1
1881340 1
1882413 1
1883000 1
1886183 1
1887415 1
1896480 1
1897703 1
1898056 1
1898569 1
1904055 1
1905334 1
1906142 1
1912063 1
1914508 1
1914612 1
1919633 1
1920895 1
1926235 1
1926600 1
1934461 1
1937376 1
1937527 1
1939802 1
1940589 1
1945967 1
1948451 1
1952100 1
1952536 1
1960294 1
1969860 1
1978960 1
1979875 1
1982166 1
1982589 1
1982589 1
1986657 1
1988352 1
1988520 1
1995004 1
1997765 1
1999891 1
2001714 1
2002553 1
2002671 1
2003325 1
2004689 1
2005863 1
2015903 1
2016124 1
2016832 1
2020221 1
2023024 1
2023407 1
2030077 1
2033752 1
2039994 1
2051349 1
2052615 1
2054056 1
2054081 1
2061014 1
2063993 1
2066150 1
2066790 1
2067397 1
2069872 1
2069985 1
2070059 1
2073746 1
2082612 1
2083791 1
2084231 1
2096392 1
2114322 1
2118694 1
2120402 1
2121425 1
2123808 1
2125247 1
2130891 1
2130919 1
2131042 1
2131423 1
2132514 1
2138450 1
2146023 1
2151590 1
2159979 1
2163976 1
2165270 1
2167683 1
2172742 1
2174514 1
2175526 1
2179409 1
2179706 1
2180909 1
2182131 1
2182572 1
2183614 1
2183615 1
2185029 1
2185271 1
2186496 1
2186814 1
2186814 1
2191784 1
2192302 1
2194509 1
2195797 1
2196622 1
2201250 1
2222733 1
2225537 1
2235905 1
2236744 1
2239938 1
2253667 1
2255827 1
2257116 1
2260172 1
2265271 1
2272829 1
2277895 1
2282040 1
2287372 1
2287541 1
2289865 1
2291395 1
2291536 1
2291536 1
2293900 1
2295237 1
2299498 1
2300862 1
2306357 1
2311703 1
2324126 1
2324492 1
2325140 1
2325580 1
2334975 1
2337649 1
2339769 1
2342915 1
2342915 1
2345545 1
2364152 1
2367662 1
2369953 1
2374363 1
2375290 1
2382056 1
2386679 1
2388178 1
2389972 1
2391954 1
2392872 1
2393501 1
2394171 1
2404218 1
2406245 1
2417737 1
2417825 1
2420033 1
2422036 1
2424191 1
2427236 1
2429245 1
2429245 1
2439628 1
2441812 1
2444536 1
2445742 1
2449453 1
2451221 1
2465405 1
2467089 1
2467958 1
2469936 1
2478847 1
2478937 1
2484793 1
2486470 1
2488000 1
2491327 1
2493374 1
2494330 1
2497410 1
2498610 1
2509222 1
2512725 1
2513268 1
2521540 1
2522340 1
2523166 1
2524597 1
2531398 1
2532088 1
2539669 1
2543248 1
2543693 1
2551654 1
2555138 1
2559864 1
2560605 1
2562199 1
2562507 1
2568008 1
2573279 1
2573279 1
2574371 1
2574371 1
2577274 1
2581001 1
2581274 1
2585062 1
2589721 1
2591656 1
2593923 1
2599241 1
2603242 1
2604464 1
2605717 1
2606973 1
2609859 1
2610378 1
2616243 1
2616308 1
2622947 1
2623652 1
2625439 1
2625439 1
2629301 1
2636706 1
2636750 1
2636758 1
2640800 1
2641161 1
2643924 1
2645943 1
2648024 1
2648947 1
2649462 1
2652339 1
2659152 1
2660809 1
2661618 1
2661645 1
2663415 1
2663467 1
2664971 1
2666049 1
2679576 1
2680188 1
2680761 1
2683940 1
2683998 1
2685310 1
2688986 1
2689373 1
2689617 1
2694488 1
2694492 1
2694492 1
2695869 1
2700587 1
2701157 1
2702768 1
2702969 1
2708393 1
2715061 1
2715070 1
2720479 1
2722289 1
2723547 1
2725135 1
2734901 1
2738590 1
2741040 1
2742343 1
2742605 1
2749417 1
2762659 1
2764831 1
2764831 1
2773205 1
2781069 1
2782765 1
2783123 1
2783270 1
2784522 1
2787142 1
2794665 1
2795491 1
2800373 1
2804686 1
2804686 1
2806476 1
2807560 1
2808139 1
2810610 1
2810914 1
2817813 1
2817955 1
2819738 1
2820521 1
2822644 1
2822745 1
2828689 1
2833261 1
2833453 1
2834158 1
2835977 1
2848779 1
2849884 1
2850606 1
2853495 1
2855469 1
2858063 1
2859513 1
2859539 1
2867945 1
2868572 1
2870050 1
2870123 1
2871267 1
2875549 1
2882572 1
2892654 1
2896039 1
2902297 1
2903803 1
2906468 1
2916010 1
2917527 1
2925196 1
2928401 1
2929392 1
2930512 1
2931331 1
2938533 1
2939236 1
2945639 1
2951563 1
2953124 1
2957452 1
2957465 1
2961215 1
2965690 1
2966638 1
2971287 1
2973282 1
2979760 1
2988310 1
2988858 1
2990458 1
2991337 1
2992006 1
2997319 1
2997838 1
2998408 1
2998571 1
3004712 1
3007356 1
3016394 1
3022828 1
3032686 1
3033193 1
3038979 1
3039608 1
3040296 1
3040319 1
3049604 1
3051855 1
3058775 1
3060074 1
3061078 1
3068678 1
3071434 1
3078164 1
3079575 1
3079850 1
3086025 1
3094371 1
3099152 1
3100442 1
3104317 1
3106584 1
3108711 1
3108955 1
3113534 1
3114330 1
3114445 1
3118283 1
3121915 1
3121929 1
3124662 1
3134433 1
3143057 1
3144994 1
3145244 1
3153893 1
3155054 1
3166147 1
3168184 1
3170021 1
3176954 1
3187288 1
3190611 1
3194746 1
3196584 1
3197159 1
3199333 1
3199551 1
3204133 1
3204140 1
3205065 1
3207422 1
3210400 1
3211449 1
3218012 1
3218314 1
3224366 1
3224994 1
3225080 1
3226112 1
3226383 1
3234267 1
3243252 1
3246089 1
3248767 1
3254642 1
3257880 1
3267428 1
3272078 1
3272668 1
3277777 1
3284357 1
3285191 1
3286065 1
3292168 1
3294584 1
3296568 1
3297868 1
3298647 1
3298918 1
3301780 1
3305052 1
3305058 1
3305640 1
3308529 1
3312783 1
3314814 1
3325140 1
3330096 1
3330631 1
3336772 1
3342164 1
3349146 1
3353013 1
3358738 1
3364172 1
3366536 1
3373091 1
3374493 1
3376483 1
3378261 1
3382866 1
3385625 1
3395968 1
3406418 1
3413032 1
3415293 1
3415293 1
3416509 1
3421112 1
3432897 1
3433299 1
3438552 1
3443267 1
3445478 1
3447364 1
3447479 1
3452409 1
3456527 1
3456662 1
3457617 1
3459358 1
3462728 1
3463725 1
3467413 1
3469650 1
3471230 1
3475073 1
3475572 1
3476361 1
3480044 1
3488913 1
3495540 1
3496143 1
3496543 1
3502517 1
3505225 1
3508089 1
3508876 1
3511839 1
3511905 1
3512950 1
3513788 1
3516465 1
3519531 1
3525666 1
3536958 1
3538890 1
3544767 1
3544770 1
3545117 1
3553136 1
3554238 1
3554316 1
3557167 1
3561708 1
3566085 1
3576266 1
3578322 1
3580513 1
3582281 1
3590269 1
3591842 1
3591842 1
3592738 1
3595114 1
3596690 1
3599456 1
3600371 1
3604404 1
3611036 1
3612683 1
3613949 1
3615527 1
3616300 1
3620414 1
3620523 1
3622828 1
3624361 1
3624915 1
3624915 1
3640705 1
3643343 1
3644235 1
3646363 1
3646687 1
3650652 1
3652391 1
3655487 1
3656945 1
3657511 1
3658140 1
3662924 1
3669783 1
3671210 1
3671210 1
3673036 1
3682141 1
3683066 1
3684684 1
3689881 1
3693448 1
3693554 1
3694479 1
3694974 1
3701588 1
3720536 1
3722176 1
3729780 1
3735639 1
3737293 1
3743366 1
3743762 1
3743824 1
3750799 1
3757853 1
3760140 1
3761312 1
3761312 1
3761537 1
3768125 1
3769534 1
3774945 1
3776986 1
3777000 1
3777924 1
3780011 1
3780212 1
3780212 1
3788305 1
3788469 1
3791317 1
3794615 1
3796138 1
3797553 1
3810422 1
3812059 1
3814188 1
3817360 1
3818116 1
3818465 1
3823552 1
3829483 1
3831617 1
3833391 1
3835473 1
3839213 1
3845898 1
3853731 1
3854445 1
3854573 1
3857636 1
3859155 1
3859533 1
3859719 1
3862053 1
3865620 1
3870318 1
3873038 1
3873542 1
3874497 1
3874590 1
3877247 1
3882554 1
3884970 1
3885344 1
3890338 1
3892907 1
3895626 1
3898867 1
3907457 1
3916074 1
3928390 1
3931525 1
3933209 1
3940864 1
3941481 1
3942377 1
3943748 1
3944638 1
3947255 1
3952297 1
3954462 1
3955204 1
3962236 1
3962561 1
3963333 1
3969926 1
3970057 1
3972731 1
3973435 1
3984268 1
3987258 1
3988324 1
3998373 1
3998373 1
4001984 1
4002178 1
4002388 1
4002413 1
4004411 1
4004421 1
4007671 1
4015607 1
4017429 1
4020569 1
4021807 1
4024387 1
4027016 1
4027130 1
4028787 1
4029203 1
4030389 1
4039294 1
4048810 1
4050327 1
4052273 1
4058643 1
4064011 1
4066131 1
4071968 1
4072047 1
4073713 1
4075712 1
4075712 1
4076307 1
4076878 1
4082478 1
4083741 1
4098356 1
4103313 1
4104209 1
4105444 1
4107755 1
4116208 1
4125420 1
4134017 1
4144280 1
4149464 1
4150688 1
4151050 1
4157544 1
4159207 1
4162973 1
4163057 1
4163621 1
4169347 1
4170318 1
4172500 1
4177213 1
4179200 1
4180809 1
4185581 1
4186974 1
4191777 1
4193238 1
4196385 1
4197774 1
4203301 1
4206445 1
4217410 1
4218355 1
4218522 1
4218928 1
4221423 1
4222373 1
4222833 1
4228147 1
4228236 1
4234264 1
4236433 1
4240149 1
4247115 1
4253958 1
4255199 1
4255268 1
4276067 1
4279536 1
4281848 1
4288462 1
4289903 1
4298111 1
4298505 1
4300843 1
4302391 1
4306582 1
4309657 1
4325717 1
4326356 1
4330522 1
4332570 1
4337850 1
4338828 1
4340712 1
4340846 1
4344454 1
4344815 1
4361078 1
4361887 1
4362699 1
4372196 1
4372428 1
4372538 1
4373018 1
4374520 1
4375311 1
4383290 1
4388587 1
4399291 1
4405134 1
4410438 1
4414151 1
4416388 1
4419259 1
4422223 1
4427204 1
4440638 1
4441422 1
4444029 1
4444163 1
4448544 1
4449220 1
4462562 1
4478823 1
4480592 1
4481909 1
4485703 1
4491246 1
4493030 1
4505058 1
4505129 1
4505568 1
4514679 1
4515518 1
4524521 1
4524553 1
4531234 1
4532811 1
4533498 1
4537464 1
4551340 1
4559220 1
4561048 1
4569197 1
4575820 1
4578045 1
4592161 1
4593815 1
4595613 1
4596164 1
4596871 1
4598866 1
4604421 1
4607462 1
4607495 1
4607951 1
4608906 1
4609011 1
4610759 1
4615145 1
4620440 1
4628686 1
4633620 1
4639893 1
4641829 1
4646898 1
4651953 1
4654690 1
4654711 1
4656222 1
4662052 1
4670899 1
4675266 1
4676123 1
4684926 1
4687603 1
4688970 1
4689440 1
4690008 1
4694583 1
4698187 1
4699649 1
4705226 1
4710021 1
4710183 1
4711474 1
4713576 1
4713766 1
4720767 1
4723508 1
4735425 1
4740469 1
4745620 1
4751012 1
4751578 1
4761420 1
4764885 1
4766500 1
4767793 1
4771036 1
4773675 1
4781235 1
4785091 1
4785820 1
4795483 1
4798547 1
4799830 1
4800491 1
4808245 1
4811708 1
4813497 1
4815553 1
4816121 1
4817342 1
4818817 1
4820180 1
4821703 1
4824050 1
4825514 1
4825649 1
4826564 1
4853635 1
4857316 1
4858083 1
4859355 1
4860155 1
4863394 1
4870165 1
4870391 1
4877470 1
4879058 1
4879383 1
4879842 1
4880713 1
4892852 1
4896203 1
4897102 1
4903500 1
4904570 1
4908849 1
4913501 1
4914335 1
4925914 1
4926522 1
4927000 1
4929996 1
4943293 1
4945120 1
4949439 1
4956854 1
4959336 1
4960016 1
4960116 1
4960220 1
4968676 1
4979507 1
4984911 1
4987815 1
4989648 1
4990787 1
4998093 1
4998302 1
5000173 1
5002531 1
5005010 1
5006406 1
5011853 1
5013582 1
5014085 1
5021519 1
5029006 1
5030056 1
5033324 1
5040874 1
5043301 1
5045042 1
5045335 1
5046571 1
5049410 1
5050173 1
5053923 1
5055863 1
5055995 1
5057351 1
5072749 1
5073874 1
5074527 1
5075927 1
5076984 1
5079060 1
5080149 1
5082215 1
5083822 1
5085744 1
5089125 1
5101897 1
5109163 1
5113661 1
5115759 1
5118662 1
5133896 1
5138650 1
5139980 1
5139980 1
5141984 1
5143616 1
5147218 1
5147846 1
5147952 1
5152448 1
5156687 1
5156986 1
5157429 1
5158277 1
5160809 1
5169346 1
5171955 1
5189293 1
5190220 1
5192189 1
5192189 1
5194536 1
5202993 1
5205104 1
5210764 1
5211135 1
5220155 1
5220196 1
5225843 1
5237829 1
5238926 1
5240204 1
5241538 1
5242186 1
5244703 1
5255660 1
5257802 1
5257802 1
5258105 1
5259446 1
5262195 1
5262887 1
5268022 1
5274600 1
5276110 1
5277899 1
5278040 1
5280852 1
5280867 1
5286354 1
5287461 1
5291190 1
5293481 1
5300848 1
5300848 1
5315209 1
5315209 1
5316466 1
5316694 1
5317859 1
5317944 1
5318967 1
5323035 1
5330751 1
5333464 1
5339665 1
5340829 1
5341007 1
5344884 1
5345340 1
5345574 1
5346219 1
5349587 1
5350886 1
5360900 1
5361776 1
5364972 1
5369693 1
5373316 1
5378303 1
5378319 1
5379728 1
5380121 1
5394388 1
5406304 1
5417790 1
5421794 1
5425604 1
5426317 1
5430738 1
5432907 1
5433429 1
5441391 1
5454171 1
5455834 1
5456719 1
5461342 1
5463363 1
5467448 1
5467907 1
5471551 1
5482054 1
5485282 1
5494931 1
5494963 1
5501975 1
5504922 1
5518656 1
5520141 1
5521372 1
5525669 1
5526431 1
5527289 1
5530098 1
5530566 1
5536460 1
5538040 1
5539226 1
5543358 1
5543822 1
5544437 1
5547127 1
5558710 1
5565482 1
5572515 1
5576441 1
5593425 1
5602838 1
5602921 1
5605375 1
5608337 1
5611042 1
5615016 1
5616367 1
5616367 1
5618016 1
5619931 1
5626841 1
5630081 1
5647818 1
5651537 1
5652408 1
5660627 1
5661114 1
5666140 1
5669257 1
5672487 1
5675070 1
5677747 1
5679662 1
5681278 1
5681590 1
5681591 1
5683616 1
5683616 1
5683861 1
5690104 1
5692114 1
5693279 1
5697984 1
5700249 1
5700520 1
5702830 1
5708698 1
5710775 1
5711656 1
5715307 1
5717286 1
5719360 1
5719906 1
5722364 1
5730732 1
5735087 1
5737900 1
5740682 1
5740837 1
5745629 1
5746588 1
5755988 1
5756010 1
5759401 1
5764027 1
5767100 1
5767168 1
5769570 1
5775022 1
5776182 1
5776845 1
5778938 1
5780788 1
5782777 1
5789822 1
5790619 1
5793895 1
5806851 1
5809152 1
5811080 1
5819631 1
5833421 1
5838149 1
5840687 1
5844301 1
5851030 1
5853262 1
5863174 1
5873213 1
5873835 1
5873835 1
5876277 1
5876800 1
5878126 1
5879301 1
5880908 1
5880908 1
5882908 1
5886121 1
5890639 1
5893802 1
5894537 1
5895361 1
5897053 1
5899207 1
5899922 1
5904447 1
5909576 1
5911219 1
5912508 1
5917427 1
5917657 1
5918642 1
5921204 1
5921204 1
5923612 1
5931113 1
5932899 1
5940354 1
5949007 1
5949962 1
5952615 1
5952786 1
5953823 1
5954451 1
5957360 1
5960874 1
5962650 1
5963823 1
5964423 1
5965062 1
5968562 1
5972428 1
5972949 1
5973411 1
5975092 1
5977178 1
5978668 1
5983155 1
5984738 1
5999030 1
6003175 1
6005806 1
6006122 1
6006815 1
6006875 1
6008884 1
6010847 1
6014060 1
6014274 1
6022843 1
6026389 1
6028245 1
6029461 1
6033478 1
6034670 1
6035436 1
6038029 1
6038044 1
6038416 1
6039775 1
6040275 1
6045858 1
6050851 1
6051598 1
6052599 1
6052652 1
6054603 1
6055642 1
6060097 1
6060374 1
6066217 1
6067813 1
6072998 1
6073017 1
6073395 1
6073512 1
6082572 1
6082843 1
6084800 1
6087550 1
6088924 1
6091036 1
6096142 1
6097762 1
6097915 1
6098661 1
6105661 1
6112043 1
6116900 1
6120278 1
6122921 1
6124872 1
6126989 1
6129384 1
6134756 1
6143189 1
6143317 1
6151479 1
6151850 1
6152120 1
6153685 1
6155042 1
6161987 1
6163427 1
6172668 1
6175932 1
6175932 1
6182258 1
6182590 1
6183631 1
6185375 1
6185498 1
6186918 1
6187112 1
6187112 1
6187447 1
6187828 1
6188098 1
6191192 1
6194189 1
6195770 1
6196934 1
6198945 1
6199158 1
6201706 1
6201706 1
6202171 1
6206005 1
6225134 1
6225134 1
6225628 1
6226557 1
6227307 1
6228031 1
6231079 1
6236390 1
6236390 1
6237213 1
6243880 1
6254183 1
6258566 1
6260766 1
6261453 1
6269924 1
6279428 1
6279540 1
6282115 1
6285334 1
6294328 1
6294850 1
6306547 1
6314985 1
6317378 1
6321577 1
6326813 1
6331995 1
6331995 1
6335602 1
6338779 1
6339225 1
6341886 1
6342712 1
6343474 1
6345628 1
6346462 1
6349225 1
6353756 1
6354318 1
6355254 1
6359426 1
6367819 1
6370620 1
6372037 1
6374904 1
6377691 1
6380178 1
6381826 1
6387759 1
6388060 1
6388099 1
6395686 1
6402517 1
6402848 1
6404097 1
6404543 1
6405721 1
6414507 1
6418024 1
6419881 1
6420350 1
6420681 1
6421336 1
6421771 1
6425561 1
6425811 1
6425830 1
6426123 1
6428848 1
6430020 1
6431624 1
6442535 1
6444095 1
6455441 1
6456362 1
6458162 1
6458535 1
6475738 1
6498626 1
6505328 1
6506586 1
6507339 1
6517537 1
6532875 1
6533528 1
6535365 1
6535580 1
6535812 1
6537678 1
6537927 1
6539925 1
6548516 1
6549952 1
6563469 1
6573456 1
6574388 1
6578406 1
6585237 1
6591628 1
6598257 1
6600176 1
6600914 1
6602158 1
6604285 1
6605884 1
6607291 1
6611337 1
6611337 1
6615720 1
6617846 1
6619877 1
6620291 1
6620619 1
6621999 1
6622402 1
6622402 1
6632427 1
6639377 1
6640177 1
6644485 1
6644703 1
6645344 1
6646363 1
6649525 1
6653941 1
6657264 1
6657264 1
6674351 1
6677305 1
6677632 1
6680753 1
6684089 1
6684153 1
6686482 1
6686838 1
6688198 1
6692854 1
6694029 1
6704443 1
6704720 1
6705256 1
6710649 1
6716107 1
6716107 1
6720033 1
6721031 1
6722231 1
6725329 1
6727197 1
6735396 1
6735888 1
6737493 1
6737729 1
6738833 1
6740432 1
6741053 1
6742187 1
6750162 1
6753245 1
6753245 1
6756421 1
6756502 1
6761673 1
6763618 1
6765280 1
6769326 1
6769497 1
6770220 1
6774735 1
6780463 1
6781518 1
6782561 1
6784907 1
6793786 1
6800352 1
6800438 1
6802222 1
6804211 1
6806358 1
6806398 1
6808336 1
6809190 1
6810917 1
6810917 1
6811887 1
6821067 1
6822290 1
6832285 1
6833020 1
6833569 1
6837961 1
6842712 1
6844297 1
6845661 1
6854806 1
6860494 1
6861068 1
6862891 1
6862891 1
6866730 1
6866808 1
6871841 1
6872186 1
6874122 1
6878215 1
6894818 1
6896333 1
6896415 1
6898679 1
6907963 1
6908943 1
6909708 1
6912615 1
6916956 1
6918354 1
6920621 1
6928098 1
6929446 1
6929999 1
6931355 1
6932522 1
6934935 1
6934935 1
6937034 1
6937711 1
6939488 1
6939804 1
6940185 1
6940330 1
6942172 1
6944225 1
6947627 1
6947704 1
6950764 1
6951179 1
6952129 1
6954544 1
6954906 1
6955053 1
6958421 1
6960614 1
6961069 1
6961669 1
6962631 1
6967585 1
6970633 1
6976775 1
6976805 1
6979633 1
6980463 1
6981686 1
6986521 1
6991485 1
6992175 1
6994455 1
6994496 1
6995544 1
6997786 1
6999769 1
7000995 1
7005043 1
7006479 1
7009842 1
7013590 1
7017759 1
7019155 1
7019347 1
7019685 1
7035395 1
7038552 1
7047265 1
7048529 1
7048826 1
7056165 1
7066048 1
7067075 1
7085533 1
7086881 1
7086972 1
7100948 1
7110143 1
7113161 1
7114554 1
7116672 1
7117246 1
7117826 1
7132735 1
7137676 1
7140330 1
7145551 1
7159481 1
7160385 1
7160653 1
7165247 1
7165360 1
7168675 1
7170096 1
7170399 1
7170682 1
7170872 1
7171257 1
7175473 1
7180410 1
7185574 1
7185605 1
7192953 1
7197015 1
7199406 1
7206290 1
7210829 1
7216244 1
7216244 1
7219458 1
7222105 1
7224531 1
7228212 1
7232322 1
7235694 1
7239738 1
7242608 1
7242608 1
7246456 1
7248417 1
7250920 1
7251755 1
7254450 1
7254659 1
7256419 1
7257501 1
7258933 1
7259157 1
7260564 1
7260723 1
7264695 1
7265163 1
7268517 1
7269163 1
7273459 1
7277954 1
7279073 1
7282418 1
7282566 1
7283870 1
7288135 1
7289510 1
7290492 1
7290710 1
7295581 1
7302957 1
7303223 1
7303725 1
7304170 1
7304295 1
7304951 1
7305913 1
7307372 1
7312079 1
7313474 1
7320563 1
7320563 1
7322760 1
7322760 1
7324709 1
7324790 1
7325730 1
7327802 1
7328282 1
7329425 1
7333016 1
7336590 1
7338572 1
7345719 1
7346847 1
7347519 1
7348909 1
7348983 1
7349571 1
7350261 1
7351097 1
7353419 1
7353419 1
7362133 1
7362216 1
7367247 1
7374462 1
7375944 1
7377822 1
7381483 1
7381528 1
7383508 1
7385008 1
7386880 1
7389287 1
7391288 1
7391316 1
7400723 1
7404573 1
7411665 1
7413074 1
7417373 1
7417387 1
7419920 1
7425410 1
7428181 1
7428472 1
7429179 1
7429788 1
7435865 1
7439892 1
7444763 1
7445434 1
7445492 1
7456462 1
7459917 1
7462263 1
7462665 1
7467135 1
7468490 1
7479597 1
7481110 1
7484553 1
7491808 1
7494652 1
7495293 1
7495523 1
7498373 1
7502179 1
7506023 1
7510543 1
7513538 1
7517037 1
7517813 1
7518975 1
7524743 1
7533411 1
7546183 1
7547079 1
7552259 1
7558012 1
7558101 1
7559218 1
7561493 1
7561963 1
7569570 1
7569810 1
7572386 1
7576552 1
7578556 1
7584714 1
7585875 1
7586108 1
7593708 1
7593905 1
7599006 1
7601077 1
7604342 1
7606132 1
7608367 1
7611834 1
7613786 1
7613938 1
7614339 1
7615048 1
7631602 1
7634788 1
7639474 1
7641599 1
7645270 1
7649424 1
7653935 1
7657578 1
7658846 1
7658846 1
7661517 1
7663340 1
7664199 1
7668990 1
7669495 1
7677048 1
7693202 1
7694147 1
7694559 1
7703174 1
7705630 1
7708309 1
7712084 1
7712830 1
7714432 1
7720469 1
7724456 1
7727225 1
7730331 1
7730933 1
7733451 1
7733564 1
7733707 1
7735690 1
7741713 1
7752990 1
7758703 1
7772340 1
7772639 1
7773000 1
7773429 1
7773495 1
7777498 1
7782397 1
7782397 1
7785701 1
7789772 1
7790765 1
7801745 1
7816509 1
7816928 1
7822871 1
7828405 1
7830720 1
7831009 1
7831341 1
7831361 1
7835340 1
7835909 1
7839789 1
7840526 1
7841434 1
7842048 1
7844349 1
7844349 1
7848504 1
7850060 1
7850140 1
7850778 1
7859356 1
7863125 1
7866841 1
7868376 1
7868416 1
7869855 1
7870405 1
7871584 1
7878978 1
7881240 1
7888370 1
7888567 1
7889932 1
7895338 1
7898890 1
7899135 1
7899802 1
7904164 1
7909441 1
7918195 1
7922508 1
7923925 1
7924809 1
7925050 1
7925050 1
7929238 1
7933147 1
7933170 1
7936688 1
7941893 1
7951533 1
7953211 1
7953501 1
7957445 1
7958324 1
7962308 1
7963718 1
7969164 1
7972716 1
7976351 1
7985547 1
7988464 1
7994727 1
8003130 1
8003923 1
8005724 1
8006686 1
8007861 1
8010895 1
8014342 1
8015903 1
8022468 1
8023032 1
8023753 1
8028051 1
8030208 1
8032811 1
8034072 1
8034552 1
8038206 1
8038547 1
8042694 1
8044049 1
8045773 1
8048644 1
8056200 1
8057071 1
8066490 1
8067974 1
8069565 1
8069645 1
8074269 1
8075845 1
8077213 1
8078027 1
8083012 1
8083683 1
8086434 1
8087604 1
8088958 1
8091511 1
8094136 1
8094137 1
8098669 1
8103345 1
8104695 1
8104733 1
8105782 1
8108599 1
8115660 1
8116423 1
8118914 1
8120450 1
8122661 1
8123470 1
8129394 1
8133049 1
8134295 1
8134953 1
8139473 1
8141539 1
8142299 1
8149365 1
8151123 1
8151231 1
8151785 1
8155684 1
8164487 1
8171444 1
8172325 1
8172857 1
8173391 1
8173604 1
8187357 1
8191226 1
8194304 1
8196230 1
8202497 1
8215805 1
8217427 1
8217478 1
8220112 1
8221268 1
8222270 1
8223345 1
8223939 1
8232271 1
8241168 1
8245112 1
8246321 1
8246472 1
8250606 1
8252700 1
8256354 1
8269725 1
8276919 1
8277313 1
8279674 1
8286937 1
8288687 1
8293312 1
8294025 1
8294552 1
8294622 1
8296875 1
8297528 1
8306260 1
19 1
79570 1
90419 1
99167 1
102262 1
128619 1
132420 1
132790 1
135393 1
137205 1
144957 1
150084 1
158267 1
168616 1
181750 1
183810 1
192016 1
198567 1
200648 1
202514 1
217263 1
218591 1
222042 1
228820 1
229453 1
231199 1
231594 1
240341 1
249736 1
276620 1
285987 1
292304 1
316243 1
319479 1
319715 1
319715 1
335142 1
352674 1
359436 1
370816 1
377398 1
384886 1
415631 1
442392 1
470245 1
480862 1
482601 1
492862 1
510272 1
526724 1
536467 1
563432 1
564172 1
571527 1
582227 1
601199 1
622569 1
634204 1
647845 1
660484 1
666216 1
666390 1
699429 1
701691 1
717543 1
718909 1
722872 1
724422 1
731123 1
734278 1
744562 1
751476 1
764720 1
779110 1
788970 1
797086 1
821723 1
840387 1
852481 1
865267 1
870256 1
878881 1
880635 1
893287 1
915664 1
917195 1
917195 1
922971 1
923240 1
930478 1
940938 1
940938 1
942086 1
949934 1
972008 1
976182 1
984343 1
984952 1
987044 1
995865 1
995865 1
1005575 1
1029876 1
1035641 1
1037336 1
1039495 1
1042739 1
1051915 1
1062218 1
1063442 1
1073373 1
1073548 1
1078028 1
1083311 1
1099477 1
1108007 1
1109454 1
1113839 1
1143886 1
1149656 1
1161472 1
1172942 1
1178552 1
1184553 1
1191471 1
1193382 1
1208067 1
1233760 1
1236515 1
1254369 1
1255842 1
1278073 1
1281986 1
1298533 1
1298656 1
1299138 1
1299138 1
1322054 1
1331483 1
1332656 1
1333634 1
1339688 1
1341435 1
1358859 1
1362123 1
1369731 1
1375090 1
1399236 1
1403408 1
1406752 1
1419281 1
1421673 1
1423370 1
1439010 1
1445928 1
1446047 1
1446794 1
1452564 1
1454032 1
1473372 1
1481729 1
1488324 1
1488564 1
1491078 1
1496348 1
1497199 1
1504018 1
1505340 1
1524856 1
1527160 1
1537176 1
1539186 1
1547753 1
1560489 1
1575791 1
1582271 1
1591244 1
1591525 1
1595277 1
1609636 1
1609636 1
1609636 1
1609636 1
1612988 1
1614990 1
1639467 1
1672547 1
1675538 1
1678981 1
1689068 1
1692005 1
1700656 1
1703096 1
1704007 1
1706992 1
1714719 1
1735895 1
1748036 1
1757307 1
1770843 1
1772627 1
1786140 1
1790841 1
1805161 1
1808270 1
1862566 1
1864647 1
1876442 1
1876784 1
1882658 1
1882814 1
1898417 1
1903230 1
1907748 1
1928275 1
1938422 1
1952218 1
1962499 1
1982474 1
1996849 1
1997214 1
2001836 1
2024272 1
2036036 1
2044720 1
2062890 1
2074579 1
2078089 1
2078089 1
2114200 1
2119203 1
2130629 1
2134237 1
2134237 1
2137784 1
2150038 1
2154082 1
2163307 1
2169816 1
2171829 1
2187279 1
2192611 1
2198058 1
2200463 1
2208722 1
2215523 1
2220623 1
2252594 1
2258482 1
2264430 1
2268014 1
2275057 1
2276139 1
2281823 1
2296495 1
2297698 1
2298362 1
2299108 1
2299108 1
2302502 1
2310612 1
2321884 1
2327429 1
2337996 1
2347923 1
2350475 1
2354569 1
2358320 1
2359418 1
2361357 1
2361759 1
2368961 1
2382081 1
2406183 1
2408283 1
2410006 1
2412159 1
2415247 1
2415709 1
2431606 1
2437779 1
2439701 1
2443080 1
2453155 1
2465361 1
2472486 1
2476694 1
2482368 1
2503250 1
2505257 1
2515420 1
2515709 1
2515759 1
2519219 1
2519219 1
2527118 1
2542919 1
2565465 1
2568972 1
2576683 1
2585421 1
2585541 1
2587641 1
2595795 1
2610530 1
2611217 1
2617056 1
2648384 1
2648789 1
2653905 1
2667765 1
2669803 1
2672342 1
2723679 1
2728154 1
2729232 1
2735535 1
2753024 1
2756343 1
2763667 1
2773672 1
2774362 1
2789762 1
2807991 1
2819385 1
2821857 1
2832322 1
2836024 1
2836599 1
2838442 1
2851741 1
2852532 1
2859237 1
2869951 1
2877433 1
2907771 1
2930531 1
2931638 1
2931883 1
2933076 1
2949990 1
2952542 1
2964383 1
2965929 1
2982290 1
2984074 1
3005581 1
3010271 1
3019272 1
3026527 1
3032360 1
3037627 1
3047522 1
3052333 1
3052672 1
3053396 1
3070006 1
3095116 1
3099051 1
3099528 1
3103029 1
3127721 1
3144658 1
3144658 1
3144658 1
3144658 1
3144658 1
3144658 1
3144658 1
3144658 1
3144658 1
3144658 1
3144658 1
3144658 1
3144658 1
3144658 1
3149950 1
3149950 1
3155130 1
3163767 1
3163891 1
3186970 1
3192606 1
3194266 1
3196699 1
3197711 1
3197711 1
3208485 1
3211201 1
3227220 1
3235429 1
3236508 1
3244056 1
3249331 1
3257808 1
3280641 1
3280641 1
3282554 1
3285391 1
3308408 1
3308694 1
3316558 1
3319875 1
3320161 1
3325324 1
3328944 1
3333870 1
3346168 1
3359903 1
3378658 1
3389017 1
3410762 1
3415477 1
3419977 1
3424597 1
3434785 1
3448109 1
3453297 1
3468336 1
3471257 1
3478716 1
3485590 1
3485590 1
3516300 1
3521181 1
3521361 1
3524322 1
3530478 1
3561562 1
3571961 1
3574838 1
3590168 1
3600049 1
3600049 1
3613303 1
3615088 1
3615666 1
3636494 1
3660026 1
3665721 1
3667598 1
3667914 1
3673006 1
3687444 1
3695019 1
3696351 1
3700704 1
3712320 1
3726527 1
3734725 1
3737338 1
3748911 1
3774787 1
3800835 1
3807549 1
3807549 1
3810495 1
3821689 1
3834159 1
3834348 1
3835852 1
3835852 1
3839992 1
3848725 1
3870413 1
3900393 1
3912828 1
3929480 1
3937103 1
3962501 1
3976760 1
3982882 1
3995696 1
3998265 1
4000218 1
4004511 1
4012666 1
4015995 1
4019174 1
4024676 1
4024760 1
4028238 1
4029393 1
4029395 1
4046872 1
4058771 1
4066366 1
4073459 1
4093788 1
4097874 1
4110058 1
4114514 1
4117518 1
4138296 1
4152338 1
4161264 1
4184736 1
4195489 1
4198413 1
4202898 1
4209658 1
4213942 1
4218181 1
4224870 1
4226042 1
4229844 1
4236876 1
4236878 1
4237406 1
4238061 1
4250039 1
4257150 1
4259047 1
4266300 1
4266672 1
4272354 1
4284231 1
4297985 1
4297985 1
4304168 1
4308365 1
4314245 1
4333699 1
4335346 1
4348742 1
4350971 1
4354704 1
4368668 1
4372244 1
4381447 1
4382033 1
4400938 1
4401771 1
4402482 1
4407353 1
4411638 1
4416554 1
4417804 1
4429444 1
4430749 1
4444329 1
4448759 1
4449188 1
4459698 1
4468699 1
4487402 1
4497915 1
4497915 1
4512445 1
4539532 1
4539980 1
4541730 1
4557460 1
4563363 1
4579443 1
4579443 1
4611854 1
4621129 1
4621225 1
4632301 1
4667856 1
4669526 1
4677021 1
4688946 1
4706906 1
4738374 1
4741178 1
4760967 1
4765703 1
4767027 1
4767027 1
4773206 1
4810193 1
4826728 1
4837613 1
4840083 1
4859724 1
4861899 1
4869326 1
4881673 1
4889280 1
4889280 1
4911263 1
4924862 1
4951796 1
4952379 1
4987125 1
4999416 1
4999416 1
5001900 1
5020447 1
5028369 1
5030603 1
5041185 1
5056513 1
5066146 1
5083871 1
5113850 1
5142466 1
5142466 1
5162541 1
5163780 1
5163785 1
5164132 1
5164132 1
5170949 1
5182106 1
5191112 1
5219619 1
5221498 1
5229643 1
5233536 1
5241992 1
5257606 1
5275528 1
5280710 1
5294708 1
5294708 1
5295830 1
5303921 1
5310934 1
5323776 1
5348884 1
5350222 1
5361022 1
5366692 1
5367382 1
5376145 1
5415792 1
5428811 1
5432575 1
5453193 1
5463874 1
5508138 1
5524517 1
5527561 1
5547406 1
5552150 1
5559265 1
5607777 1
5626577 1
5637843 1
5648317 1
5662895 1
5666253 1
5676783 1
5686068 1
5686783 1
5686963 1
5694280 1
5704618 1
5719146 1
5720236 1
5724574 1
5748567 1
5757325 1
5762200 1
5821912 1
5847892 1
5856979 1
5862079 1
5869039 1
5872476 1
5876678 1
5887740 1
5892426 1
5893835 1
5895090 1
5902268 1
5904045 1
5907722 1
5920918 1
5933347 1
5933688 1
5948401 1
5955768 1
5971797 1
5981906 1
5981906 1
6004348 1
6005352 1
6008515 1
6015520 1
6031670 1
6041129 1
6045834 1
6052604 1
6052984 1
6065102 1
6085372 1
6086500 1
6099999 1
6100041 1
6101078 1
6106075 1
6108780 1
6111806 1
6121633 1
6137900 1
6138664 1
6139503 1
6144320 1
6148301 1
6152987 1
6167474 1
6184368 1
6224757 1
6224846 1
6228308 1
6252916 1
6257031 1
6276242 1
6299871 1
6308015 1
6323954 1
6327061 1
6346533 1
6357329 1
6370832 1
6384630 1
6387540 1
6395985 1
6401975 1
6403737 1
6403833 1
6410001 1
6428667 1
6434241 1
6438350 1
6454505 1
6476027 1
6482823 1
6494856 1
6497836 1
6521315 1
6524595 1
6527906 1
6529819 1
6563486 1
6563487 1
6590038 1
6597701 1
6598585 1
6619639 1
6623100 1
6646128 1
6647765 1
6677603 1
6679484 1
6684649 1
6705969 1
6706807 1
6716834 1
6729321 1
6757839 1
6768704 1
6770490 1
6774289 1
6776861 1
6777244 1
6778272 1
6784132 1
6791666 1
6796856 1
6801751 1
6810057 1
6811639 1
6829693 1
6849533 1
6850147 1
6866301 1
6872727 1
6879137 1
6891583 1
6894112 1
6901626 1
6908873 1
6919163 1
6922925 1
6929377 1
6929465 1
6932883 1
6934992 1
6937176 1
6940213 1
6943434 1
6961424 1
6962362 1
6965526 1
6971506 1
6972189 1
6972189 1
6974749 1
6981055 1
6991429 1
6994190 1
6995004 1
6995347 1
6998621 1
7004221 1
7004221 1
7007561 1
7019828 1
7028622 1
7040984 1
7046636 1
7051880 1
7052057 1
7056079 1
7056200 1
7059799 1
7060746 1
7065482 1
7072504 1
7100133 1
7109685 1
7109898 1
7114260 1
7116379 1
7126640 1
7134109 1
7136228 1
7137647 1
7145805 1
7153740 1
7156423 1
7164010 1
7207766 1
7226939 1
7230428 1
7230787 1
7234751 1
7239247 1
7239681 1
7248165 1
7253772 1
7278197 1
7284904 1
7303711 1
7311883 1
7328358 1
7341949 1
7349133 1
7352410 1
7353722 1
7356957 1
7365009 1
7365229 1
7372248 1
7373661 1
7374483 1
7382815 1
7396642 1
7423392 1
7429829 1
7451915 1
7454790 1
7460057 1
7464330 1
7506637 1
7520655 1
7527997 1
7575912 1
7585370 1
7587787 1
7587822 1
7595022 1
7597424 1
7599553 1
7614337 1
7614430 1
7627327 1
7632195 1
7642447 1
7648916 1
7655207 1
7667843 1
7669569 1
7673295 1
7676064 1
7681875 1
7683138 1
7708013 1
7709643 1
7715840 1
7727508 1
7731322 1
7733384 1
7736888 1
7751841 1
7761493 1
7770330 1
7772457 1
7776635 1
7792126 1
7792157 1
7800988 1
7820394 1
7824189 1
7831990 1
7840321 1
7849209 1
7854496 1
7855713 1
7857492 1
7869590 1
7888727 1
7894312 1
7895146 1
7898684 1
7900491 1
7901236 1
7905741 1
7938968 1
7940002 1
7941075 1
7947017 1
7959940 1
7993707 1
8012012 1
8023469 1
8033355 1
8036058 1
8040951 1
8042895 1
8044680 1
8045968 1
8046570 1
8047040 1
8069219 1
8089182 1
8092087 1
8092811 1
8100737 1
8125200 1
8126910 1
8141118 1
8147072 1
8150759 1
8152223 1
8163329 1
8208056 1
8211149 1
8214225 1
8217561 1
8224109 1
8228343 1
8256631 1
8268610 1
8298615 1
8306881 1
