3613 1
9742 1
16623 1
26171 1
30511 1
32799 1
32799 1
36627 1
38876 1
49339 1
60963 1
75106 1
77262 1
77839 1
78475 1
81629 1
84178 1
86400 1
89853 1
97669 1
99351 1
99542 1
99764 1
100800 1
101600 1
103897 1
108060 1
108322 1
110827 1
112346 1
113138 1
113379 1
115735 1
118449 1
119590 1
123330 1
123473 1
126978 1
128475 1
130829 1
133553 1
137147 1
137343 1
138083 1
139840 1
141385 1
142642 1
144863 1
149761 1
150991 1
151061 1
151121 1
153237 1
156890 1
161737 1
164436 1
165003 1
165006 1
166266 1
166654 1
167076 1
167271 1
168957 1
169327 1
169623 1
169623 1
171249 1
178194 1
178737 1
179175 1
183496 1
185664 1
186590 1
187313 1
191753 1
191926 1
195612 1
196134 1
199200 1
199572 1
202345 1
203863 1
204545 1
205291 1
205754 1
209073 1
209073 1
209743 1
209822 1
210064 1
213280 1
215200 1
220478 1
222070 1
222079 1
223430 1
223571 1
225049 1
225214 1
226473 1
228375 1
230841 1
231809 1
237233 1
245036 1
247332 1
249980 1
250951 1
250999 1
266850 1
269871 1
270216 1
272659 1
275156 1
275316 1
277601 1
278750 1
278750 1
285666 1
319576 1
321436 1
325667 1
326081 1
326810 1
327863 1
330708 1
339721 1
356528 1
363620 1
367468 1
373840 1
378866 1
426310 1
429482 1
431956 1
432034 1
434021 1
439489 1
441188 1
442135 1
442135 1
442440 1
443661 1
443661 1
444332 1
446235 1
446758 1
449589 1
449589 1
452079 1
460174 1
462427 1
463927 1
463941 1
465057 1
467269 1
485683 1
490508 1
494314 1
497749 1
499665 1
501596 1
504597 1
506680 1
508288 1
511223 1
511475 1
512429 1
515260 1
515371 1
522058 1
531298 1
531699 1
549359 1
555367 1
555609 1
557257 1
560913 1
571875 1
572015 1
579250 1
585079 1
589392 1
598683 1
600730 1
602452 1
606994 1
613793 1
615264 1
616075 1
621578 1
622069 1
628458 1
646336 1
649294 1
649320 1
654986 1
659720 1
668975 1
669741 1
678275 1
697933 1
713252 1
720609 1
724377 1
725318 1
733203 1
734291 1
737517 1
738042 1
738092 1
738092 1
741183 1
747104 1
750553 1
756073 1
761057 1
765117 1
768166 1
772039 1
776525 1
792263 1
793806 1
796430 1
799355 1
805463 1
816433 1
817298 1
819755 1
824598 1
825229 1
825229 1
826581 1
826601 1
830462 1
831775 1
839644 1
840804 1
845910 1
848242 1
874542 1
883720 1
902209 1
906811 1
909859 1
910533 1
910571 1
912784 1
912960 1
919669 1
921599 1
922215 1
924681 1
928417 1
931576 1
937081 1
939263 1
941290 1
941290 1
942962 1
952542 1
957532 1
959493 1
961389 1
962331 1
963818 1
968113 1
968113 1
969531 1
980402 1
982252 1
982362 1
983442 1
1007296 1
1029508 1
1030201 1
1030372 1
1030877 1
1032003 1
1038314 1
1038904 1
1039192 1
1042216 1
1043886 1
1046289 1
1046707 1
1051193 1
1052608 1
1057254 1
1058347 1
1062784 1
1063529 1
1063974 1
1064224 1
1065574 1
1068149 1
1068254 1
1070757 1
1071896 1
1071994 1
1083478 1
1087257 1
1088080 1
1095235 1
1098921 1
1099697 1
1099697 1
1100192 1
1100743 1
1101082 1
1101604 1
1103898 1
1104446 1
1107734 1
1107911 1
1109465 1
1118045 1
1124751 1
1126524 1
1127928 1
1128059 1
1133560 1
1140415 1
1140828 1
1147808 1
1151350 1
1156850 1
1162471 1
1165109 1
1178948 1
1180030 1
1185776 1
1189333 1
1193841 1
1200358 1
1201018 1
1206501 1
1207536 1
1207536 1
1209493 1
1209933 1
1210666 1
1217419 1
1218272 1
1218673 1
1225745 1
1225833 1
1228082 1
1228807 1
1228872 1
1228877 1
1230142 1
1230142 1
1240221 1
1242982 1
1244550 1
1245607 1
1245737 1
1245737 1
1255155 1
1258119 1
1266567 1
1266570 1
1273123 1
1273460 1
1274344 1
1275600 1
1276570 1
1280129 1
1292175 1
1292840 1
1294986 1
1298802 1
1298883 1
1307695 1
1323316 1
1326343 1
1337321 1
1337326 1
1338686 1
1343766 1
1344143 1
1346837 1
1348232 1
1348651 1
1352288 1
1356220 1
1364368 1
1367489 1
1367944 1
1373362 1
1377569 1
1388500 1
1389822 1
1389838 1
1396949 1
1398455 1
1400171 1
1401350 1
1401422 1
1405527 1
1409485 1
1411153 1
1421010 1
1434139 1
1440396 1
1440484 1
1442868 1
1442868 1
1449503 1
1453431 1
1459820 1
1463329 1
1464652 1
1466229 1
1479687 1
1480451 1
1482660 1
1482660 1
1488827 1
1496629 1
1497462 1
1497535 1
1497639 1
1500450 1
1502244 1
1506509 1
1507438 1
1513805 1
1527620 1
1529596 1
1530633 1
1531940 1
1536922 1
1561185 1
1561466 1
1561940 1
1562436 1
1563174 1
1570451 1
1570604 1
1575881 1
1582994 1
1585824 1
1587182 1
1590774 1
1593058 1
1593544 1
1595100 1
1598124 1
1598287 1
1599007 1
1599562 1
1603657 1
1606726 1
1606737 1
1606852 1
1609446 1
1611376 1
1620704 1
1622148 1
1622409 1
1624093 1
1626637 1
1630760 1
1633703 1
1638073 1
1640304 1
1641180 1
1641449 1
1641834 1
1643254 1
1643734 1
1652343 1
1652662 1
1654571 1
1657054 1
1658336 1
1663748 1
1664765 1
1669383 1
1672790 1
1673883 1
1675105 1
1675855 1
1681110 1
1695317 1
1697143 1
1700465 1
1702819 1
1703085 1
1713492 1
1718511 1
1731707 1
1732408 1
1737351 1
1738698 1
1738993 1
1741130 1
1741494 1
1744394 1
1748083 1
1748772 1
1761983 1
1770069 1
1771597 1
1771597 1
1782178 1
1785116 1
1793858 1
1798955 1
1815488 1
1817210 1
1820743 1
1825111 1
1825197 1
1829405 1
1831493 1
1832747 1
1832861 1
1833216 1
1841231 1
1843866 1
1845372 1
1852909 1
1855145 1
1855524 1
1857054 1
1868297 1
1868919 1
1872270 1
1875656 1
1883611 1
1883704 1
1886814 1
1888172 1
1890442 1
1890452 1
1891660 1
1895949 1
1897874 1
1907040 1
1907330 1
1907387 1
1907396 1
1914817 1
1919451 1
1919898 1
1927331 1
1935963 1
1940267 1
1940861 1
1941845 1
1944933 1
1947230 1
1953852 1
1955294 1
1962970 1
1965445 1
1974150 1
1978757 1
1986568 1
1992603 1
1992989 1
1994873 1
1996681 1
1999108 1
1999536 1
2000120 1
2000120 1
2004845 1
2006990 1
2019058 1
2019193 1
2020561 1
2024538 1
2025359 1
2028067 1
2031611 1
2037037 1
2042718 1
2066416 1
2069101 1
2070833 1
2073511 1
2080679 1
2084205 1
2087296 1
2093350 1
2093935 1
2102385 1
2102727 1
2103945 1
2107832 1
2108842 1
2109638 1
2112589 1
2119571 1
2120339 1
2127706 1
2129175 1
2130598 1
2132651 1
2132795 1
2137111 1
2137603 1
2143187 1
2147566 1
2156714 1
2158384 1
2164905 1
2173726 1
2189192 1
2191432 1
2196402 1
2196535 1
2205072 1
2207012 1
2211395 1
2213353 1
2220238 1
2229937 1
2231187 1
2234483 1
2235778 1
2237823 1
2237823 1
2239060 1
2251491 1
2262777 1
2276840 1
2283988 1
2285554 1
2285979 1
2287699 1
2290688 1
2291214 1
2291541 1
2292079 1
2294788 1
2295318 1
2296278 1
2297078 1
2297419 1
2301884 1
2303143 1
2304756 1
2304756 1
2306435 1
2313922 1
2320892 1
2336009 1
2336009 1
2336009 1
2342031 1
2357702 1
2360793 1
2367899 1
2377629 1
2382603 1
2387272 1
2388317 1
2391923 1
2394312 1
2406713 1
2407054 1
2408398 1
2410129 1
2411241 1
2412332 1
2418175 1
2419280 1
2420018 1
2421460 1
2423835 1
2428810 1
2428818 1
2430786 1
2431815 1
2433341 1
2435375 1
2436795 1
2438135 1
2441853 1
2442344 1
2443492 1
2446958 1
2448782 1
2471770 1
2472924 1
2473060 1
2473733 1
2478165 1
2482903 1
2489435 1
2495713 1
2496192 1
2506429 1
2510451 1
2514644 1
2517699 1
2523456 1
2529011 1
2530772 1
2530773 1
2534647 1
2536658 1
2536911 1
2537580 1
2540534 1
2544233 1
2548503 1
2550764 1
2555626 1
2563341 1
2563953 1
2577132 1
2579095 1
2582976 1
2583963 1
2585850 1
2585850 1
2589327 1
2591684 1
2591701 1
2593481 1
2594271 1
2597679 1
2599107 1
2599107 1
2602932 1
2603309 1
2606062 1
2608467 1
2609532 1
2614472 1
2617132 1
2618436 1
2636647 1
2637293 1
2638869 1
2640317 1
2641818 1
2642028 1
2644747 1
2647290 1
2650271 1
2652785 1
2652925 1
2658656 1
2659106 1
2667066 1
2667364 1
2674047 1
2676191 1
2681321 1
2684958 1
2685763 1
2686645 1
2687246 1
2687726 1
2708072 1
2710837 1
2720578 1
2720857 1
2725162 1
2730313 1
2731250 1
2762542 1
2764373 1
2772186 1
2773953 1
2773955 1
2780776 1
2781699 1
2783143 1
2783311 1
2783884 1
2789949 1
2794120 1
2798362 1
2800926 1
2801787 1
2803929 1
2816216 1
2817978 1
2820629 1
2821075 1
2823929 1
2823929 1
2827643 1
2829348 1
2833330 1
2838229 1
2839810 1
2841929 1
2850730 1
2851860 1
2852713 1
2857409 1
2858713 1
2863845 1
2876244 1
2876463 1
2879896 1
2881462 1
2882077 1
2883258 1
2889785 1
2891021 1
2900172 1
2912192 1
2914599 1
2919860 1
2919960 1
2925446 1
2945836 1
2951064 1
2955731 1
2964069 1
2964907 1
2970373 1
2973570 1
2975002 1
2985906 1
2989760 1
2991375 1
2994352 1
3001657 1
3007124 1
3007201 1
3007515 1
3007630 1
3013343 1
3015146 1
3015571 1
3015571 1
3016756 1
3017907 1
3026460 1
3027649 1
3030202 1
3030335 1
3035941 1
3045207 1
3046153 1
3047505 1
3051147 1
3052088 1
3053951 1
3058785 1
3059790 1
3073750 1
3074269 1
3082987 1
3084008 1
3086355 1
3092023 1
3094802 1
3094834 1
3096483 1
3105990 1
3108659 1
3115958 1
3122056 1
3133458 1
3145065 1
3145157 1
3149442 1
3151569 1
3153687 1
3153687 1
3154418 1
3155379 1
3155379 1
3156532 1
3163164 1
3171877 1
3173723 1
3187183 1
3187591 1
3187591 1
3187714 1
3189430 1
3213343 1
3216229 1
3216986 1
3218520 1
3218520 1
3224156 1
3224389 1
3226140 1
3233032 1
3235034 1
3247465 1
3250023 1
3251935 1
3266445 1
3266664 1
3266677 1
3271058 1
3271250 1
3273862 1
3275644 1
3276047 1
3280005 1
3286314 1
3287095 1
3287287 1
3287741 1
3291575 1
3301835 1
3302432 1
3306662 1
3310718 1
3320175 1
3328299 1
3336010 1
3346323 1
3359365 1
3361328 1
3365195 1
3366388 1
3375744 1
3380136 1
3384743 1
3385792 1
3387100 1
3387510 1
3389113 1
3404127 1
3404433 1
3415093 1
3432277 1
3433778 1
3433784 1
3436158 1
3438326 1
3438790 1
3454413 1
3456503 1
3462875 1
3463751 1
3463751 1
3464259 1
3468421 1
3473063 1
3473179 1
3483067 1
3486939 1
3500660 1
3503354 1
3503647 1
3505319 1
3506322 1
3508504 1
3518574 1
3518899 1
3520362 1
3521396 1
3525457 1
3526321 1
3526399 1
3529344 1
3531100 1
3532902 1
3542195 1
3559755 1
3560999 1
3570002 1
3570547 1
3570722 1
3573385 1
3574937 1
3581374 1
3582562 1
3589692 1
3599030 1
3601191 1
3606309 1
3618138 1
3625688 1
3625816 1
3629906 1
3630985 1
3631379 1
3638661 1
3646250 1
3652264 1
3654997 1
3655048 1
3660701 1
3675724 1
3687547 1
3712521 1
3722097 1
3730971 1
3742820 1
3743113 1
3745389 1
3746180 1
3750912 1
3753787 1
3764779 1
3778374 1
3784225 1
3788509 1
3794123 1
3814511 1
3816152 1
3816708 1
3817469 1
3817900 1
3818829 1
3826387 1
3827585 1
3828361 1
3831928 1
3834418 1
3836686 1
3837556 1
3844019 1
3844725 1
3845278 1
3845442 1
3857972 1
3860958 1
3861263 1
3861263 1
3863407 1
3864038 1
3866762 1
3871349 1
3871641 1
3895693 1
3896916 1
3897447 1
3918446 1
3918869 1
3929469 1
3933095 1
3938259 1
3939646 1
3941026 1
3943090 1
3944215 1
3944856 1
3945602 1
3947520 1
3955102 1
3957127 1
3967340 1
3969272 1
3973829 1
3988959 1
4009910 1
4015845 1
4015846 1
4018433 1
4021073 1
4024503 1
4028279 1
4032962 1
4033841 1
4033841 1
4036893 1
4039345 1
4039756 1
4056430 1
4058410 1
4066660 1
4069643 1
4070372 1
4074036 1
4084396 1
4084836 1
4088297 1
4090609 1
4090609 1
4104592 1
4106745 1
4110423 1
4113642 1
4129557 1
4145772 1
4166501 1
4166888 1
4172731 1
4173095 1
4174636 1
4177500 1
4184178 1
4186909 1
4193339 1
4193339 1
4194425 1
4195477 1
4196489 1
4196922 1
4197110 1
4206842 1
4208907 1
4210728 1
4211531 1
4214555 1
4217858 1
4219715 1
4223336 1
4224780 1
4230806 1
4234069 1
4237605 1
4241040 1
4252856 1
4262803 1
4263395 1
4263890 1
4267723 1
4270660 1
4271573 1
4273178 1
4274359 1
4276311 1
4276317 1
4277953 1
4277971 1
4282817 1
4295921 1
4300284 1
4308553 1
4320454 1
4322018 1
4334094 1
4335962 1
4336058 1
4352859 1
4355987 1
4357750 1
4366517 1
4369686 1
4370226 1
4373063 1
4379510 1
4379707 1
4383776 1
4386373 1
4396182 1
4397698 1
4398350 1
4400857 1
4402725 1
4405464 1
4407394 1
4417162 1
4423012 1
4424838 1
4435036 1
4441207 1
4444098 1
4445160 1
4447787 1
4448691 1
4460003 1
4460067 1
4461006 1
4467991 1
4474811 1
4476803 1
4479143 1
4481464 1
4487008 1
4490338 1
4490463 1
4513853 1
4520661 1
4524293 1
4529919 1
4531289 1
4536380 1
4543725 1
4545232 1
4546360 1
4552907 1
4560461 1
4564111 1
4565490 1
4565974 1
4567250 1
4573204 1
4577405 1
4577405 1
4580642 1
4594027 1
4614576 1
4615816 1
4616532 1
4616972 1
4624069 1
4629370 1
4635115 1
4640158 1
4643563 1
4643960 1
4647012 1
4648200 1
4649226 1
4651724 1
4654263 1
4658015 1
4660968 1
4665456 1
4670252 1
4671210 1
4671735 1
4675509 1
4678010 1
4682456 1
4686385 1
4697016 1
4706769 1
4709752 1
4716787 1
4729994 1
4731776 1
4732358 1
4735946 1
4736608 1
4741873 1
4752354 1
4752432 1
4753923 1
4754544 1
4760449 1
4763364 1
4763969 1
4765787 1
4767616 1
4771885 1
4781732 1
4785490 1
4791505 1
4791878 1
4794378 1
4799723 1
4800576 1
4805796 1
4807176 1
4808958 1
4813630 1
4819829 1
4821133 1
4833092 1
4835564 1
4836443 1
4839181 1
4841320 1
4846343 1
4849824 1
4861817 1
4862066 1
4865302 1
4866597 1
4876019 1
4876200 1
4878563 1
4878563 1
4879079 1
4883305 1
4884562 1
4898544 1
4899300 1
4901696 1
4902291 1
4905219 1
4906446 1
4920737 1
4946235 1
4961072 1
4961218 1
4961721 1
4964474 1
4964930 1
4966004 1
4970114 1
4976599 1
4978832 1
4983286 1
4987303 1
4996932 1
4997694 1
5008323 1
5011459 1
5011821 1
5016176 1
5023087 1
5023283 1
5023283 1
5024054 1
5025798 1
5026970 1
5027108 1
5028353 1
5034343 1
5039554 1
5043733 1
5043971 1
5048336 1
5049412 1
5050636 1
5052573 1
5052833 1
5059471 1
5063498 1
5064814 1
5071569 1
5075810 1
5078551 1
5078599 1
5078599 1
5080378 1
5086791 1
5086916 1
5104182 1
5120728 1
5126094 1
5132679 1
5136360 1
5137192 1
5139960 1
5142309 1
5151989 1
5151989 1
5157507 1
5157581 1
5159929 1
5162296 1
5172230 1
5172230 1
5172295 1
5178435 1
5193418 1
5197091 1
5206761 1
5213914 1
5224323 1
5230059 1
5240564 1
5249791 1
5251472 1
5252981 1
5260316 1
5275891 1
5278437 1
5288530 1
5288954 1
5289806 1
5291836 1
5317605 1
5322432 1
5323438 1
5332026 1
5346082 1
5347073 1
5347407 1
5352626 1
5354253 1
5355890 1
5355890 1
5365255 1
5370574 1
5373683 1
5376527 1
5376801 1
5377328 1
5379662 1
5382488 1
5382922 1
5408653 1
5416275 1
5419508 1
5420294 1
5428484 1
5430781 1
5438584 1
5439412 1
5445584 1
5450064 1
5459123 1
5463702 1
5466897 1
5468195 1
5469633 1
5470010 1
5478240 1
5493849 1
5509199 1
5510333 1
5510999 1
5516653 1
5516967 1
5518576 1
5521588 1
5524914 1
5526344 1
5526344 1
5527196 1
5531298 1
5533241 1
5539978 1
5540377 1
5548570 1
5548570 1
5549310 1
5552380 1
5575777 1
5576548 1
5576548 1
5578854 1
5588863 1
5593441 1
5594021 1
5595630 1
5595739 1
5601449 1
5601830 1
5609787 1
5615044 1
5615153 1
5616892 1
5621539 1
5625226 1
5654969 1
5659021 1
5661180 1
5661880 1
5663722 1
5666055 1
5667634 1
5667969 1
5675547 1
5677352 1
5679818 1
5679827 1
5683983 1
5684762 1
5686377 1
5692133 1
5692379 1
5695490 1
5704529 1
5710280 1
5710955 1
5722754 1
5727795 1
5742051 1
5742209 1
5742637 1
5742751 1
5748659 1
5756167 1
5765435 1
5766178 1
5769314 1
5772576 1
5778502 1
5779690 1
5783164 1
5787913 1
5796920 1
5808541 1
5810446 1
5810728 1
5813919 1
5814487 1
5817109 1
5819654 1
5824917 1
5827079 1
5828750 1
5830682 1
5835622 1
5838231 1
5841112 1
5848522 1
5854360 1
5854992 1
5859680 1
5859939 1
5860680 1
5869246 1
5869246 1
5869662 1
5869662 1
5869662 1
5869662 1
5877606 1
5882170 1
5882550 1
5886755 1
5890811 1
5891398 1
5894889 1
5903709 1
5904178 1
5922693 1
5927083 1
5930383 1
5934248 1
5938219 1
5942212 1
5942212 1
5943509 1
5943524 1
5944885 1
5945517 1
5946061 1
5948362 1
5948567 1
5951653 1
5962555 1
5969122 1
5970169 1
5973003 1
5973201 1
5976025 1
5981030 1
5994194 1
6002882 1
6003714 1
6003964 1
6005727 1
6008803 1
6008803 1
6011584 1
6013806 1
6021374 1
6031997 1
6033789 1
6042762 1
6048060 1
6050390 1
6059182 1
6064257 1
6079072 1
6090715 1
6091701 1
6095950 1
6099545 1
6117930 1
6118259 1
6120033 1
6121347 1
6121347 1
6124217 1
6129998 1
6135049 1
6137809 1
6148204 1
6148540 1
6149318 1
6151679 1
6151739 1
6155112 1
6155112 1
6155781 1
6155787 1
6158343 1
6179548 1
6180217 1
6195368 1
6197761 1
6199951 1
6224901 1
6228408 1
6232769 1
6234119 1
6235241 1
6235762 1
6245102 1
6256739 1
6262236 1
6265121 1
6272997 1
6272997 1
6274993 1
6275107 1
6276984 1
6277432 1
6278976 1
6280986 1
6293774 1
6300428 1
6302776 1
6302776 1
6303619 1
6312270 1
6312270 1
6327542 1
6339395 1
6342969 1
6343175 1
6345200 1
6345641 1
6353686 1
6353730 1
6358449 1
6361882 1
6364233 1
6364493 1
6365142 1
6369669 1
6371760 1
6372100 1
6377327 1
6379868 1
6380114 1
6384386 1
6384535 1
6386014 1
6387327 1
6389200 1
6391637 1
6396344 1
6397172 1
6409946 1
6411560 1
6423771 1
6431734 1
6432178 1
6441607 1
6449115 1
6450458 1
6454621 1
6458569 1
6471148 1
6472553 1
6475798 1
6482037 1
6484082 1
6484682 1
6484682 1
6485213 1
6489256 1
6490115 1
6492268 1
6502133 1
6506154 1
6506483 1
6507862 1
6511971 1
6516304 1
6529200 1
6537496 1
6539313 1
6539652 1
6557031 1
6557031 1
6576964 1
6577170 1
6582398 1
6584709 1
6590008 1
6591344 1
6606881 1
6606930 1
6607958 1
6610271 1
6611020 1
6612219 1
6616960 1
6620469 1
6624681 1
6630634 1
6633319 1
6638225 1
6640385 1
6646498 1
6647778 1
6650652 1
6652942 1
6660151 1
6670611 1
6673993 1
6675973 1
6676717 1
6677671 1
6681887 1
6682245 1
6683607 1
6684179 1
6686586 1
6691729 1
6699582 1
6708660 1
6713179 1
6718158 1
6731052 1
6733606 1
6739128 1
6740761 1
6741750 1
6750794 1
6757049 1
6762110 1
6762476 1
6766403 1
6766694 1
6771479 1
6772166 1
6772753 1
6773309 1
6774576 1
6783708 1
6783726 1
6792582 1
6794882 1
6802536 1
6802711 1
6804850 1
6821843 1
6834100 1
6834100 1
6836181 1
6837345 1
6844001 1
6844225 1
6849766 1
6861884 1
6862076 1
6864132 1
6864974 1
6865598 1
6865598 1
6870333 1
6871619 1
6872373 1
6872719 1
6872998 1
6878225 1
6878992 1
6879634 1
6881441 1
6884496 1
6885250 1
6890928 1
6891322 1
6894172 1
6901010 1
6910449 1
6912698 1
6915394 1
6916843 1
6918271 1
6922868 1
6923604 1
6923604 1
6925137 1
6925499 1
6926073 1
6930728 1
6931108 1
6933848 1
6938426 1
6940492 1
6941257 1
6943803 1
6943823 1
6944503 1
6953940 1
6957907 1
6958797 1
6959431 1
6960340 1
6963263 1
6963829 1
6970100 1
6980895 1
6981905 1
6985543 1
6991261 1
6995565 1
7018366 1
7018673 1
7022507 1
7025709 1
7026770 1
7027438 1
7028742 1
7029253 1
7030272 1
7031615 1
7034040 1
7040752 1
7041994 1
7043013 1
7043419 1
7043439 1
7046303 1
7046788 1
7057845 1
7058207 1
7068889 1
7070428 1
7074154 1
7082626 1
7086728 1
7099381 1
7100303 1
7109627 1
7110208 1
7111642 1
7113896 1
7114138 1
7116447 1
7116506 1
7118659 1
7129773 1
7130784 1
7131044 1
7137256 1
7138798 1
7140248 1
7142241 1
7143502 1
7154774 1
7155975 1
7156309 1
7158425 1
7161181 1
7163673 1
7166113 1
7171016 1
7192729 1
7193777 1
7194728 1
7199213 1
7200412 1
7203737 1
7215144 1
7223127 1
7225608 1
7227513 1
7229119 1
7229845 1
7232705 1
7232833 1
7233888 1
7235934 1
7235934 1
7239653 1
7241710 1
7245698 1
7253944 1
7256829 1
7258668 1
7259665 1
7271423 1
7280538 1
7288695 1
7290329 1
7292775 1
7293153 1
7294535 1
7303197 1
7303734 1
7305518 1
7307836 1
7321908 1
7326578 1
7327225 1
7327738 1
7329416 1
7333850 1
7337798 1
7338141 1
7347361 1
7351223 1
7357390 1
7357494 1
7364003 1
7366894 1
7368174 1
7368737 1
7372116 1
7377987 1
7382162 1
7389695 1
7394498 1
7405423 1
7407338 1
7424005 1
7427507 1
7427685 1
7439191 1
7452113 1
7452467 1
7454760 1
7456860 1
7460492 1
7465411 1
7466236 1
7468695 1
7474943 1
7475452 1
7475452 1
7476778 1
7484056 1
7490534 1
7492304 1
7493240 1
7493971 1
7497857 1
7501910 1
7502804 1
7503228 1
7515091 1
7520654 1
7526750 1
7540135 1
7548476 1
7551861 1
7557903 1
7565111 1
7585994 1
7588741 1
7591141 1
7591545 1
7625838 1
7629555 1
7633890 1
7641617 1
7646882 1
7650216 1
7653120 1
7653275 1
7657266 1
7657557 1
7667021 1
7669294 1
7674311 1
7694244 1
7698874 1
7702626 1
7705774 1
7706755 1
7711297 1
7712563 1
7713949 1
7728480 1
7731654 1
7741251 1
7746192 1
7770426 1
7770815 1
7772631 1
7777503 1
7778147 1
7780379 1
7788264 1
7789864 1
7790098 1
7790273 1
7790465 1
7793741 1
7807544 1
7809148 1
7824752 1
7825309 1
7828586 1
7833721 1
7836195 1
7841454 1
7841614 1
7842108 1
7851447 1
7856036 1
7859644 1
7864446 1
7870771 1
7871009 1
7871131 1
7871386 1
7871999 1
7881568 1
7884858 1
7885445 1
7890756 1
7892402 1
7893359 1
7901158 1
7902836 1
7907669 1
7910944 1
7912072 1
7914742 1
7922918 1
7923686 1
7925123 1
7925123 1
7935625 1
7938287 1
7943342 1
7945977 1
7947672 1
7951446 1
7952706 1
7965464 1
7965697 1
7976493 1
7986216 1
7986693 1
7987013 1
7990630 1
7995995 1
7997173 1
7997222 1
7997648 1
7999419 1
7999976 1
8003743 1
8005176 1
8007551 1
8011861 1
8012867 1
8013910 1
8017486 1
8017688 1
8019092 1
8021295 1
8022116 1
8023275 1
8027546 1
8029556 1
8030181 1
8030986 1
8034278 1
8036173 1
8037688 1
8040983 1
8040983 1
8044783 1
8046158 1
8047052 1
8047396 1
8053001 1
8053081 1
8054955 1
8057924 1
8061189 1
8064865 1
8066483 1
8069664 1
8072564 1
8073659 1
8075452 1
8078653 1
8079665 1
8081035 1
8084357 1
8090600 1
8094234 1
8095782 1
8096015 1
8096745 1
8097283 1
8100750 1
8102206 1
8105438 1
8107235 1
8107459 1
8107459 1
8108117 1
8108248 1
8109748 1
8109798 1
8110013 1
8112065 1
8114169 1
8116229 1
8116594 1
8116627 1
8119710 1
8121130 1
8124592 1
8124690 1
8127683 1
8129654 1
8130438 1
8131125 1
8131131 1
8133481 1
8134326 1
8135208 1
8135584 1
8136112 1
8138249 1
8141280 1
8143612 1
8145185 1
8145444 1
8149000 1
8149000 1
8149320 1
8150894 1
8151205 1
8151439 1
8153001 1
8153157 1
8153434 1
8153857 1
8156292 1
8156563 1
8157023 1
8162509 1
8164104 1
8167430 1
8172480 1
8173139 1
8173139 1
8195421 1
8209955 1
8210204 1
8210781 1
8211963 1
8212440 1
8212440 1
8215758 1
8218323 1
8225044 1
8226169 1
8232006 1
8256220 1
8272788 1
8274515 1
8287148 1
8287730 1
8292688 1
8292947 1
8297834 1
8298109 1
8303271 1
8304742 1
8311029 1
7590 1
15350 1
22060 1
23091 1
24263 1
33943 1
34897 1
34897 1
35822 1
42570 1
45148 1
49551 1
50416 1
58249 1
61583 1
62887 1
64459 1
73782 1
83810 1
88850 1
101622 1
101625 1
104561 1
105010 1
105307 1
106582 1
107632 1
108865 1
114672 1
116030 1
120397 1
121628 1
122124 1
122224 1
122384 1
123156 1
123791 1
123791 1
123796 1
128384 1
130062 1
133450 1
135583 1
141066 1
141651 1
142137 1
149804 1
151840 1
153407 1
154917 1
154917 1
156547 1
159140 1
159165 1
159633 1
159700 1
160179 1
160937 1
161015 1
162914 1
165162 1
166874 1
167981 1
169382 1
175071 1
178615 1
179226 1
179748 1
181812 1
181818 1
183649 1
185581 1
185874 1
186497 1
187017 1
187697 1
192965 1
193291 1
195200 1
196520 1
196738 1
198380 1
199869 1
200821 1
201131 1
201537 1
203465 1
205718 1
207713 1
209998 1
210677 1
211971 1
213095 1
215643 1
216759 1
218105 1
218161 1
218202 1
218925 1
219405 1
226597 1
227393 1
229756 1
229906 1
258745 1
263251 1
266888 1
268009 1
269537 1
281505 1
282199 1
290520 1
292971 1
297573 1
309879 1
321102 1
329728 1
332490 1
332490 1
338634 1
343281 1
344924 1
351686 1
363050 1
372171 1
374432 1
390557 1
419809 1
425953 1
428860 1
430504 1
437893 1
439392 1
441479 1
443000 1
443007 1
447148 1
448557 1
449976 1
453381 1
454084 1
454159 1
459342 1
459463 1
460092 1
461188 1
474413 1
479668 1
490377 1
491483 1
493680 1
494694 1
503594 1
505996 1
517113 1
518699 1
519601 1
538872 1
552112 1
552677 1
569169 1
569343 1
571981 1
572654 1
574956 1
576027 1
578029 1
579295 1
586882 1
586969 1
590054 1
592564 1
595509 1
598364 1
606855 1
612572 1
615812 1
632824 1
635361 1
660130 1
670987 1
679316 1
687362 1
713560 1
719650 1
720320 1
730033 1
730730 1
731397 1
733249 1
733928 1
737010 1
743799 1
745044 1
747502 1
763998 1
771952 1
777192 1
780098 1
781293 1
782400 1
784786 1
786937 1
787885 1
788998 1
790150 1
790150 1
793439 1
799483 1
800015 1
803450 1
803450 1
809765 1
812165 1
820952 1
824056 1
824776 1
832409 1
832807 1
834395 1
840916 1
842207 1
842516 1
844461 1
845814 1
845814 1
847033 1
848536 1
857086 1
867742 1
869790 1
872175 1
881989 1
884675 1
891557 1
897503 1
899346 1
911812 1
916370 1
920769 1
924259 1
928456 1
929923 1
930179 1
944434 1
949539 1
961739 1
964849 1
975274 1
975335 1
975660 1
976487 1
979454 1
990099 1
993274 1
995092 1
997151 1
1000397 1
1000777 1
1000777 1
1002634 1
1006036 1
1013412 1
1018397 1
1026413 1
1027589 1
1027598 1
1030104 1
1030818 1
1032773 1
1032823 1
1044015 1
1047127 1
1047137 1
1047677 1
1048916 1
1050665 1
1051623 1
1058591 1
1063078 1
1063406 1
1065790 1
1067486 1
1068932 1
1070105 1
1097901 1
1100114 1
1103917 1
1107511 1
1107816 1
1116311 1
1120261 1
1121415 1
1127286 1
1131347 1
1132885 1
1138830 1
1139144 1
1145608 1
1170984 1
1176440 1
1176964 1
1181037 1
1184519 1
1185625 1
1185946 1
1186082 1
1186509 1
1186749 1
1187772 1
1189060 1
1189383 1
1196626 1
1204250 1
1211724 1
1215736 1
1218179 1
1220666 1
1220725 1
1221090 1
1230051 1
1239330 1
1241891 1
1242383 1
1242868 1
1262836 1
1263515 1
1264311 1
1265468 1
1266375 1
1267959 1
1268810 1
1268962 1
1269882 1
1270864 1
1273307 1
1274684 1
1276092 1
1283412 1
1302485 1
1306215 1
1313301 1
1322357 1
1322868 1
1332229 1
1332880 1
1344520 1
1349330 1
1355193 1
1355831 1
1359043 1
1359881 1
1362902 1
1366621 1
1368453 1
1373912 1
1379063 1
1381838 1
1383603 1
1384324 1
1385713 1
1394116 1
1398506 1
1404074 1
1404839 1
1407450 1
1409773 1
1411322 1
1424080 1
1424530 1
1428242 1
1438042 1
1443422 1
1444653 1
1445735 1
1446597 1
1447481 1
1453096 1
1453103 1
1458573 1
1467381 1
1467381 1
1475005 1
1475108 1
1477140 1
1489221 1
1492570 1
1494427 1
1497026 1
1505394 1
1507435 1
1508035 1
1509931 1
1517477 1
1522762 1
1545467 1
1546080 1
1546226 1
1546881 1
1555104 1
1555885 1
1563216 1
1563231 1
1564076 1
1567065 1
1570524 1
1570562 1
1570991 1
1573533 1
1573533 1
1574671 1
1581807 1
1586912 1
1586912 1
1590538 1
1591384 1
1596831 1
1597314 1
1597807 1
1599236 1
1606754 1
1606814 1
1610513 1
1611832 1
1623164 1
1635300 1
1639605 1
1641318 1
1647455 1
1648508 1
1655875 1
1655875 1
1657408 1
1659830 1
1659963 1
1662259 1
1662951 1
1664423 1
1670123 1
1676353 1
1685229 1
1685288 1
1686357 1
1686819 1
1689639 1
1694121 1
1696606 1
1696606 1
1696618 1
1702641 1
1705609 1
1719774 1
1720968 1
1729765 1
1729866 1
1730231 1
1734350 1
1734625 1
1735218 1
1738868 1
1745941 1
1750401 1
1762322 1
1770099 1
1771830 1
1771830 1
1774742 1
1777376 1
1779229 1
1779376 1
1779438 1
1785186 1
1785586 1
1786206 1
1788973 1
1788973 1
1789235 1
1790666 1
1790666 1
1790915 1
1791497 1
1792050 1
1792050 1
1806259 1
1809934 1
1811071 1
1814018 1
1814110 1
1819498 1
1826542 1
1830116 1
1837232 1
1838994 1
1844753 1
1847669 1
1852977 1
1852977 1
1853874 1
1853884 1
1854993 1
1856320 1
1857649 1
1870980 1
1872028 1
1874728 1
1875511 1
1876080 1
1879382 1
1879501 1
1881392 1
1885771 1
1891115 1
1891163 1
1897660 1
1899658 1
1900464 1
1900692 1
1902390 1
1902711 1
1906131 1
1906139 1
1909150 1
1909280 1
1910449 1
1916939 1
1922899 1
1924453 1
1930268 1
1933383 1
1936088 1
1940790 1
1942045 1
1942584 1
1947389 1
1949738 1
1951766 1
1952088 1
1962598 1
1966777 1
1968283 1
1971188 1
1973303 1
1975227 1
1976492 1
1979452 1
1997744 1
1997744 1
1998903 1
2009444 1
2010082 1
2011458 1
2011458 1
2012594 1
2019088 1
2024307 1
2027502 1
2031531 1
2039933 1
2043630 1
2049863 1
2052808 1
2055427 1
2057984 1
2079722 1
2079722 1
2080526 1
2099403 1
2099939 1
2106528 1
2107754 1
2113758 1
2116633 1
2117998 1
2118839 1
2123642 1
2123642 1
2123757 1
2127934 1
2138610 1
2145308 1
2146352 1
2149898 1
2155531 1
2160156 1
2160994 1
2162306 1
2163621 1
2170235 1
2185809 1
2196439 1
2198483 1
2216172 1
2226306 1
2234075 1
2240172 1
2253280 1
2254309 1
2255052 1
2287180 1
2292621 1
2293499 1
2293667 1
2294237 1
2294483 1
2294754 1
2297003 1
2300868 1
2303390 1
2307137 1
2307992 1
2309566 1
2313734 1
2321837 1
2322386 1
2323946 1
2324986 1
2333268 1
2333268 1
2340968 1
2343755 1
2349483 1
2352840 1
2354012 1
2358035 1
2358642 1
2376731 1
2378489 1
2381432 1
2383207 1
2383958 1
2384303 1
2385363 1
2386411 1
2387528 1
2388676 1
2389682 1
2391994 1
2396730 1
2406542 1
2408342 1
2408366 1
2408790 1
2408887 1
2413080 1
2413309 1
2417812 1
2421674 1
2423238 1
2424467 1
2430174 1
2430754 1
2437222 1
2437315 1
2438559 1
2439909 1
2442264 1
2456909 1
2463804 1
2477476 1
2481607 1
2484684 1
2486643 1
2493817 1
2503728 1
2509418 1
2517392 1
2518525 1
2518674 1
2521617 1
2523019 1
2528187 1
2529504 1
2531042 1
2533780 1
2534883 1
2543505 1
2543777 1
2543915 1
2551962 1
2561197 1
2570701 1
2570717 1
2577040 1
2580173 1
2582628 1
2586024 1
2590325 1
2590436 1
2591613 1
2598358 1
2603983 1
2609780 1
2621605 1
2622348 1
2622857 1
2623782 1
2628042 1
2629532 1
2645335 1
2648824 1
2654849 1
2654849 1
2661269 1
2663569 1
2669288 1
2672575 1
2680888 1
2682317 1
2690827 1
2693739 1
2696842 1
2703512 1
2721861 1
2726011 1
2727381 1
2727943 1
2728016 1
2731208 1
2732464 1
2735825 1
2737026 1
2744783 1
2749423 1
2754423 1
2754423 1
2759980 1
2761198 1
2769484 1
2769929 1
2780407 1
2782019 1
2783079 1
2783530 1
2783709 1
2789258 1
2795902 1
2796060 1
2799767 1
2801090 1
2805619 1
2817697 1
2820704 1
2823711 1
2832768 1
2833411 1
2833814 1
2834751 1
2834870 1
2838699 1
2843049 1
2849586 1
2852117 1
2853286 1
2856452 1
2857110 1
2858012 1
2867786 1
2874551 1
2875095 1
2877901 1
2879458 1
2885004 1
2889227 1
2895400 1
2900005 1
2903022 1
2903022 1
2915694 1
2918412 1
2923087 1
2925028 1
2926254 1
2929639 1
2930881 1
2934801 1
2961358 1
2961639 1
2966236 1
2967537 1
2972533 1
2977559 1
2977875 1
2979783 1
2983006 1
2993015 1
2999950 1
3004560 1
3008781 1
3009370 1
3023222 1
3024007 1
3024987 1
3032255 1
3037705 1
3037705 1
3038819 1
3048959 1
3050478 1
3050590 1
3056123 1
3061093 1
3062771 1
3063519 1
3071255 1
3076351 1
3077988 1
3078380 1
3097048 1
3101632 1
3110455 1
3112376 1
3113739 1
3122014 1
3127795 1
3130115 1
3130115 1
3131768 1
3136406 1
3138863 1
3140232 1
3141567 1
3144469 1
3149401 1
3152841 1
3162987 1
3166539 1
3166694 1
3168013 1
3169032 1
3169649 1
3171215 1
3173074 1
3174662 1
3178527 1
3183995 1
3185202 1
3186233 1
3187022 1
3187515 1
3188302 1
3195414 1
3202295 1
3202684 1
3204808 1
3213927 1
3216665 1
3227089 1
3227201 1
3238269 1
3251530 1
3252004 1
3255294 1
3259460 1
3260616 1
3261670 1
3262577 1
3265753 1
3267050 1
3269095 1
3269182 1
3269574 1
3270606 1
3271092 1
3271097 1
3271934 1
3284477 1
3284504 1
3286768 1
3288460 1
3289028 1
3289870 1
3302201 1
3302343 1
3302663 1
3302734 1
3324623 1
3324680 1
3327065 1
3340490 1
3349843 1
3350360 1
3354057 1
3358806 1
3359101 1
3367322 1
3373499 1
3379623 1
3385923 1
3389383 1
3396507 1
3397021 1
3407007 1
3409060 1
3422636 1
3432905 1
3434342 1
3434570 1
3445188 1
3457747 1
3467884 1
3468686 1
3474871 1
3476023 1
3476657 1
3477115 1
3477318 1
3477727 1
3481160 1
3481472 1
3485752 1
3494044 1
3497420 1
3498050 1
3499343 1
3504017 1
3505235 1
3507502 1
3508466 1
3509822 1
3511573 1
3517499 1
3524906 1
3527631 1
3528266 1
3539532 1
3544495 1
3550229 1
3564936 1
3564936 1
3569402 1
3570691 1
3579497 1
3586839 1
3586839 1
3596260 1
3602929 1
3605425 1
3611815 1
3617216 1
3624024 1
3628596 1
3631222 1
3631537 1
3633024 1
3640399 1
3640399 1
3640999 1
3644617 1
3645568 1
3652257 1
3653598 1
3654967 1
3654967 1
3657865 1
3660844 1
3665131 1
3677036 1
3678219 1
3684555 1
3691569 1
3692189 1
3698559 1
3700647 1
3707699 1
3707989 1
3708900 1
3710869 1
3712381 1
3726915 1
3729319 1
3741484 1
3756250 1
3760646 1
3763852 1
3764913 1
3765106 1
3768710 1
3774306 1
3774830 1
3775864 1
3776721 1
3778471 1
3778638 1
3778692 1
3785442 1
3786189 1
3790355 1
3794440 1
3795934 1
3807384 1
3814449 1
3819561 1
3819892 1
3828656 1
3829810 1
3842063 1
3858091 1
3858961 1
3862720 1
3863092 1
3863261 1
3863937 1
3866658 1
3870322 1
3872882 1
3873101 1
3874969 1
3880858 1
3881220 1
3885059 1
3886370 1
3890261 1
3890269 1
3897590 1
3912084 1
3915007 1
3918463 1
3918672 1
3936614 1
3938803 1
3940481 1
3944670 1
3947372 1
3947546 1
3954434 1
3961395 1
3970924 1
3973102 1
3978783 1
3986055 1
3996914 1
3998231 1
4008211 1
4010507 1
4021031 1
4021031 1
4021031 1
4021278 1
4024208 1
4027093 1
4033600 1
4040293 1
4040641 1
4041582 1
4044912 1
4046588 1
4046588 1
4056589 1
4060380 1
4062455 1
4068293 1
4073908 1
4074064 1
4074064 1
4075000 1
4086955 1
4086955 1
4091379 1
4092259 1
4093251 1
4101691 1
4103453 1
4103857 1
4104483 1
4105413 1
4105982 1
4110095 1
4128646 1
4129439 1
4140636 1
4143129 1
4167424 1
4173020 1
4173403 1
4179271 1
4185768 1
4187380 1
4187998 1
4188953 1
4189349 1
4189686 1
4190258 1
4199058 1
4208540 1
4210984 1
4211861 1
4211933 1
4218165 1
4219861 1
4225176 1
4225965 1
4227871 1
4230246 1
4231848 1
4235757 1
4235872 1
4239139 1
4251748 1
4253225 1
4254659 1
4257179 1
4257302 1
4261427 1
4261996 1
4267368 1
4275296 1
4281279 1
4283055 1
4288762 1
4289845 1
4293307 1
4294850 1
4294850 1
4296995 1
4300097 1
4315299 1
4319755 1
4321038 1
4323288 1
4325462 1
4325527 1
4334056 1
4335770 1
4338993 1
4341523 1
4343050 1
4343985 1
4348148 1
4351107 1
4357039 1
4359023 1
4362229 1
4365726 1
4368086 1
4373982 1
4374093 1
4375536 1
4376978 1
4381343 1
4383782 1
4387641 1
4389355 1
4390973 1
4393954 1
4397964 1
4400122 1
4401035 1
4402854 1
4411125 1
4421733 1
4424063 1
4427094 1
4439559 1
4440361 1
4448427 1
4455455 1
4455642 1
4458537 1
4467151 1
4470390 1
4471694 1
4472631 1
4485133 1
4485133 1
4486913 1
4490150 1
4491022 1
4496135 1
4517044 1
4518753 1
4531558 1
4532693 1
4532693 1
4534466 1
4536302 1
4542174 1
4542443 1
4554569 1
4585026 1
4591145 1
4595150 1
4608889 1
4620655 1
4648183 1
4648183 1
4661219 1
4661618 1
4663500 1
4663846 1
4665312 1
4667307 1
4667766 1
4668362 1
4672117 1
4675453 1
4677122 1
4680703 1
4681060 1
4683518 1
4690562 1
4692904 1
4696198 1
4696198 1
4699183 1
4701049 1
4707985 1
4713848 1
4719631 1
4721765 1
4722570 1
4730052 1
4731043 1
4733146 1
4733813 1
4737342 1
4738272 1
4738922 1
4739719 1
4740799 1
4742778 1
4749878 1
4756622 1
4760327 1
4766304 1
4769670 1
4769853 1
4771028 1
4771315 1
4774730 1
4776906 1
4781234 1
4788888 1
4790414 1
4791692 1
4815105 1
4815930 1
4816736 1
4816896 1
4821280 1
4821280 1
4837012 1
4856016 1
4858167 1
4859516 1
4869344 1
4869984 1
4878017 1
4880500 1
4880654 1
4894748 1
4896141 1
4899089 1
4899089 1
4900605 1
4903476 1
4905821 1
4905897 1
4905979 1
4910322 1
4910474 1
4910482 1
4914134 1
4916385 1
4936623 1
4937386 1
4941820 1
4948619 1
4952606 1
4964563 1
4966727 1
4966833 1
4967539 1
4967710 1
4967710 1
4974574 1
4974687 1
4989962 1
4990745 1
4992743 1
4994386 1
4996103 1
4996833 1
4998759 1
4999291 1
4999599 1
5000542 1
5000542 1
5001250 1
5003880 1
5005911 1
5008510 1
5009693 1
5014676 1
5018168 1
5018793 1
5020147 1
5024490 1
5027381 1
5030531 1
5038524 1
5045738 1
5047042 1
5049117 1
5056482 1
5066186 1
5075222 1
5083455 1
5083455 1
5086526 1
5093935 1
5103968 1
5106979 1
5115238 1
5118434 1
5118803 1
5121557 1
5122545 1
5133517 1
5134152 1
5136408 1
5138705 1
5159279 1
5159470 1
5163756 1
5163871 1
5172146 1
5172669 1
5172671 1
5181890 1
5195211 1
5198477 1
5203574 1
5208834 1
5208836 1
5210848 1
5220285 1
5221664 1
5233058 1
5240061 1
5244387 1
5250925 1
5253843 1
5255448 1
5286479 1
5287193 1
5287861 1
5290812 1
5291971 1
5292632 1
5306545 1
5312761 1
5316790 1
5317379 1
5322069 1
5323471 1
5327770 1
5329286 1
5333391 1
5335323 1
5336635 1
5341317 1
5342092 1
5346518 1
5348685 1
5354831 1
5355485 1
5355945 1
5363877 1
5372429 1
5374329 1
5379596 1
5381062 1
5383201 1
5394901 1
5425317 1
5427527 1
5442559 1
5443147 1
5444022 1
5451772 1
5457674 1
5459452 1
5462006 1
5462414 1
5462591 1
5462701 1
5469302 1
5469302 1
5471330 1
5472832 1
5478948 1
5488005 1
5491398 1
5491398 1
5495994 1
5496506 1
5505793 1
5523080 1
5523719 1
5525853 1
5532397 1
5532747 1
5534809 1
5534950 1
5535834 1
5544592 1
5547549 1
5547941 1
5558042 1
5558148 1
5561209 1
5567250 1
5569951 1
5575608 1
5591383 1
5596644 1
5599756 1
5609217 1
5613136 1
5620890 1
5645661 1
5646185 1
5648136 1
5650752 1
5651772 1
5652287 1
5654473 1
5665003 1
5666090 1
5666165 1
5680508 1
5687346 1
5688013 1
5690203 1
5693154 1
5695282 1
5703065 1
5705327 1
5708997 1
5725545 1
5741561 1
5742001 1
5744701 1
5747126 1
5749587 1
5749784 1
5757077 1
5758692 1
5770824 1
5772684 1
5778972 1
5780508 1
5790909 1
5801697 1
5804506 1
5805782 1
5807852 1
5816544 1
5822821 1
5835225 1
5839836 1
5840873 1
5841034 1
5848582 1
5852972 1
5854610 1
5856167 1
5865506 1
5870353 1
5874629 1
5876890 1
5877263 1
5877326 1
5880169 1
5880431 1
5880762 1
5881296 1
5882463 1
5882864 1
5889631 1
5891870 1
5914301 1
5918349 1
5921803 1
5926901 1
5933642 1
5938870 1
5949265 1
5953366 1
5959136 1
5959811 1
5961204 1
5968749 1
5979444 1
5981336 1
5988525 1
5993424 1
6000194 1
6002679 1
6005295 1
6006851 1
6009497 1
6017626 1
6022241 1
6022578 1
6023370 1
6030848 1
6031891 1
6032960 1
6036390 1
6040451 1
6042951 1
6045044 1
6048875 1
6051603 1
6052669 1
6053623 1
6054450 1
6054653 1
6057701 1
6063543 1
6064628 1
6074215 1
6080842 1
6082285 1
6082398 1
6088577 1
6091441 1
6098126 1
6100011 1
6106779 1
6107024 1
6107024 1
6107548 1
6107548 1
6108641 1
6121398 1
6121873 1
6137035 1
6144426 1
6150646 1
6151057 1
6152064 1
6153716 1
6154384 1
6154386 1
6154437 1
6154937 1
6155348 1
6155773 1
6156772 1
6165867 1
6180276 1
6184373 1
6187520 1
6192709 1
6192887 1
6197215 1
6198248 1
6199103 1
6199263 1
6225914 1
6227635 1
6228432 1
6228725 1
6229508 1
6229508 1
6230522 1
6233059 1
6236419 1
6248990 1
6248990 1
6253514 1
6253514 1
6254713 1
6257758 1
6267953 1
6281335 1
6282714 1
6292340 1
6297010 1
6302547 1
6313027 1
6334466 1
6334755 1
6339723 1
6340461 1
6343854 1
6348296 1
6357420 1
6365112 1
6365767 1
6367642 1
6371148 1
6378054 1
6381625 1
6381831 1
6384308 1
6392950 1
6400078 1
6400078 1
6408356 1
6408545 1
6414472 1
6425232 1
6425232 1
6426220 1
6429654 1
6430569 1
6438790 1
6439514 1
6452750 1
6453450 1
6455554 1
6465080 1
6467433 1
6474899 1
6477381 1
6483950 1
6499971 1
6510196 1
6510950 1
6511259 1
6515062 1
6520157 1
6520596 1
6523132 1
6531125 1
6534538 1
6537742 1
6538157 1
6539023 1
6542557 1
6548784 1
6550535 1
6551407 1
6568829 1
6568829 1
6582049 1
6583958 1
6603752 1
6605147 1
6605854 1
6624317 1
6624927 1
6628228 1
6629759 1
6639820 1
6640986 1
6643982 1
6643982 1
6645945 1
6647375 1
6655992 1
6663436 1
6667985 1
6671390 1
6671393 1
6672797 1
6675817 1
6683025 1
6697919 1
6700742 1
6711290 1
6712790 1
6712976 1
6718101 1
6724859 1
6728278 1
6736099 1
6741133 1
6749978 1
6750807 1
6751132 1
6752813 1
6753126 1
6753796 1
6757774 1
6766542 1
6768750 1
6770363 1
6779359 1
6781648 1
6783955 1
6785845 1
6787721 1
6790442 1
6791334 1
6797886 1
6798222 1
6804509 1
6809327 1
6809751 1
6811894 1
6814635 1
6816883 1
6817091 1
6818601 1
6818890 1
6822549 1
6828325 1
6830546 1
6834635 1
6835328 1
6844763 1
6845398 1
6846006 1
6855357 1
6855357 1
6861046 1
6867400 1
6871604 1
6872135 1
6883647 1
6887136 1
6887415 1
6888268 1
6894064 1
6894628 1
6897282 1
6904027 1
6913514 1
6917441 1
6917771 1
6922440 1
6923649 1
6923649 1
6924512 1
6929206 1
6929878 1
6932505 1
6932588 1
6933127 1
6934486 1
6935225 1
6935891 1
6938089 1
6939195 1
6940439 1
6943881 1
6943885 1
6944216 1
6951712 1
6954720 1
6955046 1
6966669 1
6967593 1
6970346 1
6975349 1
6984004 1
6990495 1
6994247 1
6996545 1
7000650 1
7002478 1
7008830 1
7009760 1
7012382 1
7018207 1
7028756 1
7028756 1
7028756 1
7028927 1
7029427 1
7040663 1
7042157 1
7044245 1
7053664 1
7065252 1
7069391 1
7072668 1
7073542 1
7073873 1
7075446 1
7077434 1
7077818 1
7080917 1
7082702 1
7087729 1
7090000 1
7101629 1
7105805 1
7106304 1
7106388 1
7108106 1
7108487 1
7109089 1
7111434 1
7111434 1
7111938 1
7112892 1
7113549 1
7113584 1
7114744 1
7115964 1
7115964 1
7116025 1
7116751 1
7120739 1
7120947 1
7121116 1
7128902 1
7129221 1
7133666 1
7134358 1
7134904 1
7137385 1
7138429 1
7138694 1
7138965 1
7144617 1
7144903 1
7159528 1
7164602 1
7164753 1
7165896 1
7166539 1
7166959 1
7174417 1
7177217 1
7182329 1
7182468 1
7191139 1
7197634 1
7199794 1
7212854 1
7214041 1
7220296 1
7220687 1
7221218 1
7225270 1
7228108 1
7228616 1
7228697 1
7234862 1
7238486 1
7241416 1
7244991 1
7251185 1
7255865 1
7258488 1
7266147 1
7277383 1
7281260 1
7282394 1
7290091 1
7301561 1
7305324 1
7306287 1
7307263 1
7307656 1
7320985 1
7322342 1
7323425 1
7324733 1
7325017 1
7326631 1
7330038 1
7330038 1
7332553 1
7333519 1
7336488 1
7337032 1
7338023 1
7338298 1
7341739 1
7342848 1
7343100 1
7343100 1
7344474 1
7349683 1
7350691 1
7353308 1
7365829 1
7366180 1
7374783 1
7374783 1
7377851 1
7378472 1
7378472 1
7380783 1
7380783 1
7381428 1
7386976 1
7387921 1
7393137 1
7395653 1
7404144 1
7404192 1
7408861 1
7411384 1
7412376 1
7412947 1
7416600 1
7416816 1
7420941 1
7421242 1
7428653 1
7433109 1
7436844 1
7440383 1
7446437 1
7458693 1
7468956 1
7472898 1
7475846 1
7484689 1
7484717 1
7486180 1
7487334 1
7492475 1
7499482 1
7500050 1
7503414 1
7506372 1
7509286 1
7509286 1
7509290 1
7511311 1
7513833 1
7513842 1
7514729 1
7518810 1
7534830 1
7539131 1
7539896 1
7545938 1
7554859 1
7555302 1
7555523 1
7556427 1
7558077 1
7563926 1
7568273 1
7569213 1
7572830 1
7574311 1
7577652 1
7584383 1
7584383 1
7584383 1
7584383 1
7584597 1
7588727 1
7593685 1
7594202 1
7596674 1
7620596 1
7622791 1
7628180 1
7628331 1
7635773 1
7643354 1
7644111 1
7647000 1
7651174 1
7651280 1
7653411 1
7653411 1
7653721 1
7657529 1
7658483 1
7666286 1
7667813 1
7670054 1
7670054 1
7674074 1
7695050 1
7696653 1
7697913 1
7700473 1
7704462 1
7710069 1
7710626 1
7710780 1
7713001 1
7720703 1
7727274 1
7732914 1
7734176 1
7740102 1
7740333 1
7755953 1
7756860 1
7758569 1
7764280 1
7768372 1
7770490 1
7770906 1
7777276 1
7777637 1
7781038 1
7783493 1
7785469 1
7789893 1
7790249 1
7792533 1
7803778 1
7805520 1
7809788 1
7823754 1
7823837 1
7824796 1
7827054 1
7831629 1
7832770 1
7834922 1
7840190 1
7842013 1
7845228 1
7848631 1
7850368 1
7850528 1
7851028 1
7853257 1
7853593 1
7854483 1
7854483 1
7862220 1
7868067 1
7871184 1
7874448 1
7874494 1
7886546 1
7894344 1
7896480 1
7900835 1
7901895 1
7918154 1
7922643 1
7925502 1
7928897 1
7933380 1
7935100 1
7935657 1
7942261 1
7946047 1
7947696 1
7950674 1
7954811 1
7958198 1
7959790 1
7966826 1
7966903 1
7967388 1
7967388 1
7971458 1
7978218 1
7978576 1
7979107 1
7981897 1
7996337 1
7996800 1
8001653 1
8002053 1
8003321 1
8004177 1
8005086 1
8005412 1
8005412 1
8005767 1
8006609 1
8009138 1
8012375 1
8015446 1
8015813 1
8016762 1
8019899 1
8020636 1
8023311 1
8023311 1
8028825 1
8028943 1
8037164 1
8037725 1
8040155 1
8040293 1
8041119 1
8041395 1
8042196 1
8042249 1
8042667 1
8043633 1
8043986 1
8046002 1
8047091 1
8056243 1
8058936 1
8061880 1
8065642 1
8066987 1
8071617 1
8072459 1
8072466 1
8072685 1
8077637 1
8077964 1
8079464 1
8079672 1
8080535 1
8081185 1
8082500 1
8082527 1
8087508 1
8087592 1
8089013 1
8097526 1
8098897 1
8099756 1
8103910 1
8105920 1
8108272 1
8109243 1
8111058 1
8111968 1
8119472 1
8120686 1
8121917 1
8121977 1
8122363 1
8125414 1
8126573 1
8126763 1
8129553 1
8131400 1
8131685 1
8131914 1
8132998 1
8134192 1
8134351 1
8137628 1
8138483 1
8140872 1
8140878 1
8142859 1
8143950 1
8144346 1
8149254 1
8151142 1
8153644 1
8155078 1
8155291 1
8157568 1
8158213 1
8163502 1
8165177 1
8167139 1
8177345 1
8189924 1
8192325 1
8194808 1
8197845 1
8198735 1
8209918 1
8210984 1
8214160 1
8216617 1
8217091 1
8218960 1
8221296 1
8222462 1
8224311 1
8229074 1
8229410 1
8255176 1
8257706 1
8265233 1
8275160 1
8284184 1
8287380 1
8288759 1
8300379 1
8300817 1
120 1
1811 1
7166 1
9855 1
9887 1
10136 1
18141 1
25205 1
30210 1
34005 1
35838 1
38137 1
39063 1
39063 1
55517 1
55952 1
58948 1
73892 1
76047 1
81819 1
82783 1
94166 1
94292 1
98481 1
98738 1
99669 1
107923 1
109029 1
109546 1
111423 1
111744 1
111946 1
112831 1
113085 1
113334 1
116796 1
120914 1
124727 1
124824 1
124824 1
125906 1
126163 1
132283 1
136815 1
137480 1
137615 1
140485 1
145411 1
145985 1
146289 1
146503 1
147069 1
148792 1
149100 1
151736 1
158265 1
162100 1
163148 1
163973 1
170465 1
174872 1
176303 1
177228 1
178211 1
179719 1
181045 1
182360 1
183249 1
186549 1
186911 1
193030 1
193131 1
193131 1
193547 1
195422 1
195429 1
197794 1
198366 1
199376 1
199376 1
200449 1
200786 1
203748 1
204538 1
211684 1
212024 1
213242 1
216020 1
216148 1
218468 1
219868 1
220267 1
221592 1
230665 1
230907 1
232293 1
235689 1
236378 1
236826 1
249657 1
254214 1
261164 1
262393 1
262393 1
262690 1
265305 1
268500 1
278149 1
284813 1
284813 1
286202 1
286988 1
288323 1
288411 1
290726 1
303860 1
304582 1
311621 1
311621 1
320202 1
325602 1
335185 1
339183 1
351571 1
351799 1
352130 1
354683 1
363745 1
366309 1
374286 1
374643 1
389523 1
390208 1
416207 1
431891 1
432071 1
432071 1
434107 1
436382 1
436782 1
441502 1
441846 1
441902 1
442436 1
442436 1
445460 1
449577 1
450934 1
454765 1
454765 1
455338 1
467609 1
473187 1
480288 1
490339 1
491157 1
495176 1
498248 1
500176 1
500354 1
501799 1
505288 1
507524 1
509081 1
509126 1
519172 1
523955 1
524876 1
526305 1
535554 1
535739 1
541067 1
546346 1
547199 1
561616 1
566698 1
571793 1
571896 1
573410 1
574909 1
578057 1
580871 1
581804 1
590438 1
637577 1
644986 1
647783 1
648880 1
656295 1
666152 1
675918 1
684190 1
689423 1
697313 1
699149 1
717576 1
718330 1
720184 1
723550 1
729525 1
741197 1
749747 1
750651 1
752457 1
757692 1
757692 1
760825 1
761212 1
765276 1
767181 1
775638 1
778659 1
778659 1
779307 1
782862 1
788779 1
793121 1
794042 1
811097 1
815831 1
817019 1
823826 1
832269 1
834792 1
839068 1
839068 1
842980 1
843172 1
844813 1
848228 1
850306 1
860951 1
863660 1
865176 1
866830 1
868799 1
870334 1
871682 1
879195 1
894898 1
899239 1
899562 1
900047 1
904298 1
906556 1
911701 1
918897 1
921711 1
922070 1
922127 1
923297 1
923689 1
925922 1
943743 1
950063 1
951106 1
951106 1
952723 1
954372 1
954880 1
955984 1
963740 1
963841 1
966549 1
967281 1
969499 1
976101 1
977148 1
983963 1
985809 1
1006238 1
1007866 1
1027503 1
1027804 1
1032611 1
1039351 1
1042120 1
1044097 1
1044146 1
1044653 1
1047706 1
1050028 1
1050540 1
1054274 1
1054635 1
1056340 1
1063566 1
1063608 1
1067850 1
1069864 1
1070303 1
1070422 1
1074189 1
1088136 1
1088913 1
1089041 1
1097316 1
1100129 1
1100603 1
1103933 1
1107554 1
1109499 1
1115671 1
1116666 1
1117652 1
1132154 1
1134259 1
1136663 1
1138326 1
1141081 1
1142077 1
1142475 1
1163541 1
1167373 1
1167976 1
1173213 1
1174127 1
1175856 1
1179585 1
1179909 1
1190075 1
1190827 1
1193348 1
1195837 1
1198920 1
1202462 1
1203641 1
1205891 1
1206030 1
1206244 1
1212711 1
1213755 1
1214379 1
1214999 1
1216278 1
1216761 1
1218311 1
1218558 1
1219184 1
1220099 1
1225033 1
1226568 1
1228823 1
1230718 1
1249112 1
1256480 1
1264786 1
1264789 1
1266183 1
1270994 1
1273029 1
1279013 1
1287658 1
1292822 1
1294387 1
1296443 1
1297205 1
1302350 1
1303205 1
1303603 1
1308535 1
1312217 1
1313636 1
1316563 1
1324783 1
1326066 1
1326066 1
1327003 1
1327306 1
1329695 1
1330657 1
1337394 1
1339603 1
1342514 1
1346211 1
1347764 1
1349341 1
1350717 1
1356412 1
1363181 1
1367150 1
1367150 1
1371065 1
1373262 1
1391753 1
1403768 1
1404028 1
1413052 1
1416352 1
1418058 1
1423862 1
1426498 1
1426782 1
1427314 1
1427449 1
1432970 1
1435861 1
1442658 1
1444420 1
1451671 1
1459129 1
1459284 1
1460932 1
1460932 1
1461837 1
1461837 1
1468858 1
1485511 1
1486930 1
1491457 1
1495457 1
1499984 1
1506415 1
1507149 1
1509467 1
1511900 1
1512013 1
1513013 1
1514535 1
1515871 1
1519334 1
1530527 1
1537062 1
1543598 1
1546430 1
1546661 1
1561710 1
1561810 1
1569465 1
1569666 1
1577777 1
1595918 1
1598675 1
1602058 1
1604294 1
1604717 1
1606772 1
1606968 1
1606968 1
1613008 1
1615471 1
1621619 1
1624884 1
1624884 1
1627928 1
1636117 1
1641109 1
1644260 1
1644338 1
1644338 1
1645607 1
1652102 1
1652848 1
1653989 1
1658126 1
1660648 1
1662104 1
1668345 1
1670275 1
1673650 1
1677307 1
1680724 1
1682456 1
1683210 1
1699531 1
1700018 1
1702170 1
1704271 1
1704633 1
1704633 1
1715100 1
1722505 1
1723234 1
1723405 1
1726946 1
1729870 1
1734992 1
1739250 1
1745050 1
1765756 1
1771168 1
1771352 1
1771765 1
1772370 1
1773525 1
1773866 1
1781555 1
1785558 1
1790519 1
1794772 1
1798358 1
1799711 1
1802991 1
1804639 1
1805471 1
1807989 1
1814997 1
1820436 1
1822099 1
1824018 1
1827505 1
1832972 1
1833260 1
1840848 1
1857096 1
1857633 1
1858477 1
1867801 1
1869264 1
1869984 1
1878514 1
1880383 1
1880739 1
1881578 1
1883293 1
1886210 1
1886766 1
1891629 1
1898103 1
1899318 1
1900525 1
1906142 1
1907933 1
1918670 1
1919968 1
1920895 1
1927527 1
1929505 1
1930590 1
1964406 1
1967483 1
1974089 1
1976172 1
1976791 1
1986098 1
1989707 1
1994015 1
2000946 1
2002133 1
2002355 1
2002449 1
2003145 1
2003325 1
2006211 1
2007631 1
2007631 1
2009955 1
2010152 1
2012226 1
2013901 1
2015418 1
2020304 1
2021075 1
2025039 1
2025378 1
2032928 1
2033201 1
2033237 1
2053301 1
2066150 1
2066790 1
2067202 1
2069872 1
2074921 1
2078191 1
2083791 1
2084690 1
2104170 1
2109438 1
2114746 1
2116986 1
2120102 1
2120452 1
2125247 1
2130891 1
2139529 1
2150267 1
2158222 1
2158471 1
2159134 1
2167254 1
2174205 1
2175361 1
2186447 1
2191238 1
2191238 1
2193930 1
2195011 1
2196622 1
2211951 1
2216543 1
2221249 1
2229811 1
2238101 1
2239560 1
2241373 1
2253704 1
2255847 1
2256465 1
2258642 1
2265271 1
2272805 1
2272829 1
2274357 1
2274811 1
2275823 1
2284322 1
2287541 1
2291597 1
2291782 1
2291932 1
2291932 1
2294552 1
2295553 1
2298684 1
2300305 1
2300862 1
2300874 1
2300960 1
2303135 1
2305245 1
2310589 1
2313134 1
2323530 1
2324126 1
2325225 1
2374363 1
2375500 1
2376488 1
2377022 1
2382056 1
2382766 1
2405315 1
2406178 1
2409525 1
2409525 1
2417825 1
2424191 1
2424266 1
2427193 1
2427745 1
2433335 1
2439990 1
2440025 1
2441711 1
2446349 1
2446555 1
2456796 1
2467958 1
2470499 1
2471408 1
2476858 1
2476928 1
2477227 1
2480854 1
2488936 1
2490464 1
2495419 1
2504310 1
2507486 1
2513130 1
2514850 1
2518070 1
2521540 1
2524597 1
2525397 1
2527966 1
2529033 1
2531398 1
2532375 1
2533220 1
2537695 1
2542139 1
2546884 1
2551654 1
2555037 1
2565680 1
2566275 1
2568696 1
2569933 1
2576681 1
2578568 1
2580861 1
2582915 1
2588895 1
2590221 1
2590594 1
2591051 1
2592798 1
2594168 1
2597468 1
2599241 1
2618966 1
2620365 1
2622733 1
2623652 1
2626469 1
2629917 1
2629917 1
2636706 1
2660508 1
2664640 1
2671729 1
2671880 1
2674546 1
2674546 1
2682774 1
2682808 1
2683720 1
2684676 1
2709441 1
2712092 1
2715070 1
2715076 1
2727061 1
2727883 1
2744498 1
2746339 1
2755829 1
2773205 1
2782765 1
2785581 1
2789075 1
2796440 1
2796464 1
2800346 1
2801105 1
2806471 1
2806737 1
2810610 1
2813694 1
2817955 1
2828662 1
2834158 1
2840397 1
2840814 1
2849884 1
2850083 1
2850416 1
2850538 1
2854675 1
2862117 1
2866309 1
2867945 1
2870050 1
2874250 1
2875414 1
2875549 1
2880450 1
2881724 1
2885813 1
2887491 1
2888317 1
2895680 1
2903791 1
2910495 1
2911308 1
2911315 1
2911315 1
2913407 1
2913407 1
2913712 1
2915476 1
2921642 1
2922332 1
2923620 1
2924607 1
2928401 1
2932350 1
2932441 1
2932563 1
2943627 1
2949856 1
2950860 1
2956261 1
2956703 1
2957099 1
2962505 1
2963203 1
2979760 1
2982368 1
2985653 1
2991277 1
2991376 1
2998408 1
3004870 1
3005921 1
3016632 1
3024890 1
3028718 1
3034746 1
3043050 1
3043051 1
3043269 1
3050030 1
3058756 1
3060074 1
3062838 1
3068786 1
3071711 1
3072428 1
3084664 1
3086546 1
3094371 1
3101305 1
3114330 1
3114549 1
3121915 1
3123701 1
3123701 1
3125199 1
3125199 1
3131016 1
3136356 1
3142973 1
3145286 1
3146938 1
3153956 1
3155054 1
3158037 1
3162858 1
3166551 1
3167039 1
3168184 1
3171132 1
3174592 1
3175880 1
3184074 1
3184622 1
3187450 1
3191544 1
3197940 1
3204133 1
3205065 1
3206405 1
3206640 1
3208360 1
3216100 1
3218944 1
3219680 1
3220784 1
3221299 1
3224366 1
3224994 1
3226383 1
3228161 1
3232742 1
3233893 1
3235180 1
3239221 1
3242212 1
3248532 1
3250448 1
3252084 1
3252955 1
3257880 1
3261483 1
3269474 1
3277701 1
3280139 1
3281085 1
3285954 1
3285972 1
3291230 1
3292586 1
3296657 1
3301484 1
3304260 1
3305651 1
3307548 1
3308902 1
3309095 1
3310716 1
3311792 1
3311872 1
3311872 1
3320369 1
3321411 1
3321411 1
3322141 1
3332673 1
3334186 1
3337000 1
3342047 1
3342164 1
3343300 1
3343564 1
3346814 1
3360433 1
3362800 1
3363736 1
3364172 1
3375514 1
3379413 1
3382866 1
3389872 1
3390936 1
3392401 1
3392992 1
3392992 1
3395968 1
3405624 1
3416383 1
3421112 1
3427695 1
3432897 1
3433402 1
3437830 1
3439203 1
3441184 1
3447364 1
3448494 1
3453487 1
3469650 1
3472462 1
3476197 1
3478090 1
3478733 1
3488793 1
3489949 1
3502724 1
3503712 1
3505225 1
3509542 1
3510421 1
3510635 1
3511839 1
3512859 1
3513863 1
3518970 1
3519531 1
3520263 1
3525666 1
3528230 1
3529964 1
3531724 1
3534281 1
3534660 1
3534897 1
3536276 1
3538500 1
3538911 1
3540043 1
3540043 1
3544767 1
3548972 1
3550817 1
3555807 1
3557759 1
3557759 1
3560651 1
3569993 1
3573546 1
3581826 1
3583936 1
3590179 1
3590263 1
3590538 1
3600811 1
3615570 1
3616625 1
3621082 1
3630241 1
3636409 1
3642138 1
3653925 1
3657511 1
3657964 1
3657964 1
3658363 1
3658598 1
3659773 1
3662406 1
3663797 1
3667644 1
3673036 1
3674555 1
3689881 1
3693448 1
3696659 1
3706249 1
3711729 1
3717693 1
3722176 1
3723769 1
3723769 1
3729780 1
3732127 1
3732581 1
3735639 1
3737950 1
3742870 1
3742912 1
3745640 1
3750799 1
3756527 1
3759320 1
3760801 1
3772158 1
3772458 1
3772458 1
3776756 1
3776986 1
3783011 1
3789483 1
3794615 1
3797373 1
3799425 1
3811717 1
3817878 1
3829544 1
3832281 1
3841677 1
3847208 1
3851685 1
3859719 1
3860016 1
3863223 1
3874365 1
3874497 1
3884970 1
3895015 1
3917962 1
3918236 1
3925886 1
3932520 1
3935640 1
3938392 1
3943748 1
3955301 1
3956070 1
3959452 1
3964672 1
3973435 1
3987255 1
3992001 1
3994953 1
4002388 1
4005353 1
4005353 1
4007671 1
4007694 1
4027130 1
4030378 1
4031417 1
4032875 1
4033526 1
4044295 1
4056126 1
4061852 1
4062757 1
4063300 1
4063389 1
4063849 1
4075709 1
4087955 1
4095575 1
4104579 1
4136064 1
4136483 1
4145034 1
4148954 1
4156829 1
4158375 1
4159116 1
4161920 1
4162201 1
4165039 1
4172500 1
4179200 1
4187923 1
4187923 1
4190356 1
4190687 1
4191184 1
4191777 1
4192285 1
4192458 1
4193238 1
4196422 1
4198622 1
4199255 1
4203114 1
4204168 1
4206274 1
4209648 1
4217410 1
4218928 1
4227785 1
4229872 1
4234262 1
4234262 1
4270079 1
4273049 1
4273220 1
4278980 1
4293321 1
4295559 1
4298111 1
4299046 1
4319195 1
4329451 1
4331918 1
4333752 1
4336248 1
4336248 1
4337896 1
4340700 1
4341774 1
4344190 1
4344815 1
4346521 1
4348577 1
4349982 1
4358875 1
4359363 1
4363427 1
4370581 1
4370581 1
4377378 1
4400708 1
4401896 1
4413508 1
4423381 1
4424733 1
4430827 1
4444866 1
4444917 1
4447081 1
4448544 1
4450500 1
4451434 1
4453092 1
4466562 1
4480592 1
4481122 1
4484420 1
4489090 1
4495299 1
4505426 1
4506225 1
4508695 1
4514679 1
4515517 1
4524553 1
4525691 1
4528391 1
4530939 1
4531234 1
4532811 1
4543253 1
4545571 1
4553856 1
4558208 1
4558208 1
4558753 1
4565601 1
4578265 1
4580867 1
4587625 1
4587631 1
4595613 1
4596530 1
4596534 1
4597772 1
4597772 1
4609011 1
4609516 1
4613836 1
4627908 1
4630374 1
4633620 1
4633778 1
4633778 1
4639417 1
4640810 1
4641628 1
4646763 1
4647227 1
4652871 1
4656578 1
4671528 1
4673015 1
4681108 1
4683523 1
4684400 1
4690008 1
4694583 1
4707900 1
4708363 1
4708977 1
4710021 1
4713576 1
4726184 1
4726184 1
4730424 1
4730424 1
4730930 1
4735425 1
4737318 1
4738168 1
4738273 1
4749325 1
4752682 1
4754020 1
4761727 1
4762200 1
4763361 1
4770397 1
4779098 1
4787709 1
4798919 1
4799964 1
4803292 1
4811051 1
4812823 1
4816124 1
4818398 1
4823940 1
4825514 1
4826366 1
4826542 1
4837112 1
4841002 1
4841930 1
4861186 1
4861887 1
4862531 1
4862969 1
4864106 1
4864106 1
4869776 1
4869776 1
4873937 1
4883361 1
4893196 1
4900635 1
4908849 1
4911787 1
4913501 1
4921958 1
4922180 1
4929901 1
4940740 1
4949439 1
4954243 1
4956854 1
4967843 1
4987770 1
4988623 1
4994396 1
4996137 1
4996964 1
5000173 1
5000493 1
5004495 1
5009659 1
5014300 1
5014300 1
5014531 1
5021347 1
5022820 1
5024833 1
5024836 1
5028178 1
5029013 1
5030721 1
5032214 1
5032549 1
5039017 1
5045249 1
5052965 1
5073119 1
5073874 1
5074527 1
5074897 1
5079376 1
5082328 1
5087451 1
5099255 1
5115759 1
5126252 1
5139758 1
5147846 1
5157429 1
5158404 1
5159051 1
5171955 1
5176448 1
5187137 1
5194111 1
5197320 1
5197674 1
5208015 1
5214672 1
5221854 1
5229838 1
5235077 1
5238926 1
5240046 1
5243089 1
5254556 1
5259481 1
5261764 1
5263271 1
5273144 1
5274272 1
5277492 1
5283492 1
5283948 1
5283983 1
5286948 1
5287546 1
5293351 1
5294215 1
5299945 1
5300030 1
5312366 1
5317294 1
5318940 1
5330731 1
5331402 1
5333682 1
5340825 1
5341009 1
5346219 1
5350801 1
5350810 1
5350817 1
5356386 1
5364799 1
5369148 1
5386590 1
5416754 1
5428747 1
5429502 1
5430563 1
5432907 1
5440631 1
5440845 1
5442886 1
5446530 1
5471551 1
5482054 1
5490227 1
5490227 1
5494931 1
5496360 1
5500373 1
5505707 1
5505779 1
5514281 1
5517708 1
5529915 1
5540195 1
5541783 1
5543844 1
5546354 1
5547127 1
5548284 1
5550934 1
5556938 1
5558909 1
5560560 1
5562092 1
5565482 1
5586045 1
5591859 1
5592113 1
5593556 1
5598506 1
5599936 1
5600916 1
5605375 1
5615499 1
5616096 1
5630081 1
5634073 1
5635191 1
5641740 1
5642402 1
5643072 1
5651610 1
5657854 1
5661677 1
5662707 1
5663542 1
5664935 1
5669258 1
5671605 1
5672735 1
5677747 1
5684503 1
5686182 1
5689016 1
5689909 1
5690863 1
5693279 1
5711951 1
5715307 1
5715375 1
5715895 1
5716888 1
5716888 1
5718365 1
5720305 1
5730732 1
5732482 1
5732849 1
5734924 1
5735045 1
5744294 1
5746588 1
5755198 1
5756131 1
5767100 1
5775860 1
5775983 1
5776182 1
5776845 1
5780788 1
5783946 1
5789883 1
5792893 1
5798202 1
5798478 1
5807091 1
5808605 1
5814236 1
5821946 1
5824014 1
5824014 1
5824229 1
5824941 1
5825151 1
5828377 1
5830776 1
5850698 1
5858541 1
5861607 1
5862816 1
5863013 1
5876277 1
5878126 1
5878453 1
5878633 1
5879032 1
5879721 1
5880900 1
5880908 1
5880908 1
5880911 1
5881658 1
5881962 1
5882911 1
5894349 1
5895361 1
5899370 1
5907550 1
5921726 1
5938815 1
5948243 1
5955726 1
5956170 1
5962716 1
5963394 1
5965060 1
5970139 1
5970505 1
5973405 1
5973565 1
5978668 1
5981297 1
5982986 1
5983204 1
5983222 1
5983986 1
5984387 1
5994562 1
6002204 1
6003592 1
6005638 1
6006789 1
6006875 1
6007403 1
6007447 1
6014146 1
6016076 1
6030153 1
6031639 1
6033478 1
6034670 1
6034971 1
6035436 1
6040275 1
6041914 1
6042109 1
6042474 1
6055455 1
6057006 1
6063944 1
6067503 1
6073512 1
6077838 1
6086258 1
6098661 1
6105411 1
6108250 1
6120278 1
6121129 1
6122921 1
6124241 1
6126028 1
6129384 1
6130295 1
6132358 1
6141907 1
6143800 1
6146646 1
6146646 1
6150558 1
6150666 1
6151368 1
6151539 1
6151850 1
6153165 1
6153231 1
6155042 1
6172686 1
6182258 1
6182590 1
6185375 1
6187828 1
6200714 1
6203727 1
6204524 1
6206117 1
6207618 1
6228210 1
6230656 1
6248771 1
6250867 1
6254183 1
6261765 1
6268623 1
6278506 1
6286303 1
6290489 1
6292494 1
6293481 1
6294551 1
6294850 1
6299630 1
6319545 1
6324144 1
6331703 1
6333057 1
6335602 1
6341886 1
6347374 1
6357144 1
6357604 1
6358926 1
6377685 1
6380159 1
6381826 1
6386843 1
6390325 1
6396625 1
6402848 1
6403567 1
6404740 1
6405721 1
6405736 1
6406141 1
6406805 1
6407699 1
6416684 1
6420681 1
6428599 1
6448232 1
6469757 1
6477815 1
6478901 1
6479593 1
6480864 1
6483403 1
6488685 1
6488685 1
6490760 1
6496593 1
6503642 1
6503642 1
6509753 1
6528208 1
6533528 1
6535365 1
6537533 1
6537678 1
6540113 1
6548097 1
6557648 1
6560919 1
6565242 1
6566081 1
6578486 1
6580967 1
6583492 1
6588069 1
6601121 1
6604285 1
6605558 1
6605884 1
6606482 1
6606856 1
6607161 1
6614764 1
6615426 1
6616648 1
6617290 1
6617893 1
6618233 1
6618564 1
6620619 1
6622724 1
6626713 1
6630261 1
6633064 1
6633192 1
6640406 1
6640696 1
6644485 1
6644703 1
6644956 1
6646363 1
6646750 1
6646750 1
6649323 1
6650669 1
6661367 1
6663976 1
6666844 1
6667233 1
6674351 1
6679483 1
6684652 1
6686055 1
6687026 1
6689146 1
6700141 1
6703995 1
6704720 1
6706967 1
6707290 1
6713199 1
6716078 1
6724331 1
6727626 1
6733924 1
6735888 1
6742187 1
6747275 1
6749569 1
6753736 1
6765577 1
6769497 1
6773074 1
6775452 1
6789076 1
6793696 1
6803118 1
6808086 1
6808336 1
6812776 1
6814477 1
6816904 1
6831842 1
6833501 1
6834295 1
6838014 1
6851622 1
6854714 1
6854732 1
6859716 1
6868180 1
6869955 1
6870247 1
6871841 1
6871926 1
6878501 1
6882402 1
6883511 1
6883812 1
6892291 1
6892862 1
6895291 1
6896415 1
6898910 1
6899537 1
6907010 1
6909708 1
6912615 1
6916956 1
6924179 1
6928001 1
6928102 1
6929446 1
6929996 1
6929999 1
6933422 1
6933793 1
6934935 1
6934935 1
6936145 1
6936246 1
6937423 1
6937594 1
6947592 1
6948398 1
6949302 1
6951179 1
6952129 1
6952875 1
6954906 1
6962364 1
6963085 1
6964177 1
6964595 1
6966315 1
6971527 1
6972496 1
6972597 1
6979918 1
6983271 1
6990372 1
6991373 1
6991485 1
6992148 1
6992148 1
6994405 1
6994455 1
6994496 1
7009734 1
7013590 1
7017332 1
7021670 1
7022296 1
7027987 1
7028444 1
7030271 1
7033764 1
7038989 1
7040138 1
7047141 1
7050932 1
7051613 1
7052701 1
7054080 1
7057987 1
7064936 1
7066934 1
7067075 1
7067107 1
7074447 1
7076211 1
7076841 1
7076841 1
7077405 1
7077921 1
7078006 1
7080982 1
7082858 1
7101473 1
7103558 1
7103558 1
7106166 1
7108473 1
7109334 1
7110143 1
7111181 1
7111698 1
7113504 1
7116931 1
7116931 1
7117246 1
7119865 1
7130723 1
7136130 1
7166327 1
7170096 1
7175473 1
7180618 1
7182332 1
7183836 1
7192953 1
7196917 1
7199406 1
7206290 1
7209152 1
7215104 1
7226671 1
7239780 1
7247085 1
7248303 1
7250920 1
7254072 1
7255709 1
7258778 1
7260564 1
7260723 1
7261153 1
7272446 1
7277350 1
7277350 1
7279073 1
7289510 1
7290710 1
7291620 1
7293815 1
7294824 1
7298189 1
7305291 1
7309096 1
7309452 1
7312202 1
7312868 1
7313839 1
7319998 1
7324460 1
7324646 1
7328282 1
7328933 1
7330197 1
7333016 1
7340156 1
7340224 1
7341258 1
7345195 1
7345635 1
7347191 1
7350261 1
7357582 1
7362625 1
7370040 1
7370042 1
7375327 1
7379742 1
7385008 1
7387422 1
7391507 1
7391725 1
7392092 1
7392491 1
7393699 1
7396432 1
7399683 1
7400576 1
7403383 1
7413896 1
7422076 1
7422600 1
7425960 1
7429168 1
7430397 1
7431231 1
7431266 1
7431266 1
7438280 1
7440996 1
7443604 1
7445492 1
7454662 1
7458896 1
7459363 1
7460003 1
7464111 1
7468490 1
7481106 1
7481110 1
7484093 1
7489957 1
7492770 1
7498153 1
7504257 1
7504848 1
7505296 1
7506107 1
7506963 1
7508575 1
7513698 1
7515446 1
7520039 1
7529972 1
7534742 1
7536694 1
7538093 1
7541895 1
7552259 1
7552368 1
7558012 1
7560291 1
7560654 1
7566659 1
7572386 1
7576433 1
7577616 1
7589705 1
7591347 1
7593708 1
7594800 1
7595129 1
7596780 1
7598737 1
7600539 1
7601077 1
7603483 1
7606970 1
7608749 1
7609248 1
7610004 1
7630833 1
7638884 1
7644775 1
7653549 1
7657685 1
7660957 1
7661517 1
7668217 1
7669321 1
7670100 1
7670432 1
7672605 1
7675289 1
7675602 1
7676474 1
7676489 1
7677048 1
7680889 1
7691337 1
7694147 1
7703174 1
7703703 1
7707892 1
7712062 1
7724596 1
7726863 1
7733707 1
7742236 1
7747014 1
7751025 1
7755227 1
7767993 1
7771707 1
7775661 1
7776325 1
7776517 1
7787351 1
7792547 1
7805817 1
7816509 1
7816928 1
7831341 1
7831361 1
7831468 1
7831952 1
7833846 1
7841952 1
7848130 1
7848858 1
7852109 1
7856323 1
7872064 1
7874514 1
7881330 1
7888370 1
7888563 1
7893116 1
7899802 1
7899996 1
7909441 1
7909653 1
7911465 1
7912978 1
7915491 1
7916164 1
7918195 1
7919869 1
7922030 1
7922508 1
7936688 1
7938478 1
7941777 1
7941901 1
7947832 1
7951553 1
7958613 1
7963690 1
7967701 1
7971758 1
7976833 1
7979159 1
7980021 1
7988238 1
7994694 1
7997194 1
7998001 1
8004267 1
8004412 1
8004665 1
8005343 1
8005724 1
8006667 1
8006686 1
8010431 1
8015197 1
8015197 1
8015800 1
8015903 1
8016390 1
8016655 1
8018333 1
8020440 1
8021844 1
8033255 1
8033441 1
8035017 1
8036057 1
8038551 1
8042694 1
8044251 1
8045384 1
8046567 1
8047586 1
8050838 1
8050843 1
8052015 1
8052629 1
8053170 1
8053748 1
8055005 1
8057332 1
8060952 1
8061010 1
8061269 1
8061663 1
8061687 1
8065367 1
8067645 1
8068178 1
8069574 1
8070449 1
8071986 1
8072121 1
8072427 1
8074387 1
8076541 1
8077213 1
8078781 1
8082969 1
8083012 1
8083868 1
8084541 1
8088688 1
8088958 1
8091511 1
8092072 1
8092635 1
8094136 1
8094137 1
8095042 1
8099375 1
8099995 1
8100280 1
8104695 1
8104977 1
8106672 1
8108599 1
8109275 1
8110425 1
8116960 1
8116960 1
8118079 1
8118920 1
8119620 1
8120670 1
8123653 1
8124595 1
8126268 1
8132260 1
8132529 1
8132850 1
8133133 1
8135514 1
8136988 1
8137570 1
8137980 1
8138406 1
8138943 1
8141792 1
8144443 1
8149567 1
8150036 1
8151107 1
8151129 1
8151146 1
8151785 1
8153455 1
8155190 1
8156067 1
8157323 1
8161916 1
8162642 1
8165643 1
8166564 1
8166689 1
8182667 1
8187357 1
8191024 1
8191345 1
8192223 1
8196230 1
8196282 1
8206338 1
8212890 1
8218919 1
8221268 1
8221599 1
8222270 1
8222791 1
8223939 1
8224629 1
8224684 1
8232271 1
8249220 1
8251342 1
8262578 1
8264056 1
8273493 1
8274983 1
8283736 1
8286947 1
8287474 1
8294025 1
8295985 1
8296367 1
8297528 1
8301920 1
15608 1
26778 1
48286 1
49280 1
53859 1
55328 1
104061 1
105708 1
115785 1
116769 1
122331 1
146560 1
149654 1
162541 1
175171 1
181659 1
188027 1
188027 1
192312 1
201617 1
232878 1
236834 1
240341 1
251308 1
260024 1
285987 1
335142 1
362223 1
363950 1
398376 1
398376 1
400018 1
407430 1
452620 1
462522 1
477283 1
479042 1
482601 1
489024 1
514854 1
558882 1
570162 1
605285 1
615477 1
647845 1
670718 1
717735 1
720133 1
722872 1
727752 1
751476 1
778762 1
779110 1
788976 1
814750 1
816440 1
825547 1
831566 1
837164 1
839551 1
844683 1
872891 1
907155 1
915802 1
918036 1
923240 1
947459 1
951527 1
953264 1
982432 1
983047 1
1000146 1
1043303 1
1045608 1
1056870 1
1083311 1
1089455 1
1093243 1
1103259 1
1105744 1
1106506 1
1118289 1
1161472 1
1166862 1
1169416 1
1170563 1
1184553 1
1192567 1
1197204 1
1199370 1
1205152 1
1210673 1
1214526 1
1214555 1
1226615 1
1239391 1
1241376 1
1241376 1
1245311 1
1270297 1
1298533 1
1302522 1
1306814 1
1333568 1
1333634 1
1346286 1
1348272 1
1352047 1
1356131 1
1356131 1
1358169 1
1359155 1
1366760 1
1383045 1
1390769 1
1397353 1
1397383 1
1402549 1
1409122 1
1419281 1
1421673 1
1423370 1
1461965 1
1467189 1
1480992 1
1497543 1
1499630 1
1506836 1
1510095 1
1536027 1
1566773 1
1585801 1
1604732 1
1609398 1
1645445 1
1654077 1
1669627 1
1693058 1
1703296 1
1704007 1
1706992 1
1714719 1
1731938 1
1735895 1
1740052 1
1743222 1
1745144 1
1752307 1
1776680 1
1781643 1
1813687 1
1819578 1
1821658 1
1856232 1
1856806 1
1861878 1
1870949 1
1876442 1
1879467 1
1882658 1
1890249 1
1899832 1
1911808 1
1952218 1
1960974 1
1971683 1
1972421 1
1974134 1
1996754 1
2010172 1
2019315 1
2065755 1
2072878 1
2074702 1
2078703 1
2080896 1
2100620 1
2105712 1
2111186 1
2115334 1
2119203 1
2126140 1
2144866 1
2149282 1
2154082 1
2155657 1
2164795 1
2166317 1
2169283 1
2172841 1
2183515 1
2187279 1
2213218 1
2248548 1
2252594 1
2281823 1
2296922 1
2298085 1
2302690 1
2305982 1
2314763 1
2320815 1
2328265 1
2333719 1
2375639 1
2382890 1
2384842 1
2386942 1
2393209 1
2407735 1
2408876 1
2415247 1
2433568 1
2433568 1
2436364 1
2439530 1
2439701 1
2441378 1
2441818 1
2445851 1
2472486 1
2512784 1
2514778 1
2516906 1
2519219 1
2519219 1
2524823 1
2542159 1
2542733 1
2545873 1
2546472 1
2547548 1
2565465 1
2585541 1
2586780 1
2587641 1
2589192 1
2595158 1
2595795 1
2607255 1
2610530 1
2611217 1
2612501 1
2645134 1
2649257 1
2725699 1
2736071 1
2749029 1
2753647 1
2756343 1
2756614 1
2760987 1
2773672 1
2781534 1
2781812 1
2784280 1
2789762 1
2798437 1
2800607 1
2800607 1
2813204 1
2836024 1
2838442 1
2897467 1
2907771 1
2917174 1
2938712 1
2949990 1
2972410 1
2994270 1
2994441 1
3009728 1
3010110 1
3016217 1
3025983 1
3029860 1
3031037 1
3031842 1
3032612 1
3036997 1
3047560 1
3051428 1
3067488 1
3072477 1
3082774 1
3084162 1
3087228 1
3088296 1
3090622 1
3105933 1
3109164 1
3114250 1
3126368 1
3126703 1
3144367 1
3144367 1
3163767 1
3181958 1
3186970 1
3194266 1
3206946 1
3213089 1
3215355 1
3225323 1
3231843 1
3252306 1
3266706 1
3267313 1
3271158 1
3273502 1
3279911 1
3285391 1
3286983 1
3296374 1
3299923 1
3302401 1
3304921 1
3305391 1
3307381 1
3319875 1
3320749 1
3333771 1
3345543 1
3349644 1
3383268 1
3383342 1
3383659 1
3407175 1
3433081 1
3446592 1
3456448 1
3457466 1
3463110 1
3468180 1
3477620 1
3500484 1
3504304 1
3517384 1
3521449 1
3524322 1
3526955 1
3530296 1
3537522 1
3537522 1
3553445 1
3597555 1
3672574 1
3685396 1
3694885 1
3702558 1
3708029 1
3715751 1
3722559 1
3742352 1
3782835 1
3783594 1
3811706 1
3816851 1
3821210 1
3828866 1
3829386 1
3847098 1
3849322 1
3864391 1
3865578 1
3871022 1
3877086 1
3898421 1
3912759 1
3912821 1
3917184 1
3918840 1
3926350 1
3937432 1
3985712 1
3987348 1
3998265 1
4000218 1
4002082 1
4022948 1
4040248 1
4041658 1
4059545 1
4061863 1
4067104 1
4078882 1
4096182 1
4099030 1
4108211 1
4116786 1
4145134 1
4163916 1
4173469 1
4173469 1
4173469 1
4173469 1
4174333 1
4175156 1
4176818 1
4183986 1
4193823 1
4193890 1
4204050 1
4204235 1
4205718 1
4209354 1
4209658 1
4216014 1
4229844 1
4232917 1
4234048 1
4237406 1
4237407 1
4238122 1
4252062 1
4259047 1
4260201 1
4262443 1
4273690 1
4278853 1
4312375 1
4335346 1
4336470 1
4337729 1
4354704 1
4373222 1
4375869 1
4381447 1
4387540 1
4403920 1
4423143 1
4424558 1
4430335 1
4462641 1
4464256 1
4468699 1
4474914 1
4474914 1
4493075 1
4496458 1
4497732 1
4497826 1
4498518 1
4537838 1
4551341 1
4551341 1
4585552 1
4601828 1
4611854 1
4632301 1
4647087 1
4655246 1
4687950 1
4690630 1
4713582 1
4738114 1
4738844 1
4762662 1
4768669 1
4769285 1
4792476 1
4808840 1
4813088 1
4834604 1
4835681 1
4837613 1
4850778 1
4885277 1
4894661 1
4897669 1
4924862 1
4955159 1
4964964 1
4969205 1
4978029 1
4989720 1
5001900 1
5020447 1
5038183 1
5047193 1
5048935 1
5056235 1
5134352 1
5160255 1
5163785 1
5172360 1
5175270 1
5183426 1
5187353 1
5217864 1
5255182 1
5259469 1
5268096 1
5276055 1
5276263 1
5291132 1
5296482 1
5300242 1
5328225 1
5331470 1
5335910 1
5363644 1
5368484 1
5394210 1
5417872 1
5441571 1
5455644 1
5462911 1
5468801 1
5485713 1
5519155 1
5520573 1
5557965 1
5558581 1
5574229 1
5584809 1
5592135 1
5592387 1
5593094 1
5593528 1
5620159 1
5626577 1
5646239 1
5646265 1
5650138 1
5659771 1
5663534 1
5663771 1
5664203 1
5680444 1
5681029 1
5686068 1
5688594 1
5691704 1
5700996 1
5710386 1
5710702 1
5750730 1
5768522 1
5790107 1
5803213 1
5809761 1
5812764 1
5822458 1
5824515 1
5842232 1
5847892 1
5867334 1
5869039 1
5869680 1
5872476 1
5876038 1
5877421 1
5881391 1
5881950 1
5929100 1
5965321 1
5969415 1
5995651 1
6013819 1
6014390 1
6014808 1
6015520 1
6017683 1
6028710 1
6032164 1
6037271 1
6054716 1
6056066 1
6076186 1
6088211 1
6099999 1
6114321 1
6121461 1
6144597 1
6152987 1
6153598 1
6157346 1
6165794 1
6165794 1
6172384 1
6182119 1
6228308 1
6233164 1
6234334 1
6252916 1
6254682 1
6257031 1
6264330 1
6264333 1
6276242 1
6280924 1
6289235 1
6294481 1
6299871 1
6303685 1
6308865 1
6311233 1
6328394 1
6359145 1
6372962 1
6374889 1
6374932 1
6376462 1
6383681 1
6395985 1
6396543 1
6406558 1
6407564 1
6426845 1
6426845 1
6434052 1
6474009 1
6483110 1
6485021 1
6504016 1
6506966 1
6518497 1
6518632 1
6519652 1
6521222 1
6528084 1
6530688 1
6552103 1
6557718 1
6558439 1
6558439 1
6567092 1
6571651 1
6573155 1
6580522 1
6621384 1
6624324 1
6647332 1
6666209 1
6678601 1
6690340 1
6694380 1
6705969 1
6720030 1
6729321 1
6750280 1
6750974 1
6766512 1
6779035 1
6791666 1
6799390 1
6805747 1
6807782 1
6847662 1
6850147 1
6851654 1
6872305 1
6877478 1
6884965 1
6887789 1
6893999 1
6916648 1
6919071 1
6925813 1
6932783 1
6937176 1
6943434 1
6943979 1
6949970 1
6968248 1
6970789 1
6974800 1
6975075 1
6975793 1
6981889 1
6986879 1
6995347 1
7004221 1
7004221 1
7007561 1
7020687 1
7028622 1
7042255 1
7049045 1
7059799 1
7060746 1
7071968 1
7083475 1
7088666 1
7110663 1
7114541 1
7119694 1
7123560 1
7125440 1
7129993 1
7131645 1
7152283 1
7163265 1
7163662 1
7164010 1
7199342 1
7211614 1
7212984 1
7224837 1
7226939 1
7256884 1
7271745 1
7275750 1
7275750 1
7283256 1
7284904 1
7294997 1
7300322 1
7304109 1
7307878 1
7310943 1
7341949 1
7369078 1
7389068 1
7395408 1
7423392 1
7429829 1
7459856 1
7461308 1
7483305 1
7485841 1
7491463 1
7501537 1
7506637 1
7514469 1
7514618 1
7523366 1
7573094 1
7585237 1
7587356 1
7591623 1
7596407 1
7599553 1
7600811 1
7608871 1
7616213 1
7648916 1
7663173 1
7667843 1
7672663 1
7672663 1
7681875 1
7683138 1
7691088 1
7712837 1
7724293 1
7757678 1
7805629 1
7828945 1
7841793 1
7841796 1
7851308 1
7862949 1
7871957 1
7880320 1
7886968 1
7892116 1
7895264 1
7900507 1
7922999 1
7931725 1
7947017 1
7950103 1
7966208 1
7980275 1
8004202 1
8007179 1
8007290 1
8007299 1
8009321 1
8012012 1
8013135 1
8013135 1
8026821 1
8031377 1
8031726 1
8033355 1
8037838 1
8038561 1
8040710 1
8042895 1
8043793 1
8045968 1
8049311 1
8055082 1
8058561 1
8060216 1
8060759 1
8061698 1
8075805 1
8076679 1
8087755 1
8089182 1
8095573 1
8104194 1
8108515 1
8111657 1
8113482 1
8116514 1
8119308 1
8119753 1
8121023 1
8123469 1
8134964 1
8137686 1
8138280 1
8155026 1
8163329 1
8189949 1
8192254 1
8214225 1
8225751 1
8271748 1
8272003 1
