3613 1
7339 1
9237 1
9253 1
11901 1
16176 1
27635 1
29478 1
32773 1
35571 1
47506 1
47562 1
50489 1
53491 1
54372 1
59701 1
63477 1
68947 1
72610 1
73427 1
92173 1
92224 1
99363 1
99542 1
99811 1
101983 1
102367 1
105657 1
111234 1
112571 1
112856 1
115566 1
117040 1
126794 1
126960 1
127591 1
128188 1
131038 1
135473 1
137924 1
138083 1
138503 1
139561 1
151953 1
160055 1
164006 1
165001 1
165162 1
168367 1
170844 1
183216 1
185874 1
188362 1
194954 1
198830 1
200994 1
206895 1
207249 1
209028 1
209203 1
209957 1
211601 1
217320 1
222797 1
228995 1
229167 1
229167 1
229432 1
229632 1
236528 1
236927 1
237617 1
237832 1
241392 1
250026 1
251749 1
253012 1
258052 1
260347 1
261205 1
262244 1
273296 1
281337 1
285665 1
286392 1
293658 1
299587 1
304927 1
314981 1
321081 1
321093 1
321395 1
335142 1
346153 1
354015 1
357299 1
358423 1
358547 1
361125 1
383073 1
385340 1
395490 1
425761 1
427591 1
428860 1
429094 1
429828 1
432999 1
437451 1
442644 1
446410 1
447142 1
451233 1
458710 1
459342 1
466321 1
466957 1
467269 1
473042 1
474467 1
477066 1
481881 1
493680 1
496986 1
500807 1
501596 1
502992 1
506936 1
507289 1
512557 1
512628 1
514489 1
515775 1
522933 1
523540 1
531699 1
535982 1
538439 1
549551 1
550164 1
552196 1
565838 1
567134 1
567585 1
571255 1
577364 1
580342 1
582850 1
593007 1
600297 1
603306 1
606042 1
609296 1
612947 1
613879 1
620553 1
622194 1
624079 1
628580 1
633689 1
634083 1
638310 1
641903 1
643428 1
646336 1
662288 1
664817 1
667812 1
672010 1
675087 1
676954 1
677697 1
678985 1
679549 1
680518 1
682282 1
684179 1
688996 1
690166 1
694583 1
695194 1
695808 1
696134 1
697933 1
697950 1
699429 1
700732 1
703274 1
703461 1
703526 1
703730 1
705668 1
706417 1
711444 1
716163 1
716182 1
720609 1
723550 1
726292 1
727379 1
727867 1
728680 1
737193 1
738789 1
741183 1
743799 1
747271 1
747525 1
749490 1
752764 1
754467 1
779339 1
779452 1
779619 1
779985 1
780288 1
781034 1
782042 1
782197 1
782862 1
783675 1
785460 1
793121 1
799004 1
803330 1
807021 1
831775 1
832910 1
845617 1
848814 1
853975 1
854441 1
855293 1
872260 1
881031 1
881207 1
886689 1
895688 1
895790 1
909296 1
909860 1
921599 1
924307 1
929380 1
939123 1
940408 1
941443 1
941881 1
952524 1
963715 1
964678 1
967008 1
969724 1
971669 1
974780 1
982058 1
982362 1
983179 1
983442 1
985074 1
985471 1
985484 1
988737 1
993139 1
994166 1
995155 1
998339 1
1006495 1
1007296 1
1011546 1
1017887 1
1022386 1
1026627 1
1027676 1
1028145 1
1031434 1
1036634 1
1038362 1
1038591 1
1041790 1
1045544 1
1046289 1
1051432 1
1051706 1
1056982 1
1062269 1
1062386 1
1064541 1
1068243 1
1068907 1
1070249 1
1072246 1
1073373 1
1073846 1
1093056 1
1094623 1
1097159 1
1100240 1
1101671 1
1101890 1
1106299 1
1107682 1
1110340 1
1110585 1
1126766 1
1126983 1
1137355 1
1147907 1
1151010 1
1152368 1
1158715 1
1170620 1
1174619 1
1183051 1
1196659 1
1198281 1
1199388 1
1200764 1
1200799 1
1201205 1
1205073 1
1207928 1
1210666 1
1214036 1
1217826 1
1218692 1
1224401 1
1225803 1
1226843 1
1231087 1
1235553 1
1264516 1
1266570 1
1272225 1
1274344 1
1275003 1
1277387 1
1280182 1
1281673 1
1282292 1
1282546 1
1282610 1
1285709 1
1289049 1
1289780 1
1293485 1
1297994 1
1298802 1
1301246 1
1304188 1
1304961 1
1307695 1
1309757 1
1314086 1
1314509 1
1316873 1
1324691 1
1326343 1
1328770 1
1330083 1
1331590 1
1337321 1
1341793 1
1343697 1
1345351 1
1346211 1
1355573 1
1359107 1
1361982 1
1376509 1
1377299 1
1398658 1
1400314 1
1400864 1
1401232 1
1405527 1
1405580 1
1406565 1
1419972 1
1422771 1
1422923 1
1426277 1
1440292 1
1440396 1
1445997 1
1446821 1
1449037 1
1449446 1
1452887 1
1453258 1
1460575 1
1461138 1
1463201 1
1474328 1
1477290 1
1479687 1
1480451 1
1482660 1
1491675 1
1493083 1
1493627 1
1495228 1
1495846 1
1498213 1
1504652 1
1511299 1
1525848 1
1530553 1
1530633 1
1535315 1
1535824 1
1535877 1
1546506 1
1549583 1
1550061 1
1550344 1
1552160 1
1556675 1
1567919 1
1580891 1
1581987 1
1584439 1
1586311 1
1586819 1
1595100 1
1597406 1
1599654 1
1603991 1
1604565 1
1607378 1
1610378 1
1612100 1
1619231 1
1619331 1
1625495 1
1627228 1
1627507 1
1629917 1
1630760 1
1633986 1
1634648 1
1637798 1
1652343 1
1656279 1
1656295 1
1659266 1
1672224 1
1673637 1
1673897 1
1675304 1
1679764 1
1680279 1
1682919 1
1687227 1
1687730 1
1693337 1
1700666 1
1701331 1
1703272 1
1705640 1
1705916 1
1709748 1
1716405 1
1717385 1
1719653 1
1722747 1
1726865 1
1732796 1
1743742 1
1765332 1
1770069 1
1786474 1
1792662 1
1800422 1
1801019 1
1802550 1
1815554 1
1817918 1
1817934 1
1819729 1
1819989 1
1823206 1
1824690 1
1825192 1
1826205 1
1828041 1
1831594 1
1839843 1
1841738 1
1845020 1
1853846 1
1856411 1
1866158 1
1868510 1
1869110 1
1870898 1
1871499 1
1872521 1
1873452 1
1874625 1
1878699 1
1881456 1
1882309 1
1899658 1
1903751 1
1905142 1
1905379 1
1907746 1
1909008 1
1910240 1
1911858 1
1912358 1
1912385 1
1916449 1
1918813 1
1923779 1
1924601 1
1934234 1
1935803 1
1938991 1
1939146 1
1942519 1
1943004 1
1947438 1
1954106 1
1964943 1
1974077 1
1978236 1
1979279 1
1980405 1
1986568 1
1991760 1
1993902 1
1994251 1
1999479 1
1999996 1
2000012 1
2000120 1
2001875 1
2002171 1
2002922 1
2003359 1
2004028 1
2004542 1
2007717 1
2008219 1
2008578 1
2031347 1
2037037 1
2041966 1
2047732 1
2048649 1
2052743 1
2052743 1
2052924 1
2057954 1
2058310 1
2058610 1
2064072 1
2065494 1
2067488 1
2083661 1
2085695 1
2096707 1
2099563 1
2102730 1
2103945 1
2104803 1
2105140 1
2106642 1
2109638 1
2111895 1
2112949 1
2113654 1
2116139 1
2116652 1
2124774 1
2126456 1
2134087 1
2136792 1
2137603 1
2138632 1
2149145 1
2156334 1
2164327 1
2172714 1
2175361 1
2178487 1
2180187 1
2183071 1
2185625 1
2191784 1
2192260 1
2193833 1
2195011 1
2197964 1
2203334 1
2210714 1
2213353 1
2213438 1
2220906 1
2227418 1
2227744 1
2234917 1
2237649 1
2239099 1
2241370 1
2246881 1
2248117 1
2248481 1
2248548 1
2250956 1
2253995 1
2256313 1
2259354 1
2260000 1
2263161 1
2265488 1
2265769 1
2268965 1
2270479 1
2272780 1
2276106 1
2277800 1
2277923 1
2279797 1
2281825 1
2283086 1
2285108 1
2287391 1
2291360 1
2292079 1
2292267 1
2293840 1
2296278 1
2297051 1
2299002 1
2299628 1
2300073 1
2301724 1
2305001 1
2306262 1
2313649 1
2321574 1
2323679 1
2325128 1
2328855 1
2331372 1
2358279 1
2358651 1
2359244 1
2363942 1
2366699 1
2373391 1
2375990 1
2376727 1
2377629 1
2382603 1
2383421 1
2388002 1
2388317 1
2390495 1
2394171 1
2408398 1
2417909 1
2419280 1
2420915 1
2420972 1
2421239 1
2422684 1
2423632 1
2423835 1
2425690 1
2425925 1
2430786 1
2431024 1
2431682 1
2438585 1
2440175 1
2440822 1
2442687 1
2443213 1
2444790 1
2453731 1
2460632 1
2461861 1
2463804 1
2464508 1
2466459 1
2473060 1
2473733 1
2489606 1
2489660 1
2489829 1
2495713 1
2496740 1
2498005 1
2501346 1
2502855 1
2504664 1
2506429 1
2510688 1
2518659 1
2526513 1
2526623 1
2528626 1
2532088 1
2533400 1
2533407 1
2539158 1
2542204 1
2544446 1
2549737 1
2551714 1
2552022 1
2552395 1
2553968 1
2558754 1
2566209 1
2570162 1
2570497 1
2577132 1
2581634 1
2591515 1
2591603 1
2592771 1
2594288 1
2598355 1
2602513 1
2605118 1
2606496 1
2607255 1
2608073 1
2608467 1
2612593 1
2614627 1
2616042 1
2616405 1
2618436 1
2619984 1
2636647 1
2637677 1
2638365 1
2644959 1
2644984 1
2648790 1
2656821 1
2664971 1
2671257 1
2671849 1
2673901 1
2677663 1
2679732 1
2680895 1
2684136 1
2709484 1
2712197 1
2715923 1
2736211 1
2739525 1
2742334 1
2760255 1
2767356 1
2773955 1
2775152 1
2776403 1
2783284 1
2788033 1
2795142 1
2799337 1
2800044 1
2800470 1
2800521 1
2801244 1
2814550 1
2816051 1
2816210 1
2819789 1
2819855 1
2820966 1
2827643 1
2834952 1
2849866 1
2851460 1
2855829 1
2868630 1
2871144 1
2877318 1
2878401 1
2880270 1
2880719 1
2886586 1
2886650 1
2889467 1
2890101 1
2896781 1
2899900 1
2900745 1
2906951 1
2909009 1
2911794 1
2929575 1
2945163 1
2946221 1
2949411 1
2949532 1
2951064 1
2951247 1
2951475 1
2952214 1
2955501 1
2962832 1
2964464 1
2965389 1
2991467 1
2997733 1
2998819 1
3002162 1
3019682 1
3023193 1
3026743 1
3028841 1
3035188 1
3036349 1
3041219 1
3041587 1
3043083 1
3043288 1
3045107 1
3048247 1
3049076 1
3052116 1
3069800 1
3073744 1
3092489 1
3094834 1
3102795 1
3106136 1
3108865 1
3112480 1
3117925 1
3118376 1
3118764 1
3122406 1
3125319 1
3131224 1
3134482 1
3140683 1
3143578 1
3144322 1
3147977 1
3149710 1
3151357 1
3156832 1
3157727 1
3161413 1
3168044 1
3172700 1
3172837 1
3174807 1
3178260 1
3183655 1
3202191 1
3204548 1
3205366 1
3209250 1
3209929 1
3211699 1
3221519 1
3227137 1
3229820 1
3231843 1
3237387 1
3237656 1
3237954 1
3238190 1
3245547 1
3250469 1
3252351 1
3258140 1
3260965 1
3261932 1
3262899 1
3268535 1
3268627 1
3275065 1
3275644 1
3275901 1
3281696 1
3282675 1
3288610 1
3290392 1
3290394 1
3290553 1
3291575 1
3298732 1
3298737 1
3299724 1
3300935 1
3305369 1
3307831 1
3308902 1
3312106 1
3313898 1
3320251 1
3320705 1
3331312 1
3332977 1
3340247 1
3352150 1
3358595 1
3359365 1
3360106 1
3361164 1
3366238 1
3369083 1
3373213 1
3374399 1
3377276 1
3380442 1
3384828 1
3392401 1
3406538 1
3409380 1
3413163 1
3413593 1
3428394 1
3428986 1
3431583 1
3432628 1
3437486 1
3448895 1
3451978 1
3453932 1
3455300 1
3456371 1
3457289 1
3457830 1
3463394 1
3468210 1
3469549 1
3476944 1
3493758 1
3494044 1
3495834 1
3497666 1
3498215 1
3499924 1
3500884 1
3500975 1
3506568 1
3506947 1
3509191 1
3510531 1
3518308 1
3520360 1
3524088 1
3524681 1
3526396 1
3526399 1
3529344 1
3534577 1
3538637 1
3539167 1
3542367 1
3544096 1
3544770 1
3545155 1
3547649 1
3560153 1
3567283 1
3567307 1
3567705 1
3579983 1
3584200 1
3591898 1
3594793 1
3606309 1
3609343 1
3610735 1
3611642 1
3620081 1
3620965 1
3623885 1
3636006 1
3638306 1
3642321 1
3643817 1
3648515 1
3648588 1
3648851 1
3650514 1
3656170 1
3660701 1
3661011 1
3674166 1
3674174 1
3682107 1
3683868 1
3688312 1
3704986 1
3705734 1
3718310 1
3722957 1
3723285 1
3725944 1
3742820 1
3743113 1
3751262 1
3779730 1
3781194 1
3783430 1
3788538 1
3789117 1
3794123 1
3797511 1
3797548 1
3813769 1
3814485 1
3814511 1
3815287 1
3817449 1
3818285 1
3824561 1
3834418 1
3835481 1
3840713 1
3844571 1
3845970 1
3850520 1
3852922 1
3864038 1
3867513 1
3868374 1
3871641 1
3879762 1
3880991 1
3885961 1
3891056 1
3896645 1
3902833 1
3904574 1
3917577 1
3920588 1
3929469 1
3929472 1
3937263 1
3943649 1
3946578 1
3951526 1
3954845 1
3954937 1
3966959 1
3973829 1
3976760 1
3985544 1
3985885 1
3994285 1
3995652 1
4005723 1
4006664 1
4007292 1
4008222 1
4011619 1
4011944 1
4013877 1
4017977 1
4018433 1
4019012 1
4019342 1
4021748 1
4022172 1
4024348 1
4025829 1
4027851 1
4028279 1
4028954 1
4030332 1
4039091 1
4039347 1
4048160 1
4050111 1
4052188 1
4055472 1
4062524 1
4062985 1
4064999 1
4068588 1
4069414 1
4069765 1
4070151 1
4070864 1
4075540 1
4080363 1
4082483 1
4090609 1
4096178 1
4098356 1
4100434 1
4103453 1
4104857 1
4107502 1
4114248 1
4129372 1
4139781 1
4150791 1
4175980 1
4179420 1
4179520 1
4193060 1
4196489 1
4200969 1
4202908 1
4205564 1
4209922 1
4210955 1
4215733 1
4216261 1
4217841 1
4217863 1
4219715 1
4223792 1
4224845 1
4227808 1
4228330 1
4228840 1
4231949 1
4235653 1
4237605 1
4252852 1
4254994 1
4255797 1
4260810 1
4261645 1
4262443 1
4262680 1
4262958 1
4264771 1
4267723 1
4273178 1
4275487 1
4282817 1
4285254 1
4291195 1
4308576 1
4315138 1
4322010 1
4323063 1
4324864 1
4326803 1
4327877 1
4331835 1
4336058 1
4340147 1
4343315 1
4343985 1
4344417 1
4344815 1
4349405 1
4351874 1
4351966 1
4354716 1
4366934 1
4367895 1
4368377 1
4368624 1
4370689 1
4371363 1
4376385 1
4378592 1
4383776 1
4391075 1
4392679 1
4399084 1
4401402 1
4413178 1
4414477 1
4414823 1
4415669 1
4416461 1
4424838 1
4425933 1
4426598 1
4427116 1
4427389 1
4428531 1
4437251 1
4439477 1
4439738 1
4442570 1
4444026 1
4448778 1
4453370 1
4459121 1
4460003 1
4465703 1
4468818 1
4469309 1
4469982 1
4470012 1
4470068 1
4474076 1
4476803 1
4480283 1
4481242 1
4483392 1
4489090 1
4489955 1
4490463 1
4494070 1
4496436 1
4500983 1
4501466 1
4501900 1
4512021 1
4513853 1
4515874 1
4520661 1
4527276 1
4533438 1
4535919 1
4537575 1
4539077 1
4541329 1
4541852 1
4546360 1
4547721 1
4549150 1
4552907 1
4554548 1
4562747 1
4567066 1
4568654 1
4571087 1
4577354 1
4587261 1
4589218 1
4591373 1
4593145 1
4595208 1
4595473 1
4599953 1
4601293 1
4610511 1
4610969 1
4613822 1
4615504 1
4626741 1
4628854 1
4629505 1
4629622 1
4633016 1
4644737 1
4648041 1
4649090 1
4649794 1
4658917 1
4663676 1
4665331 1
4671296 1
4672682 1
4673015 1
4674427 1
4676156 1
4676942 1
4677113 1
4678010 1
4684068 1
4689749 1
4690757 1
4697016 1
4697675 1
4702277 1
4708491 1
4712791 1
4723249 1
4723289 1
4726099 1
4726215 1
4731496 1
4734542 1
4735425 1
4735588 1
4737281 1
4738560 1
4741873 1
4757110 1
4760449 1
4761399 1
4763944 1
4766968 1
4769206 1
4770628 1
4771885 1
4773864 1
4776389 1
4783422 1
4787228 1
4788888 1
4790741 1
4791878 1
4792654 1
4794415 1
4794577 1
4795862 1
4798243 1
4802009 1
4804464 1
4807337 1
4813140 1
4815124 1
4816588 1
4818154 1
4819829 1
4834097 1
4855331 1
4859924 1
4860319 1
4864492 1
4867375 1
4871454 1
4876016 1
4880543 1
4881102 1
4881893 1
4882204 1
4883234 1
4885726 1
4886266 1
4894748 1
4894934 1
4895492 1
4895586 1
4897453 1
4898544 1
4899445 1
4901696 1
4905781 1
4906144 1
4906269 1
4906446 1
4906644 1
4909427 1
4915614 1
4918341 1
4920208 1
4928153 1
4943874 1
4950958 1
4957475 1
4960733 1
4960911 1
4965931 1
4967843 1
4969216 1
4974623 1
4979794 1
4980540 1
4991153 1
5006516 1
5015932 1
5021244 1
5024489 1
5026693 1
5031689 1
5036596 1
5040052 1
5043706 1
5048011 1
5048202 1
5052573 1
5053220 1
5056003 1
5057939 1
5057989 1
5072057 1
5075649 1
5075810 1
5078549 1
5080394 1
5086409 1
5086916 1
5087195 1
5114370 1
5116644 1
5118636 1
5135633 1
5137264 1
5156724 1
5168309 1
5180167 1
5181913 1
5183620 1
5188296 1
5196399 1
5199506 1
5203421 1
5210428 1
5210910 1
5227875 1
5231374 1
5231410 1
5237829 1
5239337 1
5241938 1
5243991 1
5245861 1
5254365 1
5258519 1
5258696 1
5265462 1
5270387 1
5277595 1
5280852 1
5283043 1
5287152 1
5290129 1
5296843 1
5306652 1
5316596 1
5327337 1
5330608 1
5333069 1
5335929 1
5336959 1
5367125 1
5367439 1
5370235 1
5371246 1
5379353 1
5382488 1
5383079 1
5384603 1
5384967 1
5391809 1
5392382 1
5393139 1
5419083 1
5419508 1
5420974 1
5421912 1
5423467 1
5424005 1
5424787 1
5425455 1
5427947 1
5433071 1
5435268 1
5437399 1
5438584 1
5439664 1
5440559 1
5442457 1
5444868 1
5449555 1
5450594 1
5451290 1
5451430 1
5457226 1
5469032 1
5471242 1
5471750 1
5476214 1
5478185 1
5483548 1
5483624 1
5485869 1
5494956 1
5509199 1
5510268 1
5510337 1
5514200 1
5521588 1
5525206 1
5525690 1
5532656 1
5535252 1
5535896 1
5536730 1
5537631 1
5549834 1
5549940 1
5552063 1
5552543 1
5555530 1
5567161 1
5569952 1
5576256 1
5596377 1
5601052 1
5607104 1
5607715 1
5617968 1
5618253 1
5621539 1
5622546 1
5630676 1
5637729 1
5643739 1
5643825 1
5643840 1
5653207 1
5655169 1
5655879 1
5655905 1
5657326 1
5660627 1
5661823 1
5662496 1
5663403 1
5666128 1
5677619 1
5685332 1
5688363 1
5690512 1
5691119 1
5692500 1
5699121 1
5704416 1
5704529 1
5706784 1
5710131 1
5710775 1
5711284 1
5715895 1
5722916 1
5734284 1
5741554 1
5742193 1
5742765 1
5752375 1
5752547 1
5756160 1
5756268 1
5758141 1
5765987 1
5767226 1
5775819 1
5779760 1
5787100 1
5788682 1
5791073 1
5807481 1
5815426 1
5831916 1
5836441 1
5848522 1
5851930 1
5853528 1
5854992 1
5859939 1
5862853 1
5871575 1
5878101 1
5882550 1
5886478 1
5886906 1
5890582 1
5892669 1
5893579 1
5898707 1
5905449 1
5916592 1
5919696 1
5920650 1
5922693 1
5929460 1
5931241 1
5933873 1
5935021 1
5944500 1
5946236 1
5951653 1
5955394 1
5959897 1
5960687 1
5961851 1
5969787 1
5972883 1
5973525 1
5974225 1
5982484 1
5984813 1
5987211 1
5989700 1
5993396 1
5998284 1
6002831 1
6002945 1
6003118 1
6015062 1
6022028 1
6022528 1
6030980 1
6031997 1
6033879 1
6038044 1
6038471 1
6039529 1
6040348 1
6044784 1
6046571 1
6048658 1
6050689 1
6050925 1
6056683 1
6058063 1
6064257 1
6074784 1
6080085 1
6085311 1
6085872 1
6087481 1
6095950 1
6103644 1
6111285 1
6118259 1
6119056 1
6119455 1
6119542 1
6125638 1
6129764 1
6129998 1
6138594 1
6145167 1
6145878 1
6146694 1
6153251 1
6157976 1
6160501 1
6167690 1
6171651 1
6184177 1
6189442 1
6194293 1
6195344 1
6195768 1
6195900 1
6201740 1
6229099 1
6231847 1
6231850 1
6235395 1
6245102 1
6249917 1
6254640 1
6256700 1
6257211 1
6263742 1
6268713 1
6271548 1
6275107 1
6276653 1
6291890 1
6293921 1
6296222 1
6300773 1
6301291 1
6302024 1
6302024 1
6305556 1
6318024 1
6323182 1
6328723 1
6330669 1
6334755 1
6337786 1
6338324 1
6339699 1
6342969 1
6343501 1
6346338 1
6347500 1
6351809 1
6352946 1
6353708 1
6354246 1
6354562 1
6355228 1
6357100 1
6360493 1
6360898 1
6361711 1
6365142 1
6365556 1
6366222 1
6369862 1
6377303 1
6378563 1
6380785 1
6389490 1
6394484 1
6404523 1
6420040 1
6423771 1
6424559 1
6426052 1
6426568 1
6427590 1
6427888 1
6430559 1
6435698 1
6435920 1
6443902 1
6445104 1
6445157 1
6445891 1
6450860 1
6451815 1
6454496 1
6455238 1
6455819 1
6459887 1
6459985 1
6466639 1
6466657 1
6475399 1
6482571 1
6491279 1
6493750 1
6499514 1
6501810 1
6502228 1
6502368 1
6506483 1
6508457 1
6509971 1
6518172 1
6524266 1
6530492 1
6536469 1
6539103 1
6539313 1
6542326 1
6547806 1
6551486 1
6556516 1
6560393 1
6567792 1
6572055 1
6582398 1
6583568 1
6584552 1
6586892 1
6591079 1
6593661 1
6600492 1
6602974 1
6613182 1
6616728 1
6618141 1
6619232 1
6624619 1
6624647 1
6625092 1
6626155 1
6627373 1
6633064 1
6646443 1
6649972 1
6652942 1
6654035 1
6663911 1
6666536 1
6667475 1
6674937 1
6679435 1
6680484 1
6680937 1
6684612 1
6696997 1
6697729 1
6699689 1
6712858 1
6714992 1
6723794 1
6726298 1
6732427 1
6733606 1
6733736 1
6750873 1
6752974 1
6760484 1
6761478 1
6764026 1
6766952 1
6771008 1
6772748 1
6787807 1
6791117 1
6793988 1
6793988 1
6812691 1
6816214 1
6829875 1
6829962 1
6834797 1
6834873 1
6843533 1
6849386 1
6851593 1
6855502 1
6856220 1
6856401 1
6865687 1
6871494 1
6874262 1
6874445 1
6879102 1
6879634 1
6882596 1
6889386 1
6897171 1
6897735 1
6899771 1
6901010 1
6902064 1
6914749 1
6921100 1
6922868 1
6925499 1
6928153 1
6929331 1
6931880 1
6935539 1
6940064 1
6940462 1
6944345 1
6945616 1
6950099 1
6955794 1
6956372 1
6958319 1
6959279 1
6962631 1
6963831 1
6969005 1
6973209 1
6974522 1
6983710 1
6983960 1
6986018 1
6986757 1
6991242 1
6991682 1
6995083 1
6997228 1
7000869 1
7002033 1
7003110 1
7005839 1
7008593 1
7009960 1
7010412 1
7011579 1
7012382 1
7017571 1
7019970 1
7020484 1
7021454 1
7021649 1
7022677 1
7024464 1
7029253 1
7030272 1
7030499 1
7031409 1
7036529 1
7049462 1
7051498 1
7075762 1
7085435 1
7086093 1
7087700 1
7099386 1
7100303 1
7100786 1
7103882 1
7105603 1
7109089 1
7111707 1
7114040 1
7117448 1
7119115 1
7125615 1
7125663 1
7129773 1
7132528 1
7135549 1
7136181 1
7136322 1
7136505 1
7137170 1
7139954 1
7140208 1
7142342 1
7156315 1
7156811 1
7160389 1
7161336 1
7168599 1
7172232 1
7173607 1
7183239 1
7183366 1
7185298 1
7192729 1
7193921 1
7195256 1
7195741 1
7196956 1
7206476 1
7209528 1
7212179 1
7212742 1
7224653 1
7225280 1
7226322 1
7237027 1
7238698 1
7239653 1
7239776 1
7244952 1
7245513 1
7246167 1
7247870 1
7250614 1
7255498 1
7255551 1
7260749 1
7270433 1
7280538 1
7282290 1
7282355 1
7284489 1
7286715 1
7289124 1
7292140 1
7292775 1
7292948 1
7299290 1
7303186 1
7303734 1
7306105 1
7307836 1
7312709 1
7313484 1
7314976 1
7317293 1
7323687 1
7325882 1
7332488 1
7333236 1
7334405 1
7334958 1
7336112 1
7336247 1
7337798 1
7338572 1
7339234 1
7341208 1
7344912 1
7351616 1
7357390 1
7361355 1
7365206 1
7368077 1
7369329 1
7377875 1
7380536 1
7399510 1
7401836 1
7402329 1
7402346 1
7402382 1
7413631 1
7422600 1
7424005 1
7435229 1
7437616 1
7439743 1
7440411 1
7441197 1
7447057 1
7454256 1
7463303 1
7468695 1
7475534 1
7477739 1
7481469 1
7482873 1
7486664 1
7490534 1
7492731 1
7494488 1
7506749 1
7510317 1
7512845 1
7513421 1
7518237 1
7518845 1
7520708 1
7524071 1
7527147 1
7529972 1
7535555 1
7540379 1
7549807 1
7552310 1
7558147 1
7563169 1
7568069 1
7569446 1
7578256 1
7579270 1
7580505 1
7582702 1
7589756 1
7597501 1
7601943 1
7605771 1
7610387 1
7612591 1
7622099 1
7631759 1
7635255 1
7644151 1
7650113 1
7650276 1
7657266 1
7659280 1
7666019 1
7667758 1
7668217 1
7679165 1
7679485 1
7679958 1
7680592 1
7694613 1
7697548 1
7701166 1
7701839 1
7705747 1
7706487 1
7709974 1
7711735 1
7728669 1
7731437 1
7735966 1
7737557 1
7738470 1
7742175 1
7742194 1
7742578 1
7746192 1
7747131 1
7749116 1
7751009 1
7760604 1
7773078 1
7776392 1
7777033 1
7777296 1
7778240 1
7779426 1
7786041 1
7790273 1
7798104 1
7798842 1
7802640 1
7802641 1
7803029 1
7807935 1
7823721 1
7824180 1
7828723 1
7829549 1
7831274 1
7841454 1
7854331 1
7857105 1
7864681 1
7866460 1
7869575 1
7869640 1
7882479 1
7885939 1
7889241 1
7889251 1
7895067 1
7896574 1
7896741 1
7896752 1
7897846 1
7902572 1
7905476 1
7925123 1
7926537 1
7930910 1
7931024 1
7932029 1
7937740 1
7939697 1
7941272 1
7950733 1
7952143 1
7957925 1
7959085 1
7962401 1
7965868 1
7968233 1
7972442 1
7974441 1
7978336 1
7982729 1
7982966 1
7986693 1
7990630 1
7994753 1
8000593 1
8003946 1
8004646 1
8005170 1
8007441 1
8012867 1
8014616 1
8014884 1
8016507 1
8018241 1
8021562 1
8021923 1
8022532 1
8024315 1
8033909 1
8034274 1
8035406 1
8037717 1
8041179 1
8042272 1
8055006 1
8059601 1
8060488 1
8061182 1
8062154 1
8064312 1
8065643 1
8066483 1
8068518 1
8068540 1
8076103 1
8080906 1
8083961 1
8086681 1
8100854 1
8109748 1
8110204 1
8118446 1
8120139 1
8125776 1
8129889 1
8131012 1
8131125 1
8138548 1
8141761 1
8142000 1
8147689 1
8151947 1
8153018 1
8154850 1
8157527 1
8165238 1
8168793 1
8185301 1
8186075 1
8188356 1
8190376 1
8190927 1
8192039 1
8195610 1
8205781 1
8206071 1
8209073 1
8216895 1
8217457 1
8222833 1
8223379 1
8236188 1
8237987 1
8243372 1
8245036 1
8253123 1
8255728 1
8256631 1
8258287 1
8262360 1
8268876 1
8269860 1
8272531 1
8273288 1
8273982 1
8274515 1
8279244 1
8284254 1
8284811 1
8296772 1
8297048 1
8297834 1
8298253 1
8299752 1
8300500 1
8309338 1
1473 1
5926 1
6802 1
8151 1
22060 1
24263 1
26833 1
33943 1
36299 1
42570 1
42789 1
44339 1
48766 1
48810 1
48910 1
50416 1
68397 1
71134 1
86792 1
91615 1
104561 1
105989 1
110390 1
110794 1
115110 1
115433 1
115836 1
120115 1
122658 1
125149 1
129935 1
130062 1
131295 1
132809 1
133397 1
138743 1
144531 1
146399 1
147076 1
152328 1
152491 1
155717 1
156377 1
163339 1
164008 1
170662 1
171339 1
174901 1
175086 1
178453 1
184412 1
187497 1
192303 1
192312 1
197358 1
197962 1
202839 1
204425 1
213724 1
213971 1
214361 1
215657 1
218535 1
218911 1
218925 1
220222 1
221315 1
221580 1
221913 1
222639 1
226244 1
229369 1
237909 1
238773 1
239680 1
253470 1
255231 1
262519 1
266888 1
269136 1
273758 1
275402 1
278028 1
279838 1
282642 1
283869 1
288917 1
291404 1
292175 1
292520 1
296989 1
300220 1
302242 1
302970 1
303483 1
309336 1
315868 1
320202 1
320262 1
321601 1
322022 1
322927 1
331756 1
338634 1
343058 1
345839 1
351990 1
354122 1
356794 1
361188 1
366178 1
372568 1
372751 1
380143 1
388082 1
388236 1
423371 1
423496 1
424609 1
425513 1
431110 1
434107 1
438909 1
439647 1
443000 1
449488 1
454679 1
459478 1
459758 1
462117 1
463569 1
467976 1
482388 1
490377 1
494363 1
494456 1
494759 1
499906 1
500193 1
507927 1
508279 1
520089 1
527432 1
529189 1
547125 1
548873 1
552112 1
554138 1
563432 1
564008 1
566786 1
569443 1
569524 1
570051 1
570511 1
579396 1
579706 1
587194 1
588760 1
593782 1
598146 1
614396 1
616906 1
621220 1
622069 1
626952 1
645720 1
648197 1
656185 1
658198 1
660678 1
662047 1
663900 1
664763 1
669242 1
670160 1
672286 1
677034 1
685329 1
691995 1
692465 1
693849 1
694745 1
695203 1
695933 1
696569 1
700965 1
702850 1
703041 1
703137 1
703948 1
704001 1
704001 1
706455 1
706725 1
707521 1
708272 1
710305 1
713029 1
716384 1
716753 1
717960 1
718710 1
718944 1
719650 1
719909 1
720207 1
721598 1
722577 1
729160 1
733249 1
736418 1
736418 1
739447 1
743644 1
749903 1
750553 1
752588 1
755035 1
763783 1
766905 1
778111 1
778446 1
779186 1
779278 1
782266 1
784604 1
787516 1
788735 1
788970 1
793090 1
799051 1
799483 1
803025 1
803531 1
804265 1
805951 1
811553 1
811907 1
825246 1
842736 1
844280 1
847987 1
849369 1
853765 1
857134 1
865176 1
870063 1
870243 1
874686 1
875186 1
884972 1
896658 1
897834 1
897837 1
908921 1
911488 1
920336 1
921546 1
924259 1
924480 1
927594 1
929543 1
929923 1
930179 1
942180 1
944434 1
952029 1
953751 1
954937 1
965271 1
967338 1
972231 1
976487 1
977773 1
980969 1
981872 1
982311 1
983245 1
984303 1
984815 1
984919 1
986321 1
997246 1
999580 1
1002891 1
1008076 1
1010247 1
1017551 1
1021065 1
1027168 1
1033920 1
1042089 1
1043376 1
1045732 1
1047117 1
1047137 1
1051208 1
1052571 1
1058690 1
1072236 1
1077182 1
1080754 1
1084059 1
1084648 1
1097979 1
1099477 1
1100907 1
1104652 1
1107844 1
1111089 1
1122168 1
1123426 1
1126655 1
1137139 1
1149283 1
1166626 1
1167976 1
1168994 1
1170563 1
1173906 1
1174042 1
1175659 1
1183134 1
1184403 1
1186749 1
1187760 1
1187772 1
1190108 1
1193413 1
1197359 1
1199098 1
1201071 1
1208889 1
1215418 1
1215840 1
1221566 1
1226796 1
1228004 1
1228920 1
1240221 1
1240928 1
1242277 1
1242383 1
1246299 1
1253796 1
1258367 1
1258686 1
1259390 1
1264862 1
1269941 1
1273923 1
1275397 1
1276061 1
1276092 1
1279530 1
1281387 1
1294586 1
1294654 1
1296639 1
1307988 1
1311795 1
1313182 1
1313813 1
1317157 1
1329425 1
1331758 1
1332880 1
1333151 1
1341216 1
1344566 1
1347787 1
1351460 1
1353101 1
1356536 1
1362718 1
1367788 1
1373796 1
1375452 1
1376293 1
1380617 1
1384321 1
1386859 1
1397328 1
1399676 1
1400033 1
1402458 1
1402544 1
1403309 1
1411141 1
1417100 1
1422822 1
1423251 1
1423501 1
1428242 1
1428468 1
1428640 1
1433834 1
1440984 1
1441231 1
1445738 1
1453431 1
1454253 1
1454982 1
1456055 1
1458334 1
1461931 1
1466080 1
1469406 1
1469697 1
1473420 1
1473676 1
1476555 1
1489221 1
1490510 1
1493301 1
1496203 1
1497481 1
1497687 1
1501059 1
1501142 1
1504194 1
1505727 1
1523954 1
1525428 1
1536162 1
1546029 1
1551642 1
1575677 1
1578001 1
1581590 1
1582283 1
1582974 1
1592517 1
1592942 1
1593525 1
1594182 1
1595374 1
1603570 1
1618004 1
1625745 1
1630145 1
1630295 1
1632515 1
1633211 1
1633222 1
1635444 1
1635891 1
1640781 1
1648876 1
1652788 1
1657417 1
1662625 1
1671027 1
1672951 1
1678615 1
1678820 1
1679852 1
1683210 1
1684226 1
1684656 1
1685229 1
1689664 1
1692400 1
1696167 1
1696634 1
1700256 1
1706105 1
1712442 1
1717471 1
1721648 1
1730231 1
1733197 1
1743796 1
1771535 1
1776092 1
1782136 1
1784710 1
1786119 1
1789968 1
1800473 1
1803016 1
1806259 1
1806446 1
1808297 1
1810015 1
1814573 1
1816316 1
1817532 1
1824920 1
1828570 1
1829717 1
1840086 1
1850830 1
1853874 1
1853928 1
1853985 1
1855543 1
1857489 1
1863972 1
1871081 1
1874485 1
1874588 1
1875130 1
1876080 1
1880654 1
1883341 1
1886641 1
1887283 1
1895595 1
1898548 1
1905334 1
1906668 1
1910387 1
1915270 1
1916358 1
1922899 1
1927544 1
1934072 1
1934737 1
1936892 1
1939869 1
1942206 1
1942325 1
1945785 1
1947287 1
1952183 1
1963074 1
1974150 1
1978517 1
1978916 1
1980759 1
1983109 1
1996426 1
1999162 1
2001273 1
2003256 1
2004873 1
2010130 1
2014106 1
2015812 1
2019142 1
2026712 1
2029610 1
2030899 1
2031282 1
2039217 1
2039579 1
2039775 1
2039933 1
2040538 1
2046624 1
2059025 1
2064721 1
2070168 1
2071496 1
2080475 1
2081469 1
2089154 1
2093187 1
2093350 1
2099724 1
2102705 1
2110836 1
2112629 1
2113320 1
2113485 1
2113795 1
2114358 1
2121293 1
2124655 1
2126925 1
2130919 1
2139679 1
2144926 1
2157489 1
2170783 1
2170895 1
2184789 1
2184948 1
2191419 1
2194365 1
2195647 1
2199067 1
2199425 1
2201967 1
2207346 1
2213039 1
2214271 1
2225290 1
2228341 1
2229811 1
2236744 1
2238862 1
2239766 1
2239925 1
2240300 1
2245234 1
2249858 1
2258751 1
2259158 1
2266210 1
2267376 1
2274231 1
2275648 1
2277895 1
2288649 1
2289507 1
2292201 1
2292328 1
2292621 1
2293875 1
2298462 1
2300336 1
2300747 1
2301645 1
2304653 1
2308045 1
2312314 1
2318019 1
2319282 1
2319730 1
2323955 1
2332236 1
2341718 1
2355554 1
2355860 1
2357702 1
2359841 1
2363206 1
2365733 1
2368877 1
2376216 1
2376346 1
2382890 1
2401849 1
2406800 1
2408366 1
2414414 1
2415091 1
2421054 1
2423728 1
2424727 1
2430603 1
2431746 1
2432263 1
2432890 1
2433941 1
2435956 1
2437315 1
2440848 1
2443070 1
2443474 1
2452018 1
2453155 1
2453438 1
2454931 1
2456156 1
2459248 1
2461536 1
2461873 1
2466782 1
2468629 1
2468829 1
2476713 1
2481607 1
2482711 1
2497372 1
2497891 1
2504653 1
2506648 1
2509379 1
2510577 1
2511761 1
2520484 1
2523019 1
2523925 1
2524542 1
2528184 1
2529680 1
2544233 1
2554666 1
2558065 1
2559963 1
2568166 1
2569335 1
2569342 1
2577122 1
2582628 1
2591613 1
2591656 1
2599369 1
2607232 1
2607466 1
2609394 1
2609780 1
2615828 1
2616461 1
2616757 1
2619371 1
2621169 1
2629292 1
2637503 1
2648545 1
2649086 1
2651419 1
2651530 1
2656811 1
2660678 1
2668041 1
2668569 1
2669766 1
2670648 1
2678909 1
2679045 1
2683833 1
2685051 1
2701050 1
2701816 1
2702890 1
2714635 1
2719566 1
2721850 1
2721861 1
2722184 1
2725699 1
2728822 1
2743003 1
2754416 1
2756991 1
2757335 1
2759980 1
2768827 1
2769180 1
2769560 1
2769811 1
2772565 1
2779027 1
2783495 1
2783530 1
2787887 1
2789192 1
2790213 1
2792909 1
2795222 1
2800653 1
2810997 1
2817651 1
2827176 1
2827420 1
2827752 1
2830813 1
2832997 1
2843975 1
2849357 1
2851979 1
2859912 1
2863858 1
2865422 1
2867671 1
2872799 1
2874097 1
2880803 1
2882904 1
2886878 1
2892467 1
2895791 1
2901005 1
2901604 1
2903954 1
2913341 1
2913462 1
2918228 1
2922014 1
2925137 1
2926315 1
2932536 1
2943526 1
2947202 1
2947210 1
2947416 1
2947416 1
2949724 1
2956158 1
2957915 1
2965623 1
2966236 1
2966460 1
2966806 1
2970373 1
2971287 1
2979857 1
2982918 1
2985524 1
2987814 1
2991747 1
2993015 1
2994413 1
2997644 1
3002461 1
3004057 1
3004118 1
3006964 1
3009551 1
3013720 1
3032451 1
3037185 1
3044218 1
3045466 1
3045613 1
3049725 1
3052239 1
3054910 1
3056830 1
3060430 1
3064362 1
3065163 1
3065479 1
3072894 1
3073382 1
3086423 1
3087228 1
3098147 1
3098242 1
3099112 1
3101251 1
3103117 1
3103666 1
3106215 1
3109259 1
3109664 1
3113711 1
3129706 1
3144994 1
3152970 1
3156991 1
3161988 1
3167773 1
3170266 1
3170933 1
3171594 1
3183215 1
3187515 1
3191910 1
3198681 1
3208328 1
3210770 1
3213089 1
3219607 1
3222947 1
3224599 1
3227089 1
3247791 1
3252415 1
3253243 1
3257199 1
3267239 1
3271097 1
3273634 1
3274052 1
3275842 1
3281616 1
3282882 1
3285375 1
3286066 1
3287095 1
3298145 1
3300832 1
3305523 1
3306341 1
3311978 1
3316675 1
3318747 1
3320208 1
3328663 1
3336772 1
3338451 1
3338950 1
3339101 1
3340139 1
3340490 1
3341020 1
3342055 1
3346791 1
3349432 1
3357975 1
3361162 1
3363815 1
3367322 1
3370079 1
3377434 1
3396275 1
3406218 1
3407007 1
3409625 1
3409635 1
3410730 1
3429977 1
3436835 1
3438479 1
3439380 1
3440416 1
3441572 1
3448067 1
3451367 1
3453844 1
3461201 1
3470136 1
3472678 1
3492615 1
3494167 1
3498133 1
3499731 1
3502993 1
3509478 1
3511534 1
3511953 1
3514400 1
3516344 1
3517768 1
3519779 1
3520188 1
3523019 1
3524816 1
3533240 1
3538700 1
3564419 1
3573036 1
3577457 1
3584409 1
3584996 1
3603966 1
3604115 1
3606853 1
3622891 1
3625274 1
3629382 1
3632091 1
3635764 1
3637624 1
3638992 1
3644540 1
3648719 1
3660262 1
3664678 1
3666689 1
3667947 1
3677612 1
3684430 1
3689483 1
3691427 1
3692189 1
3699099 1
3699895 1
3700161 1
3707962 1
3711919 1
3712646 1
3715458 1
3716630 1
3718578 1
3720481 1
3733232 1
3736063 1
3741863 1
3745981 1
3750441 1
3752368 1
3756076 1
3762272 1
3777449 1
3780570 1
3786024 1
3789165 1
3792540 1
3792691 1
3807886 1
3814188 1
3817575 1
3818674 1
3819017 1
3819561 1
3825624 1
3826261 1
3828964 1
3829810 1
3830037 1
3838141 1
3846140 1
3848781 1
3859719 1
3860287 1
3863470 1
3869908 1
3870116 1
3872247 1
3873101 1
3874075 1
3874814 1
3877247 1
3878029 1
3894743 1
3896731 1
3897592 1
3910820 1
3912790 1
3937748 1
3940481 1
3940864 1
3948747 1
3967150 1
3970709 1
3973857 1
3973983 1
3974123 1
3975690 1
3992341 1
3996914 1
3999442 1
4009046 1
4009428 1
4016568 1
4018464 1
4021038 1
4023926 1
4026463 1
4030088 1
4037128 1
4038720 1
4040294 1
4041132 1
4045951 1
4046995 1
4049169 1
4056349 1
4056561 1
4057674 1
4059394 1
4059438 1
4060380 1
4065125 1
4069942 1
4073908 1
4074402 1
4080243 1
4094156 1
4094418 1
4101629 1
4109712 1
4112864 1
4115369 1
4120357 1
4127432 1
4128646 1
4131053 1
4134197 1
4137603 1
4141226 1
4143129 1
4150500 1
4154729 1
4157334 1
4158755 1
4168131 1
4172910 1
4186909 1
4189178 1
4198261 1
4201318 1
4206224 1
4206828 1
4207042 1
4207252 1
4214607 1
4216914 1
4218607 1
4223696 1
4231974 1
4233503 1
4242397 1
4246144 1
4250263 1
4250507 1
4255529 1
4255808 1
4257320 1
4258775 1
4258918 1
4259483 1
4261427 1
4261996 1
4275563 1
4281223 1
4289032 1
4295203 1
4297283 1
4297773 1
4299293 1
4302170 1
4303053 1
4306447 1
4313063 1
4313068 1
4317306 1
4321820 1
4323452 1
4325056 1
4325527 1
4326950 1
4332717 1
4333828 1
4336229 1
4342638 1
4342885 1
4353520 1
4354971 1
4365491 1
4369009 1
4372209 1
4377972 1
4379559 1
4388317 1
4390973 1
4395198 1
4396452 1
4396582 1
4397250 1
4397698 1
4400831 1
4401666 1
4402435 1
4404234 1
4406311 1
4408454 1
4412257 1
4415842 1
4419265 1
4425328 1
4426951 1
4427166 1
4428257 1
4429195 1
4429636 1
4431904 1
4441846 1
4445053 1
4445943 1
4458537 1
4469438 1
4469698 1
4473572 1
4474295 1
4474967 1
4475037 1
4477134 1
4478514 1
4481780 1
4483559 1
4486598 1
4488675 1
4490705 1
4491328 1
4493258 1
4497377 1
4509970 1
4512234 1
4514517 1
4515536 1
4517471 1
4533770 1
4535532 1
4535931 1
4548234 1
4558889 1
4566891 1
4571183 1
4594027 1
4594526 1
4603146 1
4606958 1
4608889 1
4614485 1
4620089 1
4634891 1
4638358 1
4642238 1
4647725 1
4650432 1
4653925 1
4655456 1
4657049 1
4658752 1
4661337 1
4665198 1
4667279 1
4671268 1
4675974 1
4677939 1
4685254 1
4690722 1
4696132 1
4696198 1
4697621 1
4700143 1
4702233 1
4703649 1
4709472 1
4713848 1
4719066 1
4726184 1
4754913 1
4761141 1
4770380 1
4771071 1
4776906 1
4790414 1
4790424 1
4791692 1
4792719 1
4795443 1
4796811 1
4798860 1
4801591 1
4801680 1
4802156 1
4804948 1
4806876 1
4806959 1
4807610 1
4810619 1
4818034 1
4820292 1
4825514 1
4825890 1
4827393 1
4837012 1
4838733 1
4842104 1
4849059 1
4859651 1
4861363 1
4866427 1
4867747 1
4869884 1
4870226 1
4874826 1
4878017 1
4878060 1
4880727 1
4880921 1
4883063 1
4883478 1
4885270 1
4888313 1
4895902 1
4896369 1
4898926 1
4899114 1
4899708 1
4900605 1
4901082 1
4902629 1
4904453 1
4918876 1
4920939 1
4924458 1
4927378 1
4928463 1
4928494 1
4943181 1
4950381 1
4955146 1
4959174 1
4959835 1
4960644 1
4965148 1
4966896 1
4979136 1
4981602 1
4984391 1
4986130 1
4987610 1
4989042 1
4994702 1
4995337 1
4997255 1
5005602 1
5014676 1
5023940 1
5024853 1
5032549 1
5033823 1
5037024 1
5041157 1
5045492 1
5049117 1
5049463 1
5055782 1
5060245 1
5076056 1
5080437 1
5082494 1
5089754 1
5103445 1
5105583 1
5105644 1
5112223 1
5121557 1
5122397 1
5134209 1
5135543 1
5136709 1
5137682 1
5146310 1
5148636 1
5153962 1
5168232 1
5169817 1
5171683 1
5172146 1
5178961 1
5179986 1
5180828 1
5186075 1
5191807 1
5202202 1
5207978 1
5210848 1
5213460 1
5222101 1
5230235 1
5234564 1
5235246 1
5240090 1
5250614 1
5251431 1
5257917 1
5258748 1
5259410 1
5262113 1
5264614 1
5272329 1
5274927 1
5277565 1
5280676 1
5282166 1
5284829 1
5286400 1
5286479 1
5290698 1
5300890 1
5301840 1
5315623 1
5322611 1
5325303 1
5342096 1
5346564 1
5355946 1
5366894 1
5376429 1
5382270 1
5383335 1
5389480 1
5394901 1
5398011 1
5404067 1
5421290 1
5423557 1
5425043 1
5443371 1
5444774 1
5446708 1
5448450 1
5451606 1
5454118 1
5454822 1
5455510 1
5456488 1
5460599 1
5465397 1
5467720 1
5470509 1
5472218 1
5472887 1
5475582 1
5478442 1
5485116 1
5506722 1
5510920 1
5516181 1
5526105 1
5526161 1
5526715 1
5527196 1
5531396 1
5534809 1
5536018 1
5536424 1
5536600 1
5553287 1
5558148 1
5568031 1
5572965 1
5585139 1
5591117 1
5592249 1
5593887 1
5594436 1
5596467 1
5603548 1
5604990 1
5605106 1
5612114 1
5616829 1
5617328 1
5626700 1
5628995 1
5630485 1
5633776 1
5636721 1
5641959 1
5646753 1
5651305 1
5653582 1
5656811 1
5657213 1
5659365 1
5660974 1
5664438 1
5665003 1
5669815 1
5676758 1
5687379 1
5693386 1
5693647 1
5699210 1
5701293 1
5701450 1
5702318 1
5707561 1
5709475 1
5710053 1
5721592 1
5735180 1
5736454 1
5744235 1
5747042 1
5747814 1
5764030 1
5765585 1
5767429 1
5768457 1
5774865 1
5779170 1
5779666 1
5782172 1
5785231 1
5787034 1
5789277 1
5799001 1
5807015 1
5815925 1
5820380 1
5822671 1
5848738 1
5849524 1
5862094 1
5868819 1
5874450 1
5877263 1
5878172 1
5881296 1
5881847 1
5883649 1
5886316 1
5888181 1
5890573 1
5891757 1
5893841 1
5904504 1
5913854 1
5914866 1
5921901 1
5923451 1
5928644 1
5930170 1
5934731 1
5936402 1
5941218 1
5946839 1
5949811 1
5953646 1
5956892 1
5961921 1
5962601 1
5962854 1
5971118 1
5973401 1
5979933 1
5980059 1
5982879 1
5983578 1
5985035 1
5989181 1
5991417 1
5995311 1
6010746 1
6011246 1
6011370 1
6014210 1
6015630 1
6020991 1
6030223 1
6035436 1
6036064 1
6040452 1
6043836 1
6045226 1
6045406 1
6050941 1
6052002 1
6052064 1
6053623 1
6055217 1
6060553 1
6063421 1
6071238 1
6087528 1
6087841 1
6089432 1
6092486 1
6100051 1
6110043 1
6115778 1
6117061 1
6121336 1
6121757 1
6128812 1
6128939 1
6148505 1
6159198 1
6168787 1
6171987 1
6174684 1
6184562 1
6185095 1
6187269 1
6192289 1
6199151 1
6208034 1
6227645 1
6227748 1
6235906 1
6247210 1
6247577 1
6248439 1
6248816 1
6251696 1
6257314 1
6257758 1
6257851 1
6267953 1
6277276 1
6280359 1
6293783 1
6300793 1
6304880 1
6316532 1
6317092 1
6321654 1
6326753 1
6330358 1
6331760 1
6353556 1
6355394 1
6358501 1
6363908 1
6364734 1
6369532 1
6370727 1
6375928 1
6377348 1
6379184 1
6379333 1
6379553 1
6381364 1
6381625 1
6384568 1
6389341 1
6393312 1
6399292 1
6400078 1
6411915 1
6413421 1
6414324 1
6418223 1
6427437 1
6430567 1
6431106 1
6449318 1
6454621 1
6465080 1
6474668 1
6474899 1
6475044 1
6477014 1
6477131 1
6479094 1
6487556 1
6490865 1
6495205 1
6495366 1
6501331 1
6503607 1
6503850 1
6504612 1
6506766 1
6512188 1
6526433 1
6530177 1
6534290 1
6537148 1
6537449 1
6538542 1
6554610 1
6569679 1
6577665 1
6585751 1
6598828 1
6601528 1
6602238 1
6605854 1
6606498 1
6608842 1
6609182 1
6610378 1
6615720 1
6625702 1
6638512 1
6638514 1
6638817 1
6644572 1
6644977 1
6647652 1
6652100 1
6662821 1
6663106 1
6663694 1
6667985 1
6668005 1
6668295 1
6671393 1
6671674 1
6696760 1
6699763 1
6704172 1
6707066 1
6708673 1
6709060 1
6709672 1
6710712 1
6712958 1
6715739 1
6717661 1
6722803 1
6723363 1
6729228 1
6732837 1
6733558 1
6750275 1
6751352 1
6754624 1
6755879 1
6757049 1
6774270 1
6775675 1
6790310 1
6792842 1
6797111 1
6800978 1
6802845 1
6805436 1
6807744 1
6824942 1
6828325 1
6828934 1
6835847 1
6836380 1
6838272 1
6843005 1
6845398 1
6852024 1
6852996 1
6856553 1
6856980 1
6862891 1
6864035 1
6868928 1
6869955 1
6870736 1
6874649 1
6885420 1
6898548 1
6900632 1
6904742 1
6904936 1
6908943 1
6913591 1
6915547 1
6915649 1
6920328 1
6920985 1
6923316 1
6924511 1
6924512 1
6925599 1
6932588 1
6934511 1
6935348 1
6936537 1
6938089 1
6943481 1
6944216 1
6944792 1
6952792 1
6952919 1
6955046 1
6955272 1
6955305 1
6957643 1
6958681 1
6972828 1
6979242 1
6982059 1
6990451 1
6993009 1
6994073 1
7001510 1
7012514 1
7022272 1
7026921 1
7028618 1
7030917 1
7034128 1
7038991 1
7040663 1
7043619 1
7048441 1
7052579 1
7055775 1
7058385 1
7059718 1
7067990 1
7070597 1
7070840 1
7071396 1
7072988 1
7073847 1
7080179 1
7082611 1
7082636 1
7087729 1
7100165 1
7106420 1
7108777 1
7110571 1
7111794 1
7116793 1
7117303 1
7117485 1
7119065 1
7122219 1
7128457 1
7133804 1
7134358 1
7134522 1
7136163 1
7141142 1
7143929 1
7152709 1
7153087 1
7154826 1
7156309 1
7157243 1
7158937 1
7159528 1
7159773 1
7164498 1
7164602 1
7164753 1
7165499 1
7165896 1
7169243 1
7173302 1
7173938 1
7195478 1
7195594 1
7195685 1
7208220 1
7213927 1
7218695 1
7218925 1
7220577 1
7223271 1
7223752 1
7225712 1
7235256 1
7235281 1
7236567 1
7238555 1
7267553 1
7270206 1
7271235 1
7276460 1
7277954 1
7279444 1
7281370 1
7282394 1
7282428 1
7283639 1
7284058 1
7286993 1
7294854 1
7295910 1
7297003 1
7309028 1
7311694 1
7317342 1
7324729 1
7326462 1
7326743 1
7334421 1
7334569 1
7335666 1
7337591 1
7339253 1
7341739 1
7342694 1
7342848 1
7346401 1
7347412 1
7350995 1
7352055 1
7354688 1
7356163 1
7359727 1
7360511 1
7362856 1
7364105 1
7368901 1
7376539 1
7383829 1
7392879 1
7412376 1
7414639 1
7419852 1
7436578 1
7447211 1
7454790 1
7464359 1
7466997 1
7474721 1
7482180 1
7483175 1
7486180 1
7491204 1
7501791 1
7513833 1
7513987 1
7514362 1
7514729 1
7519015 1
7526512 1
7545623 1
7558130 1
7565740 1
7579078 1
7591272 1
7592387 1
7592905 1
7595797 1
7602966 1
7604273 1
7604790 1
7616697 1
7618380 1
7619865 1
7628180 1
7629721 1
7631443 1
7634749 1
7639674 1
7648875 1
7649828 1
7656280 1
7657529 1
7664777 1
7669523 1
7669882 1
7677130 1
7679063 1
7689747 1
7701738 1
7703361 1
7706968 1
7709410 1
7709503 1
7709574 1
7709786 1
7710626 1
7715910 1
7720525 1
7732915 1
7733218 1
7734143 1
7744079 1
7750317 1
7750621 1
7752706 1
7756208 1
7758569 1
7770114 1
7772602 1
7775021 1
7776825 1
7777322 1
7781843 1
7782291 1
7784117 1
7789614 1
7790160 1
7792896 1
7793323 1
7801444 1
7811212 1
7816593 1
7824796 1
7826069 1
7830291 1
7833698 1
7835582 1
7835816 1
7837505 1
7842013 1
7845828 1
7848371 1
7849547 1
7850528 1
7852321 1
7853710 1
7854353 1
7854575 1
7854586 1
7863064 1
7871292 1
7872074 1
7874448 1
7875982 1
7881788 1
7882079 1
7882396 1
7887539 1
7889236 1
7892402 1
7899743 1
7914350 1
7918151 1
7918195 1
7918494 1
7919636 1
7933259 1
7934172 1
7937986 1
7938760 1
7940444 1
7942583 1
7942992 1
7946277 1
7957212 1
7958032 1
7958198 1
7958380 1
7963255 1
7964478 1
7966455 1
7967591 1
7967722 1
7968020 1
7971588 1
7972071 1
7979877 1
7988559 1
8000196 1
8002053 1
8005086 1
8008159 1
8008914 1
8017977 1
8020277 1
8034210 1
8036421 1
8037725 1
8040492 1
8040746 1
8041395 1
8042667 1
8055518 1
8058949 1
8058978 1
8062194 1
8066871 1
8068692 1
8071617 1
8073314 1
8076380 1
8078188 1
8081061 1
8081613 1
8081618 1
8081880 1
8082691 1
8084468 1
8102672 1
8104977 1
8105285 1
8108599 1
8109076 1
8109725 1
8110940 1
8114416 1
8114700 1
8116650 1
8122363 1
8130438 1
8132998 1
8133153 1
8136522 1
8138554 1
8140872 1
8140878 1
8143050 1
8146360 1
8149000 1
8150711 1
8158755 1
8161494 1
8165536 1
8175055 1
8177646 1
8178943 1
8181088 1
8190796 1
8191249 1
8193809 1
8199952 1
8201418 1
8202305 1
8204199 1
8209918 1
8211608 1
8214067 1
8217478 1
8218309 1
8219031 1
8224311 1
8226169 1
8238579 1
8239743 1
8246216 1
8250787 1
8251243 1
8254688 1
8255618 1
8272743 1
8287481 1
8289077 1
8295094 1
8296911 1
8299713 1
8306072 1
8308506 1
10147 1
12779 1
14694 1
22014 1
26140 1
26522 1
29800 1
35545 1
36593 1
37282 1
40336 1
41802 1
44610 1
46266 1
46670 1
49280 1
49364 1
53102 1
55517 1
65519 1
79570 1
81859 1
98562 1
100158 1
100198 1
100353 1
101752 1
104953 1
105175 1
108761 1
109546 1
110827 1
111423 1
111585 1
112835 1
113805 1
114583 1
119718 1
124831 1
136163 1
137615 1
138134 1
139293 1
141577 1
142789 1
143364 1
144744 1
147275 1
149516 1
149891 1
151736 1
154765 1
155991 1
158076 1
159672 1
159870 1
162102 1
167920 1
169382 1
175779 1
176793 1
186219 1
192016 1
194040 1
194334 1
196857 1
196926 1
197014 1
199132 1
205589 1
206408 1
207094 1
208014 1
212633 1
213242 1
215924 1
216759 1
216787 1
220155 1
221592 1
223979 1
224170 1
226609 1
229447 1
231276 1
232782 1
238132 1
244075 1
245115 1
254001 1
254214 1
255821 1
256245 1
256250 1
258857 1
259557 1
262390 1
262804 1
267421 1
268304 1
269341 1
270793 1
272787 1
283897 1
284493 1
285856 1
285858 1
286000 1
293282 1
303376 1
308532 1
311078 1
311763 1
321362 1
322313 1
322859 1
323189 1
324996 1
326051 1
333877 1
339183 1
341301 1
343949 1
351571 1
362223 1
362558 1
367211 1
376199 1
378797 1
404282 1
415278 1
420519 1
422141 1
425578 1
436784 1
439489 1
440605 1
443520 1
451605 1
458940 1
460031 1
467603 1
474654 1
478448 1
480288 1
487720 1
490339 1
491157 1
491624 1
493133 1
493541 1
495860 1
504991 1
507183 1
507239 1
509312 1
513634 1
513692 1
515979 1
516519 1
519488 1
519601 1
531603 1
531758 1
535722 1
535739 1
540786 1
547682 1
556148 1
560778 1
561616 1
562891 1
569993 1
574515 1
574799 1
574909 1
576589 1
576704 1
577395 1
581804 1
582377 1
584645 1
604695 1
606733 1
614632 1
621306 1
624750 1
635361 1
650642 1
650827 1
652741 1
660187 1
666432 1
671301 1
673758 1
678626 1
679053 1
679737 1
680135 1
684198 1
693870 1
696394 1
697313 1
703174 1
703228 1
703290 1
703351 1
703415 1
703789 1
704627 1
706489 1
706573 1
711493 1
719538 1
727326 1
727748 1
728074 1
729532 1
731738 1
741822 1
741826 1
744590 1
745355 1
751938 1
753594 1
757097 1
766827 1
767431 1
778652 1
780165 1
793745 1
797044 1
797142 1
806327 1
811531 1
811974 1
814923 1
829825 1
844954 1
846050 1
853848 1
864283 1
865218 1
880134 1
880886 1
881060 1
883890 1
893105 1
896480 1
897549 1
898345 1
902581 1
902919 1
910955 1
915664 1
917697 1
920540 1
923689 1
934632 1
935240 1
942758 1
950063 1
952679 1
966549 1
979270 1
981368 1
983154 1
985425 1
986092 1
987437 1
1012405 1
1014931 1
1016092 1
1017317 1
1022976 1
1043949 1
1046802 1
1049369 1
1056186 1
1060488 1
1061341 1
1066803 1
1074127 1
1074133 1
1079026 1
1082639 1
1094365 1
1095947 1
1097316 1
1099099 1
1099916 1
1103494 1
1105369 1
1105420 1
1112342 1
1115724 1
1118188 1
1135955 1
1136663 1
1146928 1
1148407 1
1159558 1
1161083 1
1164661 1
1167373 1
1169581 1
1173793 1
1185113 1
1189232 1
1197074 1
1197214 1
1198991 1
1199818 1
1199900 1
1201634 1
1206030 1
1215190 1
1218470 1
1230868 1
1257192 1
1260738 1
1261793 1
1263938 1
1268208 1
1273029 1
1275731 1
1284878 1
1296667 1
1308207 1
1309859 1
1326084 1
1327676 1
1328241 1
1328553 1
1332474 1
1333097 1
1339997 1
1340657 1
1341078 1
1342514 1
1344370 1
1345446 1
1345668 1
1353260 1
1353894 1
1359694 1
1360926 1
1362207 1
1364366 1
1367200 1
1368152 1
1374156 1
1376451 1
1379363 1
1382240 1
1382366 1
1385934 1
1386674 1
1387247 1
1398172 1
1398447 1
1400658 1
1404028 1
1405837 1
1405959 1
1417633 1
1424267 1
1424326 1
1428143 1
1429112 1
1431826 1
1435480 1
1435589 1
1436842 1
1446218 1
1450858 1
1453808 1
1456156 1
1466822 1
1467341 1
1473897 1
1474004 1
1475504 1
1482374 1
1488184 1
1488298 1
1490250 1
1493883 1
1496348 1
1497033 1
1497610 1
1499906 1
1502207 1
1506135 1
1513013 1
1513486 1
1513805 1
1515429 1
1516904 1
1519850 1
1526952 1
1528814 1
1528964 1
1530527 1
1530794 1
1531358 1
1543598 1
1543641 1
1544079 1
1544340 1
1551746 1
1558745 1
1563246 1
1572493 1
1580765 1
1581836 1
1587257 1
1587422 1
1587432 1
1593791 1
1596784 1
1599607 1
1599802 1
1602823 1
1604118 1
1608460 1
1609636 1
1616380 1
1617433 1
1627358 1
1627488 1
1639706 1
1641489 1
1645718 1
1647957 1
1647981 1
1650364 1
1654172 1
1655812 1
1656063 1
1662056 1
1662104 1
1665783 1
1666884 1
1669422 1
1669893 1
1670584 1
1678779 1
1680127 1
1681953 1
1685774 1
1690004 1
1690283 1
1694121 1
1695681 1
1696651 1
1700909 1
1701290 1
1701470 1
1702133 1
1712234 1
1714326 1
1718494 1
1724053 1
1725252 1
1725501 1
1728335 1
1731597 1
1741916 1
1745050 1
1746233 1
1752247 1
1754179 1
1764189 1
1771352 1
1772370 1
1773866 1
1785786 1
1792877 1
1793081 1
1817370 1
1817525 1
1822395 1
1823055 1
1825573 1
1827451 1
1851863 1
1853053 1
1867801 1
1870722 1
1871503 1
1875109 1
1881340 1
1886127 1
1886766 1
1889804 1
1890433 1
1892404 1
1894725 1
1896645 1
1896992 1
1899674 1
1901515 1
1902509 1
1910929 1
1915685 1
1919112 1
1919784 1
1920895 1
1929950 1
1939017 1
1942659 1
1945956 1
1945967 1
1957981 1
1960524 1
1961480 1
1962817 1
1968471 1
1969590 1
1969695 1
1976172 1
1979875 1
1989506 1
1991537 1
1992296 1
1998842 1
2000946 1
2002671 1
2002810 1
2005314 1
2006841 1
2007631 1
2012905 1
2016126 1
2016454 1
2017326 1
2017331 1
2021449 1
2023024 1
2023579 1
2025378 1
2031068 1
2039522 1
2048065 1
2051349 1
2052862 1
2055296 1
2056916 1
2063182 1
2063519 1
2064852 1
2066481 1
2067202 1
2067397 1
2067859 1
2075802 1
2078694 1
2094138 1
2098196 1
2099085 1
2100521 1
2101691 1
2105896 1
2109949 1
2115532 1
2118307 1
2118760 1
2130445 1
2131423 1
2134820 1
2139683 1
2143226 1
2147566 1
2149434 1
2164649 1
2168912 1
2172153 1
2176804 1
2178539 1
2181134 1
2183163 1
2184342 1
2184692 1
2184809 1
2184909 1
2185271 1
2185340 1
2185945 1
2191449 1
2197295 1
2203380 1
2212697 1
2218264 1
2222895 1
2226535 1
2229439 1
2231187 1
2231821 1
2231825 1
2235737 1
2236087 1
2239352 1
2246215 1
2248697 1
2249106 1
2249116 1
2258615 1
2261629 1
2269949 1
2278604 1
2280012 1
2280552 1
2293900 1
2299735 1
2308544 1
2311215 1
2311937 1
2313102 1
2314878 1
2315043 1
2318073 1
2319084 1
2321884 1
2340831 1
2354599 1
2356160 1
2357453 1
2370445 1
2370553 1
2372309 1
2374325 1
2376488 1
2382679 1
2382766 1
2383430 1
2388178 1
2393428 1
2396321 1
2406924 1
2408876 1
2422399 1
2422606 1
2424191 1
2425223 1
2427745 1
2428975 1
2436885 1
2440028 1
2442814 1
2443511 1
2446555 1
2452743 1
2453173 1
2453710 1
2457616 1
2460030 1
2461341 1
2463686 1
2468211 1
2480064 1
2489501 1
2494634 1
2497705 1
2498610 1
2498762 1
2498843 1
2502682 1
2504415 1
2526327 1
2531070 1
2531398 1
2533220 1
2537695 1
2542139 1
2555967 1
2558355 1
2558575 1
2560269 1
2560966 1
2561329 1
2561597 1
2562889 1
2563270 1
2568008 1
2568621 1
2574853 1
2581451 1
2585575 1
2588889 1
2592127 1
2592798 1
2592858 1
2594652 1
2594802 1
2599241 1
2605717 1
2605720 1
2612305 1
2616229 1
2616686 1
2617185 1
2622410 1
2622733 1
2622947 1
2622950 1
2624466 1
2633683 1
2636758 1
2638869 1
2642381 1
2643924 1
2651795 1
2657673 1
2668226 1
2672249 1
2680148 1
2682808 1
2687902 1
2689373 1
2689764 1
2700587 1
2713274 1
2715113 1
2727061 1
2727825 1
2727943 1
2728154 1
2742602 1
2744448 1
2761982 1
2768167 1
2768842 1
2776814 1
2782200 1
2782636 1
2799253 1
2800346 1
2819109 1
2827779 1
2834158 1
2842043 1
2846118 1
2847205 1
2850083 1
2850173 1
2852532 1
2858063 1
2858833 1
2859493 1
2868233 1
2875997 1
2878958 1
2881395 1
2886670 1
2895680 1
2903512 1
2907394 1
2911877 1
2920787 1
2927614 1
2929393 1
2931382 1
2933439 1
2938555 1
2940796 1
2944496 1
2944916 1
2948732 1
2951417 1
2953020 1
2954099 1
2960497 1
2965751 1
2966724 1
2969331 1
2970441 1
2970447 1
2971771 1
2977567 1
2982954 1
3001626 1
3003394 1
3010406 1
3017670 1
3019304 1
3020485 1
3021590 1
3029857 1
3037783 1
3040319 1
3049604 1
3058631 1
3058775 1
3060074 1
3060251 1
3062838 1
3063462 1
3067707 1
3071826 1
3072252 1
3072477 1
3073507 1
3076380 1
3077438 1
3077847 1
3085769 1
3097578 1
3102472 1
3107320 1
3109208 1
3113319 1
3118031 1
3129944 1
3138767 1
3145220 1
3145427 1
3146182 1
3150477 1
3150973 1
3152262 1
3152738 1
3153893 1
3154663 1
3163494 1
3166432 1
3167366 1
3171132 1
3187514 1
3191358 1
3196699 1
3197351 1
3199887 1
3201784 1
3204133 1
3205065 1
3209049 1
3210400 1
3214367 1
3214589 1
3219618 1
3222416 1
3225759 1
3239221 1
3243899 1
3246089 1
3248253 1
3248380 1
3251130 1
3251234 1
3256157 1
3263540 1
3269322 1
3272113 1
3285657 1
3287029 1
3287881 1
3290786 1
3295643 1
3297868 1
3301428 1
3304921 1
3305052 1
3305651 1
3307060 1
3307414 1
3314447 1
3319628 1
3325852 1
3332196 1
3332294 1
3336824 1
3342603 1
3353013 1
3359818 1
3361514 1
3366054 1
3370572 1
3371755 1
3373091 1
3374015 1
3380040 1
3381668 1
3383436 1
3384431 1
3396246 1
3403008 1
3408411 1
3411125 1
3416559 1
3418145 1
3423955 1
3426834 1
3429184 1
3438552 1
3438856 1
3443570 1
3444887 1
3445478 1
3458128 1
3461102 1
3463533 1
3469565 1
3469650 1
3472720 1
3491514 1
3501880 1
3503283 1
3504163 1
3504164 1
3506509 1
3519531 1
3522625 1
3525554 1
3525813 1
3532202 1
3532549 1
3537001 1
3544039 1
3546583 1
3555774 1
3557167 1
3578322 1
3579086 1
3581374 1
3591305 1
3596690 1
3603220 1
3609514 1
3612683 1
3616625 1
3617018 1
3619792 1
3620523 1
3629340 1
3641213 1
3641374 1
3643343 1
3648647 1
3648819 1
3652078 1
3652533 1
3658332 1
3659773 1
3661070 1
3661204 1
3667557 1
3677102 1
3679059 1
3686116 1
3690375 1
3690805 1
3693448 1
3696334 1
3699927 1
3701588 1
3701777 1
3705956 1
3706898 1
3707989 1
3717160 1
3717815 1
3728623 1
3729116 1
3731931 1
3735639 1
3741193 1
3757801 1
3761512 1
3768500 1
3771713 1
3777015 1
3777937 1
3780011 1
3781443 1
3789147 1
3791792 1
3794900 1
3797373 1
3797975 1
3798223 1
3810845 1
3817147 1
3818116 1
3823165 1
3823641 1
3824340 1
3826322 1
3826488 1
3828853 1
3845176 1
3845829 1
3846613 1
3849542 1
3863456 1
3865620 1
3867732 1
3870933 1
3873542 1
3873891 1
3882889 1
3892381 1
3902931 1
3912430 1
3917676 1
3923957 1
3925886 1
3929470 1
3938227 1
3938392 1
3952076 1
3953943 1
3953952 1
3954251 1
3961205 1
3966055 1
3967639 1
3972813 1
3973590 1
3978562 1
3978983 1
3979576 1
3987480 1
3988471 1
3992001 1
3993994 1
3995475 1
3996110 1
4004411 1
4004795 1
4010831 1
4012009 1
4015607 1
4017980 1
4019104 1
4020177 1
4022531 1
4023977 1
4028499 1
4058643 1
4065418 1
4068571 1
4070411 1
4070418 1
4081263 1
4093637 1
4094548 1
4095086 1
4095366 1
4104868 1
4109159 1
4114951 1
4123011 1
4124123 1
4124263 1
4126931 1
4134120 1
4137612 1
4154137 1
4160816 1
4161627 1
4165039 1
4168233 1
4170018 1
4170763 1
4180436 1
4188786 1
4189076 1
4190027 1
4190936 1
4191779 1
4194583 1
4196385 1
4197774 1
4199644 1
4200154 1
4201011 1
4202659 1
4206896 1
4210708 1
4213681 1
4217721 1
4218355 1
4223884 1
4227030 1
4235736 1
4250205 1
4250874 1
4255541 1
4257445 1
4259714 1
4262959 1
4264572 1
4268085 1
4271701 1
4271952 1
4280475 1
4281092 1
4282600 1
4293321 1
4299629 1
4300284 1
4308670 1
4313814 1
4315907 1
4323460 1
4324089 1
4336248 1
4348184 1
4350971 1
4351090 1
4358556 1
4359704 1
4372196 1
4380217 1
4388270 1
4396882 1
4398524 1
4398958 1
4413065 1
4413256 1
4415008 1
4416388 1
4417176 1
4421816 1
4422662 1
4429557 1
4430827 1
4431754 1
4435189 1
4437933 1
4439679 1
4441927 1
4444029 1
4444163 1
4445682 1
4449220 1
4451448 1
4452784 1
4452784 1
4459104 1
4467775 1
4469246 1
4472099 1
4473346 1
4480923 1
4482344 1
4488505 1
4495299 1
4505368 1
4511321 1
4523545 1
4523932 1
4525031 1
4526295 1
4528391 1
4533635 1
4536961 1
4538916 1
4541617 1
4549882 1
4565595 1
4565601 1
4569595 1
4575820 1
4578480 1
4580596 1
4581144 1
4584931 1
4588965 1
4590292 1
4608906 1
4610469 1
4612243 1
4622771 1
4629944 1
4630607 1
4630972 1
4632301 1
4640810 1
4646775 1
4656578 1
4660351 1
4662412 1
4671528 1
4674077 1
4680306 1
4681528 1
4683331 1
4684063 1
4685134 1
4685590 1
4686196 1
4687240 1
4688964 1
4691089 1
4691432 1
4698187 1
4700875 1
4710074 1
4712472 1
4725022 1
4725667 1
4738855 1
4740941 1
4741327 1
4754562 1
4756911 1
4760452 1
4763773 1
4764885 1
4766941 1
4767027 1
4767793 1
4770739 1
4773016 1
4773118 1
4777726 1
4777772 1
4779452 1
4783732 1
4783732 1
4787709 1
4790989 1
4792264 1
4792650 1
4797559 1
4798189 1
4799066 1
4802043 1
4802330 1
4804357 1
4807682 1
4813330 1
4813630 1
4814450 1
4814467 1
4816015 1
4816127 1
4818062 1
4821777 1
4822348 1
4823940 1
4825506 1
4831420 1
4838988 1
4841722 1
4854787 1
4858046 1
4858083 1
4858372 1
4860359 1
4863596 1
4864106 1
4864562 1
4869140 1
4870912 1
4878887 1
4880713 1
4881349 1
4883430 1
4891783 1
4893133 1
4894722 1
4894899 1
4897669 1
4898418 1
4902596 1
4903700 1
4905145 1
4908071 1
4910759 1
4911574 1
4913425 1
4916173 1
4916392 1
4925807 1
4926522 1
4927000 1
4927238 1
4946595 1
4954648 1
4955837 1
4966508 1
4969894 1
4984996 1
4985177 1
4986007 1
4987266 1
4990924 1
4993847 1
4999493 1
5001489 1
5004219 1
5017232 1
5017250 1
5023922 1
5027708 1
5032202 1
5036670 1
5039215 1
5040874 1
5047794 1
5049410 1
5051388 1
5051490 1
5051523 1
5070368 1
5071499 1
5074335 1
5074527 1
5077411 1
5078508 1
5080512 1
5093845 1
5107566 1
5115548 1
5118259 1
5126252 1
5133182 1
5160809 1
5163420 1
5164132 1
5171955 1
5180996 1
5184576 1
5187137 1
5196299 1
5197940 1
5221013 1
5221572 1
5232874 1
5233770 1
5238926 1
5239548 1
5240046 1
5244533 1
5249268 1
5255989 1
5257944 1
5260197 1
5275069 1
5275189 1
5275827 1
5275839 1
5276147 1
5288713 1
5293351 1
5293943 1
5307646 1
5313886 1
5316466 1
5323382 1
5327561 1
5335734 1
5344964 1
5348428 1
5350340 1
5351334 1
5351475 1
5356547 1
5366738 1
5369892 1
5375643 1
5375952 1
5378319 1
5380716 1
5385155 1
5386055 1
5406304 1
5416905 1
5420251 1
5429665 1
5430906 1
5433205 1
5434312 1
5440845 1
5453403 1
5454171 1
5456582 1
5457605 1
5458194 1
5463670 1
5463702 1
5464326 1
5464650 1
5476507 1
5489848 1
5492568 1
5494931 1
5501668 1
5505738 1
5507475 1
5515726 1
5520573 1
5524472 1
5524732 1
5526314 1
5526398 1
5526489 1
5529385 1
5538040 1
5541432 1
5541783 1
5547127 1
5550668 1
5560560 1
5569741 1
5572515 1
5584991 1
5585611 1
5592135 1
5592962 1
5595751 1
5601487 1
5603222 1
5608040 1
5608818 1
5609787 1
5611451 1
5615407 1
5620885 1
5626577 1
5627923 1
5631757 1
5642214 1
5648715 1
5652756 1
5662707 1
5663542 1
5665829 1
5672364 1
5676503 1
5681837 1
5681996 1
5683861 1
5685440 1
5687975 1
5689026 1
5689262 1
5691929 1
5693154 1
5693279 1
5693476 1
5700996 1
5706683 1
5711346 1
5715948 1
5716293 1
5717364 1
5719360 1
5720129 1
5726065 1
5727290 1
5732754 1
5744294 1
5750826 1
5751727 1
5757008 1
5764027 1
5769244 1
5769826 1
5775983 1
5788264 1
5789496 1
5790647 1
5793895 1
5800318 1
5810730 1
5822164 1
5824229 1
5828377 1
5830732 1
5840995 1
5846826 1
5853262 1
5858598 1
5861077 1
5862548 1
5865621 1
5868795 1
5869634 1
5880431 1
5881330 1
5882911 1
5885643 1
5892387 1
5893977 1
5907798 1
5908455 1
5908855 1
5917296 1
5917425 1
5917427 1
5920247 1
5920527 1
5921993 1
5927215 1
5928051 1
5931649 1
5932265 1
5944995 1
5959064 1
5960913 1
5962758 1
5962837 1
5963394 1
5963823 1
5969202 1
5973565 1
5983155 1
5983986 1
5986118 1
5998610 1
6001801 1
6002200 1
6002582 1
6002864 1
6005382 1
6006789 1
6009346 1
6011052 1
6011303 1
6015325 1
6017280 1
6020752 1
6022843 1
6024248 1
6027963 1
6033478 1
6035028 1
6036967 1
6039291 1
6041286 1
6042015 1
6043044 1
6043664 1
6049030 1
6051598 1
6054603 1
6067610 1
6069159 1
6073215 1
6088924 1
6092508 1
6096493 1
6108195 1
6111166 1
6113737 1
6127215 1
6127379 1
6131871 1
6137910 1
6143317 1
6146657 1
6153106 1
6159265 1
6170438 1
6170726 1
6171438 1
6171872 1
6174822 1
6182640 1
6184373 1
6185257 1
6185538 1
6188324 1
6193011 1
6197735 1
6199765 1
6201706 1
6201706 1
6205773 1
6220831 1
6235762 1
6236601 1
6262370 1
6262621 1
6269015 1
6279450 1
6289786 1
6292059 1
6294850 1
6299461 1
6319545 1
6321839 1
6323167 1
6325604 1
6337138 1
6338264 1
6338277 1
6343793 1
6344058 1
6345915 1
6346951 1
6347195 1
6347374 1
6353418 1
6355254 1
6357144 1
6361121 1
6363215 1
6363638 1
6365670 1
6369832 1
6370108 1
6370620 1
6371650 1
6377240 1
6377691 1
6378259 1
6378605 1
6379371 1
6380178 1
6382090 1
6382100 1
6382656 1
6385092 1
6389120 1
6390314 1
6396039 1
6398591 1
6402615 1
6404111 1
6409558 1
6410516 1
6411478 1
6415367 1
6418024 1
6421336 1
6423547 1
6423683 1
6423726 1
6431768 1
6432005 1
6435189 1
6438494 1
6448805 1
6451905 1
6467694 1
6469903 1
6477815 1
6478923 1
6479347 1
6481731 1
6492493 1
6494885 1
6495196 1
6498770 1
6501444 1
6501458 1
6502811 1
6504016 1
6504331 1
6505009 1
6505328 1
6505428 1
6507970 1
6509424 1
6511806 1
6512327 1
6512673 1
6516868 1
6517194 1
6524127 1
6524876 1
6524876 1
6526096 1
6528106 1
6535081 1
6536331 1
6538706 1
6540113 1
6541234 1
6541363 1
6548573 1
6555259 1
6557522 1
6557526 1
6559852 1
6566233 1
6567332 1
6586411 1
6591440 1
6591623 1
6602408 1
6602440 1
6605037 1
6607291 1
6610818 1
6613599 1
6617034 1
6620103 1
6623886 1
6626112 1
6627725 1
6627828 1
6628714 1
6630647 1
6641695 1
6641756 1
6643132 1
6644911 1
6644956 1
6645987 1
6659960 1
6666202 1
6666863 1
6677632 1
6681031 1
6684179 1
6686055 1
6686417 1
6692923 1
6694029 1
6697266 1
6698288 1
6698626 1
6712949 1
6712976 1
6715619 1
6718972 1
6721102 1
6730525 1
6733322 1
6734041 1
6735396 1
6739612 1
6742187 1
6743110 1
6743334 1
6744111 1
6744471 1
6750358 1
6753441 1
6765099 1
6766486 1
6766873 1
6775386 1
6798388 1
6800352 1
6801839 1
6803051 1
6808240 1
6811887 1
6814985 1
6816904 1
6821067 1
6832285 1
6832345 1
6835328 1
6836117 1
6840181 1
6840659 1
6842917 1
6853195 1
6861884 1
6866572 1
6868563 1
6869479 1
6872998 1
6874564 1
6876757 1
6880648 1
6883816 1
6883933 1
6883935 1
6885530 1
6892862 1
6893306 1
6897131 1
6899537 1
6900066 1
6915721 1
6919093 1
6920962 1
6921345 1
6922330 1
6924205 1
6924321 1
6926250 1
6929663 1
6930265 1
6930332 1
6930945 1
6935189 1
6937034 1
6939861 1
6950239 1
6950713 1
6951311 1
6954083 1
6954906 1
6960706 1
6962122 1
6970282 1
6972217 1
6979167 1
6982130 1
6996325 1
7000504 1
7002619 1
7003562 1
7007561 1
7008793 1
7008796 1
7014136 1
7017322 1
7017759 1
7018653 1
7026919 1
7028796 1
7030271 1
7045335 1
7047707 1
7048529 1
7048538 1
7054192 1
7064936 1
7067075 1
7067107 1
7069798 1
7072546 1
7077405 1
7080065 1
7082858 1
7101845 1
7109334 1
7109806 1
7112002 1
7112749 1
7117418 1
7117636 1
7125651 1
7129850 1
7132943 1
7137008 1
7139404 1
7139588 1
7142972 1
7146889 1
7153302 1
7160175 1
7166658 1
7170092 1
7170096 1
7170883 1
7173342 1
7175405 1
7180618 1
7180870 1
7186084 1
7186765 1
7188363 1
7195152 1
7197015 1
7200451 1
7200660 1
7205560 1
7206729 1
7209369 1
7212468 1
7213030 1
7215274 1
7221658 1
7225564 1
7232324 1
7235694 1
7251431 1
7253075 1
7257356 1
7260216 1
7261537 1
7264695 1
7266452 1
7274614 1
7277441 1
7277708 1
7277752 1
7278320 1
7279505 1
7285976 1
7289510 1
7293815 1
7293835 1
7304295 1
7304951 1
7312583 1
7313474 1
7322307 1
7325930 1
7326610 1
7332861 1
7333380 1
7334520 1
7334582 1
7334851 1
7336590 1
7342302 1
7343252 1
7344423 1
7345635 1
7346307 1
7347191 1
7348053 1
7348494 1
7352690 1
7353025 1
7358192 1
7360972 1
7361337 1
7363334 1
7367752 1
7377221 1
7381599 1
7382102 1
7386760 1
7393699 1
7395442 1
7399140 1
7412437 1
7413658 1
7422325 1
7422371 1
7425274 1
7429168 1
7439484 1
7441081 1
7441209 1
7441533 1
7444763 1
7445923 1
7454252 1
7462273 1
7462900 1
7463306 1
7463323 1
7471519 1
7476336 1
7477463 1
7479917 1
7483042 1
7489788 1
7491808 1
7492123 1
7494444 1
7506963 1
7513449 1
7520209 1
7520285 1
7525580 1
7529747 1
7530254 1
7530964 1
7530965 1
7542363 1
7546183 1
7547545 1
7549134 1
7559218 1
7562791 1
7569188 1
7569339 1
7570703 1
7571979 1
7572381 1
7574762 1
7575262 1
7576190 1
7577542 1
7577616 1
7580724 1
7587051 1
7587485 1
7592978 1
7594666 1
7596407 1
7603483 1
7612885 1
7613726 1
7618676 1
7635511 1
7638884 1
7639652 1
7642447 1
7643749 1
7648920 1
7649748 1
7657923 1
7658329 1
7674797 1
7675485 1
7682766 1
7687497 1
7691337 1
7701203 1
7704655 1
7704860 1
7708214 1
7708985 1
7712062 1
7713949 1
7715850 1
7717218 1
7727225 1
7730331 1
7733707 1
7737456 1
7746074 1
7746995 1
7755227 1
7762997 1
7774683 1
7780195 1
7783757 1
7784063 1
7785365 1
7785385 1
7788284 1
7791480 1
7792126 1
7792500 1
7807654 1
7809371 1
7816928 1
7828124 1
7831341 1
7831361 1
7836966 1
7837769 1
7850140 1
7850835 1
7856753 1
7857521 1
7863125 1
7865931 1
7868416 1
7870405 1
7876374 1
7881523 1
7883286 1
7891642 1
7892116 1
7894186 1
7894558 1
7903424 1
7907315 1
7908207 1
7912300 1
7916164 1
7926561 1
7926656 1
7928536 1
7931564 1
7933170 1
7936688 1
7942687 1
7950844 1
7953501 1
7954630 1
7957445 1
7957820 1
7958348 1
7963718 1
7965396 1
7970835 1
7987543 1
7997849 1
7998438 1
8006686 1
8013409 1
8015932 1
8018316 1
8018932 1
8019391 1
8023469 1
8023578 1
8034072 1
8038547 1
8047548 1
8050843 1
8054171 1
8060177 1
8062209 1
8064684 1
8065367 1
8067974 1
8068429 1
8070562 1
8070722 1
8075880 1
8076541 1
8076684 1
8081261 1
8081303 1
8083868 1
8084147 1
8092599 1
8095573 1
8099995 1
8105215 1
8108248 1
8108703 1
8110657 1
8114017 1
8114018 1
8117834 1
8118499 1
8121301 1
8121454 1
8122338 1
8130809 1
8132850 1
8133410 1
8133572 1
8135420 1
8137722 1
8149365 1
8151697 1
8155496 1
8162658 1
8164440 1
8168231 1
8187469 1
8189235 1
8189906 1
8190418 1
8194301 1
8203356 1
8208643 1
8208982 1
8215942 1
8217271 1
8217778 1
8225883 1
8232271 1
8232277 1
8234124 1
8236386 1
8237447 1
8251015 1
8257706 1
8267202 1
8272247 1
8288829 1
8289295 1
8291112 1
8292327 1
8308353 1
8309424 1
26778 1
33349 1
55599 1
56305 1
62697 1
76889 1
99880 1
124893 1
132790 1
134308 1
153919 1
154651 1
157460 1
157742 1
168616 1
168899 1
170732 1
176409 1
183810 1
198870 1
199582 1
199600 1
200648 1
204636 1
205781 1
208870 1
211669 1
216597 1
222803 1
230507 1
231925 1
236780 1
249736 1
251308 1
285987 1
304272 1
304303 1
326386 1
370855 1
398967 1
412497 1
426531 1
427395 1
438980 1
441192 1
441902 1
443872 1
449772 1
471628 1
492862 1
506266 1
531445 1
541038 1
549396 1
560346 1
562344 1
565262 1
571168 1
588127 1
606855 1
612059 1
624602 1
654976 1
664235 1
667580 1
673344 1
680546 1
682531 1
695205 1
695469 1
707561 1
707579 1
715382 1
715525 1
724422 1
734291 1
734547 1
735366 1
741101 1
744562 1
754848 1
764187 1
800606 1
805483 1
829163 1
837360 1
841927 1
848242 1
865267 1
893287 1
894561 1
902051 1
912481 1
920941 1
927717 1
941459 1
952903 1
972008 1
978893 1
983047 1
987725 1
1012131 1
1013125 1
1028840 1
1039495 1
1045842 1
1047127 1
1050631 1
1063449 1
1071588 1
1092792 1
1094178 1
1098310 1
1099775 1
1103112 1
1103686 1
1130811 1
1186667 1
1201861 1
1205152 1
1211724 1
1212820 1
1213992 1
1227228 1
1245311 1
1263139 1
1274981 1
1275713 1
1275717 1
1289806 1
1302377 1
1302578 1
1304643 1
1327425 1
1343035 1
1351544 1
1356202 1
1362123 1
1363484 1
1366901 1
1366907 1
1371542 1
1395028 1
1399929 1
1406752 1
1410272 1
1445928 1
1497748 1
1505329 1
1510095 1
1512413 1
1553272 1
1558457 1
1576619 1
1582271 1
1595277 1
1607544 1
1611074 1
1620801 1
1621536 1
1623096 1
1623206 1
1635673 1
1636406 1
1644852 1
1657727 1
1665522 1
1725528 1
1728350 1
1768775 1
1784122 1
1793250 1
1832900 1
1858237 1
1876068 1
1889915 1
1891448 1
1901903 1
1912952 1
1918274 1
1951128 1
1964406 1
1972421 1
1975539 1
1986659 1
1989433 1
1990869 1
1992258 1
2005622 1
2029314 1
2051512 1
2074886 1
2097386 1
2118301 1
2130610 1
2143890 1
2196195 1
2203461 1
2216148 1
2228499 1
2236515 1
2273505 1
2277646 1
2288823 1
2297698 1
2344537 1
2349351 1
2350475 1
2358474 1
2367131 1
2377481 1
2384842 1
2407735 1
2411606 1
2419818 1
2425312 1
2430227 1
2430275 1
2435769 1
2446958 1
2456477 1
2467400 1
2486057 1
2494647 1
2495419 1
2505213 1
2529346 1
2543631 1
2556604 1
2562039 1
2582278 1
2596455 1
2606435 1
2609147 1
2611217 1
2624056 1
2638580 1
2645871 1
2646460 1
2657754 1
2659686 1
2695057 1
2699799 1
2704027 1
2723679 1
2729409 1
2749029 1
2763667 1
2772316 1
2813737 1
2839882 1
2849865 1
2870634 1
2884883 1
2892483 1
2897803 1
2899144 1
2917174 1
2958346 1
2964383 1
2969983 1
2986748 1
2994270 1
3006564 1
3022121 1
3037718 1
3037836 1
3038399 1
3057484 1
3062507 1
3087868 1
3093709 1
3098039 1
3099528 1
3105197 1
3186970 1
3201754 1
3204028 1
3204572 1
3206340 1
3211449 1
3220691 1
3227355 1
3236509 1
3240601 1
3250388 1
3278573 1
3285749 1
3319220 1
3319875 1
3320161 1
3323203 1
3329489 1
3332374 1
3342726 1
3343951 1
3349644 1
3350961 1
3371528 1
3408550 1
3422704 1
3431600 1
3435523 1
3460494 1
3465472 1
3468336 1
3479704 1
3487483 1
3513999 1
3521449 1
3549964 1
3560269 1
3579721 1
3594630 1
3605686 1
3606932 1
3650946 1
3653615 1
3663796 1
3670056 1
3673006 1
3679997 1
3688920 1
3731602 1
3732502 1
3775395 1
3778103 1
3781274 1
3783590 1
3785442 1
3807529 1
3816552 1
3821210 1
3829052 1
3830237 1
3847098 1
3849322 1
3865901 1
3870413 1
3940333 1
3943545 1
3954238 1
3961502 1
3970766 1
3972727 1
3977189 1
3987348 1
3990921 1
3991707 1
4012666 1
4015807 1
4026395 1
4030250 1
4060379 1
4065460 1
4066040 1
4087226 1
4096182 1
4117855 1
4136286 1
4138240 1
4151091 1
4162792 1
4163559 1
4176818 1
4179375 1
4202898 1
4205469 1
4209354 1
4209658 1
4213942 1
4216001 1
4218181 1
4232353 1
4236876 1
4246600 1
4249510 1
4266307 1
4293811 1
4297330 1
4298770 1
4319339 1
4332529 1
4347735 1
4353041 1
4353641 1
4369471 1
4372037 1
4376649 1
4382033 1
4393954 1
4397374 1
4401773 1
4403920 1
4444866 1
4461869 1
4478805 1
4484981 1
4492236 1
4497732 1
4512445 1
4532769 1
4545673 1
4550061 1
4556978 1
4597757 1
4614713 1
4627351 1
4649358 1
4667829 1
4679396 1
4680019 1
4698096 1
4708363 1
4712240 1
4720926 1
4738374 1
4798967 1
4833264 1
4870580 1
4877125 1
4887430 1
4904802 1
4908849 1
4946118 1
4964785 1
4974574 1
4978029 1
4978339 1
4986853 1
5012087 1
5029756 1
5034885 1
5037392 1
5042639 1
5046477 1
5056513 1
5062363 1
5118339 1
5120928 1
5125181 1
5142466 1
5144130 1
5156207 1
5170881 1
5201463 1
5213569 1
5233767 1
5243342 1
5262352 1
5287556 1
5306520 1
5307835 1
5327587 1
5344835 1
5350041 1
5363247 1
5367573 1
5368038 1
5369098 1
5374432 1
5404745 1
5418529 1
5421136 1
5437925 1
5439930 1
5441119 1
5449078 1
5482114 1
5492469 1
5525358 1
5526323 1
5529909 1
5543562 1
5552150 1
5556539 1
5557619 1
5579522 1
5595066 1
5634302 1
5637843 1
5639525 1
5640242 1
5659840 1
5661678 1
5685341 1
5691345 1
5693140 1
5696382 1
5702830 1
5709756 1
5715405 1
5720411 1
5727799 1
5730471 1
5743695 1
5761878 1
5762200 1
5773620 1
5774832 1
5808873 1
5809686 1
5814859 1
5821393 1
5825357 1
5825495 1
5854073 1
5872476 1
5877740 1
5904045 1
5921140 1
5924389 1
5934763 1
5976472 1
6008185 1
6010318 1
6022035 1
6041719 1
6043614 1
6045834 1
6046943 1
6053614 1
6060830 1
6065102 1
6076186 1
6096807 1
6111648 1
6123217 1
6146664 1
6151731 1
6152120 1
6159179 1
6184389 1
6185375 1
6195372 1
6224325 1
6224757 1
6234802 1
6248247 1
6260939 1
6266780 1
6272436 1
6283454 1
6287243 1
6293239 1
6293366 1
6301092 1
6313586 1
6323833 1
6336887 1
6387540 1
6402527 1
6421752 1
6472819 1
6475108 1
6497356 1
6506645 1
6506966 1
6510566 1
6513962 1
6521679 1
6526004 1
6538484 1
6543584 1
6561346 1
6572099 1
6574537 1
6576489 1
6581420 1
6593843 1
6614293 1
6623100 1
6653956 1
6674496 1
6679484 1
6680175 1
6687047 1
6700291 1
6718525 1
6781518 1
6783620 1
6805018 1
6827119 1
6834224 1
6834662 1
6848822 1
6852477 1
6860911 1
6867849 1
6868258 1
6872727 1
6879137 1
6885054 1
6887479 1
6915430 1
6919163 1
6925357 1
6934291 1
6935460 1
6950343 1
6962362 1
6970784 1
6971219 1
6979133 1
6986879 1
6991404 1
6993929 1
6995347 1
7001598 1
7005004 1
7008642 1
7025149 1
7036999 1
7040505 1
7100133 1
7100767 1
7111698 1
7114541 1
7117272 1
7126640 1
7142980 1
7145805 1
7156707 1
7168743 1
7169589 1
7193244 1
7223127 1
7242167 1
7249887 1
7285946 1
7286553 1
7289931 1
7300322 1
7314192 1
7323843 1
7331535 1
7344346 1
7365009 1
7367233 1
7385215 1
7391820 1
7396756 1
7399070 1
7425553 1
7434185 1
7464319 1
7479947 1
7482322 1
7495523 1
7505421 1
7511552 1
7520036 1
7527997 1
7540727 1
7549011 1
7551158 1
7563989 1
7577528 1
7595022 1
7598277 1
7598673 1
7634210 1
7681038 1
7682082 1
7707397 1
7713485 1
7725205 1
7739704 1
7761493 1
7775661 1
7799718 1
7821191 1
7821629 1
7822169 1
7826384 1
7843959 1
7849209 1
7891235 1
7902711 1
7915826 1
7918154 1
7918813 1
7930352 1
7932490 1
7985824 1
8007179 1
8007317 1
8024735 1
8045388 1
8096377 1
8104603 1
8138280 1
8148290 1
8152223 1
8153157 1
8154497 1
8165503 1
8176408 1
8195994 1
8211555 1
8212262 1
8226125 1
8262633 1
8298370 1
8302913 1
