1359 1
2747 1
9253 1
21245 1
27010 1
32773 1
34941 1
36627 1
40372 1
42991 1
45873 1
49231 1
50276 1
54372 1
62426 1
77215 1
82042 1
83094 1
95536 1
97369 1
99542 1
99764 1
100321 1
101725 1
101983 1
102367 1
105461 1
106038 1
107854 1
108060 1
109889 1
111234 1
111392 1
111852 1
111928 1
112518 1
112856 1
114442 1
114739 1
116668 1
117445 1
117507 1
117937 1
118310 1
119537 1
119567 1
122047 1
122124 1
122795 1
125207 1
127142 1
127591 1
128113 1
128188 1
128475 1
129160 1
131059 1
131096 1
136966 1
137660 1
137924 1
138521 1
142822 1
143635 1
145446 1
149761 1
149953 1
150291 1
150630 1
150980 1
151061 1
153860 1
155290 1
155527 1
156065 1
156968 1
158499 1
162991 1
163148 1
164046 1
165006 1
165196 1
166266 1
166654 1
167318 1
167981 1
168611 1
171459 1
174226 1
179338 1
180647 1
181302 1
191753 1
193083 1
194954 1
195612 1
197041 1
197461 1
198366 1
199200 1
199572 1
199864 1
203970 1
205291 1
205754 1
209203 1
213192 1
214758 1
215863 1
216974 1
217320 1
217321 1
217459 1
220478 1
220845 1
221441 1
222070 1
222343 1
223571 1
225049 1
228876 1
238585 1
239019 1
243498 1
246942 1
247332 1
249985 1
250026 1
250598 1
250811 1
251966 1
258052 1
259929 1
260462 1
264949 1
265579 1
272659 1
273296 1
273952 1
275156 1
278475 1
281337 1
282264 1
284487 1
285603 1
289062 1
295627 1
301672 1
303303 1
308606 1
311963 1
321102 1
334302 1
334734 1
335142 1
335767 1
342581 1
344066 1
347782 1
350089 1
355437 1
362219 1
365419 1
365771 1
369266 1
370391 1
370695 1
376543 1
384017 1
390411 1
426310 1
428860 1
432931 1
441479 1
442657 1
444329 1
449589 1
450720 1
451653 1
452620 1
456013 1
458710 1
462511 1
474502 1
479013 1
480904 1
482438 1
487458 1
488197 1
488496 1
489982 1
490508 1
493680 1
495823 1
497112 1
500388 1
501596 1
502474 1
504775 1
506680 1
507313 1
509682 1
511235 1
514545 1
522763 1
522933 1
523540 1
531699 1
535380 1
541935 1
547135 1
549039 1
550164 1
560735 1
565838 1
565900 1
567134 1
571255 1
571875 1
572521 1
572654 1
573786 1
577364 1
579044 1
583918 1
604081 1
608212 1
609986 1
610839 1
633760 1
636729 1
638310 1
641235 1
644866 1
650893 1
658023 1
659720 1
665457 1
666694 1
668898 1
672010 1
677780 1
678985 1
679537 1
679824 1
683397 1
691137 1
691853 1
692300 1
693681 1
699336 1
700407 1
705663 1
713611 1
715297 1
719012 1
722066 1
724286 1
728648 1
734416 1
743978 1
746232 1
747525 1
752187 1
765846 1
768081 1
769588 1
776766 1
778873 1
779985 1
793884 1
795144 1
801844 1
807807 1
810578 1
814740 1
816793 1
824951 1
831775 1
831862 1
839168 1
842390 1
844683 1
853088 1
854623 1
855584 1
866260 1
866979 1
871387 1
872447 1
875035 1
889133 1
892021 1
896520 1
896595 1
909325 1
910571 1
914137 1
914584 1
919669 1
920652 1
921877 1
922215 1
925876 1
929883 1
943957 1
946174 1
950643 1
952067 1
954312 1
957532 1
958373 1
966121 1
967008 1
969599 1
969599 1
969933 1
971819 1
972881 1
979185 1
986934 1
991792 1
996537 1
998339 1
1010485 1
1022277 1
1028282 1
1030829 1
1030848 1
1030877 1
1031434 1
1036279 1
1040148 1
1040811 1
1046707 1
1049534 1
1050540 1
1052608 1
1056982 1
1058457 1
1062386 1
1063529 1
1066497 1
1069606 1
1070945 1
1071896 1
1072052 1
1072081 1
1073373 1
1073846 1
1079964 1
1080114 1
1082971 1
1083449 1
1083478 1
1088291 1
1092639 1
1093349 1
1094623 1
1101082 1
1104446 1
1107128 1
1109400 1
1109752 1
1113455 1
1113992 1
1121521 1
1124751 1
1126675 1
1127262 1
1127928 1
1148164 1
1152343 1
1154749 1
1160731 1
1170354 1
1170953 1
1176704 1
1176957 1
1180740 1
1182665 1
1185774 1
1187228 1
1196181 1
1196659 1
1198281 1
1202034 1
1204136 1
1209493 1
1210666 1
1211263 1
1215787 1
1218272 1
1218521 1
1220301 1
1220725 1
1224401 1
1225532 1
1233855 1
1241726 1
1242426 1
1248485 1
1263329 1
1264169 1
1266017 1
1266570 1
1275003 1
1277387 1
1279151 1
1279995 1
1282546 1
1285709 1
1289049 1
1293733 1
1294045 1
1298802 1
1302991 1
1308129 1
1315495 1
1322459 1
1323653 1
1324416 1
1335432 1
1340195 1
1342130 1
1346211 1
1346610 1
1346610 1
1347764 1
1348232 1
1348651 1
1356131 1
1359726 1
1362052 1
1367489 1
1367944 1
1369591 1
1372757 1
1374833 1
1376509 1
1378254 1
1379791 1
1380810 1
1382251 1
1388810 1
1389822 1
1399967 1
1402515 1
1405865 1
1416436 1
1422916 1
1424195 1
1432326 1
1433974 1
1434706 1
1435919 1
1440292 1
1440396 1
1442972 1
1443553 1
1445096 1
1449037 1
1451676 1
1452345 1
1461128 1
1464415 1
1471559 1
1473498 1
1478204 1
1478302 1
1478854 1
1479687 1
1485164 1
1488827 1
1491705 1
1493963 1
1496629 1
1497535 1
1504026 1
1512031 1
1523819 1
1526684 1
1530553 1
1530633 1
1533715 1
1535877 1
1537279 1
1542856 1
1544475 1
1546506 1
1547589 1
1560348 1
1561948 1
1566710 1
1575881 1
1579653 1
1580891 1
1580917 1
1582071 1
1586494 1
1587182 1
1587554 1
1587679 1
1589379 1
1592967 1
1598124 1
1598130 1
1602367 1
1603991 1
1604565 1
1605939 1
1607378 1
1611911 1
1614743 1
1620704 1
1623164 1
1625495 1
1626588 1
1629546 1
1636487 1
1637798 1
1639605 1
1641834 1
1645355 1
1647740 1
1649275 1
1656276 1
1658386 1
1659266 1
1663656 1
1664658 1
1669293 1
1670123 1
1673883 1
1674881 1
1676418 1
1676422 1
1676949 1
1680153 1
1680279 1
1680635 1
1682258 1
1683442 1
1685596 1
1685667 1
1686232 1
1687823 1
1688484 1
1689390 1
1694495 1
1695421 1
1698083 1
1701228 1
1702042 1
1702492 1
1703586 1
1705916 1
1710659 1
1719653 1
1721563 1
1723150 1
1729224 1
1733988 1
1741508 1
1744430 1
1747249 1
1747456 1
1747892 1
1749126 1
1753457 1
1761820 1
1761875 1
1761983 1
1765954 1
1770069 1
1771597 1
1782178 1
1786474 1
1786634 1
1787612 1
1789120 1
1801586 1
1805184 1
1813635 1
1814284 1
1816228 1
1817170 1
1817210 1
1817934 1
1818805 1
1820419 1
1823439 1
1823710 1
1824690 1
1825999 1
1826360 1
1827870 1
1828050 1
1831304 1
1832547 1
1853387 1
1855524 1
1855818 1
1856411 1
1857649 1
1857874 1
1868297 1
1868919 1
1872270 1
1872907 1
1873452 1
1873988 1
1876189 1
1877822 1
1880383 1
1881392 1
1881456 1
1881578 1
1882309 1
1883611 1
1890362 1
1890452 1
1891115 1
1892756 1
1898187 1
1898257 1
1899658 1
1900001 1
1905379 1
1909248 1
1910089 1
1910955 1
1911931 1
1914817 1
1919898 1
1930783 1
1931128 1
1932105 1
1942178 1
1942519 1
1943004 1
1947438 1
1951526 1
1956858 1
1964793 1
1969324 1
1973745 1
1974077 1
1979110 1
1979288 1
1986568 1
1992596 1
1992614 1
1992989 1
1999479 1
2001565 1
2002160 1
2005623 1
2006978 1
2008550 1
2012312 1
2014914 1
2015534 1
2018688 1
2019701 1
2031347 1
2037037 1
2044461 1
2044478 1
2049863 1
2054015 1
2055546 1
2066260 1
2071105 1
2073511 1
2074554 1
2085474 1
2092114 1
2093935 1
2093942 1
2097071 1
2098097 1
2098411 1
2099193 1
2100615 1
2101145 1
2108840 1
2109638 1
2110213 1
2111497 1
2112877 1
2113654 1
2115811 1
2119105 1
2119799 1
2120452 1
2125179 1
2125575 1
2135779 1
2138750 1
2144764 1
2147417 1
2156334 1
2164332 1
2170277 1
2170845 1
2171377 1
2173726 1
2179706 1
2184258 1
2188833 1
2189798 1
2193251 1
2198786 1
2200248 1
2204253 1
2210957 1
2215051 1
2220906 1
2222844 1
2223839 1
2224346 1
2227958 1
2232462 1
2233929 1
2247479 1
2251491 1
2260582 1
2267213 1
2270496 1
2276431 1
2281823 1
2284248 1
2284971 1
2285979 1
2286637 1
2288172 1
2291085 1
2291751 1
2293840 1
2294683 1
2295207 1
2298835 1
2301724 1
2304294 1
2305001 1
2306435 1
2306826 1
2320761 1
2320892 1
2335494 1
2342031 1
2345735 1
2347542 1
2347661 1
2349784 1
2354842 1
2355386 1
2358651 1
2360706 1
2365279 1
2365721 1
2366203 1
2370957 1
2374378 1
2376699 1
2381432 1
2383143 1
2386474 1
2388002 1
2388317 1
2390019 1
2396860 1
2397185 1
2403282 1
2408398 1
2409316 1
2409319 1
2409531 1
2412332 1
2415537 1
2418533 1
2419280 1
2421460 1
2423835 1
2424422 1
2424968 1
2425925 1
2427445 1
2428810 1
2429422 1
2430786 1
2434734 1
2435083 1
2436795 1
2438135 1
2438340 1
2438559 1
2438962 1
2440822 1
2442344 1
2442687 1
2443213 1
2448732 1
2453533 1
2453533 1
2454957 1
2463804 1
2464508 1
2465405 1
2467862 1
2469313 1
2470499 1
2470550 1
2470737 1
2482368 1
2482753 1
2483039 1
2483118 1
2489824 1
2489829 1
2489836 1
2496740 1
2498732 1
2504664 1
2512462 1
2514867 1
2517797 1
2521898 1
2533407 1
2534647 1
2542688 1
2547415 1
2549979 1
2552022 1
2552395 1
2552408 1
2558754 1
2561196 1
2564729 1
2565771 1
2568696 1
2570162 1
2578985 1
2591709 1
2591978 1
2592771 1
2593825 1
2597679 1
2599674 1
2611691 1
2616308 1
2616405 1
2630791 1
2634348 1
2635167 1
2637293 1
2641818 1
2644959 1
2649900 1
2650271 1
2652297 1
2654997 1
2667119 1
2672009 1
2683767 1
2688986 1
2694504 1
2716087 1
2725162 1
2729481 1
2731478 1
2731684 1
2738668 1
2742104 1
2747245 1
2747334 1
2755248 1
2765403 1
2769318 1
2771867 1
2773955 1
2774404 1
2781069 1
2781141 1
2781699 1
2783311 1
2794120 1
2800044 1
2800521 1
2801511 1
2803632 1
2803929 1
2805834 1
2812638 1
2814932 1
2817955 1
2820674 1
2821075 1
2822063 1
2822437 1
2824802 1
2833453 1
2837393 1
2838397 1
2840953 1
2849691 1
2854146 1
2859151 1
2861493 1
2869491 1
2870567 1
2876463 1
2879632 1
2879896 1
2880943 1
2881460 1
2881462 1
2885024 1
2888984 1
2889471 1
2891080 1
2893351 1
2897186 1
2907184 1
2917738 1
2919860 1
2930881 1
2936996 1
2937447 1
2939809 1
2939861 1
2943425 1
2949532 1
2957382 1
2965607 1
2965737 1
2969792 1
2978512 1
2979428 1
2982522 1
2987286 1
2993378 1
2997733 1
3003946 1
3004758 1
3005031 1
3013759 1
3015993 1
3016550 1
3016756 1
3017850 1
3017907 1
3024183 1
3027488 1
3027726 1
3038416 1
3038876 1
3039347 1
3043288 1
3045107 1
3046444 1
3048418 1
3049768 1
3049815 1
3052116 1
3074412 1
3091582 1
3091966 1
3094212 1
3096685 1
3105006 1
3105576 1
3105990 1
3111148 1
3111635 1
3112376 1
3112751 1
3116717 1
3118376 1
3119710 1
3124481 1
3125034 1
3125981 1
3129506 1
3143578 1
3144303 1
3145065 1
3145244 1
3146361 1
3151493 1
3164290 1
3164538 1
3166852 1
3168056 1
3169646 1
3171877 1
3179967 1
3181046 1
3181743 1
3183631 1
3188284 1
3191498 1
3191526 1
3192348 1
3193658 1
3193858 1
3199934 1
3205366 1
3212293 1
3214025 1
3216100 1
3216207 1
3216229 1
3223844 1
3224421 1
3229820 1
3235151 1
3239212 1
3240883 1
3245547 1
3245781 1
3249657 1
3250469 1
3256957 1
3260294 1
3261297 1
3266445 1
3271058 1
3271147 1
3272032 1
3273126 1
3274036 1
3274327 1
3276969 1
3281038 1
3281696 1
3284092 1
3285844 1
3288460 1
3292349 1
3292389 1
3295548 1
3296318 1
3297454 1
3299305 1
3305548 1
3305929 1
3308941 1
3309357 1
3311001 1
3311334 1
3312852 1
3319158 1
3319162 1
3320299 1
3320705 1
3323216 1
3330330 1
3331312 1
3332798 1
3342623 1
3345057 1
3345876 1
3358563 1
3359365 1
3359874 1
3366391 1
3373213 1
3379452 1
3382616 1
3384743 1
3384828 1
3387513 1
3387579 1
3388448 1
3389113 1
3390959 1
3394319 1
3399629 1
3402999 1
3404514 1
3407283 1
3412498 1
3415093 1
3416547 1
3422959 1
3429857 1
3435036 1
3435609 1
3436035 1
3436327 1
3436445 1
3436644 1
3438326 1
3442826 1
3456371 1
3457830 1
3468210 1
3468637 1
3497666 1
3503354 1
3505299 1
3506567 1
3512469 1
3516465 1
3517596 1
3518899 1
3526068 1
3526399 1
3527097 1
3528230 1
3531866 1
3538415 1
3538815 1
3544770 1
3545112 1
3554448 1
3556595 1
3558072 1
3560995 1
3562195 1
3563985 1
3567307 1
3573562 1
3578710 1
3579983 1
3582562 1
3585599 1
3598134 1
3606309 1
3608333 1
3615788 1
3618660 1
3621012 1
3629906 1
3637091 1
3643817 1
3646255 1
3647693 1
3650318 1
3650605 1
3651384 1
3652264 1
3655898 1
3656227 1
3657371 1
3658140 1
3665519 1
3669626 1
3675367 1
3675932 1
3683889 1
3684215 1
3688312 1
3689261 1
3691150 1
3697878 1
3697888 1
3698229 1
3700604 1
3704152 1
3712187 1
3712521 1
3732805 1
3739283 1
3740342 1
3741574 1
3744722 1
3745640 1
3746488 1
3750130 1
3773418 1
3778638 1
3779730 1
3781994 1
3784225 1
3787523 1
3789141 1
3801949 1
3809200 1
3812919 1
3823716 1
3823716 1
3833313 1
3834277 1
3837548 1
3837749 1
3839304 1
3841951 1
3851134 1
3852021 1
3854619 1
3856650 1
3859281 1
3866762 1
3868109 1
3873121 1
3874105 1
3874497 1
3875372 1
3876972 1
3877546 1
3883614 1
3885214 1
3885631 1
3885710 1
3895015 1
3895908 1
3906754 1
3916857 1
3918701 1
3925010 1
3929469 1
3929472 1
3931752 1
3937432 1
3941026 1
3942673 1
3945823 1
3946355 1
3955256 1
3960895 1
3961585 1
3966959 1
3973829 1
3975521 1
3985885 1
3986454 1
3987598 1
3990448 1
3991064 1
3991674 1
3993427 1
3998231 1
4002198 1
4002271 1
4016595 1
4017977 1
4019444 1
4020147 1
4021748 1
4023140 1
4023293 1
4024348 1
4025958 1
4037144 1
4045145 1
4049017 1
4049790 1
4050327 1
4059687 1
4062985 1
4064924 1
4065433 1
4067778 1
4069765 1
4074374 1
4075548 1
4075767 1
4077822 1
4079632 1
4090609 1
4090959 1
4093880 1
4097463 1
4105012 1
4110412 1
4113642 1
4115178 1
4118588 1
4129972 1
4133079 1
4135235 1
4135721 1
4138282 1
4140223 1
4142984 1
4147521 1
4153993 1
4162412 1
4164058 1
4170138 1
4170496 1
4184178 1
4185755 1
4193381 1
4195734 1
4198136 1
4210384 1
4213083 1
4215733 1
4219885 1
4222391 1
4227349 1
4227877 1
4229647 1
4231949 1
4236465 1
4237196 1
4241073 1
4246993 1
4258711 1
4261645 1
4262307 1
4264713 1
4271546 1
4271573 1
4272354 1
4281637 1
4282817 1
4293307 1
4295792 1
4295921 1
4298202 1
4298538 1
4303386 1
4319494 1
4320454 1
4326803 1
4335104 1
4336058 1
4338717 1
4338752 1
4339480 1
4342253 1
4343315 1
4344454 1
4344815 1
4346662 1
4347472 1
4348455 1
4351966 1
4355980 1
4356736 1
4356974 1
4357437 1
4358072 1
4358593 1
4362184 1
4368709 1
4372017 1
4375424 1
4379429 1
4379629 1
4383400 1
4383932 1
4386787 1
4387617 1
4391075 1
4396182 1
4396609 1
4396988 1
4400703 1
4402706 1
4405464 1
4415254 1
4415669 1
4420935 1
4424838 1
4436024 1
4441897 1
4448334 1
4462231 1
4465371 1
4468412 1
4470012 1
4470094 1
4473028 1
4474636 1
4477722 1
4477999 1
4479713 1
4481464 1
4482507 1
4482788 1
4489955 1
4494070 1
4494981 1
4497805 1
4499916 1
4515874 1
4541852 1
4546319 1
4546360 1
4547518 1
4558783 1
4560461 1
4564325 1
4564329 1
4565974 1
4567066 1
4577354 1
4579176 1
4594696 1
4595208 1
4607470 1
4609609 1
4610143 1
4615504 1
4618982 1
4622394 1
4629898 1
4637279 1
4643960 1
4645356 1
4647397 1
4650876 1
4654711 1
4666226 1
4671735 1
4673698 1
4674563 1
4675453 1
4676622 1
4680333 1
4683729 1
4684547 1
4685034 1
4685325 1
4686177 1
4687750 1
4689486 1
4693850 1
4702631 1
4702631 1
4706347 1
4723249 1
4723255 1
4723569 1
4731776 1
4733204 1
4735350 1
4737342 1
4738587 1
4739719 1
4741873 1
4743520 1
4763248 1
4765796 1
4768870 1
4770323 1
4779098 1
4780202 1
4785490 1
4787451 1
4788888 1
4791505 1
4791841 1
4797330 1
4798243 1
4803378 1
4804904 1
4806251 1
4807708 1
4807783 1
4810404 1
4820725 1
4821274 1
4825544 1
4831850 1
4832402 1
4834065 1
4834097 1
4836562 1
4838170 1
4838318 1
4839063 1
4841299 1
4848898 1
4854964 1
4860265 1
4860319 1
4864998 1
4869944 1
4873242 1
4873336 1
4885726 1
4897453 1
4900400 1
4900448 1
4902291 1
4905219 1
4908166 1
4917728 1
4923855 1
4923855 1
4928153 1
4930706 1
4940540 1
4946235 1
4960733 1
4963560 1
4964474 1
4964930 1
4967985 1
4969435 1
4974501 1
4981421 1
4982029 1
4986716 1
4987303 1
4989928 1
4991153 1
4992743 1
4994396 1
4995431 1
4997002 1
4997847 1
4998014 1
5004495 1
5004496 1
5008337 1
5008783 1
5031689 1
5032038 1
5034343 1
5040679 1
5043971 1
5044630 1
5045738 1
5046089 1
5047261 1
5048202 1
5050636 1
5053220 1
5061931 1
5064042 1
5067027 1
5075049 1
5075645 1
5075810 1
5080378 1
5083722 1
5083859 1
5086409 1
5087195 1
5089834 1
5094001 1
5114581 1
5116644 1
5119602 1
5123695 1
5130142 1
5131136 1
5134005 1
5136665 1
5137538 1
5138474 1
5139607 1
5153426 1
5154304 1
5158525 1
5167497 1
5171477 1
5175642 1
5176478 1
5180886 1
5181913 1
5183208 1
5190621 1
5191753 1
5199323 1
5202417 1
5204072 1
5207508 1
5208277 1
5208608 1
5208647 1
5210428 1
5210754 1
5211231 1
5213477 1
5216436 1
5234544 1
5237829 1
5242217 1
5243831 1
5251683 1
5258409 1
5258438 1
5260942 1
5263658 1
5270162 1
5272129 1
5292342 1
5295819 1
5296843 1
5306652 1
5317605 1
5322372 1
5330128 1
5330264 1
5330936 1
5331642 1
5334841 1
5349792 1
5363597 1
5370574 1
5374006 1
5377328 1
5382566 1
5400286 1
5414881 1
5417656 1
5420294 1
5421526 1
5421912 1
5428557 1
5430376 1
5430781 1
5435268 1
5438584 1
5439518 1
5445420 1
5445422 1
5449897 1
5452120 1
5453443 1
5454493 1
5455372 1
5463119 1
5463667 1
5466897 1
5468228 1
5468417 1
5469032 1
5479869 1
5482221 1
5486774 1
5497270 1
5505793 1
5516298 1
5523462 1
5524155 1
5524779 1
5529201 1
5529315 1
5530925 1
5531024 1
5532747 1
5538544 1
5544008 1
5549940 1
5550586 1
5554835 1
5565482 1
5566930 1
5569102 1
5590472 1
5591383 1
5591466 1
5595739 1
5595968 1
5596597 1
5597632 1
5602977 1
5607620 1
5615125 1
5616892 1
5617360 1
5618073 1
5621120 1
5621198 1
5621539 1
5624842 1
5628794 1
5630676 1
5638055 1
5639273 1
5640961 1
5643840 1
5654325 1
5656122 1
5656671 1
5657326 1
5657889 1
5661823 1
5663055 1
5663175 1
5664808 1
5666055 1
5673514 1
5675300 1
5676262 1
5677352 1
5677619 1
5678282 1
5679590 1
5679827 1
5680937 1
5681571 1
5684548 1
5684946 1
5686354 1
5688264 1
5690522 1
5697318 1
5698726 1
5706882 1
5708921 1
5709177 1
5710418 1
5710955 1
5712626 1
5714114 1
5715895 1
5720293 1
5720636 1
5720695 1
5727406 1
5733262 1
5737558 1
5742751 1
5742771 1
5742845 1
5743214 1
5748293 1
5751542 1
5771217 1
5775819 1
5776115 1
5776126 1
5776337 1
5779228 1
5779690 1
5779760 1
5782136 1
5783694 1
5787100 1
5798568 1
5802437 1
5808541 1
5808923 1
5809291 1
5810442 1
5823941 1
5824586 1
5827079 1
5828079 1
5828425 1
5829987 1
5839367 1
5844005 1
5844301 1
5848626 1
5854372 1
5854677 1
5854992 1
5858175 1
5858751 1
5858909 1
5860842 1
5862853 1
5869388 1
5874349 1
5874538 1
5877606 1
5878310 1
5879256 1
5884848 1
5885688 1
5888563 1
5889729 1
5904760 1
5910115 1
5911350 1
5921089 1
5925046 1
5927083 1
5929769 1
5929896 1
5931884 1
5933492 1
5934248 1
5935021 1
5936075 1
5940050 1
5943509 1
5945517 1
5950697 1
5955559 1
5957700 1
5961150 1
5962555 1
5969787 1
5971120 1
5972883 1
5973003 1
5973201 1
5974221 1
5975100 1
5976067 1
5983408 1
5989872 1
5992946 1
5993923 1
5994092 1
5994881 1
5994933 1
5996365 1
5998668 1
6002831 1
6015062 1
6022578 1
6025464 1
6025754 1
6026485 1
6031997 1
6033879 1
6036907 1
6037546 1
6038044 1
6038471 1
6044661 1
6047320 1
6056560 1
6058063 1
6064257 1
6064265 1
6071535 1
6073512 1
6080697 1
6085869 1
6086071 1
6086644 1
6086682 1
6091719 1
6093783 1
6094958 1
6097447 1
6113589 1
6115275 1
6118259 1
6124077 1
6129998 1
6141310 1
6143945 1
6151285 1
6151679 1
6151739 1
6153251 1
6154437 1
6155781 1
6157260 1
6157674 1
6157976 1
6160838 1
6162630 1
6172384 1
6174305 1
6178965 1
6186790 1
6187831 1
6194293 1
6194731 1
6197761 1
6204524 1
6214705 1
6227171 1
6229099 1
6234119 1
6243906 1
6256700 1
6262236 1
6265121 1
6277432 1
6277996 1
6286906 1
6288772 1
6288798 1
6296222 1
6296371 1
6297398 1
6304667 1
6305529 1
6311627 1
6315524 1
6317278 1
6320913 1
6323182 1
6324254 1
6331831 1
6336754 1
6340406 1
6340852 1
6341741 1
6345641 1
6353730 1
6356198 1
6357531 1
6358851 1
6359095 1
6360898 1
6361882 1
6366573 1
6369264 1
6376768 1
6377408 1
6386014 1
6394364 1
6398003 1
6402134 1
6406331 1
6406657 1
6410129 1
6417041 1
6419222 1
6422271 1
6423854 1
6427590 1
6428691 1
6432756 1
6438800 1
6438801 1
6440506 1
6448264 1
6449115 1
6459911 1
6464926 1
6465214 1
6466639 1
6466800 1
6491279 1
6492594 1
6500882 1
6502228 1
6502368 1
6505172 1
6509285 1
6511971 1
6516541 1
6528150 1
6532319 1
6537017 1
6539313 1
6539652 1
6540755 1
6541420 1
6543672 1
6547854 1
6549215 1
6551666 1
6555110 1
6557845 1
6561751 1
6563415 1
6567792 1
6573615 1
6574453 1
6575228 1
6578536 1
6580143 1
6580331 1
6583571 1
6585267 1
6590486 1
6597987 1
6605780 1
6615775 1
6620469 1
6620557 1
6621019 1
6621931 1
6624270 1
6627373 1
6627811 1
6629152 1
6630634 1
6631289 1
6633033 1
6636109 1
6646128 1
6647332 1
6650740 1
6656500 1
6659743 1
6659955 1
6663911 1
6664607 1
6666132 1
6667383 1
6671390 1
6673993 1
6680937 1
6681230 1
6681887 1
6685246 1
6687678 1
6693178 1
6698949 1
6704720 1
6710398 1
6714536 1
6723897 1
6730001 1
6732728 1
6735888 1
6737477 1
6739128 1
6740587 1
6741113 1
6752813 1
6763441 1
6763618 1
6764484 1
6764906 1
6766694 1
6767662 1
6768375 1
6769744 1
6772166 1
6774785 1
6782286 1
6788190 1
6790411 1
6790412 1
6794885 1
6800709 1
6804611 1
6816214 1
6825455 1
6825704 1
6829875 1
6834412 1
6836181 1
6837345 1
6843272 1
6844160 1
6845285 1
6848319 1
6848647 1
6852746 1
6861046 1
6863203 1
6865687 1
6868140 1
6868144 1
6874765 1
6875284 1
6876535 1
6884496 1
6885510 1
6886955 1
6889876 1
6896333 1
6897194 1
6897625 1
6897801 1
6899771 1
6900002 1
6900556 1
6901010 1
6901125 1
6902632 1
6912698 1
6915097 1
6915690 1
6916633 1
6917737 1
6918961 1
6920995 1
6921843 1
6930728 1
6931108 1
6932987 1
6934418 1
6934530 1
6935127 1
6935319 1
6935797 1
6936588 1
6938024 1
6938426 1
6940064 1
6940185 1
6940492 1
6944231 1
6944503 1
6946793 1
6950099 1
6958059 1
6960574 1
6962631 1
6968743 1
6969005 1
6970887 1
6974155 1
6975033 1
6982645 1
6986129 1
6986666 1
6987932 1
6988786 1
6989506 1
6991242 1
6996429 1
7002033 1
7002478 1
7002591 1
7003022 1
7010828 1
7011579 1
7014901 1
7017571 1
7018938 1
7022507 1
7024498 1
7026770 1
7027438 1
7029253 1
7034667 1
7043013 1
7043439 1
7051053 1
7056090 1
7057930 1
7061867 1
7063274 1
7075130 1
7080982 1
7099381 1
7100303 1
7103882 1
7106248 1
7107832 1
7109627 1
7113504 1
7116427 1
7118659 1
7121549 1
7123012 1
7129085 1
7130784 1
7131374 1
7136181 1
7136505 1
7138798 1
7138965 1
7143332 1
7143500 1
7160457 1
7161189 1
7163909 1
7164338 1
7166055 1
7175051 1
7184066 1
7192729 1
7200122 1
7200612 1
7204870 1
7205806 1
7209528 1
7212179 1
7212234 1
7225280 1
7225885 1
7228707 1
7232322 1
7232609 1
7234003 1
7239653 1
7243083 1
7247566 1
7247692 1
7249854 1
7249854 1
7252334 1
7254855 1
7266630 1
7274301 1
7276851 1
7279018 1
7279305 1
7281793 1
7284489 1
7290329 1
7293932 1
7295222 1
7297975 1
7303186 1
7317293 1
7323017 1
7325378 1
7333850 1
7337798 1
7345550 1
7349133 1
7351694 1
7355015 1
7357471 1
7359335 1
7362958 1
7364003 1
7366894 1
7369329 1
7374491 1
7377711 1
7377875 1
7381627 1
7386428 1
7394968 1
7400805 1
7402329 1
7407338 1
7416239 1
7419707 1
7420330 1
7428936 1
7429190 1
7430470 1
7436930 1
7438780 1
7440411 1
7446437 1
7454760 1
7457943 1
7458191 1
7462566 1
7465948 1
7467149 1
7478587 1
7482342 1
7482873 1
7492464 1
7494483 1
7494488 1
7497857 1
7498373 1
7504047 1
7510317 1
7513421 1
7515419 1
7524071 1
7529829 1
7529972 1
7534407 1
7538353 1
7545840 1
7557085 1
7558672 1
7564430 1
7566659 1
7567619 1
7570179 1
7578304 1
7579499 1
7579708 1
7583565 1
7585237 1
7588208 1
7588741 1
7589508 1
7607960 1
7609248 1
7613526 1
7615328 1
7618711 1
7620987 1
7629424 1
7631563 1
7637863 1
7644435 1
7648787 1
7650324 1
7651063 1
7653275 1
7656611 1
7657266 1
7661119 1
7661967 1
7666286 1
7667021 1
7669119 1
7679958 1
7687689 1
7689956 1
7693003 1
7693290 1
7705025 1
7706734 1
7706896 1
7708329 1
7709979 1
7713857 1
7716426 1
7717642 1
7720568 1
7732688 1
7733623 1
7735093 1
7735368 1
7745308 1
7747131 1
7750922 1
7755036 1
7761057 1
7767151 1
7776392 1
7776822 1
7777033 1
7780382 1
7784007 1
7785190 1
7789598 1
7790273 1
7791645 1
7792161 1
7808314 1
7822452 1
7827966 1
7831263 1
7833219 1
7833368 1
7837598 1
7838658 1
7841614 1
7842581 1
7845119 1
7849505 1
7869340 1
7869575 1
7875238 1
7876292 1
7889115 1
7894854 1
7901997 1
7902572 1
7904705 1
7905699 1
7909029 1
7913632 1
7917314 1
7934880 1
7937963 1
7940967 1
7943167 1
7946282 1
7946594 1
7948377 1
7957298 1
7957925 1
7959085 1
7962926 1
7971062 1
7971470 1
7975195 1
7982729 1
7982966 1
7983403 1
7984752 1
7985849 1
7987013 1
7987461 1
7990630 1
7994339 1
7996526 1
7997173 1
7997648 1
7998585 1
7999419 1
8004051 1
8005408 1
8006967 1
8007332 1
8010537 1
8011031 1
8012960 1
8013487 1
8014884 1
8017951 1
8021295 1
8024315 1
8026818 1
8029556 1
8029755 1
8030986 1
8031103 1
8032848 1
8033079 1
8033594 1
8035406 1
8037670 1
8039845 1
8041711 1
8042514 1
8042895 1
8044783 1
8049773 1
8050525 1
8051473 1
8052683 1
8053081 1
8053350 1
8055548 1
8057146 1
8058329 1
8060905 1
8064403 1
8075452 1
8076103 1
8076509 1
8078653 1
8078781 1
8080906 1
8083145 1
8084714 1
8088240 1
8088981 1
8089031 1
8099937 1
8102206 1
8106185 1
8114395 1
8116627 1
8117017 1
8117598 1
8119620 1
8119710 1
8120149 1
8121340 1
8124592 1
8127969 1
8131131 1
8131773 1
8132751 1
8133302 1
8134040 1
8134395 1
8135038 1
8138548 1
8141280 1
8142000 1
8147020 1
8147817 1
8149320 1
8150894 1
8155674 1
8156292 1
8156375 1
8158499 1
8158802 1
8162051 1
8164307 1
8173258 1
8173375 1
8178786 1
8181678 1
8184136 1
8185045 1
8185296 1
8185301 1
8187440 1
8187485 1
8187972 1
8194179 1
8194845 1
8195610 1
8195662 1
8201981 1
8210146 1
8211415 1
8217969 1
8220870 1
8224233 1
8227025 1
8228931 1
8258410 1
8259200 1
8274082 1
8274515 1
8274975 1
8276411 1
8284254 1
8284811 1
8286089 1
8293486 1
8297834 1
8304742 1
828 1
1473 1
11476 1
13017 1
15861 1
21733 1
26833 1
33942 1
42239 1
44436 1
52479 1
53859 1
58207 1
58249 1
61261 1
61555 1
80883 1
86792 1
98481 1
99837 1
100019 1
101622 1
103160 1
105010 1
110392 1
110791 1
112612 1
115827 1
115836 1
117385 1
118022 1
118183 1
118535 1
120243 1
120824 1
122437 1
123156 1
123481 1
123531 1
123791 1
125995 1
131128 1
131295 1
132194 1
133673 1
134061 1
134387 1
135644 1
139350 1
144531 1
147223 1
148207 1
148774 1
151789 1
152328 1
153407 1
153982 1
154168 1
156964 1
159165 1
159700 1
159966 1
160179 1
163316 1
164749 1
164828 1
166973 1
169376 1
169697 1
169841 1
170382 1
171423 1
175962 1
177228 1
177495 1
177633 1
179175 1
181884 1
182347 1
184817 1
186497 1
186795 1
186898 1
187313 1
188641 1
194113 1
195200 1
196520 1
196738 1
196998 1
197358 1
198436 1
198667 1
200936 1
201537 1
205718 1
206432 1
206864 1
208319 1
208354 1
210677 1
211086 1
212409 1
214361 1
215355 1
215394 1
215752 1
215875 1
217411 1
218086 1
218105 1
218925 1
220222 1
221315 1
221434 1
223986 1
224119 1
226597 1
227237 1
228861 1
229369 1
229594 1
229983 1
230282 1
230892 1
230910 1
232878 1
237794 1
237909 1
238335 1
239680 1
248631 1
249460 1
255231 1
258745 1
266117 1
267289 1
268574 1
281856 1
286849 1
288701 1
288917 1
290225 1
297573 1
300220 1
308121 1
309336 1
311866 1
313507 1
338628 1
354051 1
358897 1
361662 1
363050 1
364518 1
368928 1
372568 1
382255 1
389148 1
407788 1
421871 1
423495 1
425513 1
430318 1
434485 1
437360 1
443007 1
451235 1
453459 1
454159 1
456405 1
456433 1
461188 1
461965 1
462117 1
463281 1
474295 1
482388 1
487042 1
488577 1
490377 1
492202 1
492979 1
494179 1
495736 1
496316 1
497905 1
501661 1
501661 1
501661 1
501661 1
507927 1
509951 1
512019 1
517113 1
518692 1
518699 1
529189 1
529944 1
530301 1
534205 1
556509 1
556752 1
557540 1
560750 1
563432 1
564008 1
569869 1
573315 1
574956 1
578151 1
579396 1
587194 1
589561 1
590520 1
610519 1
610729 1
610840 1
611463 1
615812 1
621220 1
622069 1
627692 1
642075 1
644833 1
645748 1
650307 1
657008 1
658325 1
659932 1
661176 1
664763 1
666680 1
666758 1
667490 1
670160 1
674314 1
680693 1
681928 1
682156 1
688404 1
689345 1
692576 1
699634 1
701892 1
707521 1
707603 1
712459 1
717575 1
718330 1
724246 1
730730 1
734561 1
737754 1
737977 1
745044 1
745617 1
748380 1
750888 1
757478 1
761057 1
763783 1
766779 1
766809 1
770262 1
771338 1
771952 1
778446 1
779243 1
779768 1
787885 1
793439 1
800178 1
809245 1
813838 1
818113 1
834395 1
836887 1
841878 1
843606 1
848018 1
848828 1
863622 1
872423 1
876422 1
892371 1
896658 1
897104 1
899346 1
900309 1
908921 1
909824 1
910304 1
912244 1
913412 1
918897 1
920046 1
920904 1
922604 1
924259 1
927056 1
929543 1
932228 1
933339 1
937950 1
940561 1
941258 1
941584 1
942020 1
943500 1
944434 1
944755 1
947459 1
949802 1
952570 1
953735 1
953751 1
961504 1
967338 1
974132 1
980284 1
981040 1
981469 1
983323 1
984815 1
1000239 1
1005583 1
1018423 1
1020449 1
1021065 1
1021868 1
1024419 1
1028195 1
1043354 1
1046232 1
1047291 1
1049832 1
1051252 1
1059984 1
1063263 1
1067222 1
1068497 1
1071805 1
1072178 1
1076920 1
1077973 1
1080754 1
1084721 1
1086053 1
1089169 1
1089893 1
1093358 1
1096334 1
1099471 1
1101005 1
1103917 1
1104597 1
1116845 1
1117694 1
1122064 1
1122168 1
1130199 1
1141163 1
1144173 1
1147547 1
1150022 1
1154322 1
1156628 1
1159632 1
1163000 1
1163411 1
1170511 1
1170518 1
1176780 1
1183507 1
1185625 1
1185946 1
1187760 1
1189057 1
1189383 1
1198468 1
1199074 1
1199098 1
1199205 1
1199269 1
1199678 1
1213117 1
1214107 1
1215574 1
1215736 1
1216211 1
1216294 1
1216977 1
1218392 1
1218738 1
1223281 1
1226796 1
1228004 1
1228758 1
1228920 1
1235205 1
1238562 1
1242277 1
1248523 1
1256706 1
1257936 1
1258367 1
1264862 1
1266910 1
1268810 1
1268962 1
1272061 1
1278757 1
1281986 1
1283412 1
1294586 1
1307694 1
1309267 1
1319639 1
1321308 1
1331641 1
1334242 1
1346533 1
1353101 1
1354098 1
1357863 1
1358405 1
1359404 1
1363181 1
1364388 1
1366621 1
1367722 1
1369898 1
1372543 1
1399676 1
1407621 1
1413913 1
1417100 1
1419340 1
1420679 1
1422822 1
1425121 1
1432183 1
1435509 1
1440539 1
1448092 1
1451906 1
1452223 1
1457986 1
1458966 1
1461823 1
1462186 1
1475108 1
1476517 1
1481314 1
1486349 1
1491078 1
1492217 1
1494427 1
1502704 1
1513323 1
1521864 1
1531351 1
1531996 1
1534406 1
1536162 1
1543989 1
1545405 1
1546080 1
1546226 1
1547793 1
1549875 1
1550056 1
1555013 1
1566653 1
1570562 1
1571740 1
1577382 1
1582226 1
1582283 1
1586097 1
1586114 1
1593433 1
1595374 1
1596085 1
1597314 1
1598493 1
1601004 1
1602998 1
1607879 1
1609198 1
1610033 1
1619622 1
1633557 1
1633745 1
1636117 1
1641802 1
1653463 1
1655875 1
1659358 1
1659838 1
1659963 1
1660361 1
1662259 1
1662932 1
1666011 1
1666065 1
1668358 1
1670174 1
1672951 1
1678515 1
1678615 1
1678964 1
1680792 1
1682565 1
1683210 1
1693283 1
1695922 1
1700698 1
1702170 1
1702698 1
1703564 1
1704298 1
1706129 1
1708790 1
1720224 1
1721648 1
1726413 1
1730231 1
1733357 1
1738868 1
1742509 1
1744864 1
1759785 1
1770099 1
1776662 1
1776723 1
1784710 1
1785667 1
1785704 1
1788932 1
1788941 1
1789968 1
1790915 1
1792939 1
1797658 1
1798775 1
1804639 1
1806259 1
1807522 1
1810024 1
1811483 1
1811500 1
1814573 1
1819498 1
1824020 1
1825049 1
1829717 1
1830621 1
1832295 1
1834337 1
1837777 1
1846262 1
1847492 1
1853874 1
1854868 1
1854993 1
1855543 1
1861461 1
1868873 1
1871798 1
1874485 1
1874728 1
1875432 1
1875511 1
1876073 1
1876784 1
1880515 1
1881096 1
1890922 1
1891797 1
1891890 1
1894546 1
1897703 1
1898056 1
1898834 1
1899651 1
1900692 1
1901423 1
1903201 1
1907898 1
1910338 1
1918522 1
1919729 1
1919769 1
1919779 1
1922899 1
1928000 1
1928345 1
1929531 1
1934737 1
1936088 1
1936726 1
1936892 1
1939753 1
1939869 1
1941377 1
1942487 1
1942718 1
1952451 1
1954562 1
1963976 1
1964125 1
1966777 1
1971188 1
1975227 1
1977688 1
1977727 1
1978174 1
1978700 1
1983109 1
1990362 1
1994225 1
1996754 1
2003121 1
2005050 1
2009240 1
2009444 1
2010204 1
2012488 1
2013935 1
2014106 1
2022079 1
2022536 1
2025628 1
2029363 1
2032120 1
2039579 1
2052275 1
2055842 1
2064633 1
2069597 1
2070081 1
2070317 1
2073963 1
2074474 1
2081249 1
2083410 1
2083632 1
2083791 1
2084622 1
2089217 1
2089546 1
2094616 1
2096428 1
2096797 1
2098942 1
2099403 1
2102705 1
2108390 1
2111686 1
2113485 1
2114295 1
2122810 1
2123431 1
2129989 1
2139261 1
2141852 1
2143650 1
2149960 1
2151657 1
2151821 1
2152222 1
2157647 1
2158448 1
2162024 1
2163684 1
2168899 1
2170895 1
2172453 1
2174040 1
2175586 1
2178409 1
2184514 1
2189744 1
2199487 1
2204284 1
2205096 1
2205715 1
2207346 1
2207981 1
2219774 1
2220186 1
2225290 1
2229811 1
2233764 1
2237691 1
2239310 1
2241682 1
2245234 1
2247427 1
2268014 1
2278938 1
2284379 1
2286867 1
2287578 1
2289507 1
2290296 1
2300909 1
2303174 1
2303390 1
2307518 1
2309172 1
2310589 1
2313281 1
2313734 1
2314243 1
2314592 1
2315330 1
2323396 1
2323955 1
2332131 1
2333538 1
2334975 1
2343755 1
2347921 1
2349483 1
2356827 1
2357027 1
2358143 1
2358513 1
2361017 1
2362933 1
2370403 1
2374495 1
2377561 1
2380200 1
2382648 1
2382890 1
2385172 1
2385478 1
2389465 1
2389468 1
2393479 1
2394688 1
2394840 1
2401849 1
2402844 1
2406998 1
2411692 1
2415868 1
2421090 1
2421285 1
2421481 1
2423238 1
2423722 1
2424467 1
2424830 1
2429340 1
2430376 1
2430603 1
2431440 1
2435505 1
2435956 1
2439749 1
2440602 1
2440848 1
2442954 1
2444549 1
2445882 1
2456086 1
2456566 1
2456909 1
2456912 1
2465813 1
2470596 1
2475999 1
2481607 1
2488532 1
2498582 1
2498583 1
2506648 1
2510104 1
2514074 1
2517392 1
2518674 1
2521617 1
2523456 1
2526835 1
2529321 1
2530419 1
2534316 1
2543745 1
2544232 1
2545831 1
2550424 1
2553945 1
2556270 1
2559963 1
2562422 1
2562858 1
2566378 1
2574178 1
2581597 1
2582976 1
2587121 1
2589568 1
2590436 1
2590652 1
2593257 1
2602883 1
2603242 1
2605789 1
2616003 1
2616032 1
2619859 1
2620358 1
2622798 1
2627140 1
2631238 1
2632802 1
2635203 1
2636706 1
2639110 1
2641466 1
2647290 1
2651530 1
2659246 1
2669495 1
2673313 1
2674220 1
2677621 1
2679514 1
2681213 1
2682289 1
2682317 1
2683833 1
2684972 1
2685051 1
2689577 1
2691281 1
2698555 1
2702890 1
2713498 1
2719731 1
2721164 1
2721850 1
2721861 1
2725680 1
2728112 1
2731234 1
2733973 1
2735825 1
2742343 1
2759980 1
2761106 1
2761198 1
2768737 1
2773406 1
2780752 1
2787887 1
2788283 1
2801129 1
2801845 1
2802040 1
2807568 1
2810997 1
2812883 1
2814258 1
2817473 1
2820255 1
2823046 1
2825148 1
2832768 1
2833411 1
2833814 1
2849357 1
2851718 1
2852375 1
2852867 1
2860100 1
2863871 1
2865690 1
2870442 1
2874113 1
2878576 1
2881361 1
2886075 1
2888829 1
2895023 1
2898503 1
2898597 1
2903954 1
2906979 1
2910659 1
2912535 1
2913462 1
2922332 1
2926830 1
2929244 1
2931107 1
2937843 1
2947438 1
2957745 1
2958985 1
2961578 1
2961639 1
2964137 1
2966236 1
2967507 1
2969998 1
2971102 1
2972107 1
2979834 1
2981143 1
2983986 1
2995173 1
3000999 1
3007055 1
3010095 1
3012475 1
3014219 1
3032779 1
3033756 1
3039471 1
3045274 1
3049725 1
3049938 1
3053005 1
3056830 1
3058569 1
3073277 1
3073445 1
3075688 1
3078380 1
3081952 1
3083721 1
3085712 1
3087228 1
3088258 1
3090914 1
3098983 1
3101819 1
3104104 1
3107860 1
3111699 1
3112061 1
3112228 1
3133108 1
3138863 1
3141567 1
3144994 1
3147734 1
3155033 1
3158573 1
3161532 1
3162845 1
3162987 1
3165946 1
3166539 1
3167271 1
3169032 1
3169568 1
3172281 1
3172758 1
3179546 1
3183519 1
3183623 1
3185487 1
3186185 1
3187288 1
3188976 1
3189180 1
3189359 1
3191796 1
3193196 1
3194839 1
3198681 1
3220103 1
3222007 1
3225870 1
3252004 1
3255005 1
3255670 1
3267050 1
3268742 1
3269095 1
3271071 1
3272435 1
3273210 1
3274052 1
3280172 1
3281821 1
3282882 1
3285954 1
3287095 1
3287986 1
3288276 1
3288642 1
3295964 1
3299284 1
3302163 1
3307614 1
3307841 1
3311978 1
3318747 1
3320072 1
3322705 1
3328904 1
3334186 1
3334194 1
3336397 1
3342456 1
3345466 1
3347731 1
3349843 1
3351152 1
3352756 1
3357975 1
3359182 1
3360573 1
3362332 1
3367322 1
3378177 1
3379623 1
3389389 1
3391272 1
3393360 1
3396275 1
3408721 1
3409118 1
3424714 1
3432298 1
3434344 1
3446612 1
3447805 1
3451968 1
3454719 1
3457329 1
3458281 1
3459597 1
3467050 1
3472739 1
3481013 1
3489692 1
3489917 1
3494167 1
3498487 1
3500157 1
3504017 1
3506397 1
3507502 1
3511675 1
3513545 1
3514183 1
3514755 1
3520188 1
3526369 1
3544667 1
3559980 1
3563256 1
3583758 1
3590179 1
3593726 1
3602929 1
3607542 1
3611036 1
3615151 1
3619116 1
3622880 1
3627872 1
3628596 1
3630286 1
3632091 1
3632770 1
3633429 1
3638992 1
3645452 1
3645595 1
3646549 1
3653292 1
3654043 1
3655485 1
3664179 1
3666931 1
3670171 1
3673499 1
3674652 1
3680309 1
3682342 1
3684430 1
3684684 1
3689239 1
3693554 1
3700161 1
3700852 1
3703965 1
3705825 1
3707962 1
3708031 1
3713770 1
3716630 1
3719771 1
3719884 1
3720536 1
3729307 1
3739210 1
3742470 1
3747052 1
3749276 1
3756226 1
3756250 1
3757809 1
3761053 1
3761448 1
3763872 1
3764165 1
3768125 1
3771398 1
3774306 1
3778471 1
3779975 1
3783397 1
3786024 1
3790902 1
3794440 1
3804919 1
3805357 1
3805447 1
3806174 1
3813744 1
3814646 1
3825328 1
3825624 1
3827609 1
3833391 1
3835700 1
3847694 1
3858091 1
3858537 1
3858961 1
3860118 1
3862701 1
3862983 1
3863261 1
3865307 1
3866268 1
3866809 1
3869908 1
3871446 1
3871660 1
3878844 1
3890269 1
3893703 1
3903590 1
3910820 1
3928388 1
3931445 1
3933209 1
3939227 1
3944670 1
3947546 1
3948578 1
3959452 1
3963288 1
3966787 1
3969007 1
3970709 1
3972636 1
3973102 1
3974420 1
3975690 1
3981572 1
3983095 1
3983191 1
3991283 1
3995851 1
4000595 1
4005347 1
4009603 1
4010725 1
4015342 1
4016789 1
4020421 1
4031558 1
4032011 1
4041318 1
4041648 1
4044740 1
4047489 1
4051728 1
4056144 1
4056612 1
4058159 1
4060380 1
4061630 1
4062538 1
4063195 1
4064720 1
4065656 1
4068293 1
4068734 1
4069946 1
4071611 1
4079749 1
4080937 1
4085279 1
4087346 1
4090741 1
4093251 1
4094815 1
4101374 1
4101629 1
4103848 1
4110946 1
4120357 1
4120845 1
4128646 1
4141434 1
4141694 1
4143890 1
4160807 1
4175757 1
4179271 1
4183914 1
4187380 1
4189178 1
4195424 1
4197766 1
4198261 1
4209744 1
4211024 1
4212532 1
4214335 1
4214607 1
4216914 1
4218607 1
4219861 1
4221117 1
4225856 1
4229936 1
4231951 1
4233503 1
4245152 1
4254105 1
4254968 1
4255529 1
4257320 1
4261427 1
4270915 1
4273208 1
4281848 1
4285597 1
4288762 1
4289020 1
4290923 1
4292462 1
4298111 1
4310482 1
4310654 1
4313750 1
4314355 1
4321677 1
4321820 1
4324581 1
4326950 1
4329289 1
4330752 1
4332717 1
4333570 1
4333843 1
4337432 1
4338993 1
4341687 1
4343905 1
4345761 1
4346149 1
4346612 1
4354378 1
4357501 1
4365444 1
4375230 1
4376978 1
4379559 1
4380225 1
4380684 1
4385202 1
4389512 1
4396585 1
4399224 1
4400667 1
4401473 1
4420887 1
4421733 1
4422846 1
4423333 1
4426576 1
4427094 1
4427400 1
4434149 1
4439540 1
4441846 1
4445943 1
4448054 1
4460025 1
4469438 1
4473209 1
4473746 1
4477134 1
4478383 1
4488675 1
4493258 1
4497858 1
4498617 1
4499319 1
4501934 1
4514242 1
4515536 1
4517471 1
4528744 1
4531736 1
4533770 1
4536302 1
4541905 1
4558742 1
4558889 1
4572880 1
4577712 1
4585995 1
4592356 1
4593367 1
4593829 1
4596530 1
4601331 1
4602307 1
4618492 1
4626557 1
4634662 1
4644479 1
4645258 1
4647725 1
4649323 1
4658752 1
4670428 1
4676175 1
4677225 1
4677363 1
4682905 1
4685254 1
4689930 1
4690722 1
4694636 1
4697621 1
4702233 1
4702761 1
4705058 1
4705666 1
4722404 1
4723492 1
4730617 1
4730860 1
4731858 1
4734494 1
4735672 1
4737844 1
4738272 1
4738922 1
4739830 1
4740799 1
4754544 1
4758076 1
4761670 1
4769897 1
4770228 1
4774730 1
4774901 1
4775317 1
4781234 1
4796683 1
4812219 1
4816109 1
4816736 1
4825095 1
4825514 1
4835681 1
4850686 1
4850778 1
4857890 1
4859516 1
4861363 1
4862848 1
4869344 1
4878060 1
4878563 1
4878572 1
4881692 1
4885509 1
4893038 1
4897850 1
4898246 1
4900129 1
4900605 1
4900785 1
4902278 1
4905280 1
4905799 1
4909751 1
4912091 1
4913690 1
4924884 1
4928494 1
4932274 1
4938950 1
4943860 1
4945470 1
4947326 1
4947612 1
4951016 1
4952016 1
4969022 1
4972259 1
4979388 1
4980766 1
4982415 1
4986277 1
4986395 1
4987872 1
4996833 1
4997255 1
4998338 1
4999599 1
5002987 1
5009959 1
5010130 1
5013977 1
5017938 1
5018250 1
5019103 1
5025540 1
5025924 1
5027488 1
5028933 1
5032200 1
5035243 1
5037024 1
5044691 1
5045492 1
5046292 1
5047017 1
5047059 1
5052053 1
5053923 1
5055693 1
5055995 1
5056191 1
5073294 1
5076984 1
5080724 1
5081212 1
5081544 1
5081775 1
5085106 1
5091201 1
5093935 1
5110529 1
5115221 1
5115702 1
5115886 1
5131020 1
5132679 1
5133517 1
5137682 1
5138176 1
5138202 1
5144969 1
5146229 1
5151672 1
5157398 1
5163003 1
5164504 1
5172671 1
5172789 1
5186075 1
5202398 1
5204937 1
5207852 1
5208705 1
5210114 1
5211379 1
5219477 1
5223499 1
5235529 1
5240169 1
5250655 1
5258546 1
5261008 1
5262113 1
5263055 1
5269583 1
5287193 1
5294389 1
5299945 1
5308991 1
5315623 1
5326036 1
5329286 1
5330625 1
5330725 1
5332172 1
5336635 1
5340825 1
5342679 1
5344164 1
5346564 1
5347831 1
5351964 1
5351964 1
5353312 1
5353419 1
5354253 1
5356590 1
5361776 1
5367167 1
5373846 1
5376429 1
5379527 1
5381687 1
5400787 1
5421186 1
5424870 1
5425043 1
5426831 1
5429348 1
5431692 1
5437333 1
5437437 1
5442559 1
5443163 1
5443371 1
5448450 1
5454027 1
5455621 1
5456488 1
5459452 1
5461532 1
5466777 1
5471938 1
5472218 1
5474835 1
5477482 1
5478442 1
5487027 1
5491085 1
5495125 1
5496506 1
5497599 1
5502757 1
5505259 1
5506358 1
5506722 1
5508607 1
5511970 1
5523138 1
5530077 1
5534950 1
5538880 1
5547941 1
5550153 1
5550240 1
5556826 1
5562276 1
5563673 1
5571579 1
5572226 1
5577775 1
5586115 1
5590724 1
5591117 1
5593094 1
5596246 1
5596644 1
5604862 1
5605398 1
5605962 1
5608124 1
5613892 1
5617328 1
5640021 1
5641959 1
5643877 1
5645661 1
5648493 1
5651987 1
5653582 1
5653770 1
5661971 1
5664438 1
5664457 1
5665003 1
5668521 1
5675368 1
5679192 1
5679782 1
5681278 1
5687061 1
5687179 1
5693820 1
5694399 1
5697641 1
5705327 1
5706733 1
5710053 1
5721592 1
5723253 1
5726017 1
5735289 1
5735706 1
5741561 1
5741746 1
5747986 1
5747988 1
5748131 1
5753267 1
5762442 1
5769933 1
5772160 1
5774865 1
5776061 1
5787034 1
5790909 1
5792806 1
5795233 1
5796395 1
5801697 1
5806933 1
5808433 1
5809703 1
5810875 1
5815621 1
5818553 1
5822173 1
5822671 1
5823161 1
5827662 1
5835221 1
5836581 1
5836947 1
5840775 1
5840873 1
5841034 1
5842318 1
5848738 1
5856575 1
5859983 1
5860395 1
5860977 1
5860977 1
5863503 1
5870176 1
5870218 1
5871767 1
5873305 1
5875036 1
5876843 1
5878172 1
5878738 1
5879075 1
5880863 1
5886956 1
5888543 1
5889631 1
5889771 1
5890073 1
5890877 1
5891124 1
5891219 1
5893841 1
5904504 1
5905104 1
5914379 1
5917381 1
5919833 1
5923451 1
5930170 1
5932646 1
5933676 1
5938909 1
5941583 1
5947749 1
5952095 1
5959811 1
5961200 1
5962284 1
5964036 1
5965530 1
5973401 1
5973620 1
5974296 1
5981336 1
5982959 1
5983222 1
5985725 1
5989520 1
5989647 1
5991417 1
5994173 1
5999734 1
6005727 1
6009351 1
6009628 1
6011295 1
6012167 1
6013690 1
6013781 1
6013875 1
6014115 1
6014210 1
6031891 1
6032960 1
6033191 1
6033789 1
6035436 1
6036390 1
6042951 1
6043836 1
6044894 1
6045044 1
6045045 1
6047218 1
6049282 1
6051891 1
6052652 1
6054653 1
6064321 1
6065668 1
6068387 1
6068468 1
6070568 1
6071141 1
6071238 1
6073157 1
6080750 1
6087841 1
6097148 1
6097351 1
6100011 1
6100051 1
6101249 1
6104598 1
6114420 1
6121336 1
6127137 1
6140253 1
6148301 1
6148505 1
6152064 1
6153996 1
6158866 1
6165867 1
6167604 1
6171987 1
6174797 1
6189789 1
6191429 1
6191702 1
6197711 1
6203033 1
6204153 1
6221369 1
6226188 1
6227748 1
6227938 1
6228340 1
6229508 1
6230531 1
6247345 1
6248990 1
6249886 1
6257758 1
6261351 1
6264909 1
6266255 1
6278976 1
6279232 1
6280359 1
6283814 1
6284072 1
6286172 1
6287177 1
6294425 1
6298024 1
6302157 1
6302733 1
6310573 1
6314968 1
6323722 1
6324019 1
6325137 1
6326753 1
6336698 1
6339651 1
6340221 1
6343227 1
6344471 1
6358501 1
6358928 1
6364860 1
6376916 1
6378437 1
6379184 1
6379553 1
6381546 1
6381625 1
6382485 1
6383247 1
6383868 1
6384308 1
6390170 1
6395111 1
6395686 1
6397063 1
6397986 1
6403393 1
6406313 1
6411915 1
6415850 1
6419079 1
6419800 1
6420835 1
6428401 1
6430569 1
6433608 1
6436060 1
6438242 1
6440254 1
6441607 1
6441908 1
6454621 1
6458964 1
6459233 1
6459273 1
6459591 1
6473930 1
6474899 1
6476296 1
6478079 1
6483253 1
6483950 1
6487556 1
6497083 1
6501331 1
6503850 1
6520596 1
6524206 1
6524450 1
6527564 1
6530623 1
6532732 1
6537927 1
6538542 1
6539023 1
6544132 1
6545690 1
6550142 1
6552957 1
6555981 1
6558737 1
6560474 1
6561829 1
6567548 1
6569679 1
6572318 1
6572849 1
6574748 1
6576512 1
6583958 1
6584449 1
6587372 1
6591431 1
6597969 1
6598807 1
6600878 1
6601528 1
6605854 1
6608620 1
6609182 1
6612219 1
6613431 1
6616837 1
6620291 1
6621898 1
6622744 1
6624681 1
6624713 1
6624927 1
6626036 1
6626181 1
6626784 1
6627689 1
6628581 1
6630582 1
6632640 1
6637088 1
6638514 1
6638817 1
6639286 1
6639820 1
6646725 1
6652297 1
6655323 1
6663523 1
6663528 1
6665175 1
6665391 1
6670345 1
6670653 1
6671219 1
6671393 1
6671674 1
6676303 1
6678945 1
6685264 1
6687776 1
6699763 1
6713199 1
6715739 1
6716718 1
6720165 1
6722803 1
6728359 1
6730595 1
6741667 1
6743002 1
6751352 1
6756013 1
6760631 1
6760862 1
6766542 1
6767878 1
6775026 1
6781903 1
6783959 1
6788657 1
6788942 1
6798222 1
6800978 1
6800984 1
6805632 1
6807259 1
6814080 1
6817076 1
6818168 1
6821379 1
6838272 1
6838618 1
6844001 1
6847671 1
6848112 1
6850112 1
6854646 1
6855357 1
6856312 1
6859306 1
6860653 1
6862881 1
6865003 1
6869766 1
6872834 1
6879527 1
6881612 1
6894351 1
6894628 1
6898844 1
6904936 1
6911581 1
6913591 1
6915649 1
6917771 1
6920985 1
6922447 1
6923316 1
6925644 1
6927171 1
6929206 1
6930182 1
6930982 1
6932588 1
6936510 1
6936537 1
6936619 1
6936733 1
6937711 1
6937954 1
6938089 1
6953991 1
6954961 1
6955305 1
6961012 1
6964420 1
6969732 1
6970100 1
6974749 1
6975382 1
6980104 1
6985157 1
6986457 1
6986958 1
6988994 1
6994217 1
6994455 1
6995490 1
6996678 1
6997926 1
7002076 1
7002135 1
7011669 1
7018207 1
7020186 1
7021612 1
7022189 1
7023366 1
7026266 1
7027618 1
7027987 1
7028308 1
7028444 1
7028927 1
7030875 1
7031004 1
7034845 1
7035441 1
7040138 1
7040663 1
7040984 1
7041528 1
7045931 1
7048104 1
7049241 1
7051348 1
7052189 1
7070840 1
7071917 1
7074154 1
7075446 1
7081367 1
7082702 1
7101897 1
7106420 1
7107797 1
7108487 1
7108777 1
7109219 1
7110487 1
7113184 1
7113584 1
7114944 1
7115904 1
7116352 1
7118407 1
7119065 1
7120739 1
7121116 1
7130752 1
7136228 1
7139995 1
7141142 1
7141151 1
7141434 1
7143164 1
7144905 1
7152507 1
7152709 1
7156309 1
7157725 1
7160406 1
7160653 1
7163107 1
7163216 1
7165896 1
7169243 1
7169925 1
7170462 1
7173938 1
7175486 1
7182635 1
7185574 1
7191157 1
7205215 1
7211150 1
7214410 1
7223271 1
7225049 1
7228616 1
7230787 1
7231671 1
7233691 1
7235193 1
7238050 1
7242943 1
7245698 1
7247786 1
7261707 1
7271235 1
7273978 1
7276528 1
7277109 1
7281370 1
7282428 1
7282661 1
7289333 1
7293135 1
7305913 1
7315342 1
7316688 1
7319998 1
7321133 1
7321836 1
7322342 1
7323265 1
7323991 1
7324729 1
7324733 1
7325758 1
7326655 1
7326743 1
7328282 1
7330565 1
7332553 1
7333149 1
7333330 1
7334421 1
7338298 1
7339448 1
7342808 1
7344091 1
7347385 1
7352055 1
7354108 1
7354688 1
7354854 1
7361165 1
7361185 1
7362251 1
7365805 1
7366180 1
7371806 1
7372248 1
7373261 1
7375524 1
7380703 1
7392066 1
7393934 1
7395331 1
7396475 1
7405518 1
7412376 1
7413214 1
7424778 1
7427505 1
7428027 1
7435497 1
7440383 1
7440829 1
7453129 1
7461199 1
7466997 1
7469751 1
7499235 1
7502448 1
7503264 1
7506372 1
7509286 1
7517773 1
7518537 1
7518859 1
7520170 1
7522198 1
7526846 1
7536819 1
7539896 1
7541341 1
7558077 1
7558130 1
7562140 1
7562241 1
7563118 1
7564558 1
7572489 1
7574536 1
7577652 1
7585149 1
7587153 1
7588131 1
7589201 1
7589677 1
7591272 1
7591971 1
7594715 1
7596896 1
7599794 1
7603537 1
7604796 1
7612158 1
7613281 1
7613938 1
7618380 1
7623402 1
7626312 1
7632155 1
7634749 1
7646777 1
7647000 1
7649694 1
7660775 1
7666265 1
7669523 1
7671867 1
7678362 1
7678809 1
7694073 1
7698036 1
7703507 1
7703822 1
7704337 1
7705774 1
7706894 1
7706968 1
7713001 1
7720632 1
7727274 1
7727644 1
7730128 1
7731747 1
7733634 1
7734014 1
7736313 1
7752386 1
7755306 1
7756304 1
7761437 1
7767923 1
7770490 1
7773026 1
7773746 1
7773915 1
7775021 1
7776823 1
7776825 1
7780767 1
7791365 1
7792533 1
7801368 1
7801444 1
7805644 1
7809010 1
7812841 1
7824796 1
7829842 1
7830291 1
7831629 1
7832137 1
7832770 1
7833698 1
7839793 1
7840321 1
7841010 1
7842013 1
7842174 1
7846761 1
7853710 1
7853907 1
7854353 1
7854575 1
7868032 1
7872496 1
7874443 1
7874448 1
7882706 1
7889020 1
7889423 1
7892129 1
7892690 1
7893179 1
7899359 1
7911969 1
7916592 1
7921791 1
7922643 1
7924269 1
7927121 1
7928085 1
7937076 1
7937765 1
7938521 1
7940444 1
7943453 1
7947263 1
7947696 1
7950641 1
7967388 1
7968020 1
7971458 1
7971588 1
7972473 1
7978218 1
7993307 1
7993697 1
7994793 1
7996800 1
7999428 1
8000017 1
8003923 1
8006678 1
8008159 1
8010577 1
8015446 1
8016762 1
8018362 1
8021908 1
8022766 1
8024837 1
8028965 1
8029305 1
8036114 1
8037172 1
8038744 1
8040553 1
8041119 1
8041395 1
8044201 1
8045077 1
8046789 1
8047052 1
8049722 1
8050620 1
8052751 1
8053421 1
8053901 1
8055518 1
8056243 1
8057332 1
8058978 1
8059085 1
8059527 1
8059930 1
8065072 1
8065965 1
8066422 1
8071077 1
8071088 1
8071822 1
8072466 1
8076354 1
8076380 1
8076717 1
8078518 1
8082603 1
8083932 1
8084649 1
8086282 1
8090398 1
8095406 1
8098336 1
8102130 1
8102817 1
8103119 1
8104062 1
8106272 1
8106312 1
8106989 1
8108272 1
8109846 1
8110360 1
8114416 1
8118601 1
8121917 1
8121978 1
8122363 1
8124657 1
8127249 1
8129233 1
8129553 1
8130657 1
8131400 1
8131751 1
8133153 1
8133558 1
8136145 1
8136522 1
8137365 1
8137659 1
8140363 1
8140872 1
8140878 1
8143801 1
8149370 1
8152551 1
8153607 1
8158392 1
8158755 1
8161434 1
8162292 1
8163283 1
8163329 1
8165796 1
8167129 1
8174501 1
8177345 1
8177624 1
8178522 1
8179667 1
8186972 1
8191249 1
8195677 1
8198695 1
8205379 1
8209405 1
8213506 1
8214067 1
8214636 1
8217091 1
8217478 1
8219729 1
8220269 1
8220707 1
8225832 1
8226951 1
8239065 1
8239754 1
8245870 1
8250787 1
8255733 1
8257195 1
8257982 1
8270613 1
8272384 1
8273264 1
8275160 1
8277288 1
8283456 1
8287380 1
8287622 1
8300817 1
1811 1
4090 1
7390 1
10087 1
10136 1
10147 1
11024 1
26522 1
28005 1
30296 1
32751 1
34816 1
37127 1
40336 1
43158 1
44610 1
46266 1
49364 1
51542 1
55952 1
58948 1
63718 1
76043 1
81871 1
82790 1
83202 1
85594 1
88602 1
92020 1
99167 1
100083 1
101038 1
101752 1
102355 1
105175 1
105571 1
106582 1
106782 1
106812 1
107852 1
108761 1
108841 1
109029 1
111423 1
112835 1
115651 1
116796 1
117231 1
117999 1
118171 1
119665 1
120914 1
121009 1
122331 1
124021 1
125812 1
126314 1
127444 1
127906 1
128792 1
130230 1
131477 1
132416 1
132432 1
132594 1
132698 1
133767 1
134155 1
134375 1
135085 1
135169 1
135419 1
135983 1
136163 1
137615 1
137851 1
137949 1
139293 1
142642 1
142789 1
145411 1
145985 1
146642 1
150259 1
150655 1
152133 1
152280 1
153799 1
155991 1
156460 1
157395 1
158652 1
162115 1
162932 1
164983 1
167159 1
167451 1
169382 1
171843 1
180566 1
183249 1
183809 1
183944 1
185963 1
188547 1
190112 1
190528 1
193030 1
196857 1
199186 1
200107 1
200250 1
200786 1
203998 1
204545 1
204874 1
204886 1
205589 1
206353 1
207342 1
208410 1
211235 1
211352 1
211588 1
212024 1
212633 1
213242 1
215924 1
219858 1
221689 1
222672 1
229076 1
229447 1
233758 1
234239 1
238132 1
240212 1
243994 1
245036 1
245125 1
254259 1
257151 1
268941 1
269341 1
269792 1
273755 1
285359 1
285890 1
286553 1
289800 1
294465 1
297279 1
297435 1
298970 1
299192 1
301174 1
303860 1
308024 1
308955 1
309805 1
317949 1
322313 1
322859 1
328319 1
333877 1
341922 1
342338 1
351571 1
352295 1
359099 1
384470 1
403756 1
416273 1
425298 1
425497 1
433719 1
434003 1
436426 1
436784 1
438828 1
439245 1
440605 1
441502 1
442436 1
445850 1
448575 1
450934 1
451374 1
452141 1
454158 1
458744 1
459360 1
459436 1
460031 1
463467 1
464176 1
475356 1
478608 1
479024 1
485790 1
494042 1
495176 1
497880 1
498087 1
501799 1
505325 1
507239 1
507379 1
509126 1
523164 1
524158 1
526305 1
532598 1
532833 1
535722 1
551272 1
556148 1
557697 1
557851 1
558539 1
561616 1
561760 1
565356 1
565823 1
565943 1
569993 1
571885 1
572719 1
574585 1
574909 1
577052 1
582685 1
584586 1
614632 1
614777 1
617414 1
624750 1
626828 1
633837 1
647783 1
648880 1
650968 1
652034 1
660187 1
665064 1
672226 1
674774 1
677047 1
682854 1
684190 1
689423 1
693376 1
699149 1
701952 1
709896 1
713252 1
715825 1
718082 1
719087 1
719326 1
719923 1
728098 1
728674 1
730642 1
731550 1
731950 1
734945 1
738029 1
741197 1
743334 1
744237 1
748638 1
765035 1
767431 1
768166 1
768241 1
771591 1
771606 1
771817 1
773661 1
778659 1
778939 1
779110 1
779358 1
784981 1
789037 1
793745 1
808987 1
812720 1
819705 1
822724 1
825407 1
825547 1
834792 1
834860 1
846050 1
851203 1
854619 1
856945 1
860951 1
863444 1
864847 1
866331 1
867700 1
869689 1
871380 1
871682 1
880886 1
880963 1
886482 1
897549 1
910955 1
914509 1
920893 1
923236 1
923570 1
928779 1
930841 1
934087 1
935128 1
951106 1
951838 1
952078 1
952723 1
952950 1
954375 1
966549 1
972220 1
976342 1
979270 1
985421 1
986092 1
987059 1
987268 1
1002789 1
1007325 1
1009733 1
1018815 1
1028115 1
1028717 1
1029040 1
1030518 1
1030818 1
1030970 1
1038753 1
1039410 1
1041456 1
1042120 1
1046802 1
1047247 1
1048268 1
1048830 1
1050028 1
1054274 1
1059312 1
1060904 1
1066788 1
1077722 1
1078101 1
1085734 1
1088136 1
1095767 1
1096229 1
1101211 1
1106403 1
1107033 1
1125732 1
1127493 1
1130741 1
1134259 1
1135955 1
1136131 1
1136663 1
1139201 1
1141137 1
1145078 1
1146928 1
1149764 1
1153246 1
1154318 1
1159558 1
1163541 1
1170461 1
1173793 1
1174404 1
1179066 1
1195212 1
1199900 1
1200946 1
1202462 1
1209787 1
1211729 1
1214540 1
1216786 1
1218311 1
1219554 1
1225984 1
1226253 1
1233051 1
1236515 1
1252310 1
1255958 1
1257843 1
1261439 1
1261756 1
1262709 1
1263719 1
1264311 1
1275731 1
1290872 1
1292822 1
1296667 1
1300166 1
1300915 1
1300929 1
1301864 1
1302149 1
1302350 1
1308535 1
1309859 1
1309911 1
1316319 1
1329930 1
1333144 1
1333251 1
1333283 1
1338689 1
1341078 1
1341435 1
1342514 1
1345192 1
1354861 1
1357235 1
1358169 1
1365964 1
1370050 1
1370141 1
1371132 1
1372507 1
1373262 1
1375218 1
1376446 1
1382860 1
1382862 1
1383193 1
1389511 1
1397383 1
1397451 1
1398447 1
1400192 1
1400282 1
1401021 1
1404028 1
1413961 1
1415363 1
1424127 1
1424267 1
1426034 1
1433498 1
1446218 1
1448374 1
1456151 1
1460486 1
1463649 1
1465354 1
1465873 1
1466888 1
1468488 1
1471855 1
1484911 1
1488184 1
1496090 1
1496259 1
1497033 1
1498469 1
1501085 1
1502268 1
1509789 1
1512013 1
1516904 1
1529187 1
1532119 1
1532727 1
1534638 1
1543250 1
1544079 1
1546373 1
1548677 1
1551744 1
1554469 1
1563261 1
1563597 1
1575112 1
1575562 1
1576238 1
1578219 1
1582242 1
1582434 1
1587432 1
1590058 1
1593544 1
1594130 1
1595407 1
1598675 1
1604024 1
1604118 1
1604732 1
1609636 1
1613766 1
1614786 1
1625572 1
1627346 1
1627488 1
1633192 1
1635756 1
1644934 1
1648565 1
1653989 1
1659232 1
1662104 1
1665174 1
1666884 1
1670247 1
1671025 1
1687887 1
1688034 1
1689068 1
1693519 1
1694121 1
1695048 1
1697815 1
1700018 1
1700951 1
1701290 1
1705608 1
1705609 1
1707199 1
1716695 1
1724625 1
1728335 1
1729682 1
1730800 1
1731297 1
1735333 1
1739250 1
1747102 1
1748985 1
1749665 1
1766400 1
1771765 1
1778035 1
1778412 1
1785558 1
1786143 1
1788161 1
1788483 1
1789222 1
1790187 1
1791987 1
1793790 1
1796859 1
1807989 1
1817370 1
1818145 1
1821368 1
1822099 1
1827313 1
1830116 1
1830411 1
1831714 1
1832218 1
1838235 1
1855960 1
1857605 1
1858477 1
1862566 1
1870216 1
1871503 1
1879048 1
1880340 1
1880538 1
1882413 1
1883018 1
1884249 1
1890433 1
1891416 1
1892404 1
1904055 1
1904267 1
1914508 1
1916939 1
1917235 1
1920895 1
1926600 1
1936873 1
1937527 1
1942584 1
1945967 1
1948917 1
1951869 1
1952518 1
1955061 1
1969860 1
1973915 1
1979575 1
1991966 1
1993963 1
1994015 1
2001724 1
2002449 1
2003325 1
2005798 1
2006211 1
2007932 1
2008670 1
2010501 1
2014965 1
2015351 1
2021449 1
2033201 1
2036036 1
2039522 1
2051349 1
2061160 1
2067091 1
2069540 1
2069613 1
2074921 1
2078711 1
2080296 1
2084690 1
2084966 1
2100793 1
2100953 1
2107938 1
2113966 1
2114322 1
2116708 1
2117482 1
2118760 1
2119203 1
2119571 1
2123571 1
2125247 1
2130891 1
2131423 1
2138697 1
2144154 1
2147566 1
2150632 1
2158471 1
2160176 1
2164016 1
2165270 1
2166078 1
2170937 1
2174205 1
2175255 1
2180909 1
2181996 1
2184692 1
2185256 1
2186496 1
2193327 1
2197157 1
2197904 1
2211844 1
2231821 1
2237118 1
2237280 1
2237477 1
2237768 1
2239570 1
2248655 1
2251327 1
2253667 1
2257116 1
2260110 1
2277555 1
2278132 1
2279037 1
2280012 1
2284337 1
2290784 1
2292105 1
2295910 1
2299240 1
2300305 1
2301443 1
2302468 1
2303135 1
2306425 1
2310545 1
2311617 1
2315043 1
2315817 1
2318073 1
2321884 1
2323118 1
2323386 1
2325294 1
2331588 1
2333514 1
2333684 1
2340831 1
2341874 1
2341909 1
2345545 1
2356160 1
2364544 1
2373599 1
2375500 1
2376450 1
2376488 1
2377555 1
2401216 1
2401412 1
2405022 1
2405740 1
2406178 1
2406688 1
2412312 1
2419248 1
2422733 1
2423158 1
2424191 1
2424266 1
2424878 1
2425372 1
2428623 1
2431784 1
2432785 1
2437491 1
2438299 1
2440384 1
2440427 1
2441812 1
2443057 1
2445153 1
2452955 1
2453173 1
2461042 1
2475519 1
2476869 1
2477193 1
2478165 1
2478847 1
2480854 1
2485724 1
2488000 1
2493850 1
2503728 1
2504310 1
2504415 1
2504511 1
2506966 1
2510228 1
2512725 1
2514989 1
2515709 1
2517862 1
2521540 1
2523166 1
2525268 1
2525397 1
2525982 1
2527966 1
2531398 1
2533220 1
2533344 1
2537695 1
2543693 1
2545898 1
2551654 1
2553950 1
2555037 1
2560153 1
2560966 1
2561597 1
2562411 1
2562578 1
2565680 1
2568856 1
2570840 1
2581001 1
2581216 1
2584792 1
2585575 1
2589403 1
2592305 1
2592798 1
2594271 1
2596508 1
2608166 1
2608766 1
2608896 1
2613024 1
2617185 1
2618300 1
2622263 1
2622733 1
2624466 1
2626808 1
2629130 1
2633683 1
2636349 1
2636750 1
2643197 1
2649462 1
2651071 1
2652671 1
2654252 1
2657624 1
2666917 1
2672249 1
2672637 1
2683768 1
2693853 1
2701667 1
2702795 1
2727883 1
2727943 1
2728154 1
2728772 1
2729418 1
2737623 1
2740191 1
2755829 1
2760877 1
2761982 1
2769635 1
2772541 1
2773559 1
2774362 1
2775873 1
2776468 1
2776704 1
2781151 1
2783263 1
2784522 1
2794833 1
2795491 1
2796360 1
2800178 1
2800346 1
2808342 1
2810451 1
2810610 1
2813623 1
2827791 1
2827791 1
2829028 1
2834158 1
2840309 1
2843873 1
2858833 1
2859513 1
2865176 1
2867945 1
2868233 1
2868572 1
2869764 1
2870050 1
2872432 1
2878697 1
2885813 1
2887491 1
2890821 1
2903422 1
2903512 1
2911315 1
2911877 1
2912515 1
2923002 1
2924607 1
2929392 1
2940491 1
2949637 1
2949757 1
2963203 1
2965409 1
2965751 1
2968632 1
2972285 1
2979049 1
2982368 1
2985653 1
2988315 1
2989187 1
2992208 1
3001657 1
3005238 1
3013923 1
3015146 1
3016394 1
3029860 1
3033210 1
3040319 1
3041740 1
3041773 1
3045882 1
3047997 1
3048463 1
3049604 1
3051411 1
3058631 1
3060074 1
3060811 1
3062270 1
3066928 1
3067707 1
3068835 1
3069245 1
3077438 1
3078164 1
3079575 1
3084825 1
3095482 1
3095488 1
3095583 1
3096681 1
3099152 1
3106839 1
3113319 1
3113819 1
3121915 1
3121929 1
3124662 1
3136356 1
3143500 1
3144658 1
3144658 1
3144658 1
3144658 1
3144658 1
3144658 1
3144658 1
3144658 1
3144658 1
3144658 1
3144658 1
3144658 1
3144658 1
3144658 1
3146762 1
3147123 1
3147457 1
3155054 1
3163066 1
3171132 1
3174662 1
3175072 1
3175872 1
3175880 1
3178913 1
3183275 1
3186268 1
3193034 1
3193150 1
3194236 1
3196699 1
3197940 1
3207422 1
3218314 1
3219618 1
3219995 1
3221840 1
3224994 1
3226112 1
3235932 1
3239221 1
3242212 1
3244160 1
3246089 1
3250925 1
3252053 1
3255530 1
3256157 1
3257880 1
3260374 1
3261914 1
3263183 1
3264646 1
3267428 1
3270677 1
3272066 1
3273071 1
3279640 1
3283221 1
3285191 1
3292130 1
3293726 1
3297367 1
3298438 1
3298918 1
3303917 1
3305058 1
3305132 1
3317416 1
3319628 1
3325176 1
3330096 1
3332196 1
3332673 1
3333870 1
3334746 1
3334944 1
3339532 1
3344865 1
3360280 1
3361097 1
3361514 1
3364172 1
3364303 1
3365879 1
3366054 1
3366472 1
3368011 1
3368491 1
3370572 1
3379153 1
3379413 1
3382866 1
3385278 1
3386229 1
3390706 1
3391720 1
3394034 1
3396921 1
3405902 1
3408411 1
3413032 1
3413733 1
3418506 1
3418770 1
3419978 1
3428050 1
3429717 1
3430704 1
3432897 1
3433316 1
3434397 1
3438856 1
3446560 1
3452347 1
3456503 1
3472720 1
3472974 1
3474849 1
3476197 1
3480044 1
3487369 1
3497794 1
3499826 1
3502517 1
3504005 1
3504164 1
3509542 1
3511839 1
3513863 1
3515585 1
3520263 1
3524000 1
3538500 1
3541913 1
3543701 1
3559472 1
3578322 1
3581374 1
3583246 1
3586363 1
3588123 1
3596690 1
3605425 1
3616439 1
3621805 1
3624621 1
3649847 1
3655048 1
3655487 1
3655520 1
3657517 1
3658598 1
3658885 1
3659011 1
3660491 1
3669027 1
3680920 1
3682287 1
3692316 1
3699289 1
3704638 1
3714400 1
3717693 1
3727694 1
3727819 1
3732581 1
3732723 1
3738669 1
3750799 1
3759880 1
3776756 1
3780011 1
3784888 1
3787527 1
3788469 1
3788549 1
3789798 1
3789897 1
3798223 1
3807320 1
3808941 1
3810845 1
3815723 1
3816750 1
3816851 1
3817360 1
3818116 1
3819802 1
3822761 1
3823165 1
3823552 1
3824513 1
3829544 1
3831617 1
3833448 1
3835022 1
3835518 1
3838168 1
3851685 1
3852251 1
3856179 1
3858642 1
3859735 1
3861778 1
3862275 1
3863456 1
3864488 1
3865578 1
3867732 1
3869758 1
3873901 1
3874590 1
3876795 1
3886678 1
3892815 1
3896221 1
3897938 1
3910046 1
3912990 1
3914762 1
3916074 1
3925456 1
3927100 1
3929470 1
3948033 1
3955204 1
3962236 1
3962561 1
3966664 1
3967185 1
3968508 1
3973163 1
3973435 1
3981342 1
3983449 1
3987480 1
3988324 1
3989247 1
3992001 1
3993994 1
3994840 1
3995705 1
4008362 1
4010831 1
4017088 1
4020524 1
4021120 1
4024530 1
4025752 1
4027016 1
4030389 1
4045642 1
4047649 1
4058594 1
4060349 1
4061852 1
4062158 1
4062748 1
4066401 1
4070683 1
4075547 1
4083355 1
4085901 1
4088418 1
4088431 1
4091869 1
4103313 1
4104579 1
4105800 1
4106576 1
4107320 1
4121069 1
4130598 1
4133926 1
4137612 1
4139959 1
4151170 1
4161264 1
4161627 1
4165039 1
4165857 1
4170763 1
4173587 1
4178633 1
4184127 1
4185581 1
4186974 1
4188786 1
4189076 1
4190956 1
4196422 1
4206366 1
4218522 1
4228147 1
4240884 1
4253958 1
4254900 1
4258331 1
4259448 1
4260667 1
4273521 1
4282600 1
4289596 1
4289845 1
4293321 1
4301236 1
4306805 1
4306900 1
4315045 1
4316369 1
4326356 1
4329451 1
4337197 1
4338706 1
4341774 1
4341884 1
4342230 1
4344265 1
4344464 1
4346200 1
4346521 1
4346849 1
4348362 1
4351437 1
4352088 1
4357571 1
4362699 1
4363734 1
4364372 1
4366165 1
4369078 1
4373553 1
4373584 1
4393863 1
4396882 1
4403205 1
4405788 1
4410438 1
4417230 1
4422662 1
4423903 1
4427763 1
4429557 1
4430827 1
4431018 1
4431311 1
4434776 1
4436635 1
4439679 1
4444029 1
4444917 1
4448759 1
4452999 1
4460786 1
4464485 1
4465053 1
4471090 1
4471778 1
4472099 1
4476948 1
4481122 1
4485255 1
4488505 1
4491162 1
4492704 1
4505368 1
4508166 1
4512395 1
4513584 1
4514257 1
4514383 1
4519282 1
4521865 1
4533498 1
4534351 1
4551341 1
4565595 1
4565601 1
4575178 1
4575820 1
4578265 1
4581144 1
4589341 1
4593741 1
4607462 1
4608906 1
4609011 1
4611504 1
4612710 1
4612945 1
4614576 1
4616874 1
4620062 1
4620440 1
4621168 1
4631930 1
4632301 1
4639231 1
4640810 1
4646898 1
4647227 1
4648526 1
4651589 1
4651677 1
4652208 1
4653031 1
4656100 1
4656222 1
4656859 1
4669526 1
4671769 1
4673990 1
4674346 1
4675266 1
4676996 1
4687980 1
4689440 1
4690593 1
4691089 1
4691312 1
4698187 1
4699135 1
4699183 1
4699997 1
4703314 1
4707340 1
4707900 1
4723508 1
4726657 1
4730424 1
4733163 1
4738579 1
4742122 1
4751097 1
4754562 1
4760452 1
4766500 1
4778110 1
4787709 1
4792650 1
4794563 1
4798079 1
4800576 1
4800976 1
4801869 1
4802961 1
4806043 1
4808245 1
4811708 1
4813110 1
4815399 1
4815583 1
4823940 1
4825534 1
4826251 1
4826346 1
4826808 1
4837112 1
4841002 1
4850297 1
4857238 1
4861190 1
4863701 1
4869315 1
4869860 1
4873937 1
4878887 1
4888413 1
4893133 1
4895074 1
4895719 1
4896346 1
4897958 1
4898124 1
4898982 1
4899300 1
4901089 1
4905145 1
4908813 1
4908991 1
4911264 1
4916354 1
4925371 1
4925807 1
4927000 1
4927238 1
4930487 1
4934330 1
4947725 1
4967778 1
4968676 1
4976419 1
4979599 1
4982405 1
4986007 1
4987770 1
4988528 1
5000431 1
5012363 1
5014085 1
5018546 1
5021247 1
5025912 1
5026724 1
5030056 1
5031862 1
5032685 1
5036670 1
5037234 1
5038130 1
5038400 1
5038648 1
5039215 1
5040350 1
5042089 1
5046236 1
5047571 1
5047794 1
5049410 1
5049936 1
5055703 1
5055928 1
5061827 1
5069900 1
5081153 1
5085744 1
5090258 1
5091104 1
5107582 1
5114411 1
5115548 1
5119324 1
5139198 1
5139758 1
5147952 1
5154433 1
5157699 1
5158404 1
5160423 1
5160498 1
5181261 1
5183426 1
5184576 1
5187137 1
5189293 1
5201966 1
5205502 1
5208035 1
5210764 1
5227221 1
5228498 1
5228889 1
5238926 1
5239548 1
5240046 1
5247623 1
5251018 1
5254556 1
5255660 1
5258105 1
5258349 1
5259064 1
5260197 1
5261764 1
5262195 1
5262887 1
5270574 1
5272368 1
5276147 1
5280867 1
5285889 1
5291190 1
5291201 1
5293943 1
5314337 1
5316241 1
5323227 1
5333990 1
5334725 1
5335734 1
5340276 1
5344964 1
5346636 1
5350801 1
5350989 1
5353816 1
5356547 1
5363774 1
5365083 1
5367452 1
5368084 1
5368154 1
5377769 1
5378664 1
5416905 1
5424090 1
5425259 1
5427099 1
5427527 1
5428811 1
5430738 1
5437381 1
5441784 1
5443186 1
5444906 1
5450949 1
5451462 1
5454219 1
5458130 1
5458194 1
5461342 1
5461593 1
5463702 1
5466082 1
5467448 1
5470854 1
5473802 1
5475269 1
5479520 1
5494931 1
5498410 1
5503081 1
5505115 1
5505120 1
5511035 1
5514812 1
5515051 1
5520573 1
5524517 1
5524943 1
5526398 1
5529984 1
5530098 1
5532594 1
5534827 1
5537209 1
5539226 1
5547074 1
5547127 1
5547406 1
5550934 1
5554831 1
5563149 1
5566736 1
5576135 1
5584069 1
5589106 1
5590608 1
5593425 1
5598506 1
5599217 1
5600644 1
5600916 1
5601830 1
5605375 1
5608040 1
5608660 1
5615407 1
5615925 1
5618790 1
5619931 1
5624509 1
5643072 1
5648090 1
5662707 1
5669044 1
5674395 1
5675070 1
5684112 1
5686182 1
5688011 1
5692829 1
5695458 1
5698597 1
5700520 1
5700996 1
5708342 1
5708789 1
5709220 1
5710055 1
5716293 1
5716558 1
5719360 1
5735821 1
5740120 1
5747651 1
5751717 1
5759401 1
5767544 1
5767774 1
5775453 1
5775860 1
5776845 1
5782141 1
5782286 1
5788264 1
5809152 1
5809585 1
5810268 1
5816308 1
5824016 1
5824941 1
5833389 1
5840921 1
5840995 1
5841077 1
5848649 1
5850749 1
5851564 1
5861607 1
5862112 1
5862816 1
5863013 1
5863174 1
5863191 1
5869634 1
5874325 1
5875596 1
5878148 1
5879301 1
5880431 1
5882908 1
5892804 1
5893802 1
5897053 1
5899922 1
5912508 1
5917425 1
5931868 1
5942366 1
5942827 1
5948666 1
5948844 1
5959069 1
5961184 1
5962837 1
5969898 1
5970469 1
5970505 1
5970703 1
5971242 1
5971828 1
5972949 1
5973405 1
5973411 1
5974304 1
5974325 1
5974554 1
5974790 1
5975092 1
5980843 1
5993268 1
5996281 1
6002204 1
6002429 1
6005462 1
6005638 1
6006789 1
6013979 1
6014060 1
6014146 1
6016310 1
6018217 1
6023335 1
6031856 1
6041286 1
6044594 1
6051598 1
6058656 1
6060097 1
6066217 1
6067813 1
6069159 1
6069352 1
6073345 1
6073395 1
6079382 1
6084800 1
6086402 1
6091036 1
6092508 1
6098425 1
6098661 1
6102797 1
6107787 1
6108386 1
6111135 1
6111778 1
6119984 1
6120004 1
6122688 1
6124383 1
6126210 1
6130925 1
6141907 1
6151539 1
6152987 1
6153231 1
6155042 1
6158921 1
6163788 1
6164692 1
6180276 1
6182168 1
6187438 1
6188098 1
6191330 1
6201706 1
6201706 1
6206117 1
6224973 1
6225628 1
6225693 1
6226852 1
6234647 1
6236361 1
6237087 1
6245928 1
6256395 1
6260144 1
6261453 1
6267616 1
6268623 1
6275553 1
6277331 1
6278435 1
6279540 1
6281335 1
6282115 1
6293472 1
6293618 1
6294085 1
6306696 1
6309781 1
6314563 1
6328293 1
6331995 1
6332479 1
6335163 1
6338264 1
6338277 1
6339468 1
6344374 1
6344431 1
6345562 1
6347195 1
6347281 1
6361121 1
6361381 1
6366180 1
6368777 1
6375458 1
6379776 1
6379799 1
6380403 1
6381826 1
6385046 1
6389120 1
6396039 1
6399935 1
6399935 1
6404097 1
6405736 1
6406805 1
6407093 1
6407288 1
6409215 1
6409558 1
6411560 1
6414507 1
6415925 1
6417310 1
6420681 1
6425083 1
6426313 1
6427928 1
6432005 1
6433636 1
6435263 1
6435298 1
6438494 1
6441661 1
6455304 1
6456362 1
6457338 1
6459376 1
6465075 1
6467694 1
6472499 1
6472611 1
6473058 1
6479587 1
6490638 1
6498626 1
6499647 1
6504258 1
6509916 1
6519576 1
6524876 1
6524876 1
6528106 1
6535194 1
6535404 1
6539375 1
6541792 1
6542190 1
6553396 1
6565242 1
6569903 1
6575643 1
6578486 1
6581543 1
6591623 1
6600176 1
6600914 1
6601121 1
6604285 1
6606856 1
6618285 1
6618564 1
6622724 1
6626637 1
6629911 1
6630647 1
6633100 1
6636861 1
6641643 1
6643132 1
6649525 1
6649646 1
6654360 1
6663976 1
6666321 1
6672901 1
6683569 1
6684089 1
6684652 1
6689146 1
6695225 1
6698660 1
6700141 1
6703105 1
6709724 1
6710469 1
6711482 1
6712583 1
6717480 1
6721102 1
6721684 1
6727436 1
6734041 1
6735396 1
6735861 1
6743334 1
6757075 1
6760468 1
6762076 1
6766486 1
6769497 1
6774441 1
6775280 1
6776385 1
6778138 1
6780463 1
6792027 1
6803118 1
6804302 1
6806398 1
6806405 1
6806533 1
6808118 1
6810812 1
6813578 1
6817444 1
6821792 1
6825563 1
6833501 1
6834295 1
6835328 1
6839359 1
6842629 1
6843124 1
6848930 1
6849487 1
6851622 1
6852537 1
6852800 1
6856446 1
6858673 1
6863081 1
6866575 1
6867287 1
6867802 1
6867992 1
6869495 1
6870276 1
6873514 1
6874564 1
6878685 1
6882075 1
6882402 1
6885559 1
6892532 1
6909322 1
6909708 1
6914722 1
6916956 1
6921321 1
6922481 1
6924811 1
6926149 1
6927498 1
6928098 1
6930462 1
6934840 1
6937034 1
6937514 1
6938138 1
6940409 1
6943417 1
6944225 1
6952129 1
6955053 1
6960614 1
6961069 1
6963533 1
6965494 1
6972597 1
6973855 1
6983147 1
6983285 1
6983984 1
6984142 1
6985476 1
6994405 1
6996471 1
6997918 1
6998013 1
6999985 1
7000433 1
7001454 1
7002773 1
7007561 1
7014136 1
7017292 1
7018101 1
7022296 1
7023281 1
7024432 1
7025241 1
7031410 1
7033764 1
7033806 1
7034379 1
7040819 1
7045335 1
7047533 1
7048529 1
7048826 1
7051021 1
7054080 1
7057440 1
7065753 1
7067533 1
7070497 1
7078615 1
7086972 1
7088530 1
7101845 1
7102375 1
7103925 1
7106388 1
7109297 1
7110158 1
7110751 1
7114554 1
7115017 1
7117919 1
7126124 1
7136130 1
7148193 1
7154440 1
7155318 1
7158596 1
7160385 1
7161312 1
7165049 1
7167752 1
7168675 1
7170096 1
7175362 1
7175730 1
7187160 1
7195756 1
7199244 1
7205297 1
7206387 1
7206729 1
7209369 1
7210829 1
7212564 1
7220248 1
7223651 1
7223714 1
7223719 1
7224145 1
7224298 1
7224531 1
7232451 1
7233731 1
7235694 1
7248165 1
7250920 1
7252398 1
7252806 1
7258933 1
7258943 1
7260564 1
7271843 1
7274582 1
7275899 1
7278187 1
7282418 1
7288378 1
7291620 1
7293835 1
7296452 1
7303471 1
7304109 1
7304163 1
7307286 1
7310679 1
7311623 1
7315289 1
7317580 1
7318712 1
7319829 1
7325930 1
7334851 1
7337894 1
7340224 1
7342347 1
7344671 1
7345635 1
7347191 1
7352163 1
7364737 1
7364936 1
7365229 1
7368313 1
7371156 1
7372497 1
7372568 1
7374462 1
7377383 1
7379742 1
7381320 1
7381583 1
7385008 1
7387422 1
7393137 1
7393266 1
7393699 1
7393730 1
7395375 1
7395442 1
7395909 1
7396432 1
7396574 1
7403575 1
7411920 1
7412110 1
7412965 1
7413896 1
7416749 1
7420216 1
7428955 1
7429788 1
7437141 1
7437717 1
7454252 1
7459856 1
7460496 1
7462273 1
7464111 1
7467135 1
7474058 1
7475846 1
7476878 1
7479597 1
7482688 1
7484717 1
7486954 1
7490444 1
7491463 1
7492123 1
7496895 1
7501420 1
7505511 1
7505652 1
7506023 1
7506958 1
7513857 1
7514326 1
7515286 1
7518975 1
7520039 1
7526447 1
7532449 1
7534742 1
7537763 1
7540702 1
7541895 1
7542363 1
7544796 1
7548258 1
7552259 1
7554122 1
7556330 1
7560654 1
7561963 1
7569186 1
7577616 1
7589705 1
7593138 1
7593708 1
7594045 1
7594332 1
7595122 1
7595129 1
7599342 1
7604909 1
7607616 1
7610004 1
7629125 1
7634369 1
7634788 1
7635361 1
7636283 1
7639474 1
7640725 1
7642951 1
7643749 1
7643915 1
7645614 1
7648437 1
7653935 1
7656976 1
7659910 1
7665810 1
7666278 1
7669438 1
7675974 1
7676596 1
7677399 1
7682766 1
7682836 1
7693202 1
7694134 1
7696581 1
7697788 1
7705630 1
7705941 1
7705954 1
7708309 1
7708413 1
7708985 1
7714432 1
7718552 1
7718751 1
7727225 1
7730444 1
7733451 1
7734526 1
7737041 1
7742236 1
7745645 1
7755227 1
7761745 1
7770743 1
7772639 1
7775726 1
7777215 1
7777498 1
7780120 1
7781798 1
7784665 1
7792126 1
7796725 1
7803778 1
7805184 1
7824932 1
7828124 1
7831341 1
7831361 1
7831542 1
7836966 1
7838477 1
7840190 1
7840388 1
7840526 1
7840945 1
7844751 1
7847537 1
7849552 1
7850060 1
7850736 1
7861500 1
7862060 1
7865575 1
7870405 1
7871584 1
7877103 1
7885228 1
7889994 1
7890667 1
7897454 1
7899484 1
7900401 1
7900815 1
7905507 1
7905562 1
7909441 1
7913363 1
7917196 1
7919530 1
7919869 1
7920707 1
7926350 1
7931564 1
7933498 1
7933730 1
7934839 1
7935093 1
7944643 1
7947832 1
7948202 1
7953016 1
7953501 1
7956881 1
7959194 1
7960663 1
7962063 1
7963144 1
7963718 1
7965464 1
7967239 1
7967701 1
7968264 1
7970835 1
7971758 1
7972879 1
7974107 1
7976742 1
7983662 1
7985547 1
7995031 1
7995259 1
7997996 1
7998420 1
8001653 1
8004267 1
8004412 1
8006667 1
8007342 1
8008665 1
8010895 1
8016243 1
8016384 1
8018077 1
8020262 1
8021844 1
8022781 1
8027166 1
8028051 1
8032444 1
8035017 1
8035947 1
8036384 1
8038543 1
8038547 1
8040293 1
8042694 1
8043218 1
8044251 1
8044326 1
8044636 1
8046325 1
8046529 1
8047548 1
8047586 1
8048944 1
8049311 1
8055489 1
8056276 1
8060083 1
8064369 1
8066659 1
8069621 1
8071184 1
8071915 1
8072427 1
8075880 1
8078361 1
8079863 1
8082969 1
8083012 1
8086434 1
8090841 1
8095661 1
8099985 1
8099995 1
8100280 1
8104733 1
8107208 1
8110239 1
8113858 1
8115436 1
8119615 1
8122243 1
8123389 1
8124595 1
8124990 1
8125414 1
8126257 1
8132850 1
8133463 1
8135828 1
8136053 1
8137980 1
8145444 1
8146721 1
8149365 1
8151002 1
8151785 1
8154366 1
8155496 1
8166564 1
8167964 1
8187517 1
8189235 1
8192223 1
8193026 1
8194301 1
8207915 1
8209817 1
8210602 1
8211781 1
8212890 1
8215805 1
8217123 1
8218791 1
8219857 1
8221599 1
8222098 1
8222102 1
8222462 1
8223939 1
8225203 1
8225751 1
8232271 1
8233700 1
8237337 1
8245472 1
8246472 1
8248184 1
8249220 1
8257706 1
8271588 1
8271698 1
8272003 1
8272247 1
8274598 1
8274983 1
8275471 1
8281937 1
8297332 1
8297440 1
8297876 1
8299806 1
8301920 1
8304119 1
8304130 1
8306260 1
15608 1
21749 1
26778 1
29812 1
37606 1
50778 1
82783 1
109208 1
119856 1
121201 1
131442 1
132485 1
139733 1
150336 1
150642 1
150898 1
154917 1
156012 1
157742 1
170732 1
181659 1
183377 1
183810 1
188421 1
205781 1
208870 1
215736 1
222042 1
222803 1
225427 1
228799 1
231264 1
243711 1
285987 1
287384 1
290911 1
292304 1
299216 1
300549 1
304272 1
313908 1
316243 1
326386 1
326645 1
359794 1
376078 1
454674 1
466106 1
468940 1
479042 1
496191 1
515056 1
523032 1
536467 1
562623 1
565262 1
600148 1
606276 1
606855 1
626440 1
647845 1
648782 1
655379 1
670078 1
690344 1
706533 1
734278 1
769238 1
769833 1
799371 1
800606 1
801304 1
805483 1
814303 1
814750 1
833590 1
840884 1
871943 1
882033 1
886697 1
892261 1
893287 1
920941 1
926820 1
941459 1
949934 1
957132 1
972008 1
978893 1
1009653 1
1013125 1
1035641 1
1038569 1
1039495 1
1040109 1
1043921 1
1047127 1
1063301 1
1065806 1
1066945 1
1073548 1
1078028 1
1092952 1
1093803 1
1102459 1
1103686 1
1113839 1
1115068 1
1117652 1
1130811 1
1143610 1
1150607 1
1157855 1
1166862 1
1184553 1
1187452 1
1187641 1
1190075 1
1192876 1
1197204 1
1201861 1
1208292 1
1226177 1
1231497 1
1255842 1
1268140 1
1274036 1
1289806 1
1298656 1
1306814 1
1315411 1
1339688 1
1351544 1
1357798 1
1368073 1
1373912 1
1400300 1
1406752 1
1414437 1
1420158 1
1421673 1
1471311 1
1478816 1
1479299 1
1479649 1
1483734 1
1485195 1
1497543 1
1510095 1
1533502 1
1545000 1
1556625 1
1558457 1
1567957 1
1572206 1
1576799 1
1577422 1
1587094 1
1593081 1
1619644 1
1623096 1
1642454 1
1652838 1
1656488 1
1675538 1
1694408 1
1703296 1
1721943 1
1723574 1
1740512 1
1740633 1
1775818 1
1790408 1
1801484 1
1821658 1
1822374 1
1823838 1
1842958 1
1882814 1
1883827 1
1885230 1
1895290 1
1909538 1
1916359 1
1917841 1
1938341 1
1952218 1
1952856 1
1953680 1
1954040 1
1976166 1
1977417 1
1998744 1
1999729 1
2005622 1
2008064 1
2019315 1
2047663 1
2058515 1
2065755 1
2072878 1
2073903 1
2080896 1
2095522 1
2102359 1
2106528 1
2106689 1
2115334 1
2120297 1
2120339 1
2126140 1
2132598 1
2140295 1
2149282 1
2181601 1
2182247 1
2189897 1
2192702 1
2196622 1
2211165 1
2232575 1
2258835 1
2265256 1
2272742 1
2276811 1
2293489 1
2298362 1
2299562 1
2308152 1
2311162 1
2317955 1
2328741 1
2337996 1
2358039 1
2377481 1
2383040 1
2391229 1
2399854 1
2406542 1
2406734 1
2440294 1
2445851 1
2446958 1
2475069 1
2476115 1
2482074 1
2486057 1
2486643 1
2495419 1
2506395 1
2516394 1
2529346 1
2562039 1
2568148 1
2585541 1
2611930 1
2629674 1
2648789 1
2658203 1
2666377 1
2673870 1
2685215 1
2699799 1
2703777 1
2733538 1
2753022 1
2754208 1
2767538 1
2781812 1
2788977 1
2806353 1
2809047 1
2835137 1
2838442 1
2850538 1
2882657 1
2896679 1
2919996 1
2924826 1
2950575 1
2951359 1
2954032 1
2960920 1
2972410 1
2972561 1
2974055 1
2982290 1
2989514 1
2994270 1
2996638 1
3003783 1
3014574 1
3016583 1
3027904 1
3030164 1
3032612 1
3037627 1
3049098 1
3057484 1
3059653 1
3067398 1
3067645 1
3073610 1
3105197 1
3108022 1
3122282 1
3129550 1
3158655 1
3159599 1
3163891 1
3185602 1
3206946 1
3207594 1
3210605 1
3211449 1
3219558 1
3227220 1
3228948 1
3257808 1
3267107 1
3269237 1
3271586 1
3278926 1
3284612 1
3285213 1
3285749 1
3286050 1
3287207 1
3295338 1
3301780 1
3314815 1
3319875 1
3320161 1
3331102 1
3346168 1
3349644 1
3353942 1
3365236 1
3383342 1
3393070 1
3407175 1
3410762 1
3422704 1
3424597 1
3427315 1
3434477 1
3443653 1
3464534 1
3485769 1
3504786 1
3517335 1
3518948 1
3571076 1
3592051 1
3593650 1
3613847 1
3631537 1
3633822 1
3679473 1
3697691 1
3700704 1
3715751 1
3740096 1
3782216 1
3834348 1
3839992 1
3839993 1
3846573 1
3874018 1
3874365 1
3875822 1
3900423 1
3904813 1
3912821 1
3912828 1
3917184 1
3944446 1
3995696 1
4003740 1
4015807 1
4016258 1
4017401 1
4024676 1
4026395 1
4028238 1
4041658 1
4056472 1
4059526 1
4060379 1
4066040 1
4066815 1
4067104 1
4067954 1
4076554 1
4077769 1
4083694 1
4083980 1
4088297 1
4110058 1
4141245 1
4152390 1
4154877 1
4162792 1
4169801 1
4183986 1
4185122 1
4203125 1
4204235 1
4209354 1
4221347 1
4226042 1
4228012 1
4237406 1
4248334 1
4250039 1
4260201 1
4297985 1
4309569 1
4324331 1
4326766 1
4339403 1
4361370 1
4375150 1
4376649 1
4378652 1
4393952 1
4393954 1
4397374 1
4420585 1
4430166 1
4430335 1
4437178 1
4463750 1
4475641 1
4478805 1
4485158 1
4490245 1
4512568 1
4516372 1
4519525 1
4532769 1
4537838 1
4545673 1
4553389 1
4561907 1
4586414 1
4592672 1
4614713 1
4636497 1
4651969 1
4655246 1
4655612 1
4657846 1
4658120 1
4677344 1
4687932 1
4690522 1
4710554 1
4722220 1
4734942 1
4758484 1
4772274 1
4782674 1
4792476 1
4808840 1
4818633 1
4825852 1
4862066 1
4878856 1
4880461 1
4892963 1
4893659 1
4906876 1
4907511 1
4908849 1
4911263 1
4929388 1
4966766 1
4975448 1
4978029 1
5005651 1
5016649 1
5037083 1
5040143 1
5041185 1
5046477 1
5046561 1
5047193 1
5064656 1
5081664 1
5121168 1
5134352 1
5136127 1
5197692 1
5202125 1
5204760 1
5208755 1
5209993 1
5229935 1
5237944 1
5246483 1
5249996 1
5273099 1
5276263 1
5323776 1
5344835 1
5350366 1
5351344 1
5367225 1
5368484 1
5374329 1
5417872 1
5428496 1
5432575 1
5468801 1
5509697 1
5519698 1
5538556 1
5541238 1
5543562 1
5549095 1
5549998 1
5566750 1
5571507 1
5591425 1
5612354 1
5615703 1
5620730 1
5637231 1
5637363 1
5650276 1
5662412 1
5669585 1
5676783 1
5678312 1
5686068 1
5696211 1
5696382 1
5702830 1
5705248 1
5716252 1
5716705 1
5720411 1
5725545 1
5772839 1
5773620 1
5774689 1
5791079 1
5791221 1
5799054 1
5802043 1
5809599 1
5823527 1
5823609 1
5842232 1
5844059 1
5872476 1
5893590 1
5901037 1
5904333 1
5922351 1
5973603 1
5973604 1
5992068 1
6004348 1
6022035 1
6029512 1
6041129 1
6045834 1
6056066 1
6074707 1
6086500 1
6100041 1
6101711 1
6106075 1
6107999 1
6128878 1
6141637 1
6142858 1
6153311 1
6159174 1
6189031 1
6235238 1
6241614 1
6306584 1
6315731 1
6321415 1
6327209 1
6333475 1
6336887 1
6353756 1
6359145 1
6362515 1
6365112 1
6366381 1
6379240 1
6387836 1
6409494 1
6410001 1
6411366 1
6416526 1
6436433 1
6442863 1
6443605 1
6452829 1
6483110 1
6502861 1
6506966 1
6510566 1
6518632 1
6521449 1
6543587 1
6549873 1
6557406 1
6557718 1
6559785 1
6561082 1
6570021 1
6594507 1
6598585 1
6617245 1
6618534 1
6622466 1
6631940 1
6674902 1
6679484 1
6681740 1
6687047 1
6700291 1
6714448 1
6734374 1
6735129 1
6735193 1
6746172 1
6750974 1
6764254 1
6774363 1
6778531 1
6783781 1
6791666 1
6810057 1
6837387 1
6892449 1
6892663 1
6908873 1
6916648 1
6925357 1
6927866 1
6935460 1
6970784 1
6979990 1
6986879 1
6994872 1
7013605 1
7028640 1
7040505 1
7057310 1
7064140 1
7065482 1
7065951 1
7067043 1
7094075 1
7109685 1
7111698 1
7125440 1
7125904 1
7133154 1
7153507 1
7153740 1
7156058 1
7164010 1
7175473 1
7207766 1
7212710 1
7223127 1
7224837 1
7227881 1
7231501 1
7232252 1
7259179 1
7268844 1
7284904 1
7289284 1
7317275 1
7339901 1
7341949 1
7350519 1
7369078 1
7370042 1
7382073 1
7384057 1
7388386 1
7395408 1
7414233 1
7465169 1
7501537 1
7519497 1
7527997 1
7543697 1
7549289 1
7554064 1
7577129 1
7595022 1
7602936 1
7621534 1
7625946 1
7634210 1
7662375 1
7663173 1
7668821 1
7683138 1
7733384 1
7734519 1
7748686 1
7754695 1
7757678 1
7758916 1
7776406 1
7776635 1
7801012 1
7828945 1
7835850 1
7841796 1
7849591 1
7852424 1
7853523 1
7894312 1
7897622 1
7901236 1
7911251 1
7914603 1
7918154 1
7925744 1
7941818 1
7947017 1
7948253 1
7969858 1
7979107 1
7990663 1
7994727 1
7996562 1
8002441 1
8007317 1
8009321 1
8010124 1
8029363 1
8032977 1
8036058 1
8045388 1
8069219 1
8075805 1
8084357 1
8087755 1
8089182 1
8092811 1
8093060 1
8095836 1
8096554 1
8097283 1
8103706 1
8107085 1
8123451 1
8131712 1
8135956 1
8138280 1
8147072 1
8152223 1
8186854 1
8189949 1
8192830 1
8265233 1
8283877 1
8284678 1
