8614 1
9237 1
16882 1
18813 1
21131 1
27762 1
27849 1
27849 1
29478 1
29704 1
31745 1
35571 1
36354 1
38983 1
39550 1
40336 1
49457 1
51594 1
57448 1
62426 1
64341 1
71517 1
75106 1
80300 1
83094 1
86246 1
87105 1
89853 1
92173 1
92408 1
96877 1
99371 1
99410 1
99542 1
100599 1
105989 1
107801 1
107892 1
117474 1
118574 1
122047 1
122795 1
123473 1
123479 1
123978 1
128113 1
128232 1
129653 1
130501 1
135419 1
137661 1
137924 1
143618 1
145019 1
146998 1
148605 1
150980 1
150991 1
151830 1
151953 1
158915 1
163634 1
164006 1
164436 1
164678 1
165006 1
166210 1
168794 1
168835 1
168835 1
170911 1
174612 1
174612 1
174925 1
178563 1
179947 1
182856 1
185664 1
188534 1
191296 1
191702 1
191926 1
192997 1
197261 1
197468 1
198426 1
201059 1
203004 1
211843 1
213304 1
213830 1
215244 1
218935 1
221973 1
223571 1
227438 1
233920 1
236816 1
237233 1
237832 1
239712 1
243498 1
245036 1
250999 1
253012 1
261205 1
267140 1
267330 1
273133 1
278030 1
280380 1
283488 1
285269 1
285973 1
286988 1
288494 1
289063 1
294571 1
308606 1
310058 1
310058 1
311866 1
315902 1
316068 1
317318 1
319576 1
321102 1
324352 1
326632 1
326632 1
327863 1
339176 1
349620 1
358280 1
365419 1
365719 1
373882 1
383073 1
409169 1
409311 1
416777 1
422679 1
424019 1
430504 1
442644 1
443661 1
446235 1
447883 1
450059 1
454008 1
454423 1
454737 1
458581 1
463467 1
465912 1
465912 1
486727 1
486975 1
492702 1
494804 1
499665 1
504597 1
504875 1
507313 1
515775 1
519601 1
522933 1
535380 1
542274 1
543703 1
549359 1
551288 1
552196 1
572015 1
573949 1
573949 1
574650 1
574650 1
579250 1
582033 1
582850 1
587701 1
609027 1
614452 1
616075 1
622069 1
624272 1
626112 1
634272 1
639590 1
652356 1
652390 1
660027 1
676954 1
677780 1
677780 1
678985 1
679824 1
680535 1
686457 1
690166 1
700874 1
703274 1
707579 1
711444 1
719228 1
728693 1
735871 1
736067 1
736979 1
738042 1
740430 1
741115 1
742519 1
746076 1
748582 1
750900 1
751670 1
752013 1
752013 1
758620 1
761336 1
764831 1
765842 1
768081 1
771338 1
773797 1
774326 1
778148 1
779598 1
784644 1
785580 1
788635 1
791310 1
807021 1
809773 1
817447 1
819184 1
820309 1
823396 1
833837 1
834792 1
843030 1
850678 1
851146 1
852909 1
866346 1
871565 1
873615 1
874542 1
885586 1
888149 1
892147 1
894618 1
895222 1
906475 1
907432 1
914333 1
915708 1
915970 1
921744 1
923929 1
928289 1
950643 1
960127 1
961389 1
962154 1
965186 1
967338 1
969690 1
969694 1
969862 1
970653 1
971669 1
990374 1
994413 1
998560 1
1006981 1
1014649 1
1014800 1
1018781 1
1019008 1
1021573 1
1028624 1
1030201 1
1032003 1
1034679 1
1034909 1
1036318 1
1036520 1
1038314 1
1039167 1
1041137 1
1042835 1
1047137 1
1049534 1
1059577 1
1059993 1
1061341 1
1065387 1
1070249 1
1083478 1
1086387 1
1093647 1
1093647 1
1094623 1
1096123 1
1097159 1
1098472 1
1098911 1
1098921 1
1099099 1
1100789 1
1101809 1
1109465 1
1111720 1
1116666 1
1117350 1
1118996 1
1119654 1
1128496 1
1136706 1
1136706 1
1137007 1
1140828 1
1145968 1
1149283 1
1150971 1
1151417 1
1151417 1
1151438 1
1164932 1
1174042 1
1180740 1
1183573 1
1184116 1
1189814 1
1190348 1
1194401 1
1194716 1
1196537 1
1200358 1
1208419 1
1210046 1
1215190 1
1217642 1
1217805 1
1220327 1
1221429 1
1225358 1
1228041 1
1229160 1
1235741 1
1235942 1
1242165 1
1242165 1
1249343 1
1249695 1
1255491 1
1258382 1
1259274 1
1263161 1
1264573 1
1267034 1
1285398 1
1288568 1
1297994 1
1315042 1
1315385 1
1317011 1
1318008 1
1320428 1
1323653 1
1336487 1
1341145 1
1342953 1
1343766 1
1344143 1
1345351 1
1347203 1
1358563 1
1367489 1
1375186 1
1377324 1
1377447 1
1377569 1
1379923 1
1383738 1
1389068 1
1399981 1
1400282 1
1405580 1
1405959 1
1417067 1
1417564 1
1418925 1
1424293 1
1426973 1
1438390 1
1442972 1
1446900 1
1466317 1
1469537 1
1473596 1
1473599 1
1474485 1
1476539 1
1483274 1
1484184 1
1488043 1
1491457 1
1491660 1
1493512 1
1494164 1
1497530 1
1505719 1
1511385 1
1520149 1
1530633 1
1531626 1
1543274 1
1546430 1
1551127 1
1552160 1
1554686 1
1555146 1
1556209 1
1559834 1
1561185 1
1561710 1
1568578 1
1569422 1
1582071 1
1583676 1
1585162 1
1585824 1
1592987 1
1595963 1
1598287 1
1599007 1
1604414 1
1607415 1
1608316 1
1611550 1
1617741 1
1620704 1
1622314 1
1627228 1
1629784 1
1635463 1
1638073 1
1640140 1
1641943 1
1646582 1
1649407 1
1650100 1
1652343 1
1654485 1
1656621 1
1657054 1
1663755 1
1667727 1
1670773 1
1670773 1
1672790 1
1674496 1
1675585 1
1680724 1
1681441 1
1683657 1
1687823 1
1691821 1
1694495 1
1696230 1
1700115 1
1700315 1
1701619 1
1701928 1
1709348 1
1709348 1
1716334 1
1721391 1
1723405 1
1724587 1
1730231 1
1732408 1
1734609 1
1738993 1
1759025 1
1760021 1
1768287 1
1768287 1
1775081 1
1776515 1
1779438 1
1782178 1
1784683 1
1794243 1
1795338 1
1798955 1
1801019 1
1804302 1
1810973 1
1816541 1
1820743 1
1821837 1
1823439 1
1826109 1
1830564 1
1831107 1
1831894 1
1833281 1
1846434 1
1849532 1
1850224 1
1853004 1
1857054 1
1868510 1
1869541 1
1877226 1
1880460 1
1882181 1
1882555 1
1889677 1
1890452 1
1891660 1
1898834 1
1899658 1
1908219 1
1915231 1
1919493 1
1926274 1
1933430 1
1933647 1
1933756 1
1935963 1
1937066 1
1940017 1
1940934 1
1942355 1
1943558 1
1945557 1
1957185 1
1962970 1
1970875 1
1971570 1
1972355 1
1972857 1
1978657 1
1982820 1
1984925 1
1997686 1
1998979 1
1999108 1
1999536 1
1999690 1
2006691 1
2006997 1
2011507 1
2011507 1
2011896 1
2018688 1
2023407 1
2030821 1
2031334 1
2033247 1
2037037 1
2037622 1
2042102 1
2047253 1
2055683 1
2055768 1
2060515 1
2064072 1
2065511 1
2067513 1
2069101 1
2071105 1
2079722 1
2079722 1
2097071 1
2098352 1
2098617 1
2101145 1
2107491 1
2109459 1
2110990 1
2111896 1
2115968 1
2116290 1
2119239 1
2119723 1
2120452 1
2124774 1
2126192 1
2138632 1
2139563 1
2140675 1
2140675 1
2156714 1
2156869 1
2166078 1
2172714 1
2180712 1
2185986 1
2197650 1
2198786 1
2202424 1
2204235 1
2210184 1
2214463 1
2220594 1
2238003 1
2239060 1
2240193 1
2247675 1
2247675 1
2254445 1
2255847 1
2257942 1
2263582 1
2265488 1
2285201 1
2288172 1
2290688 1
2291063 1
2291734 1
2292079 1
2292718 1
2294788 1
2296278 1
2296495 1
2302468 1
2307070 1
2318123 1
2323332 1
2326087 1
2332909 1
2341368 1
2341368 1
2344364 1
2352512 1
2355500 1
2360212 1
2362351 1
2363942 1
2377715 1
2383811 1
2385894 1
2386865 1
2387272 1
2387670 1
2395890 1
2402926 1
2404846 1
2409316 1
2418626 1
2419280 1
2420394 1
2422733 1
2423352 1
2430786 1
2435189 1
2436795 1
2456102 1
2459293 1
2461665 1
2464355 1
2464853 1
2464853 1
2466782 1
2471770 1
2476769 1
2477518 1
2493113 1
2498732 1
2514059 1
2515288 1
2517043 1
2523519 1
2525121 1
2525447 1
2531398 1
2534008 1
2542138 1
2550764 1
2556205 1
2561871 1
2563953 1
2565563 1
2565563 1
2570162 1
2578594 1
2580173 1
2583963 1
2590453 1
2591515 1
2591897 1
2593430 1
2594044 1
2595133 1
2599804 1
2603309 1
2607792 1
2611691 1
2615727 1
2618379 1
2620718 1
2621605 1
2622328 1
2623992 1
2627140 1
2627140 1
2632181 1
2633296 1
2636155 1
2647081 1
2647293 1
2648126 1
2649583 1
2654967 1
2658656 1
2662467 1
2665393 1
2669456 1
2672575 1
2677261 1
2678740 1
2679732 1
2684083 1
2685013 1
2688463 1
2688463 1
2710658 1
2713391 1
2720578 1
2720857 1
2723840 1
2730313 1
2730997 1
2731478 1
2734460 1
2735360 1
2735384 1
2739525 1
2745621 1
2749078 1
2755281 1
2759950 1
2761712 1
2763395 1
2764057 1
2766935 1
2773649 1
2783988 1
2795902 1
2798362 1
2801408 1
2802040 1
2803372 1
2805381 1
2812538 1
2815077 1
2820629 1
2822063 1
2823929 1
2823929 1
2826045 1
2834952 1
2835712 1
2836767 1
2836767 1
2836913 1
2837393 1
2838397 1
2846353 1
2855829 1
2856461 1
2860511 1
2864735 1
2869062 1
2870591 1
2874691 1
2874691 1
2876056 1
2877464 1
2877505 1
2884729 1
2895903 1
2900497 1
2902130 1
2906951 1
2907771 1
2912192 1
2912205 1
2912218 1
2912549 1
2913492 1
2913787 1
2917986 1
2925755 1
2945531 1
2950673 1
2957382 1
2961718 1
2966879 1
2970525 1
2973762 1
2975002 1
2978058 1
2982522 1
2985556 1
2985906 1
2987982 1
2997556 1
2997932 1
2999583 1
3001967 1
3002693 1
3005126 1
3005292 1
3015162 1
3020513 1
3024624 1
3026569 1
3035970 1
3040678 1
3042725 1
3043199 1
3043643 1
3052116 1
3052239 1
3052240 1
3055856 1
3060034 1
3063809 1
3065129 1
3069919 1
3070592 1
3074006 1
3084008 1
3085712 1
3085899 1
3092489 1
3095940 1
3098990 1
3103883 1
3104317 1
3108659 1
3109436 1
3112117 1
3112751 1
3126368 1
3126897 1
3128033 1
3138254 1
3143181 1
3144393 1
3144393 1
3145752 1
3149459 1
3149710 1
3151569 1
3153361 1
3153371 1
3153997 1
3154695 1
3159096 1
3165946 1
3167402 1
3167854 1
3173721 1
3182919 1
3185311 1
3187246 1
3189180 1
3189418 1
3198099 1
3198512 1
3204823 1
3213343 1
3214025 1
3216132 1
3216133 1
3218596 1
3222007 1
3225441 1
3227551 1
3231640 1
3231640 1
3232167 1
3234027 1
3235422 1
3247465 1
3260253 1
3262440 1
3266445 1
3266664 1
3267313 1
3271058 1
3271250 1
3275512 1
3275901 1
3278057 1
3279714 1
3281038 1
3283888 1
3283888 1
3298928 1
3299394 1
3299724 1
3301535 1
3311001 1
3311163 1
3311334 1
3312879 1
3312884 1
3313898 1
3316820 1
3320251 1
3323024 1
3329358 1
3329358 1
3336093 1
3343564 1
3345057 1
3346110 1
3348428 1
3359365 1
3361328 1
3367026 1
3380136 1
3381738 1
3391590 1
3397112 1
3401642 1
3404408 1
3406969 1
3407158 1
3408738 1
3413178 1
3415080 1
3415080 1
3416186 1
3416186 1
3420044 1
3423675 1
3424950 1
3429542 1
3433316 1
3437001 1
3439284 1
3440133 1
3441184 1
3449565 1
3465464 1
3473063 1
3477902 1
3482952 1
3487892 1
3488611 1
3496703 1
3496908 1
3500975 1
3509082 1
3512672 1
3514352 1
3519445 1
3520362 1
3521396 1
3524322 1
3526399 1
3530592 1
3536960 1
3544770 1
3544992 1
3545917 1
3547347 1
3549157 1
3554397 1
3554397 1
3555966 1
3561666 1
3562590 1
3565678 1
3569939 1
3578710 1
3578710 1
3579241 1
3579241 1
3581374 1
3583310 1
3584205 1
3587711 1
3588394 1
3593146 1
3599030 1
3601191 1
3601882 1
3606309 1
3613877 1
3614536 1
3614698 1
3615788 1
3616326 1
3618138 1
3619792 1
3620081 1
3621012 1
3625816 1
3636006 1
3636655 1
3645513 1
3652128 1
3656230 1
3657434 1
3658324 1
3665514 1
3684555 1
3686024 1
3700717 1
3712521 1
3716662 1
3724036 1
3724861 1
3730726 1
3731715 1
3741193 1
3747044 1
3763331 1
3764000 1
3768845 1
3774993 1
3775852 1
3775864 1
3776817 1
3776817 1
3777985 1
3778122 1
3783011 1
3793387 1
3793602 1
3794741 1
3794741 1
3794958 1
3799827 1
3815623 1
3818285 1
3819561 1
3823518 1
3823814 1
3825378 1
3825378 1
3829869 1
3830812 1
3831737 1
3837753 1
3840713 1
3854455 1
3864038 1
3867346 1
3871542 1
3874140 1
3875682 1
3886666 1
3896916 1
3898635 1
3904905 1
3914014 1
3920946 1
3929469 1
3935344 1
3936353 1
3939332 1
3941428 1
3945887 1
3947212 1
3955102 1
3957205 1
3961395 1
3969272 1
3970101 1
3972233 1
3974802 1
3978374 1
3983095 1
3983249 1
3983249 1
3985885 1
3985992 1
3986454 1
3992381 1
3995049 1
4002271 1
4016595 1
4023140 1
4032978 1
4036469 1
4038877 1
4039345 1
4041132 1
4041533 1
4074402 1
4076041 1
4076307 1
4077662 1
4078138 1
4084396 1
4092890 1
4097057 1
4099050 1
4100086 1
4100182 1
4100307 1
4104857 1
4105012 1
4125867 1
4129557 1
4131160 1
4135235 1
4136569 1
4145772 1
4150791 1
4158504 1
4170088 1
4172731 1
4172798 1
4173095 1
4175137 1
4176530 1
4176530 1
4180034 1
4188988 1
4198732 1
4200190 1
4202895 1
4203125 1
4205469 1
4209817 1
4212196 1
4213429 1
4214641 1
4219885 1
4223939 1
4224845 1
4231556 1
4246926 1
4252856 1
4255070 1
4259871 1
4259871 1
4265026 1
4267723 1
4270613 1
4270613 1
4273178 1
4282600 1
4282817 1
4285254 1
4293552 1
4297051 1
4297773 1
4307683 1
4308199 1
4309216 1
4313294 1
4313294 1
4316020 1
4327710 1
4338752 1
4339480 1
4342955 1
4343985 1
4347264 1
4352005 1
4352859 1
4355443 1
4356974 1
4357750 1
4359814 1
4367895 1
4368377 1
4372017 1
4379707 1
4379992 1
4380384 1
4385144 1
4388366 1
4396984 1
4401402 1
4409437 1
4416064 1
4417512 1
4417923 1
4420935 1
4428398 1
4430335 1
4430385 1
4437375 1
4440804 1
4453370 1
4454330 1
4473209 1
4474636 1
4477715 1
4478982 1
4483650 1
4484229 1
4484420 1
4490338 1
4492067 1
4495962 1
4496164 1
4505014 1
4515874 1
4518926 1
4528391 1
4528415 1
4529330 1
4533123 1
4535074 1
4541268 1
4546360 1
4552669 1
4552700 1
4552907 1
4576671 1
4578293 1
4591101 1
4591418 1
4602585 1
4604977 1
4605032 1
4605542 1
4609328 1
4609328 1
4609341 1
4612550 1
4613190 1
4615504 1
4615816 1
4615914 1
4616059 1
4616059 1
4616972 1
4618843 1
4629505 1
4636661 1
4639007 1
4645042 1
4645356 1
4647012 1
4649090 1
4658752 1
4671735 1
4674229 1
4676051 1
4683100 1
4683681 1
4688414 1
4694546 1
4697016 1
4705226 1
4713056 1
4715448 1
4716993 1
4720875 1
4733204 1
4733912 1
4745974 1
4749564 1
4750297 1
4754965 1
4763039 1
4765796 1
4767616 1
4773605 1
4785490 1
4789566 1
4790989 1
4791841 1
4794373 1
4803378 1
4807345 1
4812406 1
4814878 1
4816588 1
4822531 1
4823061 1
4823929 1
4828505 1
4842823 1
4846343 1
4847637 1
4847713 1
4851988 1
4852052 1
4861499 1
4861904 1
4864170 1
4866597 1
4873242 1
4873296 1
4884917 1
4894671 1
4894748 1
4895631 1
4896667 1
4898212 1
4898544 1
4899633 1
4903700 1
4906057 1
4908849 1
4913983 1
4942342 1
4943356 1
4949439 1
4949529 1
4958063 1
4960604 1
4961072 1
4961721 1
4964930 1
4967722 1
4979451 1
4980512 1
4980512 1
4981416 1
4981915 1
4997694 1
4998014 1
5000609 1
5000938 1
5003891 1
5014353 1
5015120 1
5022991 1
5023087 1
5024836 1
5026783 1
5027108 1
5027318 1
5028131 1
5029013 1
5030115 1
5030828 1
5031689 1
5032261 1
5043733 1
5045738 1
5045738 1
5046143 1
5067027 1
5075810 1
5079154 1
5080394 1
5081543 1
5087429 1
5104182 1
5107380 1
5121557 1
5123695 1
5131136 1
5141447 1
5141612 1
5149358 1
5151989 1
5154306 1
5154479 1
5164691 1
5168309 1
5170330 1
5170804 1
5171306 1
5171918 1
5179822 1
5180167 1
5181472 1
5206112 1
5210866 1
5228889 1
5232685 1
5234023 1
5237868 1
5239589 1
5241862 1
5243831 1
5249586 1
5252981 1
5260942 1
5261303 1
5272129 1
5277595 1
5282518 1
5291132 1
5292945 1
5293068 1
5304753 1
5306868 1
5315329 1
5320283 1
5325494 1
5325706 1
5331201 1
5333931 1
5340382 1
5343758 1
5346403 1
5346432 1
5347407 1
5350685 1
5354253 1
5355916 1
5356386 1
5359834 1
5363597 1
5374554 1
5377328 1
5379662 1
5385743 1
5394933 1
5408653 1
5416705 1
5418372 1
5425317 1
5426361 1
5428484 1
5428705 1
5431269 1
5432468 1
5434030 1
5435885 1
5438584 1
5439917 1
5441571 1
5442679 1
5442785 1
5448311 1
5450305 1
5453928 1
5469032 1
5492540 1
5503106 1
5509348 1
5509908 1
5517634 1
5518009 1
5522987 1
5527196 1
5535951 1
5540042 1
5543822 1
5544981 1
5547662 1
5549940 1
5554685 1
5556791 1
5569951 1
5572294 1
5573963 1
5574229 1
5574291 1
5575443 1
5575777 1
5579993 1
5591420 1
5594678 1
5596377 1
5596410 1
5596821 1
5605296 1
5625797 1
5637997 1
5637997 1
5649166 1
5656712 1
5656953 1
5656953 1
5661180 1
5661796 1
5662895 1
5663175 1
5665031 1
5666055 1
5669911 1
5676262 1
5677352 1
5679385 1
5679934 1
5680289 1
5686634 1
5686634 1
5690748 1
5693386 1
5700697 1
5702713 1
5708753 1
5709347 1
5715687 1
5719906 1
5723188 1
5725158 1
5725168 1
5725428 1
5725806 1
5725896 1
5726027 1
5726871 1
5742193 1
5742597 1
5742751 1
5742845 1
5743333 1
5748659 1
5756167 1
5764386 1
5772341 1
5773303 1
5775819 1
5782201 1
5783858 1
5791073 1
5813580 1
5817466 1
5818321 1
5818321 1
5824751 1
5827079 1
5842471 1
5850749 1
5867132 1
5872560 1
5874531 1
5878023 1
5880004 1
5880582 1
5880762 1
5881847 1
5882170 1
5882186 1
5882911 1
5883047 1
5887323 1
5887323 1
5887964 1
5888361 1
5895178 1
5895340 1
5896497 1
5904151 1
5904178 1
5905062 1
5905384 1
5913605 1
5914602 1
5917876 1
5922693 1
5924648 1
5926852 1
5930669 1
5938301 1
5942212 1
5942212 1
5943524 1
5950197 1
5951450 1
5953943 1
5954187 1
5958038 1
5961200 1
5963994 1
5965443 1
5967281 1
5973003 1
5973565 1
5985088 1
5986380 1
5987217 1
5987543 1
5988006 1
5990240 1
5999773 1
5999933 1
6003964 1
6011584 1
6012755 1
6012884 1
6013806 1
6018899 1
6025753 1
6033879 1
6035931 1
6042686 1
6047557 1
6049620 1
6054328 1
6054328 1
6056706 1
6059463 1
6065645 1
6065645 1
6071673 1
6087966 1
6090255 1
6092285 1
6095950 1
6096493 1
6096695 1
6100051 1
6105123 1
6107548 1
6108489 1
6122640 1
6122640 1
6123145 1
6129998 1
6134129 1
6135049 1
6140383 1
6140979 1
6144426 1
6148204 1
6149395 1
6149426 1
6150725 1
6151658 1
6152021 1
6152021 1
6153251 1
6154684 1
6155112 1
6155112 1
6155817 1
6157157 1
6157157 1
6167449 1
6177788 1
6178950 1
6185019 1
6187831 1
6190694 1
6192636 1
6196155 1
6198467 1
6227501 1
6228009 1
6235224 1
6245102 1
6245981 1
6247210 1
6252511 1
6253678 1
6258882 1
6261332 1
6273384 1
6273724 1
6275107 1
6277432 1
6280198 1
6280359 1
6282090 1
6292092 1
6304590 1
6310573 1
6313574 1
6313617 1
6318028 1
6325137 1
6327542 1
6334919 1
6334919 1
6336783 1
6339177 1
6342969 1
6345641 1
6347500 1
6352238 1
6353356 1
6354266 1
6354562 1
6356909 1
6358123 1
6363143 1
6363638 1
6364493 1
6364734 1
6368069 1
6368941 1
6368941 1
6369088 1
6369089 1
6369669 1
6372100 1
6377287 1
6378441 1
6382656 1
6384030 1
6386190 1
6388578 1
6398003 1
6405391 1
6407618 1
6408213 1
6415794 1
6431433 1
6432254 1
6449115 1
6458975 1
6459273 1
6471470 1
6482571 1
6500843 1
6510771 1
6515062 1
6517384 1
6524266 1
6527272 1
6529984 1
6535854 1
6540807 1
6547155 1
6558119 1
6563415 1
6563908 1
6572455 1
6578536 1
6584552 1
6585267 1
6590008 1
6591852 1
6595789 1
6595789 1
6597987 1
6602041 1
6603681 1
6605126 1
6606930 1
6607958 1
6609067 1
6615924 1
6617695 1
6618975 1
6620469 1
6622371 1
6624594 1
6624619 1
6626918 1
6638132 1
6638225 1
6643996 1
6644382 1
6646443 1
6646725 1
6663911 1
6666132 1
6674937 1
6675973 1
6682245 1
6687678 1
6691160 1
6691341 1
6694441 1
6701814 1
6708660 1
6708907 1
6714161 1
6716092 1
6721265 1
6727152 1
6730832 1
6746955 1
6754257 1
6757710 1
6761348 1
6766403 1
6769020 1
6769171 1
6769528 1
6771576 1
6771708 1
6771864 1
6783955 1
6784158 1
6787587 1
6795643 1
6798493 1
6801418 1
6806398 1
6806405 1
6807146 1
6812897 1
6820797 1
6821490 1
6821843 1
6830071 1
6830094 1
6833944 1
6834100 1
6837798 1
6840153 1
6843438 1
6846274 1
6846528 1
6849131 1
6852746 1
6853678 1
6854624 1
6857512 1
6870333 1
6871374 1
6871619 1
6874564 1
6875513 1
6879844 1
6882444 1
6883966 1
6885510 1
6889981 1
6895032 1
6898022 1
6898621 1
6899775 1
6912428 1
6914337 1
6915394 1
6916219 1
6916445 1
6916541 1
6916633 1
6917771 1
6918664 1
6925499 1
6930786 1
6931108 1
6939725 1
6941615 1
6944216 1
6946889 1
6954800 1
6958059 1
6958797 1
6967473 1
6967473 1
6971005 1
6973163 1
6974543 1
6981394 1
6981857 1
6986451 1
6987510 1
6993235 1
6999086 1
7002478 1
7007042 1
7007152 1
7010412 1
7010772 1
7019313 1
7019970 1
7020093 1
7020976 1
7022191 1
7027438 1
7029594 1
7029828 1
7030103 1
7038636 1
7046613 1
7051448 1
7055328 1
7058207 1
7062860 1
7069290 1
7076265 1
7083943 1
7085435 1
7109627 1
7113081 1
7113896 1
7118979 1
7123538 1
7123667 1
7137097 1
7138798 1
7138966 1
7139003 1
7140882 1
7142342 1
7143500 1
7155133 1
7155975 1
7156630 1
7157149 1
7166055 1
7166523 1
7170199 1
7178309 1
7205791 1
7208245 1
7210010 1
7223844 1
7230964 1
7232136 1
7232252 1
7232322 1
7232705 1
7242270 1
7242270 1
7252268 1
7264656 1
7264749 1
7276229 1
7279873 1
7283639 1
7285020 1
7290058 1
7290329 1
7290710 1
7293932 1
7295223 1
7296643 1
7300333 1
7310150 1
7313204 1
7313204 1
7317288 1
7321836 1
7322519 1
7322614 1
7323000 1
7323132 1
7324927 1
7325882 1
7328326 1
7328933 1
7329416 1
7335439 1
7344456 1
7344912 1
7345550 1
7351553 1
7352948 1
7354327 1
7356113 1
7361355 1
7364980 1
7366931 1
7366933 1
7369159 1
7377987 1
7378674 1
7381982 1
7382162 1
7388483 1
7394060 1
7394060 1
7401836 1
7403553 1
7404941 1
7414964 1
7417726 1
7423937 1
7425363 1
7428027 1
7430403 1
7438780 1
7447971 1
7449575 1
7462641 1
7463371 1
7468411 1
7472531 1
7475534 1
7476136 1
7477358 1
7486023 1
7486664 1
7492304 1
7492928 1
7493240 1
7497843 1
7497857 1
7501855 1
7503222 1
7513429 1
7515169 1
7516360 1
7524604 1
7524604 1
7524891 1
7538955 1
7540392 1
7548093 1
7552310 1
7554272 1
7555619 1
7555619 1
7558031 1
7565832 1
7572952 1
7574913 1
7575132 1
7584604 1
7586902 1
7587635 1
7588586 1
7592502 1
7593495 1
7597620 1
7607242 1
7608565 1
7609120 1
7609658 1
7617507 1
7621543 1
7628373 1
7628373 1
7634511 1
7636721 1
7638759 1
7640672 1
7640672 1
7641617 1
7642340 1
7645614 1
7652417 1
7654718 1
7655105 1
7655696 1
7656972 1
7657266 1
7659549 1
7670245 1
7679958 1
7680852 1
7687607 1
7695077 1
7696985 1
7703680 1
7703703 1
7704848 1
7705462 1
7709056 1
7709974 1
7716426 1
7728057 1
7728480 1
7731708 1
7738645 1
7738645 1
7746192 1
7750922 1
7757437 1
7759307 1
7771481 1
7777296 1
7781242 1
7786041 1
7807022 1
7808176 1
7809363 1
7815680 1
7817804 1
7823721 1
7825669 1
7831274 1
7831511 1
7842108 1
7842546 1
7847306 1
7851447 1
7856036 1
7857492 1
7862561 1
7863633 1
7865414 1
7867295 1
7869638 1
7869934 1
7871009 1
7876619 1
7883410 1
7885373 1
7889897 1
7897024 1
7902428 1
7904121 1
7908500 1
7912072 1
7912851 1
7923686 1
7926700 1
7945793 1
7946197 1
7947263 1
7947832 1
7951446 1
7954148 1
7960166 1
7963726 1
7969342 1
7970204 1
7977824 1
7984280 1
7985566 1
7989166 1
7997222 1
7997849 1
8004051 1
8005408 1
8005731 1
8005731 1
8005767 1
8006253 1
8006686 1
8006869 1
8012867 1
8013977 1
8016312 1
8016507 1
8019255 1
8024315 1
8025318 1
8031106 1
8032222 1
8033079 1
8044554 1
8045069 1
8045875 1
8045875 1
8047693 1
8049978 1
8056503 1
8056962 1
8057782 1
8060839 1
8061189 1
8061233 1
8062274 1
8073239 1
8073239 1
8075385 1
8076103 1
8076236 1
8077637 1
8080373 1
8081884 1
8082183 1
8082883 1
8082883 1
8083343 1
8083659 1
8084035 1
8084527 1
8092036 1
8105415 1
8106466 1
8109748 1
8113784 1
8115494 1
8116583 1
8119389 1
8123269 1
8123712 1
8125776 1
8127969 1
8130561 1
8131012 1
8131914 1
8131919 1
8136112 1
8138808 1
8143123 1
8147896 1
8148994 1
8149000 1
8149000 1
8150894 1
8154187 1
8154850 1
8156563 1
8159115 1
8159653 1
8160146 1
8161405 1
8161723 1
8167139 1
8171927 1
8172325 1
8173258 1
8177081 1
8178786 1
8180964 1
8185301 1
8188356 1
8188714 1
8191022 1
8192325 1
8195828 1
8199899 1
8200414 1
8201227 1
8210499 1
8210984 1
8211352 1
8214232 1
8217550 1
8222228 1
8225645 1
8225745 1
8226339 1
8230619 1
8236131 1
8240638 1
8244499 1
8244758 1
8245522 1
8248970 1
8251282 1
8255728 1
8264390 1
8265642 1
8269568 1
8269568 1
8269774 1
8269860 1
8272531 1
8273007 1
8283644 1
8284254 1
8287148 1
8291790 1
8293486 1
8296252 1
8297528 1
2698 1
2726 1
10765 1
12790 1
15214 1
17397 1
21003 1
29221 1
33309 1
35709 1
38876 1
42570 1
54109 1
56314 1
56891 1
61169 1
63440 1
68258 1
69074 1
92348 1
93669 1
94166 1
99837 1
99837 1
115499 1
117105 1
117702 1
117702 1
119760 1
119902 1
129552 1
130368 1
130829 1
133450 1
136390 1
139364 1
139364 1
141443 1
142642 1
148377 1
152328 1
155655 1
158891 1
159749 1
160018 1
163236 1
163236 1
167981 1
172214 1
178243 1
183649 1
185596 1
186497 1
191145 1
192965 1
193291 1
197583 1
204886 1
206432 1
208410 1
213095 1
214361 1
215394 1
218161 1
220202 1
220590 1
221580 1
222050 1
222140 1
222440 1
222639 1
224051 1
227663 1
232913 1
237503 1
239479 1
245994 1
251080 1
254024 1
254024 1
257776 1
260536 1
275976 1
281638 1
283796 1
285625 1
288438 1
288535 1
292971 1
294378 1
300291 1
302970 1
304261 1
309050 1
310864 1
313507 1
317714 1
329728 1
358897 1
360377 1
365997 1
366178 1
369266 1
370234 1
370389 1
372171 1
380970 1
392547 1
416474 1
424119 1
442610 1
449577 1
450221 1
451789 1
458486 1
458553 1
459478 1
460092 1
460369 1
464298 1
467976 1
479886 1
482601 1
484634 1
489097 1
493403 1
498235 1
503426 1
505297 1
520087 1
530301 1
533692 1
536467 1
537057 1
542185 1
543252 1
543734 1
549039 1
552258 1
552677 1
566786 1
568970 1
572622 1
574956 1
578151 1
581627 1
587502 1
597584 1
618285 1
620005 1
623516 1
627361 1
632824 1
640397 1
641025 1
645379 1
645720 1
645794 1
647028 1
647783 1
649732 1
656248 1
656248 1
665714 1
680278 1
681958 1
693325 1
698653 1
698653 1
709308 1
710976 1
718944 1
720170 1
722434 1
727732 1
728350 1
738191 1
741101 1
742775 1
750172 1
756044 1
756862 1
764923 1
765429 1
779659 1
783547 1
784786 1
786937 1
793090 1
800015 1
807852 1
809073 1
809765 1
813191 1
814963 1
818113 1
825246 1
833103 1
833103 1
842516 1
844225 1
851957 1
851957 1
857183 1
861050 1
867980 1
875186 1
884675 1
897225 1
897837 1
912244 1
913412 1
915088 1
919646 1
922823 1
924967 1
926551 1
929409 1
933339 1
934425 1
938588 1
939361 1
940573 1
943247 1
961739 1
963194 1
964879 1
965042 1
966316 1
967585 1
986321 1
988232 1
990099 1
1004487 1
1030580 1
1044653 1
1050489 1
1063406 1
1065933 1
1069984 1
1069995 1
1087076 1
1087686 1
1097896 1
1097896 1
1102909 1
1104727 1
1105347 1
1108557 1
1117537 1
1117861 1
1118588 1
1122064 1
1126501 1
1126514 1
1127286 1
1127412 1
1133658 1
1134441 1
1135856 1
1139232 1
1143748 1
1144867 1
1151056 1
1154331 1
1162775 1
1167141 1
1167449 1
1167976 1
1172209 1
1190927 1
1198685 1
1201794 1
1204566 1
1216132 1
1216586 1
1218873 1
1219933 1
1229668 1
1229668 1
1230718 1
1240655 1
1245875 1
1246959 1
1251272 1
1259390 1
1261438 1
1262659 1
1263912 1
1264904 1
1268810 1
1271035 1
1272850 1
1278802 1
1287388 1
1296052 1
1303901 1
1305791 1
1305791 1
1306771 1
1307988 1
1313123 1
1317860 1
1321882 1
1323610 1
1324783 1
1330812 1
1331641 1
1331699 1
1332880 1
1336397 1
1338902 1
1339855 1
1369071 1
1370351 1
1373457 1
1378456 1
1379063 1
1382273 1
1392053 1
1393088 1
1398578 1
1398600 1
1403453 1
1408035 1
1422822 1
1426070 1
1428640 1
1438042 1
1448030 1
1448092 1
1449553 1
1452287 1
1463864 1
1475005 1
1476350 1
1478869 1
1483301 1
1497535 1
1497687 1
1501142 1
1503594 1
1512355 1
1513442 1
1514096 1
1515429 1
1520106 1
1522762 1
1524985 1
1532180 1
1534406 1
1535405 1
1543989 1
1545467 1
1546916 1
1557157 1
1561199 1
1562754 1
1567580 1
1569829 1
1571290 1
1573636 1
1586414 1
1586912 1
1596085 1
1596123 1
1596831 1
1597380 1
1601004 1
1615030 1
1616508 1
1618259 1
1619087 1
1619622 1
1625572 1
1627532 1
1630630 1
1635720 1
1644298 1
1648876 1
1649000 1
1650242 1
1654504 1
1664836 1
1668824 1
1672951 1
1675460 1
1683210 1
1685229 1
1686819 1
1692113 1
1694621 1
1694733 1
1696606 1
1696606 1
1697432 1
1703586 1
1707813 1
1722334 1
1743152 1
1747253 1
1747253 1
1748083 1
1752743 1
1755437 1
1768717 1
1769994 1
1770885 1
1771057 1
1777577 1
1779229 1
1788161 1
1789903 1
1795023 1
1795584 1
1813054 1
1814110 1
1818028 1
1818099 1
1822019 1
1826542 1
1827870 1
1841550 1
1842447 1
1843301 1
1844930 1
1845439 1
1846262 1
1846921 1
1847337 1
1847337 1
1852132 1
1853985 1
1857063 1
1863055 1
1869110 1
1869110 1
1870614 1
1875511 1
1875656 1
1881096 1
1881340 1
1881392 1
1883235 1
1885490 1
1885559 1
1885744 1
1886753 1
1890922 1
1891416 1
1896054 1
1897703 1
1902390 1
1902540 1
1904750 1
1905334 1
1906131 1
1906976 1
1908327 1
1909280 1
1920075 1
1921285 1
1928345 1
1933383 1
1936088 1
1940249 1
1942584 1
1945419 1
1945419 1
1945419 1
1945419 1
1949370 1
1949738 1
1952199 1
1979106 1
1995914 1
1996509 1
1996725 1
1996880 1
1997744 1
1997744 1
1998270 1
1998613 1
1998903 1
1999668 1
1999668 1
2000516 1
2001896 1
2005059 1
2005726 1
2013564 1
2014815 1
2019142 1
2026950 1
2030679 1
2039933 1
2057392 1
2057913 1
2057913 1
2059025 1
2061923 1
2070081 1
2070168 1
2073903 1
2080526 1
2080538 1
2085773 1
2086659 1
2086764 1
2087542 1
2099403 1
2107459 1
2117482 1
2118829 1
2122073 1
2122658 1
2126879 1
2134421 1
2140467 1
2141916 1
2145649 1
2146438 1
2150202 1
2150230 1
2152226 1
2153322 1
2154136 1
2158848 1
2159402 1
2170048 1
2172827 1
2174040 1
2174920 1
2183315 1
2189744 1
2189797 1
2190555 1
2193447 1
2201555 1
2205096 1
2208206 1
2212394 1
2221645 1
2221819 1
2225290 1
2226306 1
2226584 1
2237166 1
2237430 1
2238420 1
2239199 1
2251504 1
2261711 1
2272429 1
2284155 1
2292172 1
2293222 1
2294474 1
2294483 1
2297545 1
2300896 1
2303876 1
2305504 1
2306684 1
2308750 1
2313918 1
2313918 1
2319388 1
2324986 1
2332683 1
2333400 1
2345528 1
2360440 1
2363189 1
2363189 1
2368877 1
2371654 1
2375669 1
2383377 1
2388002 1
2404741 1
2407155 1
2411073 1
2411208 1
2415868 1
2423725 1
2423835 1
2424467 1
2424727 1
2424830 1
2427118 1
2427644 1
2429381 1
2429381 1
2439557 1
2441530 1
2444163 1
2444163 1
2444561 1
2445397 1
2445714 1
2451866 1
2456564 1
2457147 1
2458032 1
2458032 1
2472609 1
2475999 1
2480703 1
2480705 1
2484684 1
2490580 1
2509045 1
2510104 1
2516529 1
2523019 1
2523270 1
2526835 1
2529504 1
2533780 1
2543693 1
2544233 1
2549488 1
2574924 1
2577040 1
2579529 1
2583003 1
2589833 1
2589906 1
2596707 1
2597191 1
2610378 1
2612305 1
2616461 1
2622951 1
2625541 1
2626126 1
2628684 1
2629532 1
2631576 1
2637042 1
2637293 1
2643070 1
2651650 1
2656599 1
2659425 1
2669766 1
2672933 1
2682111 1
2682749 1
2684670 1
2685930 1
2689577 1
2691872 1
2693393 1
2696212 1
2702890 1
2703512 1
2720826 1
2725680 1
2726011 1
2730019 1
2730651 1
2731234 1
2755719 1
2759980 1
2760409 1
2761198 1
2762127 1
2777044 1
2781557 1
2781812 1
2784871 1
2785345 1
2786314 1
2795253 1
2814793 1
2816040 1
2818009 1
2819921 1
2819921 1
2821252 1
2830781 1
2833512 1
2837337 1
2843049 1
2844694 1
2849357 1
2855305 1
2855305 1
2858963 1
2863871 1
2865690 1
2872979 1
2876026 1
2887831 1
2903269 1
2908064 1
2911935 1
2912291 1
2912291 1
2912298 1
2913064 1
2913064 1
2913160 1
2913248 1
2913341 1
2913462 1
2913685 1
2921676 1
2925028 1
2932608 1
2934937 1
2937542 1
2937831 1
2946323 1
2946650 1
2961578 1
2963991 1
2971102 1
2972117 1
2972439 1
2975443 1
2977559 1
2979813 1
2982086 1
2985520 1
2987852 1
2989636 1
2993015 1
3000999 1
3004294 1
3006964 1
3006964 1
3008151 1
3012620 1
3012712 1
3023079 1
3025777 1
3025983 1
3037194 1
3038819 1
3041182 1
3044199 1
3046456 1
3050167 1
3050478 1
3050946 1
3065909 1
3071901 1
3072963 1
3073445 1
3074681 1
3086423 1
3086868 1
3087223 1
3087826 1
3088465 1
3092850 1
3092973 1
3101632 1
3102954 1
3105266 1
3106215 1
3110122 1
3116828 1
3125971 1
3132934 1
3138223 1
3141567 1
3147721 1
3147751 1
3149794 1
3150969 1
3152325 1
3154171 1
3159577 1
3169649 1
3171594 1
3173074 1
3174662 1
3175446 1
3178527 1
3184146 1
3184866 1
3185202 1
3185520 1
3191662 1
3196144 1
3198559 1
3209764 1
3214092 1
3216665 1
3221650 1
3222132 1
3222377 1
3224599 1
3224994 1
3226493 1
3232338 1
3233655 1
3235240 1
3238269 1
3244077 1
3249758 1
3250290 1
3253089 1
3271097 1
3272492 1
3272586 1
3273502 1
3276066 1
3281821 1
3282882 1
3284479 1
3291082 1
3292886 1
3300760 1
3301501 1
3301857 1
3302343 1
3302564 1
3310132 1
3328818 1
3339923 1
3341238 1
3347731 1
3362332 1
3365289 1
3366116 1
3369950 1
3370079 1
3380838 1
3381934 1
3384246 1
3394034 1
3409334 1
3411760 1
3415335 1
3417396 1
3419823 1
3435887 1
3435977 1
3436208 1
3436835 1
3437038 1
3446612 1
3447805 1
3448067 1
3449002 1
3455479 1
3457747 1
3457830 1
3460874 1
3464896 1
3469015 1
3471112 1
3471119 1
3472739 1
3472793 1
3473695 1
3474757 1
3477115 1
3477727 1
3479332 1
3479810 1
3480123 1
3483887 1
3485723 1
3487196 1
3488106 1
3498133 1
3500813 1
3513041 1
3515693 1
3521719 1
3523245 1
3528300 1
3528300 1
3533342 1
3533642 1
3534750 1
3535209 1
3535284 1
3550229 1
3552839 1
3554344 1
3556055 1
3556675 1
3557300 1
3557762 1
3559978 1
3560240 1
3568073 1
3568721 1
3569402 1
3571021 1
3579381 1
3582360 1
3584409 1
3592096 1
3592490 1
3593153 1
3602516 1
3604453 1
3604539 1
3607542 1
3608527 1
3609986 1
3610053 1
3611046 1
3611193 1
3615159 1
3632385 1
3636673 1
3639092 1
3653598 1
3653598 1
3653598 1
3653598 1
3653598 1
3653598 1
3653598 1
3653598 1
3653598 1
3656875 1
3663912 1
3665460 1
3669160 1
3672952 1
3675466 1
3676784 1
3688086 1
3688312 1
3689239 1
3691150 1
3691461 1
3692912 1
3707323 1
3707699 1
3708759 1
3712387 1
3715458 1
3716630 1
3719884 1
3719971 1
3720421 1
3720515 1
3721734 1
3723539 1
3727917 1
3729283 1
3743142 1
3747052 1
3751627 1
3751641 1
3756076 1
3779498 1
3781595 1
3795007 1
3797826 1
3802815 1
3802815 1
3805278 1
3808276 1
3817575 1
3827273 1
3829810 1
3831215 1
3837918 1
3839213 1
3839213 1
3841239 1
3841239 1
3859574 1
3860118 1
3862675 1
3863078 1
3869758 1
3870322 1
3877909 1
3880858 1
3880991 1
3894464 1
3915007 1
3920851 1
3924383 1
3936366 1
3946896 1
3948545 1
3961677 1
3961677 1
3965036 1
3972383 1
3973760 1
3977589 1
3985355 1
4006376 1
4009603 1
4010347 1
4013912 1
4015156 1
4021701 1
4022419 1
4030613 1
4041648 1
4044342 1
4044778 1
4045642 1
4047276 1
4047489 1
4058270 1
4059705 1
4062047 1
4062455 1
4065256 1
4065852 1
4073908 1
4084696 1
4085266 1
4085266 1
4087159 1
4090167 1
4091694 1
4099140 1
4105605 1
4114153 1
4116720 1
4129278 1
4141178 1
4143890 1
4145322 1
4149658 1
4158755 1
4173403 1
4173469 1
4175557 1
4179691 1
4182381 1
4190656 1
4190894 1
4191806 1
4192228 1
4193059 1
4193059 1
4203850 1
4211933 1
4217410 1
4231450 1
4234999 1
4239139 1
4247271 1
4253098 1
4260451 1
4286718 1
4292166 1
4294884 1
4296425 1
4315762 1
4321762 1
4332762 1
4336133 1
4343442 1
4344190 1
4346612 1
4346662 1
4349895 1
4356018 1
4356774 1
4359893 1
4362686 1
4365054 1
4365726 1
4369907 1
4373679 1
4385720 1
4396003 1
4402725 1
4412786 1
4415155 1
4415842 1
4430827 1
4431716 1
4434776 1
4439087 1
4449655 1
4451469 1
4455642 1
4457628 1
4463959 1
4468421 1
4470012 1
4470012 1
4473762 1
4491450 1
4493147 1
4500567 1
4502385 1
4504817 1
4505233 1
4509642 1
4517044 1
4519899 1
4525691 1
4525712 1
4530985 1
4534061 1
4534543 1
4535532 1
4540060 1
4545673 1
4547471 1
4553147 1
4556136 1
4556136 1
4557816 1
4571233 1
4575445 1
4577712 1
4585634 1
4585995 1
4586379 1
4593829 1
4597283 1
4601331 1
4608889 1
4614848 1
4617571 1
4618549 1
4618549 1
4619018 1
4620655 1
4621574 1
4633620 1
4634651 1
4650432 1
4653914 1
4654263 1
4660375 1
4663791 1
4663846 1
4664422 1
4667766 1
4667893 1
4672203 1
4676175 1
4677976 1
4678589 1
4680703 1
4687273 1
4687273 1
4690562 1
4690837 1
4693379 1
4695692 1
4696198 1
4696198 1
4703954 1
4704474 1
4707455 1
4707823 1
4708600 1
4709200 1
4709476 1
4710934 1
4719066 1
4725370 1
4734239 1
4736069 1
4737638 1
4741873 1
4741873 1
4747633 1
4747807 1
4754486 1
4758516 1
4761319 1
4763244 1
4769897 1
4774730 1
4775835 1
4777616 1
4786589 1
4790631 1
4801064 1
4803775 1
4804904 1
4805792 1
4808125 1
4812017 1
4813847 1
4819372 1
4821647 1
4825095 1
4825630 1
4833092 1
4838553 1
4840015 1
4853425 1
4859516 1
4862480 1
4866678 1
4868959 1
4869886 1
4881102 1
4886272 1
4889512 1
4891102 1
4894934 1
4903476 1
4914002 1
4920872 1
4923408 1
4927238 1
4928463 1
4933391 1
4936230 1
4947612 1
4950381 1
4952606 1
4955372 1
4957729 1
4962329 1
4974687 1
4975601 1
4975601 1
4979388 1
4983305 1
4989308 1
4990344 1
4998625 1
4999484 1
5001250 1
5004290 1
5006841 1
5006841 1
5009959 1
5011890 1
5024012 1
5024490 1
5024853 1
5025924 1
5030531 1
5030770 1
5030796 1
5035243 1
5049249 1
5051834 1
5052627 1
5055782 1
5058547 1
5070031 1
5073890 1
5079278 1
5085195 1
5099758 1
5115679 1
5122545 1
5122570 1
5135633 1
5136329 1
5139607 1
5140119 1
5146754 1
5150289 1
5154848 1
5156229 1
5158912 1
5159607 1
5160555 1
5163871 1
5170457 1
5174042 1
5184320 1
5189152 1
5208836 1
5213925 1
5226635 1
5227166 1
5230235 1
5233058 1
5251725 1
5251725 1
5252430 1
5253213 1
5256280 1
5256280 1
5257917 1
5258824 1
5259686 1
5263271 1
5264734 1
5267610 1
5273170 1
5283459 1
5286479 1
5288754 1
5290812 1
5312205 1
5314310 1
5314878 1
5315623 1
5315864 1
5327850 1
5331544 1
5340846 1
5344164 1
5347579 1
5348335 1
5353183 1
5360649 1
5364788 1
5394556 1
5418836 1
5433177 1
5437437 1
5439349 1
5444774 1
5446731 1
5447625 1
5449773 1
5464247 1
5466520 1
5473802 1
5478948 1
5479805 1
5494267 1
5503081 1
5506358 1
5509097 1
5509976 1
5513486 1
5525853 1
5530193 1
5547549 1
5558042 1
5561233 1
5562792 1
5571644 1
5577646 1
5590707 1
5590806 1
5592249 1
5595568 1
5603373 1
5620890 1
5623245 1
5626834 1
5630426 1
5630498 1
5641148 1
5641423 1
5646753 1
5648066 1
5648493 1
5649385 1
5650752 1
5657621 1
5662092 1
5663908 1
5665087 1
5666090 1
5668781 1
5676546 1
5688218 1
5693532 1
5704229 1
5705327 1
5706733 1
5716387 1
5717651 1
5724439 1
5738490 1
5742009 1
5743383 1
5745701 1
5747866 1
5747986 1
5753267 1
5756131 1
5765206 1
5771217 1
5772027 1
5772684 1
5777261 1
5777571 1
5781194 1
5787034 1
5789883 1
5792277 1
5803548 1
5814955 1
5825980 1
5840775 1
5841034 1
5852972 1
5861167 1
5862548 1
5867986 1
5872803 1
5874629 1
5875036 1
5876486 1
5876731 1
5878253 1
5880431 1
5881554 1
5884918 1
5888544 1
5891362 1
5898233 1
5898233 1
5901988 1
5904428 1
5905165 1
5911341 1
5913801 1
5916377 1
5917602 1
5918214 1
5923886 1
5929080 1
5932853 1
5932853 1
5935239 1
5944906 1
5949137 1
5949739 1
5983577 1
5991666 1
5993396 1
6004528 1
6006192 1
6014004 1
6018322 1
6025464 1
6025953 1
6032960 1
6034783 1
6035409 1
6036390 1
6051891 1
6057429 1
6057946 1
6070826 1
6070826 1
6074215 1
6075782 1
6077607 1
6078296 1
6080085 1
6081032 1
6091441 1
6095456 1
6097556 1
6097556 1
6100082 1
6107024 1
6107024 1
6111301 1
6111723 1
6112461 1
6114420 1
6118259 1
6122473 1
6124288 1
6124430 1
6129933 1
6137054 1
6139036 1
6139792 1
6144142 1
6157466 1
6163489 1
6163489 1
6163616 1
6163616 1
6164018 1
6165876 1
6167359 1
6167751 1
6174252 1
6198283 1
6206906 1
6206906 1
6215061 1
6225473 1
6227320 1
6227920 1
6228031 1
6228657 1
6229821 1
6233059 1
6239675 1
6251492 1
6255153 1
6255625 1
6257758 1
6258251 1
6260445 1
6268676 1
6275828 1
6278153 1
6287938 1
6289235 1
6291183 1
6299408 1
6299408 1
6305615 1
6318226 1
6323467 1
6331038 1
6334755 1
6339723 1
6340060 1
6343829 1
6343854 1
6360793 1
6365504 1
6365767 1
6366088 1
6367642 1
6371134 1
6375741 1
6383885 1
6388492 1
6392950 1
6407311 1
6408005 1
6414472 1
6425232 1
6425232 1
6433754 1
6441607 1
6449461 1
6454496 1
6475798 1
6478079 1
6478079 1
6479041 1
6479261 1
6484666 1
6500737 1
6501224 1
6503718 1
6503883 1
6505207 1
6506766 1
6511259 1
6514293 1
6519856 1
6524450 1
6533866 1
6535647 1
6538542 1
6543614 1
6546109 1
6548761 1
6549651 1
6549952 1
6554802 1
6557663 1
6558807 1
6566233 1
6568041 1
6569984 1
6582074 1
6583396 1
6584264 1
6587456 1
6598807 1
6598807 1
6604042 1
6607479 1
6608842 1
6616531 1
6616531 1
6617178 1
6625702 1
6631871 1
6636708 1
6636861 1
6642487 1
6649972 1
6652135 1
6655330 1
6665700 1
6665885 1
6670345 1
6670653 1
6674411 1
6674616 1
6675681 1
6682200 1
6693623 1
6696277 1
6696542 1
6697919 1
6698660 1
6706548 1
6706613 1
6711508 1
6712126 1
6717736 1
6719332 1
6719846 1
6722103 1
6723363 1
6729719 1
6730905 1
6733558 1
6741133 1
6744555 1
6749978 1
6753016 1
6753016 1
6757065 1
6757130 1
6757271 1
6757561 1
6757891 1
6758056 1
6762760 1
6763488 1
6765880 1
6767255 1
6767878 1
6791334 1
6800352 1
6800438 1
6800978 1
6802845 1
6804405 1
6807744 1
6813044 1
6816861 1
6816861 1
6822549 1
6828934 1
6834635 1
6834873 1
6835781 1
6843136 1
6843683 1
6848028 1
6864611 1
6870418 1
6871604 1
6872158 1
6875270 1
6875673 1
6885604 1
6889913 1
6892116 1
6894628 1
6895291 1
6904027 1
6909811 1
6913205 1
6915768 1
6919427 1
6919566 1
6920941 1
6922440 1
6924494 1
6927498 1
6930182 1
6932588 1
6934300 1
6936145 1
6943881 1
6944160 1
6949811 1
6949811 1
6952792 1
6952792 1
6954961 1
6958757 1
6964968 1
6965456 1
6966669 1
6967593 1
6970784 1
6973187 1
6974749 1
6984004 1
6988994 1
6993754 1
7002135 1
7003229 1
7008306 1
7009949 1
7013493 1
7020857 1
7026474 1
7028742 1
7034128 1
7034733 1
7040984 1
7041994 1
7042405 1
7043075 1
7048529 1
7061612 1
7062175 1
7066469 1
7074737 1
7078658 1
7079319 1
7079580 1
7079918 1
7091338 1
7100688 1
7103472 1
7114944 1
7115964 1
7115964 1
7117119 1
7119065 1
7125114 1
7130957 1
7132828 1
7136703 1
7139995 1
7145388 1
7153087 1
7154391 1
7154774 1
7159528 1
7164602 1
7165896 1
7166036 1
7171663 1
7171663 1
7173134 1
7174541 1
7189815 1
7195568 1
7197634 1
7213927 1
7221218 1
7223271 1
7225875 1
7225875 1
7230112 1
7231370 1
7231988 1
7233691 1
7238050 1
7240893 1
7249398 1
7266911 1
7271438 1
7271453 1
7273978 1
7277109 1
7277752 1
7281260 1
7292666 1
7295538 1
7296418 1
7300570 1
7303893 1
7304406 1
7307263 1
7312162 1
7315342 1
7317229 1
7324177 1
7324577 1
7332553 1
7333363 1
7333519 1
7338253 1
7338354 1
7341739 1
7344091 1
7344474 1
7345915 1
7348165 1
7349297 1
7362798 1
7364950 1
7368559 1
7368743 1
7370737 1
7372568 1
7373248 1
7380783 1
7380783 1
7380844 1
7381563 1
7385244 1
7388831 1
7395909 1
7397716 1
7403479 1
7405674 1
7409571 1
7414668 1
7425575 1
7425764 1
7426918 1
7429179 1
7430397 1
7438874 1
7444197 1
7446437 1
7453126 1
7453129 1
7454368 1
7455670 1
7457071 1
7460284 1
7465976 1
7466268 1
7466997 1
7475322 1
7475998 1
7490444 1
7493671 1
7499482 1
7504342 1
7511311 1
7514012 1
7524013 1
7524310 1
7524797 1
7530996 1
7539896 1
7540883 1
7555523 1
7555918 1
7557836 1
7558988 1
7563926 1
7567779 1
7572576 1
7574311 1
7575043 1
7582670 1
7583482 1
7583983 1
7590187 1
7611107 1
7618380 1
7621735 1
7622791 1
7628180 1
7635773 1
7637878 1
7642110 1
7643354 1
7654163 1
7656280 1
7657319 1
7658037 1
7658197 1
7658483 1
7663543 1
7666778 1
7666778 1
7669495 1
7672218 1
7694128 1
7698874 1
7704462 1
7720703 1
7720712 1
7727274 1
7730158 1
7732914 1
7734337 1
7738946 1
7746783 1
7747405 1
7750302 1
7755216 1
7773792 1
7777637 1
7783493 1
7790160 1
7796716 1
7800988 1
7805615 1
7808895 1
7809247 1
7809404 1
7829289 1
7829842 1
7830294 1
7830370 1
7831629 1
7833219 1
7842013 1
7842992 1
7850092 1
7850944 1
7855827 1
7855969 1
7857105 1
7861055 1
7864259 1
7864681 1
7874448 1
7879395 1
7881794 1
7883929 1
7888437 1
7892116 1
7894896 1
7900756 1
7900835 1
7908734 1
7911215 1
7918556 1
7925502 1
7928897 1
7938630 1
7951216 1
7954672 1
7958029 1
7958380 1
7962326 1
7962443 1
7966455 1
7967722 1
7968473 1
7970101 1
7971547 1
7971871 1
7993316 1
7996482 1
8003321 1
8004412 1
8008159 1
8009138 1
8015623 1
8017745 1
8019083 1
8019873 1
8020277 1
8026371 1
8026548 1
8028943 1
8033973 1
8035144 1
8035161 1
8035692 1
8035853 1
8036114 1
8040492 1
8042196 1
8042668 1
8043002 1
8043114 1
8043633 1
8044636 1
8046003 1
8055697 1
8055697 1
8056537 1
8060861 1
8065432 1
8066898 1
8071796 1
8072685 1
8074120 1
8078214 1
8078518 1
8080799 1
8088986 1
8090398 1
8097526 1
8105350 1
8105920 1
8106989 1
8107303 1
8108865 1
8111968 1
8115436 1
8116143 1
8116143 1
8117495 1
8120604 1
8121227 1
8121917 1
8122911 1
8123012 1
8123012 1
8123566 1
8124595 1
8125056 1
8128454 1
8129521 1
8129553 1
8131400 1
8131748 1
8133153 1
8135560 1
8138483 1
8140545 1
8140878 1
8142859 1
8142859 1
8142859 1
8144346 1
8144849 1
8148290 1
8151439 1
8153111 1
8155078 1
8155401 1
8155401 1
8156503 1
8160822 1
8161434 1
8163423 1
8165584 1
8165796 1
8169882 1
8171453 1
8172857 1
8188424 1
8191689 1
8193809 1
8211538 1
8214160 1
8226169 1
8246836 1
8250219 1
8254471 1
8257016 1
8257982 1
8270138 1
8270138 1
8273171 1
8275437 1
8275437 1
8275663 1
8287128 1
8288159 1
8296772 1
8296772 1
8300817 1
8300831 1
3254 1
3254 1
12949 1
19547 1
24080 1
26778 1
32162 1
38137 1
45320 1
46339 1
48746 1
51542 1
53587 1
60906 1
60906 1
78294 1
78699 1
78928 1
80292 1
81868 1
93486 1
97701 1
104548 1
105175 1
106559 1
106582 1
107852 1
108761 1
109546 1
109929 1
110079 1
111946 1
112835 1
118535 1
118999 1
120077 1
125142 1
131477 1
132283 1
132432 1
134057 1
136178 1
140485 1
144588 1
147219 1
148723 1
153303 1
154765 1
158076 1
166227 1
170465 1
170513 1
170513 1
175838 1
175838 1
176419 1
176832 1
177888 1
178883 1
179719 1
186219 1
193547 1
199132 1
199787 1
200061 1
207380 1
212024 1
216759 1
217714 1
220389 1
220684 1
232293 1
256245 1
262244 1
265649 1
269197 1
270096 1
272764 1
273558 1
281828 1
289357 1
290049 1
290080 1
297065 1
297435 1
298970 1
303860 1
304056 1
310609 1
310953 1
312224 1
315759 1
320420 1
331969 1
336217 1
344623 1
352130 1
371904 1
378797 1
386493 1
386867 1
406324 1
406473 1
416499 1
425366 1
425366 1
437727 1
439368 1
439368 1
439489 1
442436 1
442436 1
450579 1
450934 1
451583 1
453106 1
454257 1
454765 1
465057 1
474654 1
489217 1
489565 1
493541 1
499441 1
500193 1
500217 1
500229 1
500344 1
501096 1
501720 1
509796 1
512408 1
512900 1
513816 1
513816 1
524343 1
525774 1
526321 1
531411 1
532833 1
534555 1
535554 1
547682 1
548979 1
553173 1
571793 1
571896 1
574515 1
576589 1
580871 1
581407 1
588565 1
590730 1
610754 1
622660 1
653556 1
656295 1
660187 1
661366 1
672221 1
699145 1
703428 1
706858 1
713074 1
715825 1
716753 1
717576 1
718036 1
720824 1
725815 1
727317 1
730352 1
731325 1
738695 1
738695 1
743823 1
745354 1
750517 1
753594 1
758302 1
759063 1
760825 1
766051 1
768117 1
778688 1
779110 1
780136 1
781631 1
782048 1
784834 1
784834 1
788896 1
798424 1
805091 1
815576 1
825547 1
840019 1
846050 1
849141 1
854619 1
863384 1
867398 1
875813 1
879195 1
891019 1
892261 1
895485 1
904298 1
910955 1
914684 1
917697 1
918928 1
919564 1
920904 1
927300 1
928698 1
928698 1
943173 1
944061 1
944472 1
964191 1
972687 1
979270 1
980142 1
999839 1
1003754 1
1004410 1
1013146 1
1023915 1
1023915 1
1027581 1
1038569 1
1038569 1
1038569 1
1038569 1
1039351 1
1040109 1
1041355 1
1046476 1
1047048 1
1047052 1
1048830 1
1049375 1
1050631 1
1051432 1
1057408 1
1060496 1
1063454 1
1063557 1
1067850 1
1069693 1
1070319 1
1070324 1
1070859 1
1079991 1
1082069 1
1083218 1
1083709 1
1089041 1
1094365 1
1098238 1
1109780 1
1112033 1
1117435 1
1121409 1
1121415 1
1124994 1
1126930 1
1145674 1
1154342 1
1155642 1
1162711 1
1164221 1
1164541 1
1169416 1
1170478 1
1175314 1
1179830 1
1182119 1
1184553 1
1192369 1
1195219 1
1195301 1
1199086 1
1205152 1
1207998 1
1209136 1
1209203 1
1210748 1
1212707 1
1219184 1
1222154 1
1228082 1
1233222 1
1245846 1
1252310 1
1259735 1
1259735 1
1261793 1
1264057 1
1265729 1
1280490 1
1293594 1
1296502 1
1300929 1
1304971 1
1313149 1
1313276 1
1314045 1
1320695 1
1321161 1
1321257 1
1327003 1
1327727 1
1333714 1
1339997 1
1342282 1
1342421 1
1342514 1
1348454 1
1348616 1
1349549 1
1352679 1
1354365 1
1356220 1
1358169 1
1360926 1
1362123 1
1363759 1
1370452 1
1372257 1
1372507 1
1382366 1
1383193 1
1391753 1
1398447 1
1401063 1
1404028 1
1411751 1
1412937 1
1416136 1
1418994 1
1418994 1
1420158 1
1422493 1
1435753 1
1440797 1
1440867 1
1442658 1
1452669 1
1456552 1
1465989 1
1468488 1
1477916 1
1480393 1
1484911 1
1495556 1
1496568 1
1506415 1
1509789 1
1510120 1
1512408 1
1518292 1
1528964 1
1531149 1
1538383 1
1543598 1
1543641 1
1544807 1
1564197 1
1565150 1
1569465 1
1571584 1
1572592 1
1573471 1
1589047 1
1592916 1
1595407 1
1599601 1
1599607 1
1604118 1
1607440 1
1612527 1
1613137 1
1614279 1
1616380 1
1620385 1
1627346 1
1628787 1
1628956 1
1630538 1
1639102 1
1642454 1
1643148 1
1646462 1
1648706 1
1648924 1
1649160 1
1651991 1
1653989 1
1653989 1
1657028 1
1657281 1
1658634 1
1662115 1
1666893 1
1667993 1
1671810 1
1673650 1
1673779 1
1673779 1
1682919 1
1683116 1
1684469 1
1686918 1
1693825 1
1697815 1
1701470 1
1702133 1
1703035 1
1704149 1
1706211 1
1717471 1
1718511 1
1718541 1
1722616 1
1723949 1
1725096 1
1727622 1
1734992 1
1736874 1
1739250 1
1742310 1
1745552 1
1747231 1
1751525 1
1766341 1
1766598 1
1769985 1
1777295 1
1777295 1
1785839 1
1789536 1
1801079 1
1803421 1
1804123 1
1804639 1
1814905 1
1826476 1
1828141 1
1828923 1
1831978 1
1834521 1
1834521 1
1838994 1
1840808 1
1840810 1
1845817 1
1851202 1
1851867 1
1858264 1
1868720 1
1873474 1
1874296 1
1881702 1
1886641 1
1896191 1
1896191 1
1896645 1
1911931 1
1919947 1
1932240 1
1935803 1
1942989 1
1945956 1
1945967 1
1948917 1
1955936 1
1964801 1
1967483 1
1969590 1
1970200 1
1970819 1
1978362 1
1979463 1
1982166 1
1983355 1
1992296 1
2001599 1
2001724 1
2007824 1
2009846 1
2009846 1
2010082 1
2017240 1
2021620 1
2028811 1
2029168 1
2032928 1
2033005 1
2037301 1
2048065 1
2057984 1
2066150 1
2070902 1
2070968 1
2078191 1
2079609 1
2080727 1
2086024 1
2086382 1
2094750 1
2096392 1
2106193 1
2113966 1
2115145 1
2118301 1
2119203 1
2121039 1
2126456 1
2130891 1
2130919 1
2137943 1
2138262 1
2139471 1
2140994 1
2152332 1
2152384 1
2158612 1
2162910 1
2163894 1
2163945 1
2169206 1
2178652 1
2182131 1
2185229 1
2193327 1
2195797 1
2198663 1
2213266 1
2215822 1
2230836 1
2237643 1
2241373 1
2251240 1
2262584 1
2262588 1
2267315 1
2269793 1
2279154 1
2279158 1
2279158 1
2284337 1
2286092 1
2287180 1
2291051 1
2291051 1
2294450 1
2294552 1
2294988 1
2299735 1
2300635 1
2301826 1
2304998 1
2312391 1
2317806 1
2328974 1
2333075 1
2342066 1
2342966 1
2351597 1
2354569 1
2362585 1
2364742 1
2365279 1
2366737 1
2372309 1
2376488 1
2377291 1
2398143 1
2405747 1
2406245 1
2406929 1
2408190 1
2418881 1
2419177 1
2421597 1
2423966 1
2428935 1
2431440 1
2433145 1
2438135 1
2439523 1
2439991 1
2440025 1
2443185 1
2450893 1
2456095 1
2460081 1
2464421 1
2471431 1
2476243 1
2476623 1
2476623 1
2477193 1
2478937 1
2487047 1
2490717 1
2491323 1
2495419 1
2497949 1
2502996 1
2507181 1
2507486 1
2510739 1
2514192 1
2516643 1
2518674 1
2521925 1
2522829 1
2522829 1
2522829 1
2523166 1
2524484 1
2540016 1
2542139 1
2542159 1
2543273 1
2546655 1
2554262 1
2555120 1
2561597 1
2565401 1
2569728 1
2576691 1
2577269 1
2577812 1
2581274 1
2585573 1
2589438 1
2589438 1
2592305 1
2597324 1
2603642 1
2611293 1
2621924 1
2622733 1
2622947 1
2629301 1
2632471 1
2633683 1
2640800 1
2644498 1
2647290 1
2648680 1
2651072 1
2657673 1
2657687 1
2657754 1
2657754 1
2658203 1
2664347 1
2669339 1
2672680 1
2680175 1
2689764 1
2714484 1
2726875 1
2727825 1
2734338 1
2737623 1
2738549 1
2739099 1
2740509 1
2742602 1
2746495 1
2755578 1
2760877 1
2764762 1
2767057 1
2767057 1
2769548 1
2779258 1
2779561 1
2781151 1
2783263 1
2784302 1
2785581 1
2789075 1
2789327 1
2789964 1
2796464 1
2801511 1
2806521 1
2810613 1
2820378 1
2820836 1
2828662 1
2832937 1
2833237 1
2833453 1
2834158 1
2837444 1
2840814 1
2846264 1
2849086 1
2852375 1
2853495 1
2855035 1
2857751 1
2858833 1
2858890 1
2859332 1
2862601 1
2865176 1
2866058 1
2868572 1
2869135 1
2869751 1
2871032 1
2874097 1
2875801 1
2875801 1
2883767 1
2885736 1
2885813 1
2887491 1
2894192 1
2902297 1
2910289 1
2911983 1
2912515 1
2912732 1
2912733 1
2912880 1
2912889 1
2913135 1
2913344 1
2913416 1
2913712 1
2915581 1
2917527 1
2921040 1
2924607 1
2929128 1
2932563 1
2935499 1
2940137 1
2944496 1
2948130 1
2949886 1
2960656 1
2962627 1
2964309 1
2969686 1
2975180 1
2976528 1
2983055 1
2993093 1
2993093 1
2993093 1
2993093 1
2995989 1
3006603 1
3012826 1
3018129 1
3023635 1
3024475 1
3029546 1
3029860 1
3031127 1
3031842 1
3033095 1
3034746 1
3034764 1
3035551 1
3039563 1
3041971 1
3059398 1
3059640 1
3063622 1
3069928 1
3069928 1
3072349 1
3072733 1
3076380 1
3087868 1
3090622 1
3094371 1
3097606 1
3097777 1
3102472 1
3103002 1
3103227 1
3105176 1
3108022 1
3111872 1
3138352 1
3139278 1
3140783 1
3147047 1
3155537 1
3163237 1
3164169 1
3166147 1
3166551 1
3170021 1
3170933 1
3175872 1
3177755 1
3178744 1
3179277 1
3182180 1
3187616 1
3191544 1
3192695 1
3195636 1
3195846 1
3197940 1
3197961 1
3197961 1
3203898 1
3203898 1
3206172 1
3206172 1
3206172 1
3206172 1
3210023 1
3217801 1
3221565 1
3225323 1
3226703 1
3234303 1
3236310 1
3238745 1
3244031 1
3244067 1
3250448 1
3252955 1
3265451 1
3265836 1
3266231 1
3271710 1
3272078 1
3272662 1
3272668 1
3274551 1
3274551 1
3275330 1
3276034 1
3277701 1
3278023 1
3279640 1
3281134 1
3284411 1
3285972 1
3288610 1
3292130 1
3293143 1
3294622 1
3301428 1
3305132 1
3307831 1
3308024 1
3309095 1
3314131 1
3316558 1
3316858 1
3322141 1
3327025 1
3331853 1
3332673 1
3332893 1
3338781 1
3342047 1
3345937 1
3355540 1
3370171 1
3377977 1
3385064 1
3386319 1
3387513 1
3388051 1
3389872 1
3395483 1
3405600 1
3406440 1
3406586 1
3410195 1
3416731 1
3416847 1
3417725 1
3424893 1
3426403 1
3427559 1
3428908 1
3433292 1
3435925 1
3435925 1
3441959 1
3444397 1
3449517 1
3450822 1
3456527 1
3456592 1
3463880 1
3467021 1
3468657 1
3469650 1
3478391 1
3479008 1
3492622 1
3496776 1
3497783 1
3499924 1
3506589 1
3519114 1
3519531 1
3520263 1
3521488 1
3525217 1
3525666 1
3528499 1
3535614 1
3540043 1
3540043 1
3557167 1
3558474 1
3564275 1
3570691 1
3573546 1
3578052 1
3578322 1
3581696 1
3583672 1
3590538 1
3592738 1
3594159 1
3595771 1
3599124 1
3603196 1
3608990 1
3633395 1
3643343 1
3653925 1
3658923 1
3659192 1
3661319 1
3675178 1
3680920 1
3689980 1
3691285 1
3693448 1
3694974 1
3699828 1
3700766 1
3703618 1
3705833 1
3710525 1
3731461 1
3732581 1
3734458 1
3737950 1
3742352 1
3756653 1
3760003 1
3760646 1
3761168 1
3775057 1
3775814 1
3778490 1
3778490 1
3778692 1
3782890 1
3791724 1
3794615 1
3794615 1
3797553 1
3798719 1
3804414 1
3817997 1
3818116 1
3819770 1
3820105 1
3822772 1
3824062 1
3825778 1
3829144 1
3829483 1
3834758 1
3835318 1
3839122 1
3844077 1
3844339 1
3845585 1
3845994 1
3854397 1
3859735 1
3860231 1
3861778 1
3865311 1
3867513 1
3870056 1
3873542 1
3881985 1
3917114 1
3927138 1
3932520 1
3939449 1
3939449 1
3954462 1
3959551 1
3962615 1
3973435 1
3973523 1
3973590 1
3986810 1
3991064 1
4002082 1
4004421 1
4019444 1
4024476 1
4027130 1
4028759 1
4033526 1
4044845 1
4048455 1
4054124 1
4055368 1
4057693 1
4060317 1
4060349 1
4060572 1
4066527 1
4075331 1
4077822 1
4093097 1
4095145 1
4104868 1
4126931 1
4131053 1
4131963 1
4137067 1
4137072 1
4138404 1
4142256 1
4144326 1
4144494 1
4151005 1
4153993 1
4161627 1
4165635 1
4165857 1
4173587 1
4175156 1
4178467 1
4179200 1
4191779 1
4192285 1
4194583 1
4212761 1
4213335 1
4215582 1
4218150 1
4232371 1
4234048 1
4234262 1
4239183 1
4241017 1
4247526 1
4248409 1
4250205 1
4255169 1
4268085 1
4268860 1
4269263 1
4281672 1
4288355 1
4311367 1
4319066 1
4322010 1
4336797 1
4337896 1
4340560 1
4340846 1
4343905 1
4344464 1
4344474 1
4344815 1
4346371 1
4346849 1
4352088 1
4354163 1
4357365 1
4383290 1
4389456 1
4389456 1
4390446 1
4394084 1
4394084 1
4400062 1
4401035 1
4417230 1
4421208 1
4421540 1
4423143 1
4431097 1
4431097 1
4431754 1
4437365 1
4439657 1
4441804 1
4443731 1
4444123 1
4447078 1
4447081 1
4449220 1
4449282 1
4457548 1
4465053 1
4466811 1
4471443 1
4473028 1
4474811 1
4476948 1
4479554 1
4481122 1
4485263 1
4485671 1
4487361 1
4488888 1
4493030 1
4496935 1
4505395 1
4505426 1
4506225 1
4513033 1
4515517 1
4540236 1
4545571 1
4546701 1
4552644 1
4553892 1
4574874 1
4581144 1
4587625 1
4594526 1
4594526 1
4603806 1
4603806 1
4604299 1
4611905 1
4615145 1
4616562 1
4617376 1
4617997 1
4628686 1
4640186 1
4641057 1
4647006 1
4651677 1
4652208 1
4669414 1
4670407 1
4670428 1
4676129 1
4688711 1
4691089 1
4691312 1
4694583 1
4700875 1
4706777 1
4708712 1
4708712 1
4708788 1
4709086 1
4713357 1
4714938 1
4716163 1
4720767 1
4725027 1
4725199 1
4731817 1
4732312 1
4737216 1
4742698 1
4749474 1
4752682 1
4766500 1
4771149 1
4781235 1
4787709 1
4792599 1
4795849 1
4797851 1
4799066 1
4800976 1
4832057 1
4837994 1
4840083 1
4854842 1
4860540 1
4864105 1
4867591 1
4873384 1
4875795 1
4879058 1
4892131 1
4892852 1
4898096 1
4899932 1
4899932 1
4900214 1
4903556 1
4914266 1
4915755 1
4916354 1
4923465 1
4929114 1
4929901 1
4930487 1
4947725 1
4947882 1
4948400 1
4950304 1
4956879 1
4979363 1
4980096 1
4988528 1
4994109 1
4994109 1
4998603 1
4999162 1
5000173 1
5000225 1
5000303 1
5000431 1
5004608 1
5006499 1
5012572 1
5013881 1
5014318 1
5018682 1
5021347 1
5021577 1
5030056 1
5035399 1
5037220 1
5038600 1
5039017 1
5039215 1
5043301 1
5045249 1
5049207 1
5052185 1
5052745 1
5052803 1
5055703 1
5057077 1
5062727 1
5075857 1
5084889 1
5084889 1
5085572 1
5087451 1
5101795 1
5109046 1
5109762 1
5116603 1
5139884 1
5146084 1
5147218 1
5159051 1
5160498 1
5160600 1
5173691 1
5173874 1
5175270 1
5201497 1
5205901 1
5210879 1
5220155 1
5230059 1
5231437 1
5237752 1
5238926 1
5239147 1
5239352 1
5239639 1
5249268 1
5252732 1
5252947 1
5255660 1
5257802 1
5257802 1
5257944 1
5261764 1
5271515 1
5293142 1
5298753 1
5298939 1
5318967 1
5321121 1
5330751 1
5338604 1
5339665 1
5342899 1
5346518 1
5350886 1
5351475 1
5353981 1
5354831 1
5356547 1
5357519 1
5362842 1
5362842 1
5363975 1
5364799 1
5366618 1
5379527 1
5387105 1
5394862 1
5405111 1
5425604 1
5426766 1
5428163 1
5430420 1
5432907 1
5435203 1
5435866 1
5435871 1
5437811 1
5439164 1
5442084 1
5446687 1
5447879 1
5452009 1
5455621 1
5458130 1
5461342 1
5464054 1
5466711 1
5472459 1
5482054 1
5483548 1
5489848 1
5490570 1
5492568 1
5508127 1
5514281 1
5521550 1
5524472 1
5526398 1
5528464 1
5529915 1
5536827 1
5537101 1
5539204 1
5541246 1
5542891 1
5542891 1
5543850 1
5545894 1
5547406 1
5548286 1
5548286 1
5549910 1
5550808 1
5555137 1
5562536 1
5586045 1
5592113 1
5602921 1
5603409 1
5603421 1
5607374 1
5613975 1
5614805 1
5635191 1
5635193 1
5649008 1
5656444 1
5657063 1
5659524 1
5660087 1
5663542 1
5663771 1
5666140 1
5666592 1
5674395 1
5675933 1
5677747 1
5683860 1
5689248 1
5689262 1
5689264 1
5691658 1
5705879 1
5711163 1
5711951 1
5715170 1
5715307 1
5722364 1
5725098 1
5726366 1
5730732 1
5731358 1
5742713 1
5743610 1
5744868 1
5746588 1
5765797 1
5765825 1
5776182 1
5776926 1
5788067 1
5798651 1
5799247 1
5801656 1
5804619 1
5812382 1
5825495 1
5828058 1
5830547 1
5833389 1
5835141 1
5840727 1
5840727 1
5840995 1
5840995 1
5859843 1
5861607 1
5861899 1
5862816 1
5863191 1
5863284 1
5870833 1
5873213 1
5875374 1
5875695 1
5876043 1
5876277 1
5877085 1
5879541 1
5880045 1
5880177 1
5881393 1
5885886 1
5885890 1
5894349 1
5899370 1
5900546 1
5907550 1
5912872 1
5914732 1
5917296 1
5918495 1
5926155 1
5929961 1
5930585 1
5930585 1
5932265 1
5933515 1
5945447 1
5948268 1
5950811 1
5953823 1
5957118 1
5962716 1
5963340 1
5964575 1
5965062 1
5970469 1
5972699 1
5973275 1
5974857 1
5974857 1
5985823 1
5987598 1
5989278 1
5989574 1
6002582 1
6005957 1
6007705 1
6008975 1
6011052 1
6015520 1
6017683 1
6017801 1
6018217 1
6024406 1
6030308 1
6040411 1
6042474 1
6045055 1
6048585 1
6053623 1
6060386 1
6062415 1
6065948 1
6069429 1
6078884 1
6079549 1
6083629 1
6086258 1
6090355 1
6097616 1
6111741 1
6112044 1
6116900 1
6124771 1
6130546 1
6138278 1
6138522 1
6138730 1
6141062 1
6142891 1
6143424 1
6150515 1
6150666 1
6151539 1
6155260 1
6155787 1
6157578 1
6157754 1
6166143 1
6167535 1
6172686 1
6176797 1
6183895 1
6185375 1
6185538 1
6185603 1
6194189 1
6206117 1
6224325 1
6226852 1
6228972 1
6231079 1
6236361 1
6253514 1
6253514 1
6254640 1
6255726 1
6255909 1
6264993 1
6269142 1
6277620 1
6277632 1
6279540 1
6283281 1
6283281 1
6287455 1
6290887 1
6299630 1
6303036 1
6306696 1
6310550 1
6313976 1
6322148 1
6325114 1
6339699 1
6341886 1
6359217 1
6359394 1
6365007 1
6369832 1
6370620 1
6377065 1
6381323 1
6395207 1
6395991 1
6404857 1
6405721 1
6406267 1
6410275 1
6412204 1
6413260 1
6416446 1
6418024 1
6419965 1
6427326 1
6428896 1
6444501 1
6448232 1
6456362 1
6457338 1
6459247 1
6465925 1
6473922 1
6473922 1
6480445 1
6491413 1
6491840 1
6491840 1
6493424 1
6498386 1
6501331 1
6501490 1
6501628 1
6502489 1
6504016 1
6504258 1
6505328 1
6505428 1
6517537 1
6522136 1
6533528 1
6539925 1
6548573 1
6550382 1
6557648 1
6558554 1
6558761 1
6566466 1
6567332 1
6582077 1
6588069 1
6594226 1
6602628 1
6611444 1
6612219 1
6615426 1
6617846 1
6617893 1
6622724 1
6626713 1
6629911 1
6630647 1
6636815 1
6639042 1
6643538 1
6648088 1
6648182 1
6648478 1
6649323 1
6653115 1
6653852 1
6656263 1
6666321 1
6666342 1
6667233 1
6674384 1
6674840 1
6675227 1
6677632 1
6696704 1
6697123 1
6698130 1
6698288 1
6709672 1
6709753 1
6713199 1
6715232 1
6716107 1
6719805 1
6724331 1
6729321 1
6735396 1
6741808 1
6750358 1
6753086 1
6754421 1
6755548 1
6757839 1
6760756 1
6761673 1
6766486 1
6770490 1
6774576 1
6775452 1
6790576 1
6793696 1
6797571 1
6798028 1
6802527 1
6808086 1
6815206 1
6815206 1
6828207 1
6829517 1
6835328 1
6843124 1
6844601 1
6847662 1
6852810 1
6862215 1
6867992 1
6868664 1
6869801 1
6869955 1
6877478 1
6879391 1
6881737 1
6883812 1
6891862 1
6892023 1
6899211 1
6900197 1
6905087 1
6910789 1
6910789 1
6912178 1
6912707 1
6916956 1
6921726 1
6922387 1
6929271 1
6929465 1
6934880 1
6936878 1
6939488 1
6947627 1
6949001 1
6950532 1
6954906 1
6957333 1
6961069 1
6961492 1
6964177 1
6965494 1
6966076 1
6970439 1
6972597 1
6977168 1
6981344 1
6983551 1
6999520 1
6999878 1
7001110 1
7004687 1
7005257 1
7006933 1
7007561 1
7017332 1
7019348 1
7020872 1
7022590 1
7033805 1
7034789 1
7039596 1
7040000 1
7043142 1
7048616 1
7053547 1
7062988 1
7064169 1
7065252 1
7065347 1
7065951 1
7066336 1
7069391 1
7071262 1
7071262 1
7075274 1
7075274 1
7076289 1
7076773 1
7076870 1
7079817 1
7100299 1
7100845 1
7101357 1
7106840 1
7109898 1
7117608 1
7130557 1
7138248 1
7138947 1
7140786 1
7152283 1
7153788 1
7165360 1
7165627 1
7166113 1
7170096 1
7170883 1
7170883 1
7170949 1
7170982 1
7190042 1
7191052 1
7212866 1
7224531 1
7227582 1
7228616 1
7234573 1
7241710 1
7245793 1
7248303 1
7257501 1
7276961 1
7282778 1
7283440 1
7283585 1
7284004 1
7295581 1
7298189 1
7304951 1
7309096 1
7309974 1
7319829 1
7322951 1
7326462 1
7333031 1
7340548 1
7341068 1
7341258 1
7341679 1
7344447 1
7344671 1
7345953 1
7347191 1
7349571 1
7350261 1
7350691 1
7350691 1
7351911 1
7351966 1
7361937 1
7362625 1
7362625 1
7367752 1
7372739 1
7377239 1
7377473 1
7377473 1
7379742 1
7381599 1
7391820 1
7391892 1
7393777 1
7395442 1
7396432 1
7399105 1
7411459 1
7411920 1
7416749 1
7417373 1
7425274 1
7425410 1
7433270 1
7438280 1
7440411 1
7448002 1
7458191 1
7458268 1
7458799 1
7473923 1
7475846 1
7478196 1
7484093 1
7484190 1
7489219 1
7489957 1
7491463 1
7492123 1
7492803 1
7493681 1
7498785 1
7499020 1
7499020 1
7504257 1
7510296 1
7510463 1
7511755 1
7513876 1
7516590 1
7519477 1
7523366 1
7531129 1
7532836 1
7534724 1
7534830 1
7537425 1
7539247 1
7542170 1
7543578 1
7543624 1
7547646 1
7558012 1
7558490 1
7559423 1
7563849 1
7567780 1
7569570 1
7576552 1
7581216 1
7586702 1
7589705 1
7595376 1
7598923 1
7603991 1
7605047 1
7608782 1
7608948 1
7613682 1
7616161 1
7617876 1
7631602 1
7650276 1
7651218 1
7657595 1
7659978 1
7661908 1
7672605 1
7674171 1
7676474 1
7676527 1
7680232 1
7687689 1
7698510 1
7703822 1
7705258 1
7712376 1
7715831 1
7729997 1
7735326 1
7741404 1
7745898 1
7746133 1
7755785 1
7761745 1
7765316 1
7768101 1
7772639 1
7777189 1
7777498 1
7782670 1
7805817 1
7817967 1
7821706 1
7822868 1
7823754 1
7830736 1
7832187 1
7833846 1
7834572 1
7837864 1
7837919 1
7845600 1
7845600 1
7864928 1
7874505 1
7876970 1
7881598 1
7882286 1
7888546 1
7888563 1
7888976 1
7894558 1
7899802 1
7907160 1
7909441 1
7912300 1
7915363 1
7921698 1
7927222 1
7931557 1
7932001 1
7934839 1
7938827 1
7944050 1
7946167 1
7950844 1
7954630 1
7955812 1
7955812 1
7959790 1
7969344 1
7975402 1
7983027 1
7987546 1
7994694 1
7998420 1
8006199 1
8006609 1
8009467 1
8015800 1
8017688 1
8021923 1
8022359 1
8030308 1
8030398 1
8031626 1
8034798 1
8034968 1
8035508 1
8037772 1
8038458 1
8042895 1
8044251 1
8044968 1
8045677 1
8051451 1
8053170 1
8053195 1
8053350 1
8054171 1
8056578 1
8057062 1
8058561 1
8061010 1
8061687 1
8063184 1
8068789 1
8068973 1
8069620 1
8070642 1
8072990 1
8075461 1
8076459 1
8076705 1
8079342 1
8082915 1
8083686 1
8084541 1
8085194 1
8091511 1
8106521 1
8110408 1
8115660 1
8118499 1
8121738 1
8122819 1
8124572 1
8124861 1
8124872 1
8127260 1
8128319 1
8130805 1
8130850 1
8132008 1
8133572 1
8138406 1
8141263 1
8151296 1
8155203 1
8155291 1
8156036 1
8157981 1
8163502 1
8165643 1
8166564 1
8187357 1
8191226 1
8191586 1
8191586 1
8196282 1
8206648 1
8207331 1
8214872 1
8217457 1
8218791 1
8219729 1
8222791 1
8223939 1
8225883 1
8242100 1
8242927 1
8248184 1
8271250 1
8272183 1
8272247 1
8273051 1
8275568 1
8296875 1
8299773 1
8303629 1
8305 1
26853 1
55328 1
83085 1
83087 1
83320 1
105708 1
111487 1
129455 1
139733 1
140015 1
150428 1
154127 1
154917 1
154917 1
156738 1
158267 1
177906 1
178315 1
183928 1
190516 1
198870 1
200648 1
224621 1
225427 1
232120 1
232878 1
232895 1
238132 1
238479 1
238479 1
240341 1
245233 1
270928 1
285359 1
303015 1
310124 1
327961 1
335461 1
342823 1
363950 1
373840 1
416398 1
449772 1
456648 1
461512 1
502474 1
560346 1
624016 1
624602 1
631092 1
645467 1
659827 1
670718 1
695469 1
722872 1
737588 1
752894 1
764994 1
773940 1
796543 1
798166 1
799210 1
805483 1
819755 1
840884 1
850261 1
854040 1
867624 1
869617 1
870819 1
917254 1
918574 1
932664 1
941290 1
953735 1
959155 1
967657 1
992577 1
994675 1
1010504 1
1013125 1
1037869 1
1038488 1
1042739 1
1044266 1
1050962 1
1065806 1
1068750 1
1071290 1
1083311 1
1092792 1
1093803 1
1113202 1
1117652 1
1118885 1
1122553 1
1123426 1
1138648 1
1138830 1
1160121 1
1186509 1
1190395 1
1212820 1
1222149 1
1229567 1
1243852 1
1245311 1
1250406 1
1254369 1
1289975 1
1309697 1
1313160 1
1313341 1
1328444 1
1340331 1
1344948 1
1348669 1
1351035 1
1381838 1
1446047 1
1452510 1
1458497 1
1479244 1
1488154 1
1491078 1
1493521 1
1505514 1
1513886 1
1541634 1
1541638 1
1550482 1
1572206 1
1578800 1
1591525 1
1596916 1
1609465 1
1624445 1
1631142 1
1645445 1
1657031 1
1676006 1
1679294 1
1688598 1
1690383 1
1696634 1
1708522 1
1712874 1
1759468 1
1774553 1
1776680 1
1788103 1
1808837 1
1828858 1
1857605 1
1859277 1
1868396 1
1874187 1
1892854 1
1899832 1
1909428 1
1911808 1
1968174 1
1974134 1
1975356 1
1976211 1
1992685 1
1995920 1
1997214 1
2001836 1
2018934 1
2027448 1
2046188 1
2063341 1
2063635 1
2074579 1
2117785 1
2126140 1
2126261 1
2126654 1
2147566 1
2155657 1
2157302 1
2171829 1
2180295 1
2187279 1
2200463 1
2204575 1
2211381 1
2233949 1
2236379 1
2256274 1
2276139 1
2290598 1
2298362 1
2321884 1
2340831 1
2341318 1
2341633 1
2343787 1
2383891 1
2399782 1
2408283 1
2411606 1
2421373 1
2421373 1
2427930 1
2431606 1
2436364 1
2440294 1
2445851 1
2446958 1
2456477 1
2460401 1
2464716 1
2476115 1
2479426 1
2502015 1
2510607 1
2512286 1
2593473 1
2597403 1
2614472 1
2620332 1
2635543 1
2635547 1
2663268 1
2679499 1
2682452 1
2728886 1
2754208 1
2762816 1
2767036 1
2781534 1
2796178 1
2807991 1
2813204 1
2818380 1
2835137 1
2836307 1
2836599 1
2841932 1
2848451 1
2865681 1
2881181 1
2897467 1
2904191 1
2912576 1
2913577 1
2934660 1
2945707 1
2948913 1
2948913 1
2975508 1
2994536 1
2996638 1
3006171 1
3032612 1
3034035 1
3045207 1
3054931 1
3054931 1
3059531 1
3073610 1
3085769 1
3118498 1
3120051 1
3143594 1
3144658 1
3144658 1
3144658 1
3144658 1
3144658 1
3144658 1
3144658 1
3144658 1
3144658 1
3144658 1
3144658 1
3144658 1
3144658 1
3156285 1
3158491 1
3185602 1
3186970 1
3190894 1
3194328 1
3197887 1
3200033 1
3211201 1
3231843 1
3258199 1
3258851 1
3266706 1
3270223 1
3277122 1
3289932 1
3298509 1
3300199 1
3301835 1
3302663 1
3304423 1
3304921 1
3319875 1
3366197 1
3405651 1
3407175 1
3412148 1
3433081 1
3433081 1
3434802 1
3439350 1
3439350 1
3444759 1
3450171 1
3469390 1
3470196 1
3470196 1
3474233 1
3521449 1
3529990 1
3529990 1
3557002 1
3558317 1
3559030 1
3567681 1
3591602 1
3619992 1
3658571 1
3659620 1
3659620 1
3664749 1
3679473 1
3688920 1
3694885 1
3702778 1
3711057 1
3727452 1
3727452 1
3734725 1
3759291 1
3762920 1
3771818 1
3781102 1
3786346 1
3819892 1
3821210 1
3823165 1
3846400 1
3849322 1
3859719 1
3861297 1
3862598 1
3871022 1
3871863 1
3876822 1
3903841 1
3904813 1
3912759 1
3967208 1
3979186 1
3991707 1
4015995 1
4016258 1
4047464 1
4058774 1
4058942 1
4091677 1
4096182 1
4096858 1
4138240 1
4163789 1
4165039 1
4193518 1
4201273 1
4204050 1
4227881 1
4229844 1
4232917 1
4237406 1
4250035 1
4254764 1
4264572 1
4326766 1
4347873 1
4373018 1
4387540 1
4397374 1
4403098 1
4433685 1
4465716 1
4465831 1
4474914 1
4478458 1
4479899 1
4505413 1
4505568 1
4519529 1
4536192 1
4539746 1
4577765 1
4589014 1
4619664 1
4632865 1
4639085 1
4679120 1
4685485 1
4685616 1
4687932 1
4711119 1
4738844 1
4761977 1
4806442 1
4823089 1
4825852 1
4828537 1
4833710 1
4837480 1
4837613 1
4843557 1
4845045 1
4862066 1
4877569 1
4878060 1
4887251 1
4894661 1
4906723 1
4906723 1
4920246 1
4927125 1
4939266 1
4941195 1
4957143 1
4963191 1
4966766 1
4966874 1
4975448 1
5000857 1
5019428 1
5019428 1
5047193 1
5049403 1
5060237 1
5061768 1
5066186 1
5069705 1
5072605 1
5079376 1
5079767 1
5090037 1
5111469 1
5112603 1
5119903 1
5145405 1
5157430 1
5172230 1
5172230 1
5253590 1
5255182 1
5259469 1
5260129 1
5262247 1
5286354 1
5287556 1
5289314 1
5310773 1
5320293 1
5326204 1
5331470 1
5361213 1
5374329 1
5418529 1
5421794 1
5423007 1
5428496 1
5430166 1
5439560 1
5439560 1
5450314 1
5452119 1
5462675 1
5462911 1
5483453 1
5488702 1
5519872 1
5555278 1
5569048 1
5593528 1
5600661 1
5620730 1
5639525 1
5645681 1
5645681 1
5650630 1
5656704 1
5663534 1
5689329 1
5707129 1
5715405 1
5725545 1
5735289 1
5753496 1
5771982 1
5771982 1
5773620 1
5788652 1
5788705 1
5806444 1
5807076 1
5841112 1
5849075 1
5850493 1
5856979 1
5864938 1
5872476 1
5872894 1
5881950 1
5920918 1
5922351 1
5924389 1
5932133 1
5956835 1
5962284 1
5962284 1
5982959 1
5999734 1
6005114 1
6013248 1
6030908 1
6051550 1
6051558 1
6063541 1
6076186 1
6087705 1
6088212 1
6090856 1
6100041 1
6107999 1
6113776 1
6121461 1
6135422 1
6144597 1
6147523 1
6149316 1
6153598 1
6164510 1
6195372 1
6225914 1
6229210 1
6274769 1
6287243 1
6303685 1
6308865 1
6314985 1
6321597 1
6332961 1
6356760 1
6360699 1
6374932 1
6376462 1
6396039 1
6414029 1
6416526 1
6416553 1
6421752 1
6440834 1
6443605 1
6445954 1
6473058 1
6481144 1
6497583 1
6502861 1
6503850 1
6510553 1
6513460 1
6513654 1
6518632 1
6528084 1
6547481 1
6557406 1
6565872 1
6598585 1
6607763 1
6621745 1
6633192 1
6643373 1
6647023 1
6656432 1
6657105 1
6667166 1
6667166 1
6687047 1
6688198 1
6705969 1
6713247 1
6728482 1
6778531 1
6798463 1
6810057 1
6860911 1
6862465 1
6868187 1
6875870 1
6892449 1
6919816 1
6921859 1
6923653 1
6923653 1
6927758 1
6932460 1
6943989 1
6944025 1
6962364 1
6962753 1
6975075 1
6981055 1
6981889 1
7011337 1
7012343 1
7018346 1
7026288 1
7033715 1
7056275 1
7067043 1
7083475 1
7137385 1
7144903 1
7199342 1
7207766 1
7220577 1
7227439 1
7231501 1
7234751 1
7249887 1
7275572 1
7277406 1
7284904 1
7295552 1
7316658 1
7318770 1
7328358 1
7329142 1
7330881 1
7331535 1
7334197 1
7348421 1
7370042 1
7370583 1
7380025 1
7394943 1
7399914 1
7412110 1
7413097 1
7474360 1
7484218 1
7484853 1
7485683 1
7498200 1
7527999 1
7574625 1
7587359 1
7595549 1
7606884 1
7627246 1
7635768 1
7636313 1
7651280 1
7652996 1
7686062 1
7734513 1
7741594 1
7746585 1
7748686 1
7755306 1
7768143 1
7775555 1
7776325 1
7791487 1
7805520 1
7835850 1
7839317 1
7850828 1
7853523 1
7871957 1
7887385 1
7889520 1
7895146 1
7895880 1
7905480 1
7911251 1
7914603 1
7918995 1
7920096 1
7920253 1
7923207 1
7941818 1
7946556 1
7966208 1
7974622 1
8010124 1
8012012 1
8033542 1
8035406 1
8036948 1
8038122 1
8038561 1
8066076 1
8076350 1
8080055 1
8092447 1
8093880 1
8104603 1
8108515 1
8113482 1
8124745 1
8125063 1
8131712 1
8143556 1
8144130 1
8163329 1
8191232 1
8191573 1
8211963 1
8212266 1
8214225 1
8260402 1
8293415 1
