1762 1
1854 1
4327 1
6652 1
7906 1
12796 1
15862 1
18737 1
21507 1
26833 1
27245 1
33293 1
33559 1
36817 1
37127 1
37465 1
45425 1
47849 1
58249 1
62391 1
63118 1
65586 1
67946 1
68094 1
69146 1
75106 1
81629 1
92415 1
95536 1
99542 1
100292 1
100800 1
102367 1
103018 1
104333 1
104482 1
105461 1
105642 1
107854 1
108322 1
109118 1
109232 1
109730 1
109889 1
111744 1
112346 1
113489 1
115566 1
115689 1
116063 1
118310 1
119590 1
119760 1
120551 1
121116 1
121301 1
121656 1
123330 1
125079 1
125188 1
125739 1
127293 1
127591 1
128113 1
128232 1
128975 1
129160 1
131031 1
132476 1
133709 1
135346 1
135644 1
135647 1
137047 1
137216 1
138155 1
139733 1
141707 1
143618 1
144035 1
144475 1
145446 1
147074 1
150275 1
151121 1
151830 1
151953 1
153237 1
154002 1
156065 1
156398 1
156887 1
159831 1
160422 1
160632 1
160865 1
163148 1
163882 1
164436 1
165003 1
165006 1
171095 1
172081 1
173285 1
173296 1
175256 1
175304 1
176206 1
176550 1
179175 1
183909 1
184598 1
185362 1
187071 1
188922 1
191053 1
191753 1
192957 1
193077 1
193890 1
194291 1
194312 1
197041 1
198192 1
198366 1
199143 1
199200 1
201656 1
204874 1
207043 1
207262 1
208799 1
209743 1
209919 1
211261 1
212407 1
213799 1
214543 1
216584 1
216974 1
217864 1
220478 1
221442 1
222070 1
222343 1
224051 1
225420 1
230191 1
230346 1
230610 1
230630 1
230851 1
238885 1
238892 1
241023 1
245024 1
247092 1
247332 1
249980 1
250301 1
250323 1
259545 1
261001 1
261205 1
265579 1
267289 1
268260 1
273460 1
276482 1
279860 1
280937 1
281337 1
283568 1
289426 1
300363 1
303303 1
304003 1
304111 1
309050 1
318712 1
318825 1
324430 1
326081 1
326492 1
326815 1
329942 1
339098 1
342581 1
355437 1
357299 1
358280 1
358547 1
361447 1
367468 1
367695 1
386023 1
389841 1
403501 1
424019 1
425082 1
428860 1
432999 1
434107 1
434187 1
440903 1
442547 1
442651 1
442657 1
446235 1
448705 1
449772 1
450059 1
450720 1
455649 1
459711 1
459781 1
478709 1
482438 1
484401 1
493812 1
499665 1
500422 1
503092 1
507065 1
510716 1
511235 1
514545 1
515775 1
516657 1
520929 1
536155 1
538420 1
553785 1
556137 1
558809 1
559619 1
559997 1
567933 1
573252 1
573468 1
573810 1
577215 1
577315 1
583913 1
586424 1
594897 1
597888 1
600297 1
602452 1
622069 1
644866 1
658023 1
671087 1
677613 1
682282 1
691853 1
716182 1
716186 1
719012 1
719954 1
721643 1
726272 1
728798 1
733249 1
733928 1
736978 1
740812 1
742789 1
744289 1
747476 1
750340 1
751695 1
756331 1
758620 1
760296 1
766612 1
770788 1
782266 1
796830 1
800478 1
800965 1
807807 1
809155 1
809195 1
812165 1
814740 1
826455 1
829545 1
831999 1
834140 1
835468 1
838092 1
839168 1
841614 1
843480 1
845502 1
846697 1
849973 1
852269 1
860903 1
863702 1
866787 1
868190 1
872260 1
897503 1
902581 1
902919 1
904812 1
911554 1
912338 1
913042 1
914584 1
921877 1
922215 1
923466 1
928417 1
929883 1
939123 1
939715 1
940573 1
942641 1
946174 1
947575 1
949892 1
951394 1
952067 1
952980 1
954986 1
961389 1
963715 1
965997 1
969531 1
979940 1
982362 1
982446 1
984330 1
985484 1
993769 1
994166 1
1002270 1
1013977 1
1017087 1
1020820 1
1024260 1
1027392 1
1028624 1
1031200 1
1036317 1
1043102 1
1044097 1
1045996 1
1051865 1
1054936 1
1056799 1
1060365 1
1062544 1
1063529 1
1063610 1
1063947 1
1068254 1
1068292 1
1069609 1
1070249 1
1071912 1
1071994 1
1072052 1
1072115 1
1073846 1
1074127 1
1077534 1
1078771 1
1078827 1
1079964 1
1080114 1
1082109 1
1083512 1
1091679 1
1091941 1
1094625 1
1099775 1
1100192 1
1100299 1
1100850 1
1107800 1
1109465 1
1109771 1
1109961 1
1121521 1
1126534 1
1126766 1
1126961 1
1127928 1
1131526 1
1133560 1
1136680 1
1137355 1
1138378 1
1151010 1
1152343 1
1161104 1
1162471 1
1163298 1
1163541 1
1165295 1
1167391 1
1170916 1
1176957 1
1179657 1
1180030 1
1185776 1
1188754 1
1204136 1
1204758 1
1206252 1
1207930 1
1208256 1
1209384 1
1210666 1
1211705 1
1214826 1
1215787 1
1218521 1
1219804 1
1221429 1
1222732 1
1223614 1
1225656 1
1225803 1
1225812 1
1226892 1
1228872 1
1234681 1
1238972 1
1239788 1
1240118 1
1240652 1
1240786 1
1241726 1
1241927 1
1258959 1
1266567 1
1269882 1
1272273 1
1273533 1
1273947 1
1274344 1
1287032 1
1289049 1
1292732 1
1294045 1
1294940 1
1295636 1
1296667 1
1303545 1
1304661 1
1306152 1
1307695 1
1309757 1
1312365 1
1324066 1
1326343 1
1328143 1
1328616 1
1344143 1
1345004 1
1349121 1
1355629 1
1356123 1
1375416 1
1390150 1
1396949 1
1401320 1
1401350 1
1411257 1
1412350 1
1418925 1
1423607 1
1430460 1
1430460 1
1432558 1
1433834 1
1433966 1
1433974 1
1434139 1
1434688 1
1435381 1
1442696 1
1442972 1
1443885 1
1446682 1
1448992 1
1451292 1
1466229 1
1471678 1
1475982 1
1479023 1
1480992 1
1486930 1
1491705 1
1495185 1
1497462 1
1497748 1
1499233 1
1507549 1
1509931 1
1523819 1
1527949 1
1528713 1
1530590 1
1533144 1
1536162 1
1546080 1
1547965 1
1549583 1
1554226 1
1556675 1
1565959 1
1571680 1
1575910 1
1577422 1
1579586 1
1582071 1
1584580 1
1586311 1
1588803 1
1594055 1
1595401 1
1598130 1
1598493 1
1600359 1
1604732 1
1609446 1
1609764 1
1610532 1
1629546 1
1629917 1
1640140 1
1641914 1
1646038 1
1646617 1
1647752 1
1648333 1
1652662 1
1657487 1
1660717 1
1661757 1
1662504 1
1663656 1
1664658 1
1664765 1
1669377 1
1671017 1
1671830 1
1675105 1
1677460 1
1685596 1
1685667 1
1687227 1
1689390 1
1694495 1
1694501 1
1697763 1
1700115 1
1702042 1
1702492 1
1702671 1
1705916 1
1708274 1
1708635 1
1715593 1
1717091 1
1722285 1
1723405 1
1725138 1
1726413 1
1728151 1
1728863 1
1729993 1
1730130 1
1730720 1
1733538 1
1735062 1
1735767 1
1738711 1
1740140 1
1744094 1
1756309 1
1758942 1
1761875 1
1761980 1
1764166 1
1766887 1
1766998 1
1769543 1
1780641 1
1782641 1
1783297 1
1784646 1
1784683 1
1788254 1
1789120 1
1790873 1
1792939 1
1798212 1
1801019 1
1804302 1
1805213 1
1820414 1
1827870 1
1827897 1
1833216 1
1843280 1
1843733 1
1848832 1
1855524 1
1856084 1
1859196 1
1859410 1
1859455 1
1864104 1
1868919 1
1876189 1
1878541 1
1878930 1
1880330 1
1881392 1
1884015 1
1891315 1
1895150 1
1902964 1
1903276 1
1903974 1
1905379 1
1912058 1
1918522 1
1919769 1
1919779 1
1922916 1
1935963 1
1937121 1
1957010 1
1958139 1
1960143 1
1964696 1
1968587 1
1970043 1
1973745 1
1992347 1
1994256 1
1997013 1
1997829 1
1999108 1
1999981 1
1999996 1
2001769 1
2003724 1
2006990 1
2010045 1
2011528 1
2012823 1
2018676 1
2019193 1
2020789 1
2032120 1
2037037 1
2052743 1
2052743 1
2058610 1
2062648 1
2064502 1
2073511 1
2084206 1
2084589 1
2085474 1
2085695 1
2087387 1
2093935 1
2097240 1
2097519 1
2097805 1
2102385 1
2105100 1
2105102 1
2106642 1
2108173 1
2108842 1
2109638 1
2110990 1
2111336 1
2113330 1
2114909 1
2115945 1
2116139 1
2116317 1
2119399 1
2124774 1
2126101 1
2132795 1
2134866 1
2137801 1
2151126 1
2152546 1
2152877 1
2164905 1
2170843 1
2170845 1
2183206 1
2185600 1
2186948 1
2190093 1
2191186 1
2193592 1
2196308 1
2196402 1
2213124 1
2213796 1
2231895 1
2248655 1
2260110 1
2262777 1
2263321 1
2266618 1
2277646 1
2284971 1
2286092 1
2286637 1
2291085 1
2291214 1
2291395 1
2294236 1
2296278 1
2297682 1
2306435 1
2313649 1
2319604 1
2336275 1
2342502 1
2343977 1
2363310 1
2370425 1
2370957 1
2379333 1
2381903 1
2397854 1
2406713 1
2409315 1
2409316 1
2412332 1
2418834 1
2426066 1
2430786 1
2438135 1
2439424 1
2439749 1
2439805 1
2441025 1
2441583 1
2441824 1
2441853 1
2442035 1
2442629 1
2443511 1
2443777 1
2448804 1
2459293 1
2460441 1
2460551 1
2461454 1
2462039 1
2475009 1
2476550 1
2478466 1
2484621 1
2486371 1
2502287 1
2517582 1
2523456 1
2525447 1
2529011 1
2530773 1
2533702 1
2535802 1
2538841 1
2542204 1
2548061 1
2548402 1
2581634 1
2582892 1
2590325 1
2590597 1
2592194 1
2593430 1
2605773 1
2617556 1
2621864 1
2623381 1
2624404 1
2629625 1
2641466 1
2645433 1
2645603 1
2650961 1
2657762 1
2660783 1
2661343 1
2666892 1
2667119 1
2668302 1
2672843 1
2675817 1
2678992 1
2682855 1
2684520 1
2684796 1
2686381 1
2694492 1
2710568 1
2712220 1
2723186 1
2723840 1
2726560 1
2727857 1
2730630 1
2731478 1
2732246 1
2737174 1
2738507 1
2747245 1
2750956 1
2753641 1
2758103 1
2773959 1
2774355 1
2780967 1
2781699 1
2785988 1
2786317 1
2788865 1
2789192 1
2793252 1
2793515 1
2797392 1
2800044 1
2800926 1
2805834 1
2808532 1
2809685 1
2812179 1
2817919 1
2823635 1
2826045 1
2827842 1
2836348 1
2837393 1
2837560 1
2840875 1
2847944 1
2852496 1
2860741 1
2878864 1
2879632 1
2879896 1
2880943 1
2883258 1
2886383 1
2894688 1
2898503 1
2900005 1
2906951 1
2907067 1
2909149 1
2916945 1
2917986 1
2919860 1
2922820 1
2927951 1
2929366 1
2931068 1
2931458 1
2936049 1
2939914 1
2940796 1
2945531 1
2945647 1
2947187 1
2949700 1
2951064 1
2953146 1
2957847 1
2959632 1
2964976 1
2966045 1
2969470 1
2978051 1
2992957 1
2997733 1
3001955 1
3002968 1
3004712 1
3007630 1
3009392 1
3011250 1
3016286 1
3016572 1
3016756 1
3017907 1
3022781 1
3024624 1
3026346 1
3026460 1
3030019 1
3030642 1
3036349 1
3038876 1
3039756 1
3046121 1
3047427 1
3047457 1
3048418 1
3049768 1
3053679 1
3054741 1
3055990 1
3068179 1
3077285 1
3079389 1
3085376 1
3091635 1
3094730 1
3096555 1
3097919 1
3100286 1
3101350 1
3105343 1
3105576 1
3109877 1
3112614 1
3119049 1
3120949 1
3121254 1
3123307 1
3123859 1
3128766 1
3139388 1
3140905 1
3149058 1
3152638 1
3153769 1
3156178 1
3161562 1
3163632 1
3163750 1
3171486 1
3174177 1
3174177 1
3178260 1
3179389 1
3180585 1
3181071 1
3181743 1
3188652 1
3189359 1
3193657 1
3199551 1
3204334 1
3214500 1
3222978 1
3223491 1
3224156 1
3225474 1
3235151 1
3235429 1
3236068 1
3236449 1
3245781 1
3247412 1
3249818 1
3249831 1
3258776 1
3259789 1
3260294 1
3261398 1
3267247 1
3271276 1
3272662 1
3273210 1
3274088 1
3276380 1
3276589 1
3276969 1
3278230 1
3279344 1
3281696 1
3286287 1
3289899 1
3292168 1
3300760 1
3302343 1
3302734 1
3303543 1
3304153 1
3305779 1
3309213 1
3322197 1
3324623 1
3327635 1
3329783 1
3334356 1
3345057 1
3346323 1
3359365 1
3361328 1
3366391 1
3368710 1
3372354 1
3374573 1
3380149 1
3382951 1
3384052 1
3387791 1
3388647 1
3388735 1
3390774 1
3405792 1
3407283 1
3407696 1
3408738 1
3415080 1
3427070 1
3433531 1
3433805 1
3436883 1
3437984 1
3438242 1
3439468 1
3447364 1
3451622 1
3453015 1
3471179 1
3473179 1
3475458 1
3476269 1
3485239 1
3485654 1
3487892 1
3502488 1
3504739 1
3510558 1
3514755 1
3517451 1
3522659 1
3526068 1
3526641 1
3530031 1
3531260 1
3538637 1
3553039 1
3559354 1
3568021 1
3570547 1
3573036 1
3574937 1
3576881 1
3578710 1
3581305 1
3581374 1
3590306 1
3591707 1
3592893 1
3595208 1
3598134 1
3603171 1
3611642 1
3614621 1
3615788 1
3615949 1
3625688 1
3636655 1
3638259 1
3638946 1
3653449 1
3658598 1
3660894 1
3662443 1
3665879 1
3668003 1
3675661 1
3678517 1
3686024 1
3687391 1
3696213 1
3701815 1
3709284 1
3716662 1
3717477 1
3718310 1
3739283 1
3747044 1
3749695 1
3759807 1
3764000 1
3771367 1
3777061 1
3779730 1
3782066 1
3783718 1
3783862 1
3784397 1
3786386 1
3786584 1
3786872 1
3803789 1
3809200 1
3811073 1
3812904 1
3813895 1
3814449 1
3814511 1
3815287 1
3825690 1
3828641 1
3833313 1
3846120 1
3846140 1
3854455 1
3855313 1
3856650 1
3858873 1
3861988 1
3862564 1
3863373 1
3866762 1
3867844 1
3871349 1
3871542 1
3871641 1
3874105 1
3877145 1
3877626 1
3878987 1
3881760 1
3886666 1
3891855 1
3893042 1
3895427 1
3898369 1
3898758 1
3904905 1
3912759 1
3914122 1
3915425 1
3935502 1
3935732 1
3936517 1
3944215 1
3944846 1
3945372 1
3948767 1
3953682 1
3954845 1
3955079 1
3955828 1
3961585 1
3968253 1
3968868 1
3970017 1
3970101 1
3982014 1
3983249 1
3985478 1
3988475 1
3989552 1
4007608 1
4012057 1
4013062 1
4014539 1
4019444 1
4028982 1
4029039 1
4029896 1
4032962 1
4053766 1
4059687 1
4062442 1
4064924 1
4065992 1
4066732 1
4069070 1
4069643 1
4071094 1
4084075 1
4085030 1
4085419 1
4086896 1
4087785 1
4090959 1
4093814 1
4106745 1
4112171 1
4129479 1
4137385 1
4140011 1
4142031 1
4145034 1
4153519 1
4161816 1
4162412 1
4162624 1
4164716 1
4164901 1
4166501 1
4168526 1
4173095 1
4174222 1
4177308 1
4181469 1
4183412 1
4185755 1
4188308 1
4189261 1
4190034 1
4190502 1
4191612 1
4194266 1
4197110 1
4197952 1
4198785 1
4199255 1
4201482 1
4209402 1
4210384 1
4212365 1
4213083 1
4214584 1
4215894 1
4216155 1
4217192 1
4217841 1
4226072 1
4229839 1
4236465 1
4246993 1
4256660 1
4260810 1
4261968 1
4264992 1
4268065 1
4270023 1
4275487 1
4277069 1
4280982 1
4281132 1
4281362 1
4282817 1
4285597 1
4293307 1
4296794 1
4299354 1
4306135 1
4318262 1
4319405 1
4321994 1
4323791 1
4337272 1
4337337 1
4337896 1
4340198 1
4340422 1
4342253 1
4345280 1
4345438 1
4345754 1
4346445 1
4349786 1
4350074 1
4351311 1
4357114 1
4358072 1
4359814 1
4362919 1
4367989 1
4370851 1
4374149 1
4374456 1
4375264 1
4375508 1
4377599 1
4379429 1
4380384 1
4383782 1
4386373 1
4387641 1
4390623 1
4396882 1
4401668 1
4402706 1
4405464 1
4424762 1
4426743 1
4429671 1
4438454 1
4444586 1
4445482 1
4448691 1
4449655 1
4465136 1
4465147 1
4478196 1
4479789 1
4480283 1
4482507 1
4497917 1
4500480 1
4505014 1
4505247 1
4513853 1
4516435 1
4519478 1
4520882 1
4532963 1
4535001 1
4535187 1
4542445 1
4546360 1
4558783 1
4562139 1
4565974 1
4567066 1
4571467 1
4571728 1
4573204 1
4587261 1
4589341 1
4609609 1
4614272 1
4616532 1
4621497 1
4633730 1
4640025 1
4643960 1
4649090 1
4649226 1
4659568 1
4659855 1
4667929 1
4670252 1
4673608 1
4673698 1
4680571 1
4686989 1
4694499 1
4694719 1
4696821 1
4702392 1
4708005 1
4717443 1
4719712 1
4729454 1
4730945 1
4731776 1
4735350 1
4736981 1
4746818 1
4757110 1
4767555 1
4767765 1
4768870 1
4780319 1
4787451 1
4791505 1
4793305 1
4794415 1
4796196 1
4798243 1
4798526 1
4798809 1
4799903 1
4799962 1
4799972 1
4800666 1
4801919 1
4804464 1
4805257 1
4807708 1
4807808 1
4810302 1
4813857 1
4815684 1
4817888 1
4827029 1
4827525 1
4833294 1
4833725 1
4835165 1
4835742 1
4837888 1
4839181 1
4842823 1
4846071 1
4849254 1
4854134 1
4854787 1
4858167 1
4859283 1
4860265 1
4868276 1
4869085 1
4873242 1
4879383 1
4883234 1
4885020 1
4892796 1
4893296 1
4902687 1
4905781 1
4908404 1
4909194 1
4922447 1
4922492 1
4937351 1
4959340 1
4963685 1
4998014 1
4999662 1
5004628 1
5008063 1
5015120 1
5017250 1
5023087 1
5026970 1
5030273 1
5038328 1
5045738 1
5059471 1
5070753 1
5075049 1
5075810 1
5081287 1
5087429 1
5097127 1
5107645 1
5113872 1
5117611 1
5117998 1
5123695 1
5139607 1
5168309 1
5173292 1
5174299 1
5178435 1
5203217 1
5203540 1
5213477 1
5214672 1
5218124 1
5220732 1
5222521 1
5222691 1
5224866 1
5237868 1
5237984 1
5238966 1
5239589 1
5239912 1
5242711 1
5251472 1
5260942 1
5262081 1
5263658 1
5267048 1
5272129 1
5275891 1
5284199 1
5285846 1
5291201 1
5295131 1
5306652 1
5323227 1
5323293 1
5328717 1
5333239 1
5334232 1
5343481 1
5347073 1
5347407 1
5347655 1
5349158 1
5349893 1
5350817 1
5351524 1
5364211 1
5364994 1
5373683 1
5374006 1
5374106 1
5376905 1
5377328 1
5379341 1
5389476 1
5394204 1
5416520 1
5416629 1
5416705 1
5423684 1
5426034 1
5427722 1
5429715 1
5429978 1
5432977 1
5435425 1
5438584 1
5441558 1
5444815 1
5445420 1
5445956 1
5448783 1
5449555 1
5453443 1
5463667 1
5468195 1
5469633 1
5471750 1
5482221 1
5495626 1
5497960 1
5498764 1
5503106 1
5505793 1
5505795 1
5510491 1
5515051 1
5517758 1
5518967 1
5519702 1
5522672 1
5524155 1
5526757 1
5528046 1
5529201 1
5529915 1
5532656 1
5536009 1
5537631 1
5541648 1
5545967 1
5546339 1
5547662 1
5548811 1
5549940 1
5563255 1
5567161 1
5586920 1
5590472 1
5593688 1
5595739 1
5599442 1
5605522 1
5609787 1
5615044 1
5616892 1
5617360 1
5619048 1
5621198 1
5626665 1
5634073 1
5637030 1
5640961 1
5641076 1
5646751 1
5649163 1
5658967 1
5661180 1
5663911 1
5665106 1
5665304 1
5666055 1
5667520 1
5678312 1
5679173 1
5679563 1
5680658 1
5681571 1
5681837 1
5682856 1
5683544 1
5687048 1
5687988 1
5688659 1
5692314 1
5692585 1
5693851 1
5694275 1
5694399 1
5694878 1
5695855 1
5697318 1
5701383 1
5705248 1
5709177 1
5710429 1
5710955 1
5720437 1
5720695 1
5722499 1
5723131 1
5725168 1
5733038 1
5735032 1
5752547 1
5757188 1
5774247 1
5777989 1
5791073 1
5803454 1
5806066 1
5806961 1
5808541 1
5809291 1
5810379 1
5815621 1
5816812 1
5818467 1
5820516 1
5820611 1
5821080 1
5821431 1
5821461 1
5825421 1
5827051 1
5828750 1
5841077 1
5853791 1
5854992 1
5856513 1
5858353 1
5863174 1
5863275 1
5868960 1
5872817 1
5873500 1
5878310 1
5878889 1
5879046 1
5882515 1
5885688 1
5887784 1
5889729 1
5903591 1
5906157 1
5906561 1
5921526 1
5922775 1
5925444 1
5928018 1
5928052 1
5929460 1
5933917 1
5944500 1
5948523 1
5948610 1
5948894 1
5951653 1
5952468 1
5962555 1
5962761 1
5966292 1
5971374 1
5973003 1
5981413 1
5982879 1
5991496 1
5991666 1
5994173 1
5996365 1
5996732 1
5998441 1
5999330 1
6002831 1
6013806 1
6014652 1
6021374 1
6025754 1
6030223 1
6031997 1
6033781 1
6033879 1
6037040 1
6044279 1
6045232 1
6052155 1
6055022 1
6064257 1
6068401 1
6073071 1
6073215 1
6077923 1
6097289 1
6106418 1
6107305 1
6121023 1
6127050 1
6132680 1
6153651 1
6154364 1
6170943 1
6171510 1
6182978 1
6185123 1
6193157 1
6196298 1
6198467 1
6198550 1
6201907 1
6228009 1
6228408 1
6229099 1
6230230 1
6234307 1
6234436 1
6235551 1
6238664 1
6240554 1
6244081 1
6256700 1
6264263 1
6274406 1
6277999 1
6280873 1
6286906 1
6304590 1
6305556 1
6307586 1
6307672 1
6310197 1
6316099 1
6321510 1
6324413 1
6330669 1
6334310 1
6334919 1
6336754 1
6339395 1
6339468 1
6339753 1
6341229 1
6341741 1
6342969 1
6343175 1
6344374 1
6345200 1
6345641 1
6350821 1
6354223 1
6354240 1
6354266 1
6355174 1
6355596 1
6358734 1
6359595 1
6361540 1
6363638 1
6364233 1
6365142 1
6365593 1
6371622 1
6372106 1
6373095 1
6378563 1
6380114 1
6380391 1
6381826 1
6382587 1
6382656 1
6382801 1
6384599 1
6395092 1
6403567 1
6404725 1
6404857 1
6407538 1
6407635 1
6420429 1
6422271 1
6423771 1
6426052 1
6432911 1
6437789 1
6439096 1
6446844 1
6466639 1
6480807 1
6481406 1
6482037 1
6484988 1
6485426 1
6485714 1
6485878 1
6488736 1
6491899 1
6492562 1
6500882 1
6503883 1
6509406 1
6517799 1
6521945 1
6529652 1
6532999 1
6533077 1
6534195 1
6536557 1
6537496 1
6539313 1
6540925 1
6543590 1
6544083 1
6544365 1
6546185 1
6547766 1
6548721 1
6551581 1
6551666 1
6552250 1
6557792 1
6559340 1
6560398 1
6561751 1
6570659 1
6577170 1
6578486 1
6580019 1
6581829 1
6583571 1
6588316 1
6593765 1
6600304 1
6604186 1
6605844 1
6605960 1
6611333 1
6612219 1
6616728 1
6620469 1
6620635 1
6622936 1
6623791 1
6625092 1
6625113 1
6625260 1
6626181 1
6629141 1
6640385 1
6644367 1
6646498 1
6647777 1
6648274 1
6649972 1
6651878 1
6652667 1
6654035 1
6661186 1
6662072 1
6667045 1
6674501 1
6676183 1
6678967 1
6680812 1
6687253 1
6692080 1
6692443 1
6693015 1
6702610 1
6704405 1
6711029 1
6714992 1
6722803 1
6724671 1
6726057 1
6726287 1
6727566 1
6730001 1
6730449 1
6732493 1
6738015 1
6739736 1
6740166 1
6740761 1
6741502 1
6743501 1
6743966 1
6748467 1
6750794 1
6750982 1
6751210 1
6755199 1
6762476 1
6764484 1
6768919 1
6769295 1
6769744 1
6772743 1
6772753 1
6773309 1
6775026 1
6775415 1
6777827 1
6779281 1
6785929 1
6800352 1
6802713 1
6802867 1
6807684 1
6825749 1
6829326 1
6830513 1
6832058 1
6841896 1
6841940 1
6849533 1
6849807 1
6851926 1
6852746 1
6852763 1
6855375 1
6856117 1
6856936 1
6859748 1
6864664 1
6864974 1
6865378 1
6882548 1
6884413 1
6891322 1
6894102 1
6897193 1
6902064 1
6916843 1
6921100 1
6925499 1
6927689 1
6929793 1
6931108 1
6931634 1
6933081 1
6934418 1
6934707 1
6935797 1
6936588 1
6937989 1
6940471 1
6943800 1
6949076 1
6953342 1
6957423 1
6958623 1
6960355 1
6960574 1
6961682 1
6962753 1
6971005 1
6972247 1
6973979 1
6974844 1
6975025 1
6975033 1
6978293 1
6980021 1
6983209 1
6988052 1
6994008 1
6994190 1
6994197 1
6994845 1
6995065 1
6996684 1
6997557 1
7000134 1
7002099 1
7002247 1
7003022 1
7006933 1
7007042 1
7010960 1
7012653 1
7018673 1
7022507 1
7022862 1
7025072 1
7026770 1
7027438 1
7028622 1
7029077 1
7029253 1
7029680 1
7029966 1
7030499 1
7030694 1
7038989 1
7040257 1
7042620 1
7043439 1
7044955 1
7045335 1
7046303 1
7050792 1
7052766 1
7053301 1
7055328 1
7056908 1
7058545 1
7061687 1
7062018 1
7067107 1
7074154 1
7074425 1
7074427 1
7076999 1
7077405 1
7077486 1
7098556 1
7100303 1
7104852 1
7105603 1
7106800 1
7107721 1
7107968 1
7108132 1
7108492 1
7108566 1
7109627 1
7110908 1
7112930 1
7112931 1
7113388 1
7115611 1
7115997 1
7116428 1
7116999 1
7118407 1
7119951 1
7121381 1
7123668 1
7124109 1
7126062 1
7129085 1
7129086 1
7138798 1
7143332 1
7144372 1
7144749 1
7144766 1
7144905 1
7151469 1
7163313 1
7171742 1
7174329 1
7191889 1
7194728 1
7195256 1
7196956 1
7198553 1
7199158 1
7204918 1
7205281 1
7210010 1
7211192 1
7212179 1
7213407 1
7215418 1
7221658 1
7223687 1
7223854 1
7227513 1
7227653 1
7232609 1
7232833 1
7233731 1
7258406 1
7260161 1
7267142 1
7268142 1
7271423 1
7272863 1
7274301 1
7278540 1
7279007 1
7279683 1
7279840 1
7281443 1
7288211 1
7289365 1
7304946 1
7306678 1
7314640 1
7318314 1
7320666 1
7321836 1
7322011 1
7323310 1
7323870 1
7323923 1
7325882 1
7327225 1
7328103 1
7328842 1
7329416 1
7330785 1
7332295 1
7338141 1
7339213 1
7344635 1
7344912 1
7345004 1
7345550 1
7354581 1
7359530 1
7360923 1
7362958 1
7365229 1
7366894 1
7368737 1
7371895 1
7377558 1
7379742 1
7379886 1
7380537 1
7382162 1
7387422 1
7390096 1
7390561 1
7393749 1
7406840 1
7406953 1
7412364 1
7412569 1
7418894 1
7421129 1
7421217 1
7423937 1
7436699 1
7436844 1
7438687 1
7441491 1
7445238 1
7445477 1
7449575 1
7457003 1
7458304 1
7462273 1
7466377 1
7483005 1
7485845 1
7492189 1
7499346 1
7505417 1
7506157 1
7510445 1
7510576 1
7511040 1
7513421 1
7514297 1
7523998 1
7524605 1
7525003 1
7527171 1
7528525 1
7539757 1
7549296 1
7552307 1
7563273 1
7563849 1
7568295 1
7578940 1
7591429 1
7591834 1
7595906 1
7595985 1
7602957 1
7608565 1
7610611 1
7612283 1
7615165 1
7615169 1
7618727 1
7624442 1
7629555 1
7631563 1
7633890 1
7635680 1
7635828 1
7638759 1
7644045 1
7644131 1
7646882 1
7648787 1
7652676 1
7653275 1
7654718 1
7655978 1
7656611 1
7656747 1
7659587 1
7661119 1
7663173 1
7666743 1
7666775 1
7667021 1
7670603 1
7673104 1
7678919 1
7680889 1
7681385 1
7682766 1
7691227 1
7694244 1
7699107 1
7713768 1
7713857 1
7714444 1
7730128 1
7733623 1
7740350 1
7747131 1
7750935 1
7759503 1
7761057 1
7772545 1
7776392 1
7777033 1
7778653 1
7789269 1
7791685 1
7799415 1
7805224 1
7805534 1
7826782 1
7827966 1
7828745 1
7833368 1
7842108 1
7846761 1
7851878 1
7854575 1
7857795 1
7866072 1
7869340 1
7870539 1
7872946 1
7881568 1
7883033 1
7884858 1
7889780 1
7892402 1
7894922 1
7895628 1
7900624 1
7907669 1
7911932 1
7917314 1
7924269 1
7925123 1
7927453 1
7928387 1
7940967 1
7942640 1
7946282 1
7946625 1
7947672 1
7948448 1
7951446 1
7951709 1
7955630 1
7957255 1
7957298 1
7971515 1
7971959 1
7978336 1
7987013 1
7995878 1
7995995 1
7997173 1
7997923 1
7998449 1
7998463 1
7999466 1
8000179 1
8001008 1
8003743 1
8003956 1
8004745 1
8007334 1
8008771 1
8010654 1
8011031 1
8011658 1
8012219 1
8012867 1
8014774 1
8015622 1
8016468 1
8027166 1
8029556 1
8030986 1
8031103 1
8032259 1
8033589 1
8034274 1
8035406 1
8035798 1
8041179 1
8042045 1
8044826 1
8045627 1
8046584 1
8047943 1
8052719 1
8052998 1
8054274 1
8054881 1
8057146 1
8060419 1
8061581 1
8064403 1
8064865 1
8070817 1
8071311 1
8071443 1
8072564 1
8074053 1
8075397 1
8076509 1
8077398 1
8077818 1
8081100 1
8083347 1
8086681 1
8086792 1
8087252 1
8087508 1
8087547 1
8087939 1
8088240 1
8088770 1
8088891 1
8089031 1
8089726 1
8090822 1
8091576 1
8092036 1
8092719 1
8097607 1
8098075 1
8098666 1
8098956 1
8099118 1
8099995 1
8100522 1
8102203 1
8103533 1
8104402 1
8106083 1
8106312 1
8106989 1
8108748 1
8108816 1
8108932 1
8110871 1
8113784 1
8114169 1
8115484 1
8116247 1
8116276 1
8117132 1
8117598 1
8119879 1
8119905 1
8120002 1
8120039 1
8120139 1
8120772 1
8121130 1
8121314 1
8121345 1
8123583 1
8123866 1
8126270 1
8127969 1
8128299 1
8130438 1
8131131 1
8133288 1
8133821 1
8134040 1
8135628 1
8137761 1
8138249 1
8139129 1
8142320 1
8142353 1
8142581 1
8143507 1
8144237 1
8145542 1
8147145 1
8147797 1
8148070 1
8148653 1
8148663 1
8149370 1
8150178 1
8150894 1
8151205 1
8151403 1
8152551 1
8152857 1
8153576 1
8154115 1
8154604 1
8157100 1
8157527 1
8158802 1
8160467 1
8161405 1
8163064 1
8165238 1
8167139 1
8170124 1
8180245 1
8185066 1
8187485 1
8187506 1
8188356 1
8188714 1
8195503 1
8204437 1
8211178 1
8212440 1
8216525 1
8223619 1
8229180 1
8231923 1
8248877 1
8256615 1
8259333 1
8264403 1
8267657 1
8270765 1
8272926 1
8285361 1
8298761 1
8151 1
8628 1
15350 1
16489 1
21003 1
21734 1
23158 1
27731 1
32360 1
34309 1
35970 1
40754 1
40983 1
43009 1
45146 1
46092 1
46339 1
48766 1
52098 1
53102 1
57357 1
60481 1
61261 1
63052 1
64341 1
68698 1
85450 1
99788 1
100019 1
100227 1
101622 1
101925 1
106335 1
106582 1
109814 1
112070 1
112100 1
112518 1
114086 1
114351 1
115183 1
115836 1
117102 1
118183 1
120186 1
120397 1
121628 1
123531 1
123796 1
125081 1
125537 1
126291 1
130158 1
130791 1
131969 1
132156 1
132340 1
132553 1
132741 1
132809 1
133398 1
134232 1
135581 1
135929 1
139390 1
141577 1
142696 1
143825 1
144430 1
147290 1
147554 1
148622 1
148871 1
151209 1
152133 1
152328 1
152486 1
153919 1
156549 1
159919 1
162708 1
163466 1
164832 1
165117 1
166450 1
166545 1
169841 1
170382 1
170520 1
172145 1
173533 1
174033 1
174055 1
174080 1
174085 1
174908 1
176600 1
177228 1
177999 1
179740 1
179748 1
179786 1
181737 1
181818 1
185851 1
186618 1
186898 1
187190 1
187697 1
187829 1
187917 1
192303 1
193784 1
194337 1
195651 1
196738 1
197754 1
197962 1
198312 1
203107 1
204248 1
204814 1
206123 1
206301 1
208359 1
208885 1
209322 1
210318 1
210400 1
211760 1
213359 1
217155 1
217411 1
218161 1
218925 1
219556 1
219787 1
220202 1
220222 1
221315 1
221495 1
221913 1
223986 1
224819 1
225868 1
229030 1
229756 1
230892 1
231157 1
239914 1
247096 1
249460 1
249908 1
252304 1
259605 1
262546 1
268187 1
269792 1
286392 1
289073 1
290373 1
290556 1
296947 1
297773 1
299211 1
299318 1
304261 1
308121 1
308384 1
311847 1
315599 1
315764 1
322576 1
326942 1
327377 1
332462 1
333402 1
338460 1
343180 1
343184 1
345907 1
358897 1
361662 1
364518 1
367904 1
368928 1
373894 1
387512 1
391726 1
399085 1
400596 1
415393 1
425787 1
437315 1
441139 1
443000 1
443007 1
446611 1
448557 1
449005 1
449137 1
449702 1
451338 1
453381 1
454257 1
455201 1
459750 1
460369 1
474897 1
475480 1
483994 1
487736 1
488577 1
490292 1
496316 1
501675 1
505996 1
542303 1
549655 1
552112 1
554130 1
554258 1
558913 1
565823 1
566786 1
568882 1
576203 1
582685 1
584383 1
585680 1
597993 1
600165 1
605458 1
613169 1
622436 1
642075 1
644571 1
650557 1
652826 1
655592 1
658325 1
666953 1
687362 1
688605 1
699524 1
702297 1
703468 1
706417 1
709688 1
718330 1
719650 1
724286 1
726970 1
728168 1
737010 1
739378 1
746151 1
752807 1
752917 1
752934 1
753650 1
761638 1
772897 1
775100 1
790150 1
801086 1
804342 1
804791 1
816440 1
818113 1
825397 1
825932 1
826195 1
826581 1
831465 1
831610 1
831862 1
832418 1
833563 1
835965 1
838309 1
842516 1
843606 1
861275 1
863576 1
864179 1
867258 1
870243 1
871192 1
872366 1
877496 1
879014 1
883796 1
890152 1
899551 1
900309 1
903008 1
904181 1
908921 1
909129 1
911548 1
911812 1
912459 1
916370 1
922083 1
923462 1
924479 1
924681 1
931533 1
932412 1
933339 1
934425 1
938553 1
939766 1
940408 1
941907 1
944434 1
958373 1
963811 1
967657 1
971329 1
972231 1
975274 1
975660 1
979298 1
981469 1
981622 1
984784 1
986092 1
995679 1
1000397 1
1023066 1
1024102 1
1024213 1
1032153 1
1036442 1
1036587 1
1041937 1
1042835 1
1047117 1
1054091 1
1054827 1
1067486 1
1068497 1
1069980 1
1071805 1
1076793 1
1078207 1
1078805 1
1080754 1
1081997 1
1087006 1
1088849 1
1089802 1
1092838 1
1093243 1
1093358 1
1097689 1
1099376 1
1100602 1
1107511 1
1107964 1
1118179 1
1122168 1
1127286 1
1127804 1
1132885 1
1134906 1
1135255 1
1136266 1
1136942 1
1138830 1
1141038 1
1147775 1
1150277 1
1163401 1
1165468 1
1165477 1
1165582 1
1165680 1
1165711 1
1167342 1
1170899 1
1171068 1
1173279 1
1175984 1
1182163 1
1182857 1
1184603 1
1194132 1
1195073 1
1197613 1
1198920 1
1199783 1
1199818 1
1200026 1
1201729 1
1202065 1
1207641 1
1209125 1
1211676 1
1213127 1
1213524 1
1214848 1
1215736 1
1219587 1
1220294 1
1221473 1
1230051 1
1230718 1
1240258 1
1242392 1
1242396 1
1247854 1
1249145 1
1250197 1
1251272 1
1256706 1
1258551 1
1262133 1
1264862 1
1270994 1
1273965 1
1274831 1
1287256 1
1289133 1
1290872 1
1294586 1
1302776 1
1310627 1
1311068 1
1314221 1
1317578 1
1326032 1
1326110 1
1329637 1
1330520 1
1332860 1
1332880 1
1338689 1
1340098 1
1340195 1
1343250 1
1347380 1
1348278 1
1349080 1
1355362 1
1363181 1
1364523 1
1373011 1
1374115 1
1374717 1
1380079 1
1380794 1
1387656 1
1389736 1
1391933 1
1399118 1
1401138 1
1411141 1
1420679 1
1424320 1
1428242 1
1432183 1
1432584 1
1438042 1
1438777 1
1440932 1
1443109 1
1448187 1
1450414 1
1451758 1
1452223 1
1453539 1
1455887 1
1466044 1
1473420 1
1482189 1
1484238 1
1485398 1
1490870 1
1491078 1
1495476 1
1497012 1
1498531 1
1508035 1
1510101 1
1523965 1
1525449 1
1526684 1
1529919 1
1530063 1
1541921 1
1542180 1
1543989 1
1546881 1
1548295 1
1560698 1
1586414 1
1588991 1
1590538 1
1591384 1
1591994 1
1592538 1
1592933 1
1597314 1
1601004 1
1601320 1
1603732 1
1604187 1
1606069 1
1607879 1
1609939 1
1610033 1
1610564 1
1610625 1
1619415 1
1619622 1
1621204 1
1621695 1
1623164 1
1629464 1
1629505 1
1635789 1
1641802 1
1649275 1
1652788 1
1657418 1
1659963 1
1662346 1
1664381 1
1666547 1
1669203 1
1670123 1
1670325 1
1672855 1
1675570 1
1676830 1
1680309 1
1683210 1
1685731 1
1689639 1
1694303 1
1695317 1
1719633 1
1721438 1
1723926 1
1724340 1
1724625 1
1724939 1
1729098 1
1729629 1
1729682 1
1729904 1
1730231 1
1731274 1
1733244 1
1739311 1
1745552 1
1747373 1
1761488 1
1784382 1
1785134 1
1785586 1
1786262 1
1788297 1
1790915 1
1795584 1
1798287 1
1804057 1
1807525 1
1814767 1
1817210 1
1818099 1
1821368 1
1822750 1
1826542 1
1828781 1
1829970 1
1834337 1
1842154 1
1845372 1
1847411 1
1847669 1
1853913 1
1853928 1
1854993 1
1855558 1
1857489 1
1864296 1
1868376 1
1874728 1
1880504 1
1883991 1
1887965 1
1889565 1
1895290 1
1900464 1
1906452 1
1909280 1
1909638 1
1911335 1
1912530 1
1913967 1
1914622 1
1916064 1
1938020 1
1938670 1
1942476 1
1942584 1
1948932 1
1949101 1
1951042 1
1951766 1
1952183 1
1952400 1
1954562 1
1955936 1
1964207 1
1969695 1
1969922 1
1973303 1
1986568 1
1994225 1
1996423 1
1996426 1
1996754 1
1998903 1
2001273 1
2001896 1
2002289 1
2002337 1
2011570 1
2012488 1
2012745 1
2015045 1
2016848 1
2022939 1
2025481 1
2037885 1
2039579 1
2059031 1
2070297 1
2072046 1
2073639 1
2081495 1
2087208 1
2093350 1
2093757 1
2098942 1
2103229 1
2113456 1
2114545 1
2120321 1
2124563 1
2125754 1
2127728 1
2131627 1
2132772 1
2136227 1
2144413 1
2151160 1
2152138 1
2152226 1
2157639 1
2159402 1
2160712 1
2170528 1
2171167 1
2183071 1
2183185 1
2184692 1
2185809 1
2190002 1
2197904 1
2198113 1
2201555 1
2202124 1
2205715 1
2207346 1
2208369 1
2210941 1
2219774 1
2220296 1
2246215 1
2269413 1
2279270 1
2284765 1
2289596 1
2290775 1
2291063 1
2293063 1
2296031 1
2296567 1
2300352 1
2300896 1
2320861 1
2325355 1
2328693 1
2335541 1
2337548 1
2337562 1
2340663 1
2341163 1
2371164 1
2373529 1
2384303 1
2384573 1
2389682 1
2390490 1
2390516 1
2392049 1
2395328 1
2399782 1
2400604 1
2407184 1
2408190 1
2413309 1
2415350 1
2417776 1
2417812 1
2420595 1
2422796 1
2426275 1
2430174 1
2433480 1
2438721 1
2438729 1
2439442 1
2442071 1
2443047 1
2443474 1
2456909 1
2460401 1
2462619 1
2474451 1
2475109 1
2481737 1
2486045 1
2488125 1
2488532 1
2496032 1
2496631 1
2497055 1
2514889 1
2518674 1
2531042 1
2533163 1
2533780 1
2539200 1
2540986 1
2542919 1
2549354 1
2551962 1
2553948 1
2555251 1
2559776 1
2567520 1
2567557 1
2582508 1
2586780 1
2587378 1
2588318 1
2589568 1
2589906 1
2590570 1
2592287 1
2593473 1
2594652 1
2596083 1
2599127 1
2599839 1
2603199 1
2608388 1
2614027 1
2622857 1
2630315 1
2634235 1
2634348 1
2636704 1
2652785 1
2652938 1
2654884 1
2668925 1
2671517 1
2671953 1
2673031 1
2673149 1
2676541 1
2688443 1
2689577 1
2691281 1
2695375 1
2697893 1
2710665 1
2717970 1
2720804 1
2723547 1
2724766 1
2725984 1
2728016 1
2732464 1
2736877 1
2742713 1
2744993 1
2749423 1
2755281 1
2755477 1
2756650 1
2758818 1
2758873 1
2761163 1
2769484 1
2770936 1
2772565 1
2772737 1
2777454 1
2777890 1
2781812 1
2782019 1
2782137 1
2783397 1
2784926 1
2784999 1
2785859 1
2789187 1
2792670 1
2807741 1
2812097 1
2820704 1
2832997 1
2833814 1
2834870 1
2836482 1
2840005 1
2840847 1
2840861 1
2849551 1
2851527 1
2853361 1
2854659 1
2854666 1
2858012 1
2858740 1
2860079 1
2863871 1
2868835 1
2874297 1
2874551 1
2878196 1
2893773 1
2895447 1
2895499 1
2895692 1
2897770 1
2903954 1
2906979 1
2907771 1
2908808 1
2912424 1
2916283 1
2916805 1
2922332 1
2923457 1
2925137 1
2928241 1
2929676 1
2934201 1
2950057 1
2958349 1
2958985 1
2959454 1
2960027 1
2964932 1
2965465 1
2969998 1
2970849 1
2988250 1
2989061 1
2989850 1
2991073 1
2995627 1
3000999 1
3001270 1
3002461 1
3004668 1
3007221 1
3010912 1
3012475 1
3013257 1
3016640 1
3017638 1
3025350 1
3029472 1
3031555 1
3034572 1
3040150 1
3042094 1
3046456 1
3053005 1
3059376 1
3060671 1
3067349 1
3073277 1
3074971 1
3078380 1
3078546 1
3088258 1
3092929 1
3096721 1
3100096 1
3100615 1
3101632 1
3103117 1
3104104 1
3109042 1
3111699 1
3115136 1
3116717 1
3121157 1
3121311 1
3122789 1
3124128 1
3135501 1
3141567 1
3143672 1
3144043 1
3144994 1
3145095 1
3152970 1
3161697 1
3163268 1
3167152 1
3168013 1
3169649 1
3171462 1
3171594 1
3172605 1
3175228 1
3175614 1
3178171 1
3180840 1
3181046 1
3184857 1
3185202 1
3185520 1
3185671 1
3192076 1
3198681 1
3207823 1
3212972 1
3213849 1
3218012 1
3222377 1
3225759 1
3227115 1
3236093 1
3248706 1
3251525 1
3256758 1
3256878 1
3258449 1
3258705 1
3261159 1
3261789 1
3265325 1
3265393 1
3267150 1
3270677 1
3273634 1
3274733 1
3278738 1
3280172 1
3283221 1
3283431 1
3284650 1
3285954 1
3286768 1
3290176 1
3302894 1
3302931 1
3303480 1
3313456 1
3313977 1
3318574 1
3327898 1
3334186 1
3338451 1
3342456 1
3343498 1
3349843 1
3350995 1
3351152 1
3358088 1
3360921 1
3361874 1
3366463 1
3369710 1
3389389 1
3391272 1
3391607 1
3393017 1
3394566 1
3402568 1
3408721 1
3409118 1
3410265 1
3413733 1
3420398 1
3420781 1
3424714 1
3425626 1
3432298 1
3432809 1
3433849 1
3434803 1
3437676 1
3441912 1
3445928 1
3448242 1
3461840 1
3464612 1
3472722 1
3473918 1
3474871 1
3477318 1
3477620 1
3487442 1
3489692 1
3492615 1
3502262 1
3503503 1
3507502 1
3513386 1
3513663 1
3515926 1
3516131 1
3518938 1
3520076 1
3527631 1
3531051 1
3532375 1
3533342 1
3533739 1
3549350 1
3552135 1
3553399 1
3557765 1
3584065 1
3597997 1
3598860 1
3599471 1
3602929 1
3605172 1
3605425 1
3605686 1
3625393 1
3632049 1
3632705 1
3633231 1
3635971 1
3636673 1
3644617 1
3645542 1
3652025 1
3657016 1
3659300 1
3661751 1
3678219 1
3684430 1
3684684 1
3686174 1
3698229 1
3699895 1
3708569 1
3716905 1
3717264 1
3720071 1
3722242 1
3729307 1
3731108 1
3740694 1
3742912 1
3744380 1
3745927 1
3745935 1
3748460 1
3748563 1
3750502 1
3763852 1
3764039 1
3768441 1
3769976 1
3775582 1
3779441 1
3783746 1
3784181 1
3789165 1
3791338 1
3795917 1
3799647 1
3802750 1
3810463 1
3815605 1
3824051 1
3827273 1
3836134 1
3837463 1
3837918 1
3839368 1
3842063 1
3846624 1
3847445 1
3851854 1
3853739 1
3858091 1
3859095 1
3859416 1
3860600 1
3860852 1
3861193 1
3862701 1
3863261 1
3863322 1
3864407 1
3865944 1
3866337 1
3867301 1
3871446 1
3871660 1
3877695 1
3880858 1
3882010 1
3888842 1
3892642 1
3896365 1
3912084 1
3915007 1
3915457 1
3918672 1
3928388 1
3934973 1
3935561 1
3936119 1
3936614 1
3936896 1
3943423 1
3944446 1
3946200 1
3950855 1
3953188 1
3954434 1
3961492 1
3966959 1
3967340 1
3969007 1
3976760 1
3986301 1
3989863 1
3994899 1
3997335 1
3998231 1
3998591 1
3998880 1
4000595 1
4004263 1
4005367 1
4006605 1
4009603 1
4010957 1
4013705 1
4021688 1
4025104 1
4060947 1
4065751 1
4065852 1
4069189 1
4072384 1
4079813 1
4088212 1
4091869 1
4092554 1
4095097 1
4095205 1
4096208 1
4103522 1
4103848 1
4106576 1
4111706 1
4112180 1
4136095 1
4138366 1
4139923 1
4143006 1
4149401 1
4159990 1
4164480 1
4165705 1
4165758 1
4171673 1
4173034 1
4173335 1
4174534 1
4175205 1
4178467 1
4178973 1
4182935 1
4187303 1
4188077 1
4188365 1
4188942 1
4188946 1
4189349 1
4190515 1
4194521 1
4195803 1
4196057 1
4196269 1
4196489 1
4197161 1
4202233 1
4204329 1
4205757 1
4207948 1
4208540 1
4213610 1
4217410 1
4218165 1
4229794 1
4229936 1
4230114 1
4230246 1
4232987 1
4233503 1
4235872 1
4236961 1
4237592 1
4249045 1
4252041 1
4253219 1
4255529 1
4257302 1
4258594 1
4264794 1
4265009 1
4266300 1
4266760 1
4268154 1
4270386 1
4270915 1
4271616 1
4274147 1
4274834 1
4276993 1
4277554 1
4282928 1
4289032 1
4289882 1
4290932 1
4292848 1
4292957 1
4293403 1
4294911 1
4297080 1
4305401 1
4305559 1
4305807 1
4313814 1
4321635 1
4324581 1
4333441 1
4335275 1
4338828 1
4339053 1
4341466 1
4344773 1
4346699 1
4348423 1
4356818 1
4358441 1
4365444 1
4368086 1
4369686 1
4373679 1
4379929 1
4380684 1
4381820 1
4382479 1
4382627 1
4386411 1
4398593 1
4401981 1
4418388 1
4422935 1
4424013 1
4425048 1
4426414 1
4427094 1
4427449 1
4430113 1
4430425 1
4430451 1
4430975 1
4434149 1
4438560 1
4440177 1
4443548 1
4448774 1
4450325 1
4464003 1
4473425 1
4481242 1
4488440 1
4488505 1
4489146 1
4496943 1
4498437 1
4505303 1
4505303 1
4507976 1
4509150 1
4513207 1
4518486 1
4519851 1
4526753 1
4552181 1
4552181 1
4572945 1
4579218 1
4587395 1
4593753 1
4594651 1
4610290 1
4620650 1
4628670 1
4629121 1
4635578 1
4636156 1
4646818 1
4646818 1
4650524 1
4657064 1
4663846 1
4664453 1
4667307 1
4670428 1
4676482 1
4677363 1
4682388 1
4686353 1
4689930 1
4692904 1
4698844 1
4701143 1
4720770 1
4724589 1
4730617 1
4731355 1
4735398 1
4737342 1
4744952 1
4760327 1
4763244 1
4765431 1
4765703 1
4766304 1
4767085 1
4769192 1
4773853 1
4792719 1
4795849 1
4806847 1
4809329 1
4812380 1
4815105 1
4817475 1
4818773 1
4820292 1
4821280 1
4823041 1
4829151 1
4835471 1
4842998 1
4846343 1
4855179 1
4857016 1
4859516 1
4869984 1
4870013 1
4871569 1
4872761 1
4882805 1
4884562 1
4885560 1
4885743 1
4889512 1
4897775 1
4898189 1
4907588 1
4909751 1
4924229 1
4924494 1
4932274 1
4936623 1
4936997 1
4945527 1
4950893 1
4954518 1
4955821 1
4961260 1
4965165 1
4966727 1
4972587 1
4973644 1
4979212 1
4990153 1
4992743 1
4996103 1
4996114 1
4998813 1
5000690 1
5004496 1
5011145 1
5016614 1
5019948 1
5024490 1
5027381 1
5034277 1
5037228 1
5044040 1
5044691 1
5045492 1
5052627 1
5055928 1
5062711 1
5066634 1
5075645 1
5082270 1
5086526 1
5092458 1
5103445 1
5112742 1
5113587 1
5115548 1
5118366 1
5118836 1
5122545 1
5124527 1
5131020 1
5135543 1
5136270 1
5144130 1
5146556 1
5147321 1
5150052 1
5161607 1
5162270 1
5167248 1
5172510 1
5172671 1
5175197 1
5189327 1
5194915 1
5203574 1
5207642 1
5214985 1
5233613 1
5238655 1
5239180 1
5249406 1
5251431 1
5251444 1
5253213 1
5255182 1
5260197 1
5262267 1
5264384 1
5277488 1
5290698 1
5300030 1
5300097 1
5306153 1
5306880 1
5308991 1
5312366 1
5319795 1
5321936 1
5322235 1
5326032 1
5330725 1
5335428 1
5338458 1
5338604 1
5347039 1
5353419 1
5355485 1
5355801 1
5360813 1
5363119 1
5369096 1
5370829 1
5381062 1
5383801 1
5386093 1
5394862 1
5419463 1
5425758 1
5425791 1
5431692 1
5443147 1
5446963 1
5447949 1
5448916 1
5452432 1
5462616 1
5468228 1
5472218 1
5474765 1
5480616 1
5495739 1
5496506 1
5500373 1
5500797 1
5502757 1
5503081 1
5505487 1
5523719 1
5525425 1
5531950 1
5532747 1
5536647 1
5536665 1
5547941 1
5556826 1
5561038 1
5562399 1
5563995 1
5567645 1
5572916 1
5580403 1
5587511 1
5593556 1
5599570 1
5604194 1
5606252 1
5612658 1
5615337 1
5618859 1
5641220 1
5644003 1
5644858 1
5645984 1
5661971 1
5668521 1
5674355 1
5676551 1
5679216 1
5679934 1
5680477 1
5681830 1
5681884 1
5682355 1
5686221 1
5687179 1
5687354 1
5687379 1
5687893 1
5688108 1
5692251 1
5692552 1
5693134 1
5693154 1
5694116 1
5698597 1
5701947 1
5709448 1
5709558 1
5713672 1
5715087 1
5719279 1
5720718 1
5724218 1
5734415 1
5735212 1
5748131 1
5762442 1
5770822 1
5776845 1
5780788 1
5788709 1
5791395 1
5792806 1
5799844 1
5802210 1
5805798 1
5806364 1
5807095 1
5808240 1
5808291 1
5808516 1
5808637 1
5809055 1
5810728 1
5810875 1
5811034 1
5811376 1
5816544 1
5819324 1
5819631 1
5825837 1
5828208 1
5850804 1
5851664 1
5856167 1
5860067 1
5876800 1
5876825 1
5876825 1
5877326 1
5879301 1
5881681 1
5882850 1
5885005 1
5886956 1
5888984 1
5889846 1
5902902 1
5904715 1
5914301 1
5916093 1
5918670 1
5921455 1
5921508 1
5924153 1
5924901 1
5929521 1
5935239 1
5942190 1
5948666 1
5949137 1
5959136 1
5959811 1
5961840 1
5969940 1
5975484 1
5977587 1
5981408 1
5986349 1
5993797 1
5996748 1
5998572 1
5999608 1
6000287 1
6002023 1
6004372 1
6005661 1
6006322 1
6007657 1
6008545 1
6011584 1
6013690 1
6013781 1
6018118 1
6020022 1
6023723 1
6029571 1
6031891 1
6045004 1
6046043 1
6047691 1
6048875 1
6054653 1
6078644 1
6079382 1
6082017 1
6085099 1
6099037 1
6099999 1
6100989 1
6104598 1
6115213 1
6123217 1
6125237 1
6137021 1
6137943 1
6139036 1
6147656 1
6148953 1
6153311 1
6153706 1
6154937 1
6157183 1
6159187 1
6170618 1
6179153 1
6188333 1
6192769 1
6197516 1
6199158 1
6226188 1
6227748 1
6229702 1
6238856 1
6242983 1
6252070 1
6253678 1
6254183 1
6274729 1
6277037 1
6298304 1
6302342 1
6309236 1
6311430 1
6326828 1
6330815 1
6334755 1
6334975 1
6337369 1
6343030 1
6343227 1
6354318 1
6363902 1
6368729 1
6368973 1
6378186 1
6378186 1
6381522 1
6396127 1
6397333 1
6399432 1
6406196 1
6406514 1
6408356 1
6408545 1
6417542 1
6419079 1
6423298 1
6426220 1
6426362 1
6427008 1
6427037 1
6441420 1
6441607 1
6448805 1
6448810 1
6453187 1
6471687 1
6478079 1
6479041 1
6480291 1
6480347 1
6480897 1
6481490 1
6487286 1
6487556 1
6487698 1
6488237 1
6489899 1
6491030 1
6491169 1
6492052 1
6492184 1
6492493 1
6493743 1
6494999 1
6504016 1
6504523 1
6507416 1
6509641 1
6514293 1
6516429 1
6519081 1
6520650 1
6520758 1
6528084 1
6532635 1
6534402 1
6534871 1
6536708 1
6538542 1
6543614 1
6544132 1
6549868 1
6550276 1
6559585 1
6573370 1
6574748 1
6575968 1
6579024 1
6581376 1
6583958 1
6584684 1
6584955 1
6585237 1
6588256 1
6591434 1
6591668 1
6598807 1
6600779 1
6601528 1
6621153 1
6621354 1
6626896 1
6627373 1
6627689 1
6628778 1
6638161 1
6639820 1
6641539 1
6648485 1
6662821 1
6663681 1
6665391 1
6669275 1
6671390 1
6671393 1
6671645 1
6680067 1
6685264 1
6686495 1
6688476 1
6692501 1
6695679 1
6700742 1
6703353 1
6704064 1
6709724 1
6712790 1
6712958 1
6716107 1
6722063 1
6724859 1
6726834 1
6727436 1
6730484 1
6741667 1
6743002 1
6750807 1
6754590 1
6755403 1
6759904 1
6760484 1
6769226 1
6771501 1
6772222 1
6774270 1
6774837 1
6774896 1
6775988 1
6779461 1
6780043 1
6780090 1
6781673 1
6788657 1
6790442 1
6798192 1
6801143 1
6805852 1
6806718 1
6807737 1
6808123 1
6808786 1
6814080 1
6815324 1
6817076 1
6834412 1
6835057 1
6848386 1
6848930 1
6851006 1
6851280 1
6851318 1
6860002 1
6860780 1
6869434 1
6869766 1
6871374 1
6879273 1
6879284 1
6885230 1
6885306 1
6885974 1
6886812 1
6886815 1
6887415 1
6892730 1
6904559 1
6909811 1
6912885 1
6917441 1
6917771 1
6929004 1
6930182 1
6931449 1
6932588 1
6933892 1
6934300 1
6935803 1
6936145 1
6936300 1
6937954 1
6939195 1
6949352 1
6953991 1
6962137 1
6968772 1
6974183 1
6984762 1
6989037 1
6989211 1
6994217 1
7002076 1
7005623 1
7006273 1
7006861 1
7010587 1
7018207 1
7021777 1
7027618 1
7028195 1
7028927 1
7029217 1
7030038 1
7031004 1
7033230 1
7033383 1
7034733 1
7041172 1
7041528 1
7041994 1
7042157 1
7042809 1
7045675 1
7045931 1
7050932 1
7052579 1
7056576 1
7057755 1
7059064 1
7065560 1
7069353 1
7071385 1
7076288 1
7076735 1
7077434 1
7078130 1
7078658 1
7082605 1
7082636 1
7083909 1
7086713 1
7104396 1
7105471 1
7106304 1
7108487 1
7110313 1
7110571 1
7110949 1
7113184 1
7113295 1
7114504 1
7115382 1
7116477 1
7116477 1
7116477 1
7116477 1
7116477 1
7116477 1
7116640 1
7116896 1
7117303 1
7120739 1
7120947 1
7121116 1
7123697 1
7125651 1
7129221 1
7129796 1
7130957 1
7131514 1
7131808 1
7138694 1
7141514 1
7143402 1
7144617 1
7146593 1
7146734 1
7163216 1
7169660 1
7177567 1
7182468 1
7200296 1
7216852 1
7225244 1
7225270 1
7225494 1
7225696 1
7230787 1
7235643 1
7235659 1
7241416 1
7242943 1
7252467 1
7261824 1
7263943 1
7271304 1
7274519 1
7282428 1
7283333 1
7295141 1
7295538 1
7297003 1
7304799 1
7309652 1
7313942 1
7316574 1
7317286 1
7322203 1
7325015 1
7325017 1
7330565 1
7334851 1
7335564 1
7337032 1
7342694 1
7344474 1
7346273 1
7352762 1
7353858 1
7354896 1
7355951 1
7356284 1
7356589 1
7357038 1
7362216 1
7365829 1
7366180 1
7372941 1
7377217 1
7380750 1
7385658 1
7385664 1
7386601 1
7387325 1
7387582 1
7387921 1
7396475 1
7405523 1
7412376 1
7414024 1
7420184 1
7421242 1
7425593 1
7428653 1
7437053 1
7438049 1
7450465 1
7452994 1
7456715 1
7460138 1
7464542 1
7466997 1
7468367 1
7468490 1
7468593 1
7473127 1
7476461 1
7477353 1
7479182 1
7482367 1
7484717 1
7492649 1
7494958 1
7495530 1
7501791 1
7503264 1
7506924 1
7507200 1
7519015 1
7525505 1
7526738 1
7532555 1
7535406 1
7540408 1
7540727 1
7545938 1
7552368 1
7555302 1
7555523 1
7555655 1
7558114 1
7560896 1
7561402 1
7569471 1
7569691 1
7572489 1
7573587 1
7582304 1
7602224 1
7602966 1
7608132 1
7609896 1
7613938 1
7615225 1
7638205 1
7649694 1
7656378 1
7657319 1
7670651 1
7678867 1
7682353 1
7690381 1
7690718 1
7693311 1
7695050 1
7696653 1
7704337 1
7704462 1
7705774 1
7707208 1
7708439 1
7710717 1
7717810 1
7733259 1
7733707 1
7739357 1
7747398 1
7749506 1
7755652 1
7759813 1
7770490 1
7773537 1
7773746 1
7774659 1
7780767 1
7785469 1
7791365 1
7792533 1
7793485 1
7802829 1
7807513 1
7819909 1
7833462 1
7839687 1
7839793 1
7853257 1
7853907 1
7855969 1
7856875 1
7857181 1
7859191 1
7863706 1
7866828 1
7874448 1
7880949 1
7886300 1
7886300 1
7887539 1
7889423 1
7890724 1
7893046 1
7895977 1
7898675 1
7900835 1
7907237 1
7907810 1
7918154 1
7923529 1
7930694 1
7932651 1
7935100 1
7935657 1
7938242 1
7944655 1
7951887 1
7952030 1
7967388 1
7977870 1
7978218 1
7978256 1
7985666 1
7990630 1
7993697 1
7996337 1
7996482 1
7996800 1
7997420 1
7997849 1
7999428 1
7999548 1
7999565 1
8000017 1
8000027 1
8000576 1
8003923 1
8004177 1
8004612 1
8006269 1
8009387 1
8010015 1
8010406 1
8010577 1
8010765 1
8018362 1
8022781 1
8023032 1
8032625 1
8032921 1
8033355 1
8033496 1
8037172 1
8038054 1
8038264 1
8038419 1
8041395 1
8042029 1
8042180 1
8042807 1
8045347 1
8047024 1
8048675 1
8053901 1
8055518 1
8055738 1
8057949 1
8059930 1
8062209 1
8063802 1
8063937 1
8064503 1
8066987 1
8068692 1
8073314 1
8076717 1
8077418 1
8077900 1
8078518 1
8079136 1
8079821 1
8082991 1
8089013 1
8089020 1
8089792 1
8091868 1
8094762 1
8095532 1
8096078 1
8097326 1
8098712 1
8099755 1
8100629 1
8100705 1
8101474 1
8102817 1
8107208 1
8110587 1
8113594 1
8116749 1
8119688 1
8121917 1
8123389 1
8123744 1
8128675 1
8129777 1
8131751 1
8132829 1
8133153 1
8135245 1
8135576 1
8140229 1
8140545 1
8145130 1
8148065 1
8148883 1
8149237 1
8149697 1
8151142 1
8153001 1
8155078 1
8155255 1
8155291 1
8156984 1
8158428 1
8163426 1
8163692 1
8165512 1
8171015 1
8172153 1
8178324 1
8179667 1
8182357 1
8186656 1
8186972 1
8190104 1
8190415 1
8190974 1
8193934 1
8209475 1
8209918 1
8211070 1
8212123 1
8213891 1
8215758 1
8216542 1
8216895 1
8217478 1
8218309 1
8218897 1
8219805 1
8222462 1
8222472 1
8224684 1
8225203 1
8232271 1
8255618 1
8257195 1
8257910 1
8272474 1
8284019 1
8287380 1
8293552 1
120 1
5823 1
6680 1
9829 1
10147 1
10290 1
10467 1
13017 1
15482 1
15865 1
25145 1
32388 1
35545 1
36153 1
36627 1
43158 1
46126 1
48690 1
49392 1
55517 1
75822 1
76047 1
83760 1
97369 1
97977 1
98481 1
98562 1
98705 1
99669 1
99798 1
100321 1
100861 1
103957 1
104253 1
105564 1
105571 1
106782 1
107416 1
109029 1
109167 1
110503 1
111402 1
112935 1
113321 1
113935 1
116796 1
117231 1
117507 1
117999 1
119718 1
120526 1
121216 1
121775 1
125995 1
126871 1
127142 1
128040 1
128442 1
128543 1
129185 1
129832 1
130088 1
130230 1
132420 1
132698 1
134057 1
134308 1
135085 1
135983 1
136815 1
137030 1
137851 1
137949 1
138721 1
138966 1
139332 1
142986 1
144656 1
145117 1
145411 1
146289 1
148557 1
148774 1
148822 1
150655 1
151257 1
153261 1
155048 1
155051 1
157003 1
157858 1
158014 1
162541 1
166487 1
167372 1
169355 1
169508 1
170159 1
173526 1
173606 1
175171 1
175859 1
177882 1
179268 1
179435 1
179662 1
180394 1
182360 1
183983 1
184472 1
185142 1
185466 1
186549 1
187277 1
187856 1
188703 1
190112 1
191213 1
192504 1
195429 1
197865 1
199377 1
200107 1
201609 1
203267 1
204254 1
204570 1
205013 1
205291 1
205360 1
205589 1
205754 1
206408 1
207026 1
209737 1
211588 1
212024 1
212359 1
212430 1
212888 1
215924 1
216020 1
217494 1
217714 1
219007 1
219660 1
220885 1
221689 1
221752 1
222672 1
225013 1
225618 1
227392 1
228305 1
228711 1
229076 1
229594 1
232319 1
237503 1
240212 1
243798 1
248830 1
249657 1
251744 1
254214 1
254259 1
258950 1
259261 1
261525 1
262667 1
269864 1
270077 1
270793 1
273755 1
283079 1
291639 1
298859 1
299192 1
300787 1
303376 1
303860 1
310555 1
319253 1
322313 1
322546 1
326266 1
327302 1
337013 1
351750 1
352130 1
361841 1
361978 1
375574 1
410029 1
420519 1
425298 1
425610 1
428422 1
429872 1
431261 1
431891 1
433251 1
442915 1
449270 1
450934 1
451374 1
455630 1
456463 1
461161 1
482601 1
482774 1
483155 1
486521 1
493133 1
495176 1
499441 1
507538 1
509081 1
509796 1
513192 1
513658 1
515619 1
518123 1
535739 1
536969 1
547199 1
551837 1
552318 1
561165 1
561272 1
562828 1
565356 1
565987 1
571885 1
572719 1
594947 1
599706 1
600531 1
620709 1
639537 1
647015 1
652741 1
654302 1
659206 1
665153 1
687763 1
699149 1
701691 1
701892 1
705051 1
716601 1
719087 1
722872 1
724724 1
725194 1
726282 1
727748 1
729525 1
729683 1
730174 1
734291 1
738645 1
741197 1
745354 1
746948 1
753602 1
755742 1
761602 1
766051 1
766127 1
773859 1
778652 1
784981 1
808987 1
809087 1
812281 1
813208 1
815828 1
815831 1
816194 1
822381 1
824993 1
825721 1
833621 1
834255 1
834767 1
836224 1
837005 1
838119 1
845224 1
846886 1
848228 1
850306 1
860317 1
860951 1
863660 1
865918 1
871943 1
872172 1
872594 1
872707 1
880424 1
894129 1
896763 1
902677 1
911701 1
913235 1
913440 1
915637 1
922127 1
923236 1
927026 1
929420 1
935128 1
941594 1
951838 1
952400 1
962010 1
963740 1
967281 1
973034 1
975739 1
976342 1
979270 1
985799 1
987268 1
993615 1
1000149 1
1000673 1
1025210 1
1025286 1
1030877 1
1036351 1
1044599 1
1047401 1
1049375 1
1054274 1
1056562 1
1061341 1
1065219 1
1066788 1
1069606 1
1069864 1
1070303 1
1070945 1
1071677 1
1072079 1
1074189 1
1077333 1
1077886 1
1078101 1
1079679 1
1080153 1
1080517 1
1080913 1
1080935 1
1081495 1
1081964 1
1094859 1
1096069 1
1099188 1
1104357 1
1107033 1
1110089 1
1110306 1
1112877 1
1115070 1
1118477 1
1127493 1
1132037 1
1145939 1
1145939 1
1154382 1
1157600 1
1163014 1
1167096 1
1167353 1
1170461 1
1170530 1
1171078 1
1171701 1
1173793 1
1186197 1
1192100 1
1195734 1
1199175 1
1206035 1
1209538 1
1210034 1
1214999 1
1220111 1
1222645 1
1225984 1
1228491 1
1230069 1
1231998 1
1241787 1
1242690 1
1250715 1
1256319 1
1259388 1
1261756 1
1263719 1
1264786 1
1265661 1
1268208 1
1270296 1
1271902 1
1274144 1
1274395 1
1274667 1
1279576 1
1281033 1
1282546 1
1302149 1
1302241 1
1302899 1
1306090 1
1307924 1
1308326 1
1309218 1
1313265 1
1317965 1
1319586 1
1324691 1
1325984 1
1326066 1
1327972 1
1328978 1
1329930 1
1331734 1
1333012 1
1333251 1
1337570 1
1341078 1
1344411 1
1345317 1
1346857 1
1347764 1
1350717 1
1354450 1
1365073 1
1365964 1
1370141 1
1373262 1
1374169 1
1378871 1
1382862 1
1384431 1
1388160 1
1389606 1
1392560 1
1398585 1
1407791 1
1416093 1
1432717 1
1437774 1
1441656 1
1442812 1
1444364 1
1449503 1
1454032 1
1458497 1
1459284 1
1459397 1
1460932 1
1461167 1
1461837 1
1461943 1
1463528 1
1471125 1
1474004 1
1476986 1
1478737 1
1497033 1
1497543 1
1501474 1
1507403 1
1510018 1
1510120 1
1510830 1
1514535 1
1519494 1
1519862 1
1524336 1
1532119 1
1544834 1
1547775 1
1550551 1
1552191 1
1552421 1
1561710 1
1564145 1
1566053 1
1567626 1
1568423 1
1571740 1
1576104 1
1578276 1
1580667 1
1582088 1
1586552 1
1586776 1
1587432 1
1589047 1
1592942 1
1593791 1
1595358 1
1602058 1
1603962 1
1604118 1
1606772 1
1610339 1
1618110 1
1622933 1
1623326 1
1625424 1
1627346 1
1642210 1
1642752 1
1644399 1
1644934 1
1644936 1
1646462 1
1646582 1
1652102 1
1654735 1
1655392 1
1662111 1
1662605 1
1666884 1
1671025 1
1673650 1
1673965 1
1676006 1
1676082 1
1676085 1
1677307 1
1683619 1
1684699 1
1687861 1
1693519 1
1699471 1
1703443 1
1707199 1
1707850 1
1707942 1
1710925 1
1716224 1
1717028 1
1717540 1
1721943 1
1723396 1
1724478 1
1725096 1
1729828 1
1730800 1
1732932 1
1748508 1
1748957 1
1761616 1
1769832 1
1773866 1
1785804 1
1785839 1
1788641 1
1790519 1
1794772 1
1797921 1
1802991 1
1803937 1
1804123 1
1811071 1
1817370 1
1817834 1
1817999 1
1824192 1
1826253 1
1830846 1
1832180 1
1832466 1
1832539 1
1832663 1
1852026 1
1858264 1
1859656 1
1861816 1
1864900 1
1865752 1
1869272 1
1872421 1
1873249 1
1873474 1
1880538 1
1885982 1
1891682 1
1899355 1
1907748 1
1908198 1
1908776 1
1910290 1
1911519 1
1917235 1
1932932 1
1936439 1
1937013 1
1945282 1
1962499 1
1964259 1
1971029 1
1971683 1
1972421 1
1973395 1
1976158 1
1976415 1
1989114 1
1991966 1
1992296 1
1999800 1
1999960 1
2002248 1
2002671 1
2006841 1
2007631 1
2009621 1
2010571 1
2011853 1
2012884 1
2014348 1
2014965 1
2016829 1
2016832 1
2017503 1
2018476 1
2021075 1
2021273 1
2029689 1
2033201 1
2039077 1
2039994 1
2043090 1
2044171 1
2051349 1
2053923 1
2057327 1
2063966 1
2064260 1
2065604 1
2071419 1
2072524 1
2079609 1
2080296 1
2093481 1
2102705 1
2103911 1
2104170 1
2106689 1
2120297 1
2121425 1
2139471 1
2142985 1
2150146 1
2150632 1
2152179 1
2155013 1
2158471 1
2160176 1
2160994 1
2164016 1
2165270 1
2170901 1
2170937 1
2172400 1
2175214 1
2185654 1
2190012 1
2190403 1
2194068 1
2194365 1
2229811 1
2237118 1
2237691 1
2240386 1
2240387 1
2240484 1
2240898 1
2247088 1
2247479 1
2251664 1
2254194 1
2256274 1
2258835 1
2264951 1
2265271 1
2265369 1
2273419 1
2276760 1
2286867 1
2289507 1
2289865 1
2290296 1
2291279 1
2292364 1
2296514 1
2298095 1
2300795 1
2300862 1
2303135 1
2305917 1
2306826 1
2311215 1
2313134 1
2316395 1
2316781 1
2322815 1
2323386 1
2332024 1
2332273 1
2334390 1
2334430 1
2335533 1
2340853 1
2377086 1
2385748 1
2392559 1
2395109 1
2398488 1
2399189 1
2399854 1
2405740 1
2406542 1
2406688 1
2408876 1
2410303 1
2415709 1
2416407 1
2417825 1
2421633 1
2422488 1
2422948 1
2423158 1
2423784 1
2424487 1
2425372 1
2439990 1
2441708 1
2441711 1
2443148 1
2443185 1
2447746 1
2450778 1
2455383 1
2460481 1
2461074 1
2468562 1
2471654 1
2477193 1
2480673 1
2487458 1
2493361 1
2499219 1
2504511 1
2507486 1
2516574 1
2516910 1
2524375 1
2527966 1
2531398 1
2532088 1
2537695 1
2542139 1
2548145 1
2560728 1
2563120 1
2565680 1
2569141 1
2569915 1
2573279 1
2577122 1
2580529 1
2583211 1
2584816 1
2585575 1
2588056 1
2589403 1
2592127 1
2592405 1
2592978 1
2608896 1
2611876 1
2611925 1
2618966 1
2618967 1
2621032 1
2622263 1
2622783 1
2630663 1
2633683 1
2635203 1
2637015 1
2652671 1
2658203 1
2661857 1
2663415 1
2671665 1
2674851 1
2677525 1
2690237 1
2695608 1
2696305 1
2697134 1
2706688 1
2712950 1
2723783 1
2727883 1
2731698 1
2732296 1
2736715 1
2739158 1
2739793 1
2741041 1
2741769 1
2760877 1
2760985 1
2760987 1
2765891 1
2767482 1
2777963 1
2781151 1
2781467 1
2781701 1
2785581 1
2786173 1
2786175 1
2788332 1
2792374 1
2793116 1
2794554 1
2796009 1
2804668 1
2820836 1
2826559 1
2827140 1
2827309 1
2834158 1
2838229 1
2838815 1
2839443 1
2840814 1
2842261 1
2845674 1
2849086 1
2851663 1
2859513 1
2862117 1
2868906 1
2868906 1
2870050 1
2873923 1
2875414 1
2877990 1
2878958 1
2881576 1
2882572 1
2894616 1
2899999 1
2903318 1
2911308 1
2911315 1
2916218 1
2924607 1
2928271 1
2929873 1
2931171 1
2931331 1
2931771 1
2936272 1
2937745 1
2943769 1
2949199 1
2950860 1
2964151 1
2966638 1
2974579 1
2993329 1
2995860 1
3001451 1
3001657 1
3003496 1
3007356 1
3007797 1
3013899 1
3016603 1
3018301 1
3023635 1
3024186 1
3029857 1
3030035 1
3030270 1
3031842 1
3033039 1
3033210 1
3044882 1
3048659 1
3051855 1
3057766 1
3058362 1
3058920 1
3063626 1
3078164 1
3080964 1
3081458 1
3086546 1
3089223 1
3097372 1
3098860 1
3105176 1
3108030 1
3108524 1
3109930 1
3113248 1
3113638 1
3120855 1
3121510 1
3121929 1
3122062 1
3123810 1
3124428 1
3125256 1
3125695 1
3126137 1
3128913 1
3129045 1
3129489 1
3132978 1
3136356 1
3136406 1
3142055 1
3144780 1
3145286 1
3147047 1
3151403 1
3153434 1
3154398 1
3155483 1
3162182 1
3162275 1
3169157 1
3169646 1
3170933 1
3174642 1
3177497 1
3178548 1
3178913 1
3178960 1
3185127 1
3187450 1
3191544 1
3192962 1
3196584 1
3203088 1
3206612 1
3210507 1
3218944 1
3221195 1
3221840 1
3225488 1
3226112 1
3226334 1
3227355 1
3242212 1
3248380 1
3250919 1
3250925 1
3251362 1
3253387 1
3253490 1
3264907 1
3265451 1
3268828 1
3270033 1
3271710 1
3272066 1
3274551 1
3278659 1
3282995 1
3283734 1
3284411 1
3284416 1
3285972 1
3286722 1
3291238 1
3291471 1
3292586 1
3304886 1
3319676 1
3323364 1
3326837 1
3330213 1
3334957 1
3336824 1
3337005 1
3350961 1
3358738 1
3360891 1
3382866 1
3394491 1
3405449 1
3405605 1
3408936 1
3435068 1
3444444 1
3445579 1
3447479 1
3451367 1
3460983 1
3476197 1
3485590 1
3494865 1
3497697 1
3506589 1
3507605 1
3508504 1
3509542 1
3512469 1
3513788 1
3515185 1
3520263 1
3524322 1
3525666 1
3527237 1
3528040 1
3528344 1
3529969 1
3531159 1
3532202 1
3532448 1
3538911 1
3539925 1
3543415 1
3544729 1
3548972 1
3560747 1
3580513 1
3594436 1
3599158 1
3615151 1
3616625 1
3619687 1
3619992 1
3624621 1
3624921 1
3627554 1
3629129 1
3636166 1
3637720 1
3641374 1
3642489 1
3645036 1
3646878 1
3653187 1
3657511 1
3660491 1
3663309 1
3663509 1
3666176 1
3667947 1
3668061 1
3670312 1
3671034 1
3675348 1
3675932 1
3675945 1
3677102 1
3682287 1
3683231 1
3691324 1
3698038 1
3699289 1
3703285 1
3717640 1
3734725 1
3737316 1
3750799 1
3757801 1
3759090 1
3762511 1
3764666 1
3771398 1
3772158 1
3773449 1
3774945 1
3776756 1
3782388 1
3784457 1
3785150 1
3788441 1
3792198 1
3794236 1
3794615 1
3797373 1
3797975 1
3801031 1
3815916 1
3821580 1
3823348 1
3839770 1
3846400 1
3857383 1
3859735 1
3860088 1
3862598 1
3863054 1
3864488 1
3883495 1
3885580 1
3890520 1
3893213 1
3925839 1
3931715 1
3941435 1
3941654 1
3943154 1
3951543 1
3954642 1
3955132 1
3957062 1
3959551 1
3961205 1
3961755 1
3962236 1
3962615 1
3964531 1
3966909 1
3971765 1
3976255 1
3985695 1
3994732 1
3994860 1
3996169 1
4000558 1
4001059 1
4002388 1
4004675 1
4005334 1
4005353 1
4008376 1
4011671 1
4015074 1
4021120 1
4030090 1
4030558 1
4031417 1
4036800 1
4039534 1
4040441 1
4043819 1
4051565 1
4059545 1
4062595 1
4064941 1
4067037 1
4068734 1
4069321 1
4072138 1
4073459 1
4074376 1
4077769 1
4080937 1
4085193 1
4086571 1
4087468 1
4101289 1
4104579 1
4105692 1
4108790 1
4114537 1
4114828 1
4114943 1
4119328 1
4121069 1
4129758 1
4130598 1
4136064 1
4137245 1
4137612 1
4139844 1
4142245 1
4144280 1
4161890 1
4167424 1
4168334 1
4174636 1
4178889 1
4180809 1
4181052 1
4185768 1
4188786 1
4189076 1
4190894 1
4192448 1
4192458 1
4194865 1
4196422 1
4196829 1
4197774 1
4199394 1
4199962 1
4204922 1
4205988 1
4206163 1
4206272 1
4207729 1
4209648 1
4211596 1
4213335 1
4214091 1
4219594 1
4224824 1
4232602 1
4234184 1
4241951 1
4242306 1
4243239 1
4244819 1
4245152 1
4252458 1
4252724 1
4253225 1
4255167 1
4256025 1
4257692 1
4259448 1
4260667 1
4262749 1
4266681 1
4267939 1
4268085 1
4270098 1
4272430 1
4274741 1
4280094 1
4280476 1
4281330 1
4281672 1
4293124 1
4293811 1
4294810 1
4298202 1
4309657 1
4310554 1
4314668 1
4315075 1
4315907 1
4320342 1
4325717 1
4332644 1
4335346 1
4335853 1
4335959 1
4338706 1
4339343 1
4339516 1
4341774 1
4342230 1
4344969 1
4347416 1
4348362 1
4348575 1
4356051 1
4356664 1
4357501 1
4358377 1
4359991 1
4362605 1
4363734 1
4366796 1
4370941 1
4373863 1
4373982 1
4375190 1
4379750 1
4380140 1
4380647 1
4396549 1
4399120 1
4403086 1
4410438 1
4411638 1
4414642 1
4422301 1
4422662 1
4423903 1
4424596 1
4424733 1
4427116 1
4427204 1
4436832 1
4446042 1
4454085 1
4461719 1
4464485 1
4471388 1
4471962 1
4472099 1
4472443 1
4473439 1
4485513 1
4485703 1
4497732 1
4504803 1
4512141 1
4513674 1
4514338 1
4514383 1
4516362 1
4517109 1
4520198 1
4522594 1
4522594 1
4526319 1
4530939 1
4530941 1
4531234 1
4534780 1
4543264 1
4543933 1
4581144 1
4584169 1
4587625 1
4591606 1
4609510 1
4610745 1
4620347 1
4620732 1
4633128 1
4633778 1
4645968 1
4647588 1
4651724 1
4652579 1
4661905 1
4662052 1
4681108 1
4682629 1
4684251 1
4686650 1
4690995 1
4693379 1
4710021 1
4712791 1
4715112 1
4719313 1
4723508 1
4724098 1
4725027 1
4730257 1
4738171 1
4742698 1
4751578 1
4752432 1
4754020 1
4763361 1
4768631 1
4773427 1
4797289 1
4799838 1
4800976 1
4802043 1
4802118 1
4802407 1
4803292 1
4808892 1
4808986 1
4810193 1
4812995 1
4814043 1
4815583 1
4816513 1
4816736 1
4817345 1
4818633 1
4826596 1
4827631 1
4838553 1
4839265 1
4841002 1
4841930 1
4842383 1
4842653 1
4844230 1
4854566 1
4863701 1
4869329 1
4869451 1
4870165 1
4871927 1
4880713 1
4881962 1
4883737 1
4884968 1
4889192 1
4895074 1
4896389 1
4898811 1
4905145 1
4908071 1
4908991 1
4916354 1
4926075 1
4926408 1
4930425 1
4930482 1
4950231 1
4951154 1
4953329 1
4960016 1
4973214 1
4979534 1
4979599 1
4987815 1
4989412 1
4990143 1
4998338 1
5002771 1
5003669 1
5004171 1
5004495 1
5007069 1
5014604 1
5018546 1
5022503 1
5028847 1
5030531 1
5032214 1
5036698 1
5036920 1
5038648 1
5039017 1
5047794 1
5049207 1
5051804 1
5054493 1
5055958 1
5056191 1
5056235 1
5061827 1
5062727 1
5069900 1
5087451 1
5099255 1
5099728 1
5122397 1
5127473 1
5132506 1
5139980 1
5147169 1
5149796 1
5158912 1
5160498 1
5164132 1
5170373 1
5170804 1
5181789 1
5181890 1
5186549 1
5194798 1
5197675 1
5197678 1
5201278 1
5220023 1
5220879 1
5220886 1
5228889 1
5229643 1
5239759 1
5241857 1
5249248 1
5251453 1
5252248 1
5254365 1
5255660 1
5259280 1
5260129 1
5269382 1
5269701 1
5270907 1
5274272 1
5275827 1
5280405 1
5280867 1
5286948 1
5293604 1
5293709 1
5294130 1
5294134 1
5303938 1
5313145 1
5313521 1
5317460 1
5318097 1
5323015 1
5333990 1
5345340 1
5347662 1
5351340 1
5352001 1
5353732 1
5362844 1
5369207 1
5373205 1
5373299 1
5376778 1
5380229 1
5381660 1
5400993 1
5407561 1
5418491 1
5424978 1
5428069 1
5429502 1
5430781 1
5431415 1
5432586 1
5435833 1
5439199 1
5439870 1
5440631 1
5441552 1
5443860 1
5444868 1
5446152 1
5447743 1
5448297 1
5455248 1
5459164 1
5461257 1
5461532 1
5461593 1
5464326 1
5466711 1
5467448 1
5468427 1
5471423 1
5479520 1
5479732 1
5483548 1
5495975 1
5502693 1
5503016 1
5506879 1
5516626 1
5519129 1
5519982 1
5521373 1
5523235 1
5523547 1
5524191 1
5524472 1
5527573 1
5535274 1
5537209 1
5542891 1
5547074 1
5550934 1
5554480 1
5557596 1
5562523 1
5564531 1
5568100 1
5570664 1
5572720 1
5574291 1
5590639 1
5591110 1
5595751 1
5599262 1
5600916 1
5601830 1
5605377 1
5605976 1
5615703 1
5617127 1
5620500 1
5632521 1
5633880 1
5656704 1
5662412 1
5662521 1
5662707 1
5665387 1
5665391 1
5669783 1
5672735 1
5674436 1
5676783 1
5680508 1
5684112 1
5684493 1
5684503 1
5685152 1
5686182 1
5686795 1
5687975 1
5688011 1
5690467 1
5691704 1
5692646 1
5692829 1
5694481 1
5695668 1
5696644 1
5699910 1
5708383 1
5708778 1
5709131 1
5710747 1
5716119 1
5716168 1
5719358 1
5720305 1
5722823 1
5722936 1
5724106 1
5732482 1
5734896 1
5735228 1
5740835 1
5742713 1
5767597 1
5778041 1
5781194 1
5782141 1
5782158 1
5788264 1
5790669 1
5800318 1
5807091 1
5808105 1
5808433 1
5809434 1
5809585 1
5812382 1
5812850 1
5816954 1
5821838 1
5823616 1
5824515 1
5824941 1
5825993 1
5827580 1
5830629 1
5830752 1
5832715 1
5832898 1
5839458 1
5840672 1
5857100 1
5858599 1
5859303 1
5863013 1
5864880 1
5865621 1
5873739 1
5874349 1
5876038 1
5880466 1
5881112 1
5882479 1
5882864 1
5886121 1
5890073 1
5890639 1
5904102 1
5920569 1
5921226 1
5921396 1
5928069 1
5931633 1
5932084 1
5950036 1
5954556 1
5956813 1
5962649 1
5965060 1
5966748 1
5970505 1
5972757 1
5973405 1
5976357 1
5983986 1
5985139 1
6001113 1
6001657 1
6008884 1
6010422 1
6013787 1
6016310 1
6022211 1
6022283 1
6022553 1
6030153 1
6038044 1
6044510 1
6045356 1
6046978 1
6058350 1
6069507 1
6088730 1
6091562 1
6096142 1
6096771 1
6097762 1
6106552 1
6108386 1
6130181 1
6138102 1
6143317 1
6150666 1
6154953 1
6154980 1
6172674 1
6179100 1
6181997 1
6184118 1
6192318 1
6193948 1
6198985 1
6202898 1
6225134 1
6225154 1
6229021 1
6236361 1
6237087 1
6238308 1
6260766 1
6264605 1
6264981 1
6275553 1
6276370 1
6277331 1
6290489 1
6293481 1
6294085 1
6297679 1
6307840 1
6307883 1
6309781 1
6312270 1
6315356 1
6316028 1
6319545 1
6328231 1
6333385 1
6334466 1
6334715 1
6353008 1
6357457 1
6366306 1
6366472 1
6372081 1
6373721 1
6376655 1
6376916 1
6378605 1
6380179 1
6380965 1
6381417 1
6382073 1
6382100 1
6388099 1
6388594 1
6390897 1
6393172 1
6395207 1
6404097 1
6404740 1
6404946 1
6406805 1
6408478 1
6410101 1
6419881 1
6423854 1
6426534 1
6428110 1
6428718 1
6429968 1
6434921 1
6438779 1
6445505 1
6453500 1
6459376 1
6467655 1
6479044 1
6479261 1
6479593 1
6480205 1
6480894 1
6481828 1
6484328 1
6485012 1
6486397 1
6488993 1
6489286 1
6490638 1
6495366 1
6499647 1
6500875 1
6501440 1
6509753 1
6514739 1
6516979 1
6520929 1
6529021 1
6530605 1
6531008 1
6532491 1
6533843 1
6534106 1
6535404 1
6538189 1
6544446 1
6544960 1
6549617 1
6563210 1
6583676 1
6585125 1
6586168 1
6586411 1
6586975 1
6601121 1
6601542 1
6602158 1
6605780 1
6606482 1
6606856 1
6616952 1
6623677 1
6630046 1
6630261 1
6634187 1
6636861 1
6640665 1
6646090 1
6646128 1
6646363 1
6646559 1
6661367 1
6666565 1
6670794 1
6671997 1
6674384 1
6676210 1
6677671 1
6684652 1
6688094 1
6688170 1
6688198 1
6712638 1
6717454 1
6724737 1
6732861 1
6733289 1
6734014 1
6735861 1
6736851 1
6738047 1
6739321 1
6739925 1
6740023 1
6740432 1
6741808 1
6745020 1
6746058 1
6753086 1
6753736 1
6765577 1
6766885 1
6770319 1
6770816 1
6773074 1
6774213 1
6774322 1
6774785 1
6776089 1
6778138 1
6778893 1
6779359 1
6788496 1
6795645 1
6804391 1
6805199 1
6806358 1
6806533 1
6806664 1
6815782 1
6819934 1
6827547 1
6831854 1
6833020 1
6835958 1
6839548 1
6840060 1
6842275 1
6842917 1
6847334 1
6848160 1
6848647 1
6850350 1
6850842 1
6853195 1
6854718 1
6858212 1
6859544 1
6859716 1
6860494 1
6872189 1
6874612 1
6874816 1
6876998 1
6878685 1
6881737 1
6885193 1
6886915 1
6887543 1
6889589 1
6890046 1
6895225 1
6897670 1
6898149 1
6899537 1
6908933 1
6911122 1
6918427 1
6921345 1
6921554 1
6922330 1
6925137 1
6926042 1
6926149 1
6926154 1
6926250 1
6928098 1
6928203 1
6929446 1
6929996 1
6930027 1
6930381 1
6933422 1
6934197 1
6934620 1
6934840 1
6935353 1
6937195 1
6937423 1
6937594 1
6938021 1
6940885 1
6940899 1
6945636 1
6947495 1
6947704 1
6951311 1
6951401 1
6964595 1
6969680 1
6971527 1
6974063 1
6974813 1
6981344 1
6983147 1
6986879 1
6988112 1
6992356 1
6994455 1
6994496 1
6995544 1
7005043 1
7005276 1
7005636 1
7007561 1
7012540 1
7023281 1
7023510 1
7026957 1
7027520 1
7031481 1
7033241 1
7040819 1
7041168 1
7042255 1
7042378 1
7051021 1
7052018 1
7053714 1
7054192 1
7056208 1
7057440 1
7062245 1
7063406 1
7066838 1
7072737 1
7075274 1
7075518 1
7078615 1
7079111 1
7080002 1
7084706 1
7091546 1
7098268 1
7106164 1
7107099 1
7109334 1
7109518 1
7109806 1
7111181 1
7111477 1
7111562 1
7112749 1
7113248 1
7114554 1
7116214 1
7116672 1
7117074 1
7118914 1
7122242 1
7123733 1
7124150 1
7129993 1
7130559 1
7131843 1
7133308 1
7136130 1
7138098 1
7148193 1
7159973 1
7163479 1
7166327 1
7166658 1
7170399 1
7174417 1
7180410 1
7182649 1
7189059 1
7191531 1
7193777 1
7199413 1
7200156 1
7205297 1
7210829 1
7211614 1
7212564 1
7215872 1
7219622 1
7221887 1
7225057 1
7227309 1
7228212 1
7231671 1
7232322 1
7239738 1
7241288 1
7247786 1
7250497 1
7260723 1
7261992 1
7271387 1
7273260 1
7273653 1
7277862 1
7290369 1
7296496 1
7297175 1
7305324 1
7313839 1
7314020 1
7314307 1
7315649 1
7319998 1
7325077 1
7326462 1
7329490 1
7332611 1
7335255 1
7341949 1
7346791 1
7347519 1
7347741 1
7355142 1
7357550 1
7364936 1
7368174 1
7368617 1
7375327 1
7382643 1
7389671 1
7390496 1
7392255 1
7393266 1
7394183 1
7395493 1
7396432 1
7403020 1
7405054 1
7406544 1
7412325 1
7412654 1
7413082 1
7415492 1
7417560 1
7418140 1
7419194 1
7436664 1
7437402 1
7437465 1
7438280 1
7438671 1
7438757 1
7441525 1
7443604 1
7471265 1
7475452 1
7485841 1
7491463 1
7492800 1
7494652 1
7495293 1
7498373 1
7499921 1
7501691 1
7506094 1
7520209 1
7522608 1
7534724 1
7536889 1
7540237 1
7548513 1
7556946 1
7561642 1
7569213 1
7572386 1
7576744 1
7580529 1
7581276 1
7582248 1
7589705 1
7590315 1
7592594 1
7593708 1
7594045 1
7595017 1
7595129 1
7596407 1
7600344 1
7605921 1
7611082 1
7613907 1
7616163 1
7619686 1
7623260 1
7623678 1
7629748 1
7630685 1
7633860 1
7643354 1
7646219 1
7648920 1
7653935 1
7656338 1
7657404 1
7663340 1
7665317 1
7665810 1
7666269 1
7666376 1
7668877 1
7669438 1
7675449 1
7677048 1
7687490 1
7687689 1
7691337 1
7693293 1
7696061 1
7697955 1
7698960 1
7704860 1
7707506 1
7710329 1
7712236 1
7718751 1
7718851 1
7729995 1
7739107 1
7741644 1
7742219 1
7742827 1
7755265 1
7757130 1
7757678 1
7758703 1
7762433 1
7764783 1
7767993 1
7777498 1
7780120 1
7790044 1
7793323 1
7803692 1
7809273 1
7821959 1
7828814 1
7831361 1
7831550 1
7835909 1
7840097 1
7841494 1
7847899 1
7855102 1
7870405 1
7870667 1
7870735 1
7871267 1
7872399 1
7877103 1
7881479 1
7881970 1
7890959 1
7894898 1
7897332 1
7899887 1
7902585 1
7903822 1
7907381 1
7907393 1
7911332 1
7913581 1
7915826 1
7916123 1
7922253 1
7926350 1
7928212 1
7935407 1
7939843 1
7939869 1
7941075 1
7945431 1
7950323 1
7951220 1
7956881 1
7958348 1
7959223 1
7963699 1
7973992 1
7976833 1
7976969 1
7979773 1
7981019 1
7981782 1
7985210 1
7988559 1
7996718 1
7997047 1
7997707 1
7998179 1
7998531 1
7998585 1
7999364 1
8001059 1
8002278 1
8003617 1
8004623 1
8005170 1
8007383 1
8010890 1
8011000 1
8012411 1
8012906 1
8013836 1
8015404 1
8015822 1
8015903 1
8016723 1
8018714 1
8018932 1
8021844 1
8025381 1
8025811 1
8027222 1
8028814 1
8029985 1
8033330 1
8033594 1
8034069 1
8034651 1
8035003 1
8035011 1
8035947 1
8036173 1
8039927 1
8041790 1
8042196 1
8042680 1
8045384 1
8055489 1
8057827 1
8058010 1
8068429 1
8069599 1
8070186 1
8070345 1
8070449 1
8071535 1
8073342 1
8077182 1
8079169 1
8079683 1
8082187 1
8083868 1
8084147 1
8085636 1
8086730 1
8086985 1
8087094 1
8087104 1
8088415 1
8088688 1
8088952 1
8090841 1
8091668 1
8092072 1
8093200 1
8094137 1
8095573 1
8095661 1
8096470 1
8097846 1
8099225 1
8099973 1
8101539 1
8102257 1
8102660 1
8103876 1
8106688 1
8107032 1
8109672 1
8110425 1
8113059 1
8113066 1
8113858 1
8116423 1
8116787 1
8119308 1
8120547 1
8120670 1
8121301 1
8122167 1
8122819 1
8123469 1
8127683 1
8128622 1
8131304 1
8131832 1
8132260 1
8132850 1
8132876 1
8135432 1
8135514 1
8135800 1
8136145 1
8136398 1
8137365 1
8137980 1
8138406 1
8138902 1
8142282 1
8144443 1
8144668 1
8144888 1
8153041 1
8156375 1
8156864 1
8157450 1
8161916 1
8163283 1
8166689 1
8167964 1
8171444 1
8179595 1
8186739 1
8187130 1
8187469 1
8187644 1
8187645 1
8191024 1
8202524 1
8204675 1
8205623 1
8210781 1
8212563 1
8212890 1
8214048 1
8214551 1
8216617 1
8222270 1
8223157 1
8223905 1
8227659 1
8242590 1
8251015 1
8275685 1
8276919 1
8277076 1
8284271 1
8294025 1
8305238 1
4299 1
7028 1
15608 1
26778 1
30870 1
40365 1
53859 1
81189 1
103723 1
105010 1
107720 1
125143 1
127906 1
131096 1
131442 1
139350 1
140570 1
150642 1
153038 1
155546 1
158860 1
163033 1
164567 1
165096 1
169949 1
170732 1
177555 1
178021 1
181750 1
193249 1
198870 1
201816 1
203095 1
203111 1
203883 1
209822 1
217459 1
219610 1
225343 1
238132 1
251308 1
260024 1
309014 1
327998 1
334407 1
336173 1
343048 1
356609 1
361010 1
387192 1
431949 1
453203 1
454710 1
459436 1
461965 1
479042 1
483765 1
486727 1
500176 1
527275 1
535202 1
557145 1
582104 1
582227 1
591675 1
613953 1
622569 1
637577 1
663597 1
721282 1
724422 1
739959 1
759248 1
764720 1
775638 1
814750 1
815549 1
818020 1
824508 1
839551 1
855879 1
878881 1
890871 1
902535 1
912481 1
923240 1
930478 1
940938 1
959154 1
982432 1
982735 1
983629 1
987908 1
991959 1
1000276 1
1011297 1
1030289 1
1056547 1
1066426 1
1080322 1
1081664 1
1081994 1
1103686 1
1109400 1
1146393 1
1185983 1
1186598 1
1192567 1
1199854 1
1199914 1
1215475 1
1222149 1
1222416 1
1228975 1
1260693 1
1263139 1
1272242 1
1275717 1
1277337 1
1298656 1
1307987 1
1314056 1
1322054 1
1340331 1
1352047 1
1371489 1
1395949 1
1399929 1
1409708 1
1409708 1
1411269 1
1425704 1
1469471 1
1472347 1
1479649 1
1483272 1
1486206 1
1510813 1
1512413 1
1536200 1
1556625 1
1570813 1
1577741 1
1593081 1
1606175 1
1619644 1
1620351 1
1636501 1
1637076 1
1657727 1
1663270 1
1663935 1
1676487 1
1690492 1
1694408 1
1714393 1
1719678 1
1746129 1
1775233 1
1776092 1
1777533 1
1779560 1
1883099 1
1907746 1
1979288 1
1992685 1
1997904 1
1999507 1
2008464 1
2024307 1
2067891 1
2071059 1
2074632 1
2074886 1
2087394 1
2091903 1
2093506 1
2102359 1
2111819 1
2115334 1
2117548 1
2118155 1
2199871 1
2223019 1
2253922 1
2255393 1
2281296 1
2282347 1
2354639 1
2364041 1
2370553 1
2399161 1
2407735 1
2408872 1
2411606 1
2422331 1
2422709 1
2433941 1
2434708 1
2463875 1
2476097 1
2510252 1
2515420 1
2521361 1
2526058 1
2527048 1
2536833 1
2537948 1
2582455 1
2611217 1
2614508 1
2636214 1
2653905 1
2659246 1
2661918 1
2684091 1
2690081 1
2704027 1
2728154 1
2729232 1
2768936 1
2782423 1
2784280 1
2801907 1
2805624 1
2807568 1
2868915 1
2895837 1
2939384 1
2948065 1
2972410 1
2973764 1
2974055 1
2984527 1
2994536 1
3003209 1
3009585 1
3010271 1
3026527 1
3037836 1
3038399 1
3044906 1
3063519 1
3085769 1
3105555 1
3174796 1
3175163 1
3175166 1
3187682 1
3227220 1
3229134 1
3238155 1
3245828 1
3266014 1
3267107 1
3269031 1
3291111 1
3292444 1
3296374 1
3306662 1
3324237 1
3328657 1
3334681 1
3343605 1
3370871 1
3378100 1
3382808 1
3383342 1
3385278 1
3389548 1
3393070 1
3402067 1
3419598 1
3434129 1
3446592 1
3468180 1
3479704 1
3485769 1
3520188 1
3524705 1
3527445 1
3530824 1
3574152 1
3589434 1
3589692 1
3623836 1
3631047 1
3631537 1
3633061 1
3633651 1
3633822 1
3642529 1
3650946 1
3652069 1
3679473 1
3717358 1
3762230 1
3774306 1
3785058 1
3800810 1
3802168 1
3845442 1
3849322 1
3861946 1
3865159 1
3875607 1
3884561 1
3912828 1
3929480 1
3937432 1
3937615 1
3974325 1
3975723 1
3987255 1
3995184 1
3996513 1
4003024 1
4009218 1
4018582 1
4041122 1
4045179 1
4066815 1
4078924 1
4081865 1
4083980 1
4095293 1
4108571 1
4138296 1
4159640 1
4165769 1
4169313 1
4190701 1
4194793 1
4196053 1
4204050 1
4213263 1
4214133 1
4214955 1
4215404 1
4216014 1
4226690 1
4232917 1
4256630 1
4260201 1
4262352 1
4280089 1
4281055 1
4284286 1
4292084 1
4304168 1
4309741 1
4309809 1
4314245 1
4319098 1
4336470 1
4336698 1
4347712 1
4353154 1
4355076 1
4362815 1
4372037 1
4375869 1
4376649 1
4381447 1
4399451 1
4400938 1
4406716 1
4411985 1
4415706 1
4418071 1
4418135 1
4433685 1
4442480 1
4444329 1
4447237 1
4451206 1
4462978 1
4485158 1
4494140 1
4509066 1
4532824 1
4539980 1
4582765 1
4594380 1
4617012 1
4632852 1
4648526 1
4677601 1
4685616 1
4691608 1
4691865 1
4703527 1
4707943 1
4718484 1
4731858 1
4745082 1
4767793 1
4792476 1
4811954 1
4815506 1
4845774 1
4853196 1
4883430 1
4923191 1
4926044 1
4948651 1
5016642 1
5020447 1
5064656 1
5081261 1
5124874 1
5136238 1
5163597 1
5212170 1
5219619 1
5240169 1
5286575 1
5289821 1
5325574 1
5361540 1
5366692 1
5373659 1
5380073 1
5417872 1
5432575 1
5433382 1
5433388 1
5435358 1
5442886 1
5462283 1
5462911 1
5493124 1
5534165 1
5538556 1
5558252 1
5580329 1
5612192 1
5617430 1
5619566 1
5620730 1
5639599 1
5641890 1
5643197 1
5650851 1
5655427 1
5662642 1
5663534 1
5664961 1
5675547 1
5686068 1
5688352 1
5693532 1
5693820 1
5701437 1
5710702 1
5719146 1
5720028 1
5720411 1
5743617 1
5782393 1
5798988 1
5804519 1
5808984 1
5809703 1
5822458 1
5825495 1
5851983 1
5869039 1
5870413 1
5877606 1
5880183 1
5883834 1
5893686 1
5894389 1
5901037 1
5915210 1
5915509 1
5922351 1
5922596 1
5923203 1
5925711 1
5926281 1
5926605 1
5932899 1
5953646 1
5955768 1
5965321 1
5971002 1
6000273 1
6026355 1
6040901 1
6065102 1
6071212 1
6119318 1
6121633 1
6125158 1
6125767 1
6138950 1
6144355 1
6157346 1
6191423 1
6224757 1
6226371 1
6227954 1
6228308 1
6234147 1
6254821 1
6264330 1
6277377 1
6293366 1
6306584 1
6335191 1
6344171 1
6357420 1
6362515 1
6382091 1
6396039 1
6412999 1
6438354 1
6452829 1
6465864 1
6475108 1
6486873 1
6490019 1
6491999 1
6492174 1
6493726 1
6494951 1
6494957 1
6502632 1
6513460 1
6527224 1
6528083 1
6550454 1
6563486 1
6573155 1
6582398 1
6583561 1
6584034 1
6600629 1
6617245 1
6618534 1
6622466 1
6624877 1
6678601 1
6695996 1
6703639 1
6710211 1
6723958 1
6739589 1
6750974 1
6756500 1
6766512 1
6770597 1
6771998 1
6777891 1
6778531 1
6779694 1
6783781 1
6787088 1
6805553 1
6817462 1
6848822 1
6851654 1
6851930 1
6852537 1
6858894 1
6887030 1
6887479 1
6899365 1
6900955 1
6925357 1
6927642 1
6929150 1
6929377 1
6931213 1
6935460 1
6935645 1
6943144 1
6961424 1
6970784 1
6995231 1
7002038 1
7026876 1
7050876 1
7061386 1
7065482 1
7069634 1
7107668 1
7111698 1
7114260 1
7114541 1
7116892 1
7118146 1
7144903 1
7145805 1
7164010 1
7169799 1
7172839 1
7177399 1
7178890 1
7196390 1
7199920 1
7201529 1
7224837 1
7257700 1
7303711 1
7309298 1
7330064 1
7339405 1
7394567 1
7418342 1
7423392 1
7433793 1
7444344 1
7453910 1
7469840 1
7476345 1
7484553 1
7499458 1
7506107 1
7506414 1
7511923 1
7533862 1
7534435 1
7552030 1
7552635 1
7553354 1
7574625 1
7585217 1
7585237 1
7599179 1
7600180 1
7618676 1
7621534 1
7655886 1
7673206 1
7680351 1
7724596 1
7764466 1
7775661 1
7807461 1
7828945 1
7831869 1
7841796 1
7842058 1
7842058 1
7845934 1
7855713 1
7918995 1
7920477 1
7933215 1
7970333 1
7985126 1
7996423 1
7996562 1
7997569 1
7999305 1
8005700 1
8007005 1
8007179 1
8012269 1
8018333 1
8028891 1
8037116 1
8040667 1
8045968 1
8046981 1
8053761 1
8055748 1
8056214 1
8061596 1
8066455 1
8066955 1
8072551 1
8076679 1
8080980 1
8083415 1
8089063 1
8089663 1
8095836 1
8098897 1
8106503 1
8113482 1
8131125 1
8131712 1
8134964 1
8135976 1
8137686 1
8138511 1
8138548 1
8143556 1
8150759 1
8152223 1
8152882 1
8161323 1
8234959 1
8250141 1
8250507 1
8276316 1
8311800 1
