5639 1
7166 1
23860 1
23860 1
24041 1
26566 1
32011 1
32011 1
35970 1
36857 1
38117 1
46616 1
48442 1
49821 1
50900 1
62391 1
69724 1
72989 1
80384 1
82042 1
82184 1
90419 1
92408 1
98481 1
101387 1
108326 1
108326 1
116321 1
117659 1
117937 1
119567 1
121116 1
122555 1
127844 1
133553 1
134282 1
136966 1
137910 1
137924 1
141969 1
142420 1
144229 1
145033 1
145446 1
148254 1
148254 1
148605 1
149041 1
150815 1
151061 1
153237 1
154622 1
155536 1
160083 1
166654 1
166985 1
168608 1
168616 1
170308 1
187071 1
189322 1
190640 1
200510 1
206946 1
207249 1
210064 1
215533 1
216974 1
217320 1
223571 1
224362 1
225214 1
225448 1
228543 1
228543 1
228995 1
230610 1
241023 1
241813 1
244837 1
254335 1
254335 1
263573 1
264516 1
265579 1
266888 1
275156 1
281223 1
282593 1
283409 1
291049 1
299799 1
307275 1
308606 1
317317 1
321096 1
328448 1
330645 1
339758 1
356609 1
359559 1
360709 1
365705 1
408819 1
409597 1
409922 1
419972 1
420285 1
430486 1
431960 1
432034 1
433871 1
445440 1
456485 1
462191 1
463569 1
465057 1
466321 1
466890 1
474654 1
478602 1
479024 1
479285 1
482438 1
482566 1
490470 1
491652 1
494423 1
500388 1
507313 1
508741 1
510716 1
514545 1
526567 1
536155 1
541168 1
541168 1
549359 1
551288 1
555609 1
556233 1
564390 1
567585 1
574586 1
575217 1
576053 1
577008 1
580595 1
583188 1
583188 1
589690 1
619819 1
625057 1
628046 1
653884 1
665457 1
668975 1
672093 1
679808 1
683397 1
684179 1
708233 1
713423 1
716182 1
723965 1
727817 1
731472 1
739538 1
741183 1
742440 1
743706 1
746677 1
748599 1
749747 1
750584 1
752187 1
759390 1
772612 1
775361 1
776766 1
776996 1
778210 1
778873 1
779307 1
782278 1
786965 1
801426 1
805625 1
807021 1
812165 1
814279 1
814564 1
814936 1
818600 1
820552 1
831417 1
839644 1
851862 1
851969 1
851969 1
853323 1
854968 1
854968 1
859265 1
863999 1
866401 1
890158 1
898481 1
909170 1
910764 1
917292 1
920837 1
923629 1
924307 1
924814 1
925876 1
927068 1
931576 1
937668 1
937950 1
943115 1
950391 1
953205 1
957959 1
969531 1
972705 1
979940 1
979940 1
986058 1
993139 1
998748 1
1004885 1
1011426 1
1021640 1
1024407 1
1030846 1
1030877 1
1032611 1
1039192 1
1042072 1
1044773 1
1045594 1
1049534 1
1051193 1
1065790 1
1073134 1
1080040 1
1081462 1
1081892 1
1082395 1
1083478 1
1091941 1
1095726 1
1095738 1
1097146 1
1097382 1
1101604 1
1108873 1
1108924 1
1110693 1
1113992 1
1116666 1
1118719 1
1119067 1
1129778 1
1145962 1
1152343 1
1156628 1
1159120 1
1159304 1
1175232 1
1180740 1
1180754 1
1185776 1
1193841 1
1199404 1
1203893 1
1205418 1
1205418 1
1205462 1
1209598 1
1211825 1
1216213 1
1218673 1
1222098 1
1230405 1
1230551 1
1230551 1
1235741 1
1240671 1
1242868 1
1243362 1
1259069 1
1261334 1
1267581 1
1269608 1
1273947 1
1274344 1
1289049 1
1291980 1
1292426 1
1301753 1
1311068 1
1314454 1
1317228 1
1324132 1
1333705 1
1334924 1
1339563 1
1343215 1
1348616 1
1351490 1
1352288 1
1355114 1
1355573 1
1355718 1
1355819 1
1364368 1
1370118 1
1373216 1
1377569 1
1400864 1
1400868 1
1408233 1
1427387 1
1435919 1
1440426 1
1441165 1
1444760 1
1460862 1
1461060 1
1462364 1
1465006 1
1469697 1
1471040 1
1471559 1
1473362 1
1480429 1
1480477 1
1486006 1
1491440 1
1491691 1
1497462 1
1509681 1
1520149 1
1529104 1
1531566 1
1533144 1
1535283 1
1536922 1
1544767 1
1552176 1
1554469 1
1554629 1
1554688 1
1558387 1
1562482 1
1563706 1
1568423 1
1569846 1
1575881 1
1585135 1
1585824 1
1607415 1
1611340 1
1614279 1
1622474 1
1627121 1
1633425 1
1633955 1
1634081 1
1642024 1
1643254 1
1645555 1
1650100 1
1662951 1
1665431 1
1673326 1
1673328 1
1675545 1
1678561 1
1681874 1
1682585 1
1686819 1
1687312 1
1691854 1
1693634 1
1703657 1
1707300 1
1708187 1
1708726 1
1708790 1
1722546 1
1723150 1
1727466 1
1730231 1
1731816 1
1740140 1
1759873 1
1761875 1
1771597 1
1771597 1
1778124 1
1780941 1
1784646 1
1790865 1
1792662 1
1792961 1
1801651 1
1803828 1
1803949 1
1803950 1
1804435 1
1808199 1
1810024 1
1813282 1
1817433 1
1820802 1
1831493 1
1832861 1
1859455 1
1859455 1
1865818 1
1872907 1
1881454 1
1882530 1
1884015 1
1899318 1
1899658 1
1907330 1
1908219 1
1910449 1
1918873 1
1922916 1
1936933 1
1937309 1
1944933 1
1949101 1
1949707 1
1953477 1
1954960 1
1955500 1
1958589 1
1964696 1
1972646 1
1996785 1
1999536 1
2007324 1
2008856 1
2010253 1
2014263 1
2019633 1
2021394 1
2028594 1
2030821 1
2037037 1
2037945 1
2041881 1
2047734 1
2053694 1
2059683 1
2065511 1
2066060 1
2069872 1
2070833 1
2081740 1
2084205 1
2089583 1
2093935 1
2095783 1
2102094 1
2107235 1
2114312 1
2124774 1
2126356 1
2127352 1
2127706 1
2129175 1
2137603 1
2144764 1
2155696 1
2156714 1
2160183 1
2163100 1
2164905 1
2169330 1
2171377 1
2175265 1
2176533 1
2177129 1
2183898 1
2187780 1
2189326 1
2194576 1
2194576 1
2196308 1
2196532 1
2198511 1
2204417 1
2205066 1
2210255 1
2220238 1
2227744 1
2239060 1
2241762 1
2246100 1
2246677 1
2249150 1
2249365 1
2251491 1
2251567 1
2253023 1
2261671 1
2262777 1
2262777 1
2272626 1
2273799 1
2274556 1
2281013 1
2281224 1
2287525 1
2287525 1
2287541 1
2290882 1
2290882 1
2291147 1
2300635 1
2300635 1
2302468 1
2317662 1
2318242 1
2320892 1
2332770 1
2343663 1
2349661 1
2349661 1
2355386 1
2358279 1
2370336 1
2370827 1
2370957 1
2382603 1
2383143 1
2384075 1
2384246 1
2389871 1
2390516 1
2393479 1
2395109 1
2397185 1
2403980 1
2412332 1
2420915 1
2428366 1
2430060 1
2430786 1
2434708 1
2435083 1
2439805 1
2441853 1
2443492 1
2444851 1
2445735 1
2447705 1
2448782 1
2468233 1
2468233 1
2472080 1
2473733 1
2480691 1
2489585 1
2489824 1
2511408 1
2515606 1
2515606 1
2516031 1
2517887 1
2529011 1
2529301 1
2533804 1
2548069 1
2548632 1
2550764 1
2557008 1
2562764 1
2563334 1
2563951 1
2563953 1
2564729 1
2573294 1
2585016 1
2587243 1
2591603 1
2609416 1
2615074 1
2616042 1
2618737 1
2622194 1
2631616 1
2636055 1
2636957 1
2637293 1
2637677 1
2649900 1
2649938 1
2650271 1
2650975 1
2651957 1
2671842 1
2675817 1
2677821 1
2684958 1
2686645 1
2697275 1
2697499 1
2707664 1
2708756 1
2714599 1
2719110 1
2720339 1
2721201 1
2724785 1
2730313 1
2731478 1
2732246 1
2736211 1
2737431 1
2761982 1
2762542 1
2763498 1
2764842 1
2766852 1
2767356 1
2772186 1
2777989 1
2780289 1
2781248 1
2781699 1
2785479 1
2789949 1
2796956 1
2801408 1
2803416 1
2805499 1
2821075 1
2828014 1
2851022 1
2851829 1
2871835 1
2872110 1
2873487 1
2874691 1
2874691 1
2878864 1
2879632 1
2879896 1
2879910 1
2881462 1
2882811 1
2883683 1
2887859 1
2891021 1
2891080 1
2892858 1
2897186 1
2900005 1
2907248 1
2911345 1
2921907 1
2927535 1
2930068 1
2931439 1
2940669 1
2948744 1
2948846 1
2949411 1
2950236 1
2966332 1
2973570 1
2979783 1
2987771 1
2996820 1
3005347 1
3005921 1
3010406 1
3013013 1
3013343 1
3015162 1
3022781 1
3024298 1
3025745 1
3030202 1
3033548 1
3036389 1
3041587 1
3042893 1
3042893 1
3045673 1
3046153 1
3048534 1
3057250 1
3058391 1
3058476 1
3060251 1
3065279 1
3069152 1
3074844 1
3077686 1
3080374 1
3082104 1
3085874 1
3096662 1
3103375 1
3108659 1
3115272 1
3119151 1
3123307 1
3124634 1
3127323 1
3136783 1
3149442 1
3149710 1
3151493 1
3156532 1
3161562 1
3162004 1
3162327 1
3162845 1
3167076 1
3171877 1
3181741 1
3181743 1
3183863 1
3195791 1
3198760 1
3206373 1
3206373 1
3211699 1
3212954 1
3216014 1
3231843 1
3238106 1
3249657 1
3250469 1
3250757 1
3254658 1
3258149 1
3266445 1
3266677 1
3267625 1
3274036 1
3282732 1
3284903 1
3287095 1
3292353 1
3298105 1
3308024 1
3311001 1
3316691 1
3317197 1
3317197 1
3318305 1
3322984 1
3323024 1
3327635 1
3329783 1
3331312 1
3333799 1
3333799 1
3336010 1
3337154 1
3343232 1
3345876 1
3355293 1
3366391 1
3370645 1
3374211 1
3379025 1
3379423 1
3382447 1
3404433 1
3410265 1
3415826 1
3418506 1
3421112 1
3431318 1
3435977 1
3436327 1
3440101 1
3442826 1
3449984 1
3454369 1
3462875 1
3467307 1
3467328 1
3468637 1
3469549 1
3472547 1
3476023 1
3481160 1
3488611 1
3505319 1
3505445 1
3506322 1
3509822 1
3512469 1
3518581 1
3523993 1
3526399 1
3527144 1
3532549 1
3542367 1
3543671 1
3544770 1
3545049 1
3549731 1
3560153 1
3575313 1
3578091 1
3581374 1
3584005 1
3584321 1
3588737 1
3589876 1
3590715 1
3597784 1
3606309 1
3613859 1
3615560 1
3623216 1
3633988 1
3637091 1
3653063 1
3655487 1
3656230 1
3660522 1
3662339 1
3665321 1
3675724 1
3687244 1
3691181 1
3691569 1
3697155 1
3701252 1
3704152 1
3704455 1
3704455 1
3704986 1
3705705 1
3709187 1
3711986 1
3713651 1
3721190 1
3727372 1
3731715 1
3732359 1
3735473 1
3740189 1
3741574 1
3746180 1
3746609 1
3751262 1
3768107 1
3768710 1
3771555 1
3774787 1
3777662 1
3777989 1
3778638 1
3779347 1
3779730 1
3783458 1
3783811 1
3787523 1
3794002 1
3794958 1
3797938 1
3804640 1
3809200 1
3811408 1
3812919 1
3815916 1
3818285 1
3828596 1
3829017 1
3834758 1
3835759 1
3836686 1
3846500 1
3846603 1
3852763 1
3853868 1
3855042 1
3857582 1
3858178 1
3861988 1
3866658 1
3867228 1
3867553 1
3870018 1
3873133 1
3873463 1
3874331 1
3879762 1
3885961 1
3887283 1
3890269 1
3895421 1
3908813 1
3924592 1
3932039 1
3933095 1
3937835 1
3946578 1
3954937 1
3963819 1
3970229 1
3973760 1
3974643 1
3975632 1
3978018 1
3979267 1
3981657 1
3984268 1
3988952 1
3989230 1
3994285 1
3994732 1
3995934 1
4004902 1
4005793 1
4005793 1
4008211 1
4009678 1
4016595 1
4016669 1
4016958 1
4021799 1
4027504 1
4040748 1
4041132 1
4047276 1
4047464 1
4047649 1
4056430 1
4066366 1
4068697 1
4068971 1
4073048 1
4078971 1
4080480 1
4083980 1
4100334 1
4111003 1
4120242 1
4124311 1
4128536 1
4129557 1
4136145 1
4136569 1
4151326 1
4159207 1
4164293 1
4170138 1
4183412 1
4190218 1
4191184 1
4191876 1
4197359 1
4199769 1
4201341 1
4205564 1
4205564 1
4206205 1
4210384 1
4213563 1
4217410 1
4219517 1
4225243 1
4226163 1
4227808 1
4228330 1
4232909 1
4237799 1
4237799 1
4250478 1
4251182 1
4254322 1
4254326 1
4257850 1
4258711 1
4270023 1
4270660 1
4271573 1
4271777 1
4275487 1
4275487 1
4281964 1
4288644 1
4297642 1
4303287 1
4309007 1
4316171 1
4321076 1
4323358 1
4324445 1
4326389 1
4326780 1
4331587 1
4336489 1
4340800 1
4340800 1
4345438 1
4346662 1
4347472 1
4349750 1
4352859 1
4354704 1
4357361 1
4362605 1
4367895 1
4368482 1
4372621 1
4375424 1
4375424 1
4378201 1
4378752 1
4382003 1
4384917 1
4390525 1
4394654 1
4395439 1
4396291 1
4403398 1
4413256 1
4413508 1
4416741 1
4418388 1
4420332 1
4421244 1
4424057 1
4425932 1
4425933 1
4429510 1
4439073 1
4440361 1
4444471 1
4462470 1
4463997 1
4465070 1
4467485 1
4468412 1
4473655 1
4475641 1
4479056 1
4479056 1
4479789 1
4485144 1
4490338 1
4490841 1
4494981 1
4495070 1
4495076 1
4496160 1
4499404 1
4500096 1
4513853 1
4517082 1
4517175 1
4518028 1
4518946 1
4522766 1
4541690 1
4543725 1
4544265 1
4544575 1
4544922 1
4546360 1
4548319 1
4563042 1
4564111 1
4565974 1
4567250 1
4576972 1
4577354 1
4578639 1
4579420 1
4591101 1
4595751 1
4598262 1
4605220 1
4610044 1
4621890 1
4628313 1
4630029 1
4632459 1
4633021 1
4645276 1
4647143 1
4647924 1
4649090 1
4650876 1
4654263 1
4654792 1
4663676 1
4664311 1
4665456 1
4671735 1
4680464 1
4682456 1
4683729 1
4684547 1
4688970 1
4697016 1
4704474 1
4709752 1
4716787 1
4723334 1
4724297 1
4731776 1
4732847 1
4735425 1
4752432 1
4755380 1
4756851 1
4764873 1
4775624 1
4779766 1
4780220 1
4788568 1
4790152 1
4791510 1
4794378 1
4796033 1
4800352 1
4802487 1
4802487 1
4806068 1
4807337 1
4807783 1
4816257 1
4820725 1
4822916 1
4832402 1
4832548 1
4835289 1
4835742 1
4844578 1
4845206 1
4846995 1
4848898 1
4852804 1
4853114 1
4855046 1
4865332 1
4866564 1
4874750 1
4876364 1
4879074 1
4882478 1
4882478 1
4883190 1
4883305 1
4891454 1
4898338 1
4898412 1
4899191 1
4905219 1
4909427 1
4910315 1
4919173 1
4931194 1
4931394 1
4943356 1
4956854 1
4958063 1
4961721 1
4964130 1
4969517 1
4984265 1
4984265 1
4996848 1
4997362 1
4998473 1
5003289 1
5023931 1
5030828 1
5031689 1
5033027 1
5044232 1
5048336 1
5052023 1
5055281 1
5055703 1
5061157 1
5062397 1
5063995 1
5066634 1
5066641 1
5067108 1
5074287 1
5075810 1
5080576 1
5088068 1
5091943 1
5092445 1
5104182 1
5107161 1
5119602 1
5146278 1
5153368 1
5155408 1
5171374 1
5174142 1
5178435 1
5178936 1
5181834 1
5196399 1
5199323 1
5200893 1
5203931 1
5211231 1
5212415 1
5214543 1
5219661 1
5222167 1
5228365 1
5239337 1
5241774 1
5278437 1
5279355 1
5292201 1
5292330 1
5311006 1
5323242 1
5334232 1
5337500 1
5339864 1
5340110 1
5340871 1
5344314 1
5347469 1
5347647 1
5352590 1
5352626 1
5354253 1
5362109 1
5362109 1
5371458 1
5373846 1
5376533 1
5385716 1
5391499 1
5400486 1
5418372 1
5423663 1
5430188 1
5435268 1
5438676 1
5438737 1
5441549 1
5443300 1
5444833 1
5449356 1
5450768 1
5454792 1
5463702 1
5466080 1
5466082 1
5468008 1
5470354 1
5475400 1
5478966 1
5483548 1
5491840 1
5499085 1
5502181 1
5502921 1
5504451 1
5506363 1
5509565 1
5518576 1
5522392 1
5523462 1
5532149 1
5532449 1
5533241 1
5542201 1
5549834 1
5556458 1
5562276 1
5565482 1
5594678 1
5595968 1
5601625 1
5605271 1
5608124 1
5608512 1
5628622 1
5632199 1
5632277 1
5643359 1
5643424 1
5643840 1
5648020 1
5649166 1
5652385 1
5654211 1
5656478 1
5657717 1
5662232 1
5662387 1
5663175 1
5664203 1
5665003 1
5666128 1
5667864 1
5679827 1
5680092 1
5681578 1
5682854 1
5686354 1
5690512 1
5690748 1
5690908 1
5694481 1
5695348 1
5698726 1
5702085 1
5704529 1
5708753 1
5710610 1
5710775 1
5711007 1
5714124 1
5714124 1
5720695 1
5722866 1
5724218 1
5730323 1
5737558 1
5740682 1
5748293 1
5749292 1
5752175 1
5756167 1
5762605 1
5769933 1
5769933 1
5772576 1
5773694 1
5775819 1
5778170 1
5784228 1
5786235 1
5790656 1
5797100 1
5798749 1
5801697 1
5803223 1
5813919 1
5815621 1
5816544 1
5819469 1
5826523 1
5827693 1
5841593 1
5846047 1
5848328 1
5854372 1
5870600 1
5872207 1
5872803 1
5874349 1
5876531 1
5881801 1
5884010 1
5887323 1
5887323 1
5890152 1
5890301 1
5894309 1
5894309 1
5894889 1
5895178 1
5898710 1
5905440 1
5907564 1
5913656 1
5920967 1
5922285 1
5922414 1
5929769 1
5931144 1
5934248 1
5940050 1
5942366 1
5943524 1
5959868 1
5960687 1
5961890 1
5966027 1
5968959 1
5970163 1
5972277 1
5975275 1
5976066 1
5979921 1
5986715 1
5990232 1
5990232 1
5990240 1
5991417 1
5994933 1
5999471 1
6002831 1
6006901 1
6010847 1
6011423 1
6031891 1
6035628 1
6037656 1
6041752 1
6047794 1
6055084 1
6060724 1
6061790 1
6065377 1
6074640 1
6088550 1
6095903 1
6095950 1
6100070 1
6118259 1
6121279 1
6127050 1
6129564 1
6130930 1
6140774 1
6147516 1
6152973 1
6157922 1
6160838 1
6167348 1
6172685 1
6178950 1
6179548 1
6189031 1
6192842 1
6193424 1
6198024 1
6227501 1
6228009 1
6231147 1
6240448 1
6245102 1
6260676 1
6262235 1
6265528 1
6265528 1
6270874 1
6271202 1
6273889 1
6273889 1
6276522 1
6277432 1
6284902 1
6290358 1
6290850 1
6294449 1
6294537 1
6295718 1
6296357 1
6296357 1
6297398 1
6300081 1
6303044 1
6306487 1
6311435 1
6314387 1
6314399 1
6318529 1
6324486 1
6330538 1
6339192 1
6339753 1
6340317 1
6342969 1
6345641 1
6348728 1
6356433 1
6369669 1
6373095 1
6373095 1
6377327 1
6379240 1
6380080 1
6380319 1
6380391 1
6382656 1
6396860 1
6400807 1
6403334 1
6405187 1
6412427 1
6417310 1
6433754 1
6438800 1
6442476 1
6452738 1
6453572 1
6455496 1
6458569 1
6461208 1
6464926 1
6471148 1
6471668 1
6478271 1
6485213 1
6485426 1
6491472 1
6498336 1
6504160 1
6506483 1
6508258 1
6508269 1
6509608 1
6509971 1
6519152 1
6520087 1
6528471 1
6532510 1
6533474 1
6536067 1
6536210 1
6538293 1
6543129 1
6546689 1
6556247 1
6557031 1
6557031 1
6560398 1
6561751 1
6566404 1
6567202 1
6570260 1
6572455 1
6574453 1
6575228 1
6584289 1
6589061 1
6611337 1
6611337 1
6612378 1
6616960 1
6617250 1
6620619 1
6625260 1
6625568 1
6625800 1
6626155 1
6629991 1
6639482 1
6640385 1
6640466 1
6641968 1
6651692 1
6651747 1
6652207 1
6653115 1
6657364 1
6675331 1
6680537 1
6682178 1
6684514 1
6687253 1
6696256 1
6697964 1
6727169 1
6728058 1
6731409 1
6733289 1
6733597 1
6733606 1
6736595 1
6737477 1
6741131 1
6742007 1
6746087 1
6754590 1
6758157 1
6766720 1
6769295 1
6777494 1
6781846 1
6789879 1
6792160 1
6794882 1
6805976 1
6807816 1
6809197 1
6816163 1
6819390 1
6821843 1
6822562 1
6826604 1
6832194 1
6834922 1
6837345 1
6838091 1
6838091 1
6854624 1
6856980 1
6869944 1
6872373 1
6877449 1
6881958 1
6885294 1
6894102 1
6911066 1
6918271 1
6920091 1
6922440 1
6922864 1
6930511 1
6930728 1
6931436 1
6935127 1
6935127 1
6939725 1
6941257 1
6944731 1
6950099 1
6952437 1
6954301 1
6956372 1
6957423 1
6957423 1
6959431 1
6960127 1
6978284 1
6981394 1
6988052 1
6995065 1
6996684 1
7007561 1
7008922 1
7022191 1
7022677 1
7027438 1
7029355 1
7036227 1
7044301 1
7044955 1
7046093 1
7053894 1
7059040 1
7068889 1
7071396 1
7071488 1
7075762 1
7075762 1
7076929 1
7079148 1
7079758 1
7081329 1
7082626 1
7083533 1
7086728 1
7100471 1
7100471 1
7111181 1
7113896 1
7125615 1
7129275 1
7132528 1
7137170 1
7141630 1
7155975 1
7157313 1
7160111 1
7161336 1
7174329 1
7182235 1
7184066 1
7189059 1
7193963 1
7204918 1
7209152 1
7209528 1
7224812 1
7227653 1
7232136 1
7232289 1
7232609 1
7232833 1
7233665 1
7234475 1
7237008 1
7237008 1
7241656 1
7241710 1
7245793 1
7249398 1
7259261 1
7261852 1
7275233 1
7275233 1
7276851 1
7281260 1
7284489 1
7296866 1
7299319 1
7313487 1
7313839 1
7314001 1
7327084 1
7327225 1
7338907 1
7339405 1
7349579 1
7351255 1
7356867 1
7358729 1
7362958 1
7365829 1
7377711 1
7380537 1
7388483 1
7409110 1
7416239 1
7418445 1
7420236 1
7420868 1
7429190 1
7434390 1
7437574 1
7447971 1
7456164 1
7466618 1
7470566 1
7472804 1
7472804 1
7477630 1
7482633 1
7497683 1
7498373 1
7503228 1
7504047 1
7504257 1
7506749 1
7507636 1
7510467 1
7516171 1
7536485 1
7536794 1
7555494 1
7572952 1
7578256 1
7578256 1
7579708 1
7584604 1
7585237 1
7589351 1
7589782 1
7594841 1
7596236 1
7600741 1
7611736 1
7611736 1
7618365 1
7625657 1
7628373 1
7628373 1
7629555 1
7641461 1
7650216 1
7651063 1
7651280 1
7652676 1
7652676 1
7655017 1
7660282 1
7666286 1
7674311 1
7676426 1
7677471 1
7678867 1
7680158 1
7687689 1
7691121 1
7691369 1
7692566 1
7693499 1
7698985 1
7698985 1
7701379 1
7702211 1
7706139 1
7707643 1
7708104 1
7711177 1
7712563 1
7715910 1
7716426 1
7720568 1
7720703 1
7728480 1
7731044 1
7735910 1
7746192 1
7756128 1
7759307 1
7768619 1
7770815 1
7772096 1
7779135 1
7782965 1
7785190 1
7790465 1
7794203 1
7799415 1
7804016 1
7807544 1
7809387 1
7812712 1
7813350 1
7817927 1
7826926 1
7830302 1
7831044 1
7831263 1
7848052 1
7850092 1
7854483 1
7854483 1
7861336 1
7866953 1
7867270 1
7868032 1
7870771 1
7872225 1
7873152 1
7876292 1
7883310 1
7890122 1
7895647 1
7902222 1
7903613 1
7910498 1
7913716 1
7914603 1
7914603 1
7923233 1
7924552 1
7928388 1
7931102 1
7935770 1
7938930 1
7944204 1
7946197 1
7947263 1
7947281 1
7951219 1
7951446 1
7952706 1
7957720 1
7957925 1
7959194 1
7959873 1
7960775 1
7963134 1
7973954 1
7984645 1
7986216 1
7986801 1
7986982 1
7988636 1
7988636 1
7989633 1
7989633 1
7995074 1
7995292 1
7998585 1
8005381 1
8005408 1
8007551 1
8007948 1
8009731 1
8012580 1
8014774 1
8015404 1
8015623 1
8018714 1
8021295 1
8025056 1
8027546 1
8029305 1
8031657 1
8034798 1
8038353 1
8038353 1
8038458 1
8040983 1
8042440 1
8044567 1
8050057 1
8060508 1
8064865 1
8066309 1
8071443 1
8074053 1
8076229 1
8086681 1
8089577 1
8094234 1
8096465 1
8097607 1
8098961 1
8107348 1
8109846 1
8115166 1
8117132 1
8119520 1
8120531 1
8123263 1
8123368 1
8126175 1
8126175 1
8126175 1
8136000 1
8137979 1
8138249 1
8140414 1
8155496 1
8163831 1
8167354 1
8167430 1
8177624 1
8184136 1
8195610 1
8198034 1
8199899 1
8202305 1
8213482 1
8222848 1
8235729 1
8236188 1
8240025 1
8245522 1
8252337 1
8252593 1
8253123 1
8253680 1
8256615 1
8265469 1
8267343 1
8274082 1
8275490 1
8275529 1
8275607 1
8275637 1
8277746 1
8287148 1
8294151 1
8295555 1
8308691 1
1473 1
2590 1
5266 1
7590 1
20545 1
23870 1
24263 1
28748 1
29015 1
40635 1
40635 1
45366 1
46092 1
46211 1
47423 1
51733 1
53876 1
54372 1
56535 1
62887 1
71594 1
71594 1
72541 1
95267 1
105235 1
110390 1
112385 1
115689 1
117716 1
118584 1
123059 1
123791 1
123796 1
128095 1
129933 1
131128 1
139364 1
139364 1
142251 1
142696 1
143892 1
147223 1
149428 1
150077 1
152491 1
153549 1
158891 1
165473 1
167241 1
167511 1
168028 1
172862 1
172862 1
181818 1
186787 1
191213 1
195200 1
201656 1
204248 1
213799 1
214369 1
215355 1
215924 1
219787 1
221434 1
222440 1
225974 1
225974 1
236317 1
248476 1
258273 1
262581 1
275701 1
276445 1
278475 1
278981 1
279776 1
281856 1
286202 1
288917 1
289478 1
290770 1
293402 1
298869 1
298985 1
302242 1
306336 1
308642 1
322859 1
333402 1
334407 1
335289 1
337421 1
338634 1
347587 1
351316 1
351990 1
357016 1
358011 1
358519 1
366338 1
370234 1
370892 1
380970 1
384528 1
390208 1
390373 1
415697 1
415697 1
416474 1
427180 1
428804 1
428860 1
451981 1
454562 1
457779 1
462237 1
481808 1
491483 1
494055 1
494070 1
494759 1
494815 1
495288 1
496191 1
502006 1
502626 1
514489 1
515451 1
529051 1
538561 1
538561 1
539369 1
541895 1
550219 1
550818 1
552677 1
556752 1
560750 1
566698 1
566786 1
566830 1
567105 1
574956 1
576394 1
581627 1
582672 1
586969 1
589561 1
590520 1
590934 1
599354 1
601254 1
603503 1
605816 1
625025 1
626405 1
640209 1
652792 1
656173 1
658198 1
680693 1
686651 1
692997 1
693314 1
699429 1
703041 1
703461 1
706671 1
717296 1
719294 1
720049 1
726745 1
730736 1
739378 1
743823 1
746151 1
750033 1
750461 1
754808 1
762209 1
765842 1
766905 1
767339 1
769373 1
773713 1
773865 1
773992 1
778881 1
778881 1
786937 1
796100 1
797617 1
800015 1
808897 1
813187 1
813853 1
820952 1
823556 1
832409 1
844280 1
855870 1
856264 1
861377 1
864514 1
866260 1
867258 1
870243 1
871192 1
872074 1
878043 1
881998 1
884189 1
891316 1
891557 1
897468 1
899346 1
900798 1
902919 1
904181 1
929383 1
929383 1
936529 1
936529 1
938938 1
939263 1
940561 1
940561 1
942020 1
944434 1
957359 1
960419 1
984919 1
985978 1
990099 1
991384 1
995092 1
995969 1
1000397 1
1000443 1
1005677 1
1006687 1
1010745 1
1010745 1
1012909 1
1018397 1
1032773 1
1035563 1
1041048 1
1044015 1
1045492 1
1045732 1
1057028 1
1063444 1
1063838 1
1066945 1
1071747 1
1078805 1
1087976 1
1093243 1
1093874 1
1094623 1
1098143 1
1104360 1
1105975 1
1111063 1
1117694 1
1118289 1
1118588 1
1121669 1
1129036 1
1129466 1
1132008 1
1135955 1
1144843 1
1147393 1
1150314 1
1153746 1
1158665 1
1159702 1
1163271 1
1163271 1
1163271 1
1163271 1
1164908 1
1165477 1
1180602 1
1180981 1
1188190 1
1196181 1
1196626 1
1199783 1
1207641 1
1211222 1
1213127 1
1216305 1
1216977 1
1219611 1
1219611 1
1237534 1
1238562 1
1241016 1
1248318 1
1261438 1
1264882 1
1266538 1
1266790 1
1272162 1
1273111 1
1274667 1
1275317 1
1287866 1
1291985 1
1296665 1
1303070 1
1307483 1
1316554 1
1319639 1
1320421 1
1321155 1
1326225 1
1335173 1
1337243 1
1344349 1
1349080 1
1355918 1
1355918 1
1360872 1
1370068 1
1380249 1
1385713 1
1392198 1
1393067 1
1395158 1
1396467 1
1397520 1
1400233 1
1402489 1
1407621 1
1408387 1
1415617 1
1416118 1
1420998 1
1423270 1
1426065 1
1440984 1
1445955 1
1463489 1
1475108 1
1478869 1
1479244 1
1479649 1
1492570 1
1496073 1
1535877 1
1537285 1
1542180 1
1542207 1
1545467 1
1550056 1
1553086 1
1570562 1
1590312 1
1590312 1
1590538 1
1603856 1
1604328 1
1605417 1
1609198 1
1610107 1
1612696 1
1612696 1
1616653 1
1623164 1
1626637 1
1629464 1
1637826 1
1637830 1
1640161 1
1640555 1
1646038 1
1648876 1
1650242 1
1659358 1
1659830 1
1662346 1
1666065 1
1670404 1
1671339 1
1675464 1
1685224 1
1689077 1
1691442 1
1696725 1
1700256 1
1701228 1
1704298 1
1706339 1
1707173 1
1721055 1
1722665 1
1724625 1
1729866 1
1730564 1
1731924 1
1742509 1
1743391 1
1743796 1
1744877 1
1748083 1
1750732 1
1752306 1
1752357 1
1756322 1
1769653 1
1771539 1
1780317 1
1791497 1
1792939 1
1803977 1
1807411 1
1812692 1
1818145 1
1818760 1
1819076 1
1819775 1
1819775 1
1822750 1
1824616 1
1825049 1
1842420 1
1842893 1
1845572 1
1846519 1
1853884 1
1855558 1
1861320 1
1864422 1
1871081 1
1874625 1
1879382 1
1888337 1
1889092 1
1891890 1
1896975 1
1897498 1
1900692 1
1906668 1
1907933 1
1908857 1
1909178 1
1909280 1
1910338 1
1918494 1
1918627 1
1930915 1
1933383 1
1933756 1
1936088 1
1937536 1
1940790 1
1942989 1
1947392 1
1948063 1
1950424 1
1952218 1
1958759 1
1967483 1
1975356 1
1978621 1
1978700 1
1979062 1
1979106 1
1990743 1
1994225 1
1996426 1
1996509 1
2001451 1
2006775 1
2010082 1
2010204 1
2011458 1
2011458 1
2019142 1
2020425 1
2022394 1
2022633 1
2024307 1
2027122 1
2027502 1
2035967 1
2039579 1
2039933 1
2057984 1
2059505 1
2070297 1
2072255 1
2073963 1
2080679 1
2087004 1
2089217 1
2095401 1
2109032 1
2109032 1
2121319 1
2123431 1
2124655 1
2125228 1
2138075 1
2141222 1
2146438 1
2149898 1
2152222 1
2160156 1
2170895 1
2177176 1
2178487 1
2180887 1
2182131 1
2187584 1
2194068 1
2198663 1
2202368 1
2207346 1
2208304 1
2213175 1
2221255 1
2230618 1
2234075 1
2248233 1
2254840 1
2255052 1
2256574 1
2258751 1
2261449 1
2261629 1
2270229 1
2270229 1
2277734 1
2277838 1
2284765 1
2288624 1
2289817 1
2290677 1
2294415 1
2296031 1
2301334 1
2303369 1
2304294 1
2305662 1
2310102 1
2317806 1
2317909 1
2318019 1
2324153 1
2326686 1
2349886 1
2350933 1
2350933 1
2352840 1
2355860 1
2359831 1
2374685 1
2376731 1
2377015 1
2383207 1
2383377 1
2385458 1
2386218 1
2386568 1
2389682 1
2401849 1
2408229 1
2412354 1
2420595 1
2420597 1
2421597 1
2423722 1
2431440 1
2435505 1
2439763 1
2442954 1
2445079 1
2448216 1
2452829 1
2456216 1
2456909 1
2465446 1
2465446 1
2468294 1
2476807 1
2481636 1
2501529 1
2524375 1
2526221 1
2529321 1
2529504 1
2529942 1
2532048 1
2533163 1
2543777 1
2559963 1
2562842 1
2564066 1
2567557 1
2570798 1
2580529 1
2581049 1
2581188 1
2581597 1
2584459 1
2589416 1
2590102 1
2591613 1
2592216 1
2593062 1
2593257 1
2594222 1
2603199 1
2608073 1
2609780 1
2619446 1
2620593 1
2621169 1
2623229 1
2628745 1
2631238 1
2634344 1
2636398 1
2636706 1
2647290 1
2649852 1
2651530 1
2654155 1
2654849 1
2654884 1
2657690 1
2661137 1
2668353 1
2669743 1
2672535 1
2680895 1
2683450 1
2684120 1
2684973 1
2685492 1
2686775 1
2689577 1
2693497 1
2696294 1
2696733 1
2703512 1
2704661 1
2708023 1
2708297 1
2708297 1
2709014 1
2713970 1
2719432 1
2719686 1
2724911 1
2726862 1
2727943 1
2728193 1
2732027 1
2734051 1
2735686 1
2747611 1
2756471 1
2759582 1
2762999 1
2763707 1
2769360 1
2770073 1
2772786 1
2781585 1
2782536 1
2783079 1
2783530 1
2784082 1
2784999 1
2786314 1
2820138 1
2829060 1
2835785 1
2845268 1
2851590 1
2852375 1
2852728 1
2856452 1
2861101 1
2861101 1
2870332 1
2870442 1
2875095 1
2876026 1
2893887 1
2895023 1
2898248 1
2900468 1
2901276 1
2906123 1
2911926 1
2913658 1
2914783 1
2915566 1
2922820 1
2932570 1
2934718 1
2961490 1
2961578 1
2961890 1
2962188 1
2962188 1
2965465 1
2967537 1
2968121 1
2977559 1
2994323 1
3002369 1
3005075 1
3005075 1
3006964 1
3006964 1
3007221 1
3011364 1
3017295 1
3020063 1
3023079 1
3024987 1
3025353 1
3033756 1
3034572 1
3035611 1
3037157 1
3037166 1
3040296 1
3050385 1
3052897 1
3054541 1
3056264 1
3057622 1
3063519 1
3067707 1
3068790 1
3069302 1
3070186 1
3078674 1
3079295 1
3083721 1
3094255 1
3098084 1
3101938 1
3103666 1
3108402 1
3113435 1
3113956 1
3120949 1
3122501 1
3125061 1
3138863 1
3144296 1
3151995 1
3165881 1
3166539 1
3168565 1
3175708 1
3175708 1
3178527 1
3179389 1
3184342 1
3195379 1
3198681 1
3200730 1
3201370 1
3204463 1
3207643 1
3208217 1
3208360 1
3208876 1
3210770 1
3216118 1
3217307 1
3220103 1
3222947 1
3233731 1
3235045 1
3262139 1
3270606 1
3274244 1
3279337 1
3280573 1
3300832 1
3303853 1
3306457 1
3307414 1
3310509 1
3311978 1
3314299 1
3315556 1
3318962 1
3318962 1
3323054 1
3323904 1
3328814 1
3329606 1
3329606 1
3331897 1
3334186 1
3341526 1
3342456 1
3343421 1
3345466 1
3350995 1
3351152 1
3366238 1
3369720 1
3371771 1
3373505 1
3384321 1
3387698 1
3389579 1
3396725 1
3403552 1
3404131 1
3408881 1
3422636 1
3433849 1
3434342 1
3441572 1
3449697 1
3457830 1
3458281 1
3459597 1
3471119 1
3472750 1
3476657 1
3477227 1
3479102 1
3481472 1
3486443 1
3487218 1
3494167 1
3495889 1
3496471 1
3500389 1
3502924 1
3504017 1
3505249 1
3516000 1
3518328 1
3520738 1
3528828 1
3530227 1
3531457 1
3534616 1
3539884 1
3542274 1
3545503 1
3551932 1
3561865 1
3564710 1
3569718 1
3576054 1
3576054 1
3578863 1
3582360 1
3583578 1
3583744 1
3584510 1
3595957 1
3599880 1
3604865 1
3615159 1
3623544 1
3624024 1
3630032 1
3631537 1
3632049 1
3633429 1
3633429 1
3640999 1
3643817 1
3644235 1
3647966 1
3653190 1
3658515 1
3660844 1
3663071 1
3666865 1
3667672 1
3670090 1
3670519 1
3675477 1
3675586 1
3675677 1
3675677 1
3675836 1
3676393 1
3677445 1
3684430 1
3688086 1
3690016 1
3690178 1
3690480 1
3702199 1
3702873 1
3707699 1
3708900 1
3712187 1
3712917 1
3716630 1
3719386 1
3719771 1
3719971 1
3725802 1
3729307 1
3731292 1
3743810 1
3744085 1
3744380 1
3747143 1
3747548 1
3748563 1
3748563 1
3749144 1
3749144 1
3750257 1
3756250 1
3758010 1
3758646 1
3761053 1
3761242 1
3762272 1
3765106 1
3769812 1
3769812 1
3770340 1
3774306 1
3774830 1
3776764 1
3784676 1
3789115 1
3789875 1
3790902 1
3792742 1
3794289 1
3795917 1
3795934 1
3798347 1
3800971 1
3804919 1
3805447 1
3806946 1
3819566 1
3822235 1
3825659 1
3832381 1
3836656 1
3838861 1
3855145 1
3859356 1
3863373 1
3866937 1
3867229 1
3869922 1
3872226 1
3873721 1
3890003 1
3898984 1
3908526 1
3909555 1
3917726 1
3918672 1
3918782 1
3927672 1
3929617 1
3930815 1
3935012 1
3938803 1
3940864 1
3942798 1
3944786 1
3946072 1
3956924 1
3959424 1
3967340 1
3968485 1
3969007 1
3973008 1
3973857 1
3983479 1
3998485 1
4001103 1
4004158 1
4008147 1
4010201 1
4016135 1
4019144 1
4019871 1
4025758 1
4030828 1
4031488 1
4031558 1
4033161 1
4046588 1
4046588 1
4046588 1
4046588 1
4046995 1
4054251 1
4055368 1
4056589 1
4062447 1
4063195 1
4068293 1
4068588 1
4080942 1
4082591 1
4083741 1
4092259 1
4100005 1
4103848 1
4104920 1
4106576 1
4106869 1
4112431 1
4112518 1
4119319 1
4129017 1
4129278 1
4131196 1
4133397 1
4134017 1
4140636 1
4141694 1
4143890 1
4144747 1
4149401 1
4150500 1
4151091 1
4158504 1
4160807 1
4162792 1
4173335 1
4174636 1
4179558 1
4186136 1
4186360 1
4188946 1
4188946 1
4189161 1
4190515 1
4213610 1
4223696 1
4228245 1
4229998 1
4233901 1
4234304 1
4244039 1
4252198 1
4252724 1
4256643 1
4266677 1
4270263 1
4270263 1
4270289 1
4270429 1
4270429 1
4274147 1
4276576 1
4281223 1
4284316 1
4288089 1
4293958 1
4293979 1
4294911 1
4296686 1
4320313 1
4329951 1
4332717 1
4336879 1
4341575 1
4342197 1
4343017 1
4346849 1
4354378 1
4359023 1
4361678 1
4363993 1
4366183 1
4372209 1
4372800 1
4372961 1
4373679 1
4375869 1
4377238 1
4387826 1
4393711 1
4396003 1
4397698 1
4397964 1
4399774 1
4410830 1
4419796 1
4422846 1
4423993 1
4423993 1
4427094 1
4429636 1
4430451 1
4436493 1
4440173 1
4440275 1
4448292 1
4451199 1
4451469 1
4458929 1
4463677 1
4487207 1
4488675 1
4490150 1
4500567 1
4500983 1
4501900 1
4506717 1
4516450 1
4528744 1
4534061 1
4535706 1
4535931 1
4551517 1
4558742 1
4559378 1
4572975 1
4573468 1
4592161 1
4592510 1
4593392 1
4600365 1
4601331 1
4608889 1
4612009 1
4623716 1
4628099 1
4634237 1
4636174 1
4636842 1
4646515 1
4656363 1
4667766 1
4668362 1
4669667 1
4671205 1
4671273 1
4675974 1
4676622 1
4676996 1
4679544 1
4685657 1
4693314 1
4700317 1
4702615 1
4704404 1
4710085 1
4713074 1
4724098 1
4730860 1
4737400 1
4737860 1
4739830 1
4747245 1
4753978 1
4754590 1
4754986 1
4759416 1
4759507 1
4762895 1
4763248 1
4765613 1
4766941 1
4767765 1
4768855 1
4769372 1
4774595 1
4774730 1
4774813 1
4774813 1
4774813 1
4774813 1
4776485 1
4789199 1
4790414 1
4792705 1
4795849 1
4800757 1
4801591 1
4805862 1
4805957 1
4809329 1
4812126 1
4818047 1
4818154 1
4818773 1
4819372 1
4824778 1
4824778 1
4825747 1
4827151 1
4828095 1
4829157 1
4830785 1
4832018 1
4837001 1
4838665 1
4844714 1
4856016 1
4864562 1
4875812 1
4878541 1
4879058 1
4880032 1
4880502 1
4881365 1
4882825 1
4885010 1
4885010 1
4892370 1
4894414 1
4894748 1
4894899 1
4896141 1
4903500 1
4919566 1
4932274 1
4933764 1
4936623 1
4947326 1
4955372 1
4955666 1
4958201 1
4960116 1
4963685 1
4964435 1
4966896 1
4969022 1
4972269 1
4982029 1
4983770 1
4988486 1
4989459 1
4992743 1
4998386 1
5000690 1
5000690 1
5002987 1
5005400 1
5009806 1
5019399 1
5024490 1
5025540 1
5025924 1
5026325 1
5028776 1
5035243 1
5043780 1
5044691 1
5047134 1
5049090 1
5049331 1
5055782 1
5063498 1
5074623 1
5076393 1
5078303 1
5080378 1
5081153 1
5084062 1
5086526 1
5087219 1
5087331 1
5103445 1
5103968 1
5109305 1
5120711 1
5122545 1
5130142 1
5133480 1
5133801 1
5139922 1
5142262 1
5147169 1
5156347 1
5159526 1
5160097 1
5163871 1
5172146 1
5172802 1
5172802 1
5174810 1
5182421 1
5184331 1
5191791 1
5194324 1
5197399 1
5199474 1
5204937 1
5227656 1
5232563 1
5233058 1
5242545 1
5250429 1
5250429 1
5252398 1
5258546 1
5262868 1
5263130 1
5264734 1
5274600 1
5277565 1
5280676 1
5287193 1
5288573 1
5297298 1
5306880 1
5312366 1
5314940 1
5315864 1
5326035 1
5330282 1
5333353 1
5335052 1
5336513 1
5337484 1
5341783 1
5346564 1
5355945 1
5359086 1
5368095 1
5374329 1
5389679 1
5421119 1
5421744 1
5422102 1
5442559 1
5443043 1
5452981 1
5452985 1
5454097 1
5454986 1
5459566 1
5464145 1
5465173 1
5470509 1
5491839 1
5505266 1
5512782 1
5516209 1
5519486 1
5521272 1
5523138 1
5538264 1
5538408 1
5544338 1
5547549 1
5548284 1
5550240 1
5552536 1
5555148 1
5557725 1
5558710 1
5566335 1
5580403 1
5583518 1
5583518 1
5591383 1
5599217 1
5608337 1
5608337 1
5608354 1
5615310 1
5620103 1
5621206 1
5621316 1
5622038 1
5624042 1
5632686 1
5639746 1
5640021 1
5643646 1
5645661 1
5648125 1
5650752 1
5651306 1
5653713 1
5653713 1
5657081 1
5663911 1
5668521 1
5676546 1
5678357 1
5679192 1
5685698 1
5729893 1
5731551 1
5732189 1
5732482 1
5736294 1
5736595 1
5741472 1
5748131 1
5749804 1
5749804 1
5761944 1
5766107 1
5768664 1
5770482 1
5775099 1
5779911 1
5786686 1
5788486 1
5790566 1
5793950 1
5793998 1
5794448 1
5800764 1
5805798 1
5807852 1
5808240 1
5811580 1
5815148 1
5816227 1
5817109 1
5822115 1
5822173 1
5822821 1
5822821 1
5824917 1
5835094 1
5843121 1
5849075 1
5851930 1
5860539 1
5869840 1
5877311 1
5877311 1
5888616 1
5890351 1
5891746 1
5893841 1
5904428 1
5911350 1
5917602 1
5918181 1
5932853 1
5932853 1
5964036 1
5969157 1
5971875 1
5979444 1
5985035 1
5989181 1
5990274 1
5990937 1
5999537 1
6000194 1
6002679 1
6013875 1
6015520 1
6015538 1
6015576 1
6022755 1
6023370 1
6025953 1
6030308 1
6034156 1
6035987 1
6040452 1
6040528 1
6044646 1
6051891 1
6052929 1
6063421 1
6071331 1
6074215 1
6082039 1
6088898 1
6090111 1
6096771 1
6097560 1
6099502 1
6100989 1
6108864 1
6114468 1
6115284 1
6124872 1
6127379 1
6139214 1
6144894 1
6144894 1
6145588 1
6146843 1
6148505 1
6148906 1
6151608 1
6153716 1
6155231 1
6158866 1
6167141 1
6174252 1
6177261 1
6177660 1
6178121 1
6187014 1
6195428 1
6195476 1
6229821 1
6230366 1
6233059 1
6233282 1
6241217 1
6248236 1
6254199 1
6260850 1
6264582 1
6266255 1
6267751 1
6272969 1
6279625 1
6291967 1
6294850 1
6297267 1
6309335 1
6313029 1
6317261 1
6321654 1
6323954 1
6324019 1
6326035 1
6329996 1
6331760 1
6344958 1
6355201 1
6363034 1
6366394 1
6370725 1
6379776 1
6381297 1
6381625 1
6388010 1
6397936 1
6400078 1
6400078 1
6400932 1
6408545 1
6421033 1
6421033 1
6426052 1
6428401 1
6430569 1
6431174 1
6431276 1
6438274 1
6441378 1
6443115 1
6447547 1
6448325 1
6448810 1
6455060 1
6455129 1
6455238 1
6462259 1
6465080 1
6468543 1
6470406 1
6480897 1
6483032 1
6483851 1
6484739 1
6487318 1
6490865 1
6501343 1
6502561 1
6507416 1
6512861 1
6518023 1
6520157 1
6520577 1
6527742 1
6527742 1
6532999 1
6534538 1
6538542 1
6538547 1
6540374 1
6548830 1
6552957 1
6555826 1
6558168 1
6559692 1
6562273 1
6566024 1
6566231 1
6567699 1
6576512 1
6576964 1
6583958 1
6585355 1
6586975 1
6587372 1
6592412 1
6597394 1
6598573 1
6600149 1
6600149 1
6602199 1
6608620 1
6626784 1
6628538 1
6632962 1
6633160 1
6634628 1
6647375 1
6650652 1
6651361 1
6652135 1
6661489 1
6663436 1
6673270 1
6686535 1
6692501 1
6696990 1
6697895 1
6700838 1
6700994 1
6704064 1
6706548 1
6709827 1
6711290 1
6712958 1
6713199 1
6720165 1
6722063 1
6728482 1
6741133 1
6744263 1
6746867 1
6748525 1
6749978 1
6752152 1
6757561 1
6760084 1
6762753 1
6766542 1
6779067 1
6788657 1
6793714 1
6796765 1
6796870 1
6797379 1
6800098 1
6804509 1
6805761 1
6806774 1
6814635 1
6816883 1
6817495 1
6832207 1
6834563 1
6834908 1
6835057 1
6838865 1
6842770 1
6844763 1
6845911 1
6854288 1
6856436 1
6867614 1
6876135 1
6879611 1
6879750 1
6882086 1
6884902 1
6889983 1
6891322 1
6895577 1
6898844 1
6899615 1
6900699 1
6912103 1
6912615 1
6915649 1
6921619 1
6922109 1
6930546 1
6948412 1
6950196 1
6960299 1
6965456 1
6970776 1
6984004 1
6987309 1
6991029 1
7006678 1
7007208 1
7009760 1
7009842 1
7012382 1
7018019 1
7026500 1
7027987 1
7028742 1
7029217 1
7030917 1
7031004 1
7038989 1
7042480 1
7046267 1
7051348 1
7057644 1
7058385 1
7071175 1
7071175 1
7072043 1
7073432 1
7080313 1
7087729 1
7104482 1
7106304 1
7110735 1
7113549 1
7113907 1
7115904 1
7115964 1
7115964 1
7116477 1
7116477 1
7116477 1
7116477 1
7116477 1
7116477 1
7116909 1
7119065 1
7119182 1
7120975 1
7121116 1
7129221 1
7130369 1
7131518 1
7134358 1
7137703 1
7139995 1
7143164 1
7154774 1
7158257 1
7158257 1
7161255 1
7169535 1
7169925 1
7175419 1
7176789 1
7182329 1
7182635 1
7188716 1
7193139 1
7193337 1
7195337 1
7200432 1
7203185 1
7209644 1
7212549 1
7212854 1
7215662 1
7231186 1
7247385 1
7249362 1
7251340 1
7253134 1
7270206 1
7275143 1
7275143 1
7276267 1
7277383 1
7289984 1
7295538 1
7297750 1
7301561 1
7302843 1
7304799 1
7308015 1
7309565 1
7321816 1
7325765 1
7326215 1
7329526 1
7331590 1
7333330 1
7336488 1
7338354 1
7340756 1
7351920 1
7352921 1
7359662 1
7363615 1
7369871 1
7372573 1
7374873 1
7375916 1
7379538 1
7380783 1
7380783 1
7385270 1
7385270 1
7386050 1
7388230 1
7391149 1
7393266 1
7396432 1
7400723 1
7401970 1
7404657 1
7404657 1
7406414 1
7409039 1
7410862 1
7412347 1
7423034 1
7424380 1
7425575 1
7426460 1
7440122 1
7440122 1
7445622 1
7456695 1
7465098 1
7465948 1
7484717 1
7489648 1
7490140 1
7494483 1
7499235 1
7499753 1
7503879 1
7509286 1
7511767 1
7513407 1
7526830 1
7527453 1
7532605 1
7533885 1
7535406 1
7535406 1
7535893 1
7539896 1
7540392 1
7542989 1
7544696 1
7550143 1
7554628 1
7564296 1
7568273 1
7574212 1
7574311 1
7575043 1
7575510 1
7582670 1
7586108 1
7586551 1
7587356 1
7588727 1
7591272 1
7591347 1
7593208 1
7594202 1
7595568 1
7598803 1
7602271 1
7604796 1
7606376 1
7606774 1
7609606 1
7612768 1
7617655 1
7621000 1
7628331 1
7631895 1
7632155 1
7654426 1
7658708 1
7665454 1
7673755 1
7678809 1
7686600 1
7691773 1
7693117 1
7703507 1
7704462 1
7706894 1
7713001 1
7717586 1
7720632 1
7731437 1
7742510 1
7746563 1
7746783 1
7767905 1
7769855 1
7773537 1
7773765 1
7781009 1
7781038 1
7783493 1
7799718 1
7801125 1
7808345 1
7812841 1
7814881 1
7816593 1
7816593 1
7822281 1
7827062 1
7834138 1
7842992 1
7850835 1
7851130 1
7853257 1
7855278 1
7859191 1
7864190 1
7871184 1
7874131 1
7875605 1
7878959 1
7880949 1
7882841 1
7894160 1
7894160 1
7896312 1
7906346 1
7911969 1
7916949 1
7917495 1
7922854 1
7923369 1
7925502 1
7933897 1
7933897 1
7934350 1
7936078 1
7938550 1
7942460 1
7944655 1
7950674 1
7954298 1
7955629 1
7961660 1
7967722 1
7971395 1
7971395 1
7971588 1
7978668 1
7979107 1
7988796 1
7994793 1
8004665 1
8005102 1
8007407 1
8009138 1
8012219 1
8012375 1
8013775 1
8016633 1
8023032 1
8028133 1
8047586 1
8053201 1
8053901 1
8058551 1
8058978 1
8064058 1
8066907 1
8071088 1
8071723 1
8072466 1
8073282 1
8082500 1
8099393 1
8101885 1
8104977 1
8105350 1
8106083 1
8110587 1
8125414 1
8126119 1
8128675 1
8131748 1
8132798 1
8132998 1
8140464 1
8140878 1
8141782 1
8144346 1
8144430 1
8146204 1
8149220 1
8149220 1
8153111 1
8156502 1
8157568 1
8158213 1
8165177 1
8166890 1
8175056 1
8177646 1
8180378 1
8188424 1
8193915 1
8194850 1
8198021 1
8198245 1
8201437 1
8208015 1
8209154 1
8213666 1
8228213 1
8229094 1
8230833 1
8237460 1
8237816 1
8250392 1
8258564 1
8264572 1
8265956 1
8270150 1
8280208 1
8283456 1
8286372 1
8302039 1
8302735 1
8309338 1
120 1
6597 1
15934 1
15934 1
29407 1
35838 1
48746 1
50879 1
55718 1
68202 1
69841 1
71388 1
92020 1
98292 1
100800 1
102355 1
110934 1
111007 1
111423 1
113805 1
117747 1
119937 1
125499 1
126183 1
132594 1
137949 1
139390 1
142822 1
143835 1
144475 1
153088 1
156242 1
157858 1
165928 1
167981 1
169327 1
170159 1
170465 1
177999 1
184355 1
185142 1
185623 1
186260 1
197150 1
197354 1
198496 1
199376 1
199376 1
204874 1
207094 1
217459 1
218727 1
223244 1
225013 1
232415 1
235630 1
237363 1
243143 1
245890 1
256250 1
261405 1
265649 1
269197 1
284177 1
285238 1
289440 1
290225 1
299192 1
301174 1
303860 1
309050 1
310327 1
311612 1
318861 1
320690 1
322022 1
329279 1
329476 1
329791 1
343949 1
344066 1
349907 1
352307 1
356168 1
363422 1
363745 1
365964 1
367060 1
367060 1
367683 1
370728 1
373769 1
380948 1
382822 1
384470 1
421871 1
425342 1
425507 1
426980 1
428292 1
430241 1
430649 1
437893 1
443762 1
446780 1
451374 1
451374 1
454499 1
454674 1
463927 1
467136 1
467427 1
467609 1
487177 1
491157 1
495176 1
495353 1
499611 1
506478 1
509666 1
509682 1
509804 1
512501 1
521515 1
522028 1
522956 1
524345 1
535554 1
536489 1
541066 1
547761 1
551538 1
552318 1
558462 1
565312 1
566130 1
567820 1
568008 1
571793 1
572521 1
573569 1
577395 1
579295 1
583486 1
586472 1
588870 1
590730 1
596183 1
605285 1
633837 1
635361 1
641196 1
644137 1
646692 1
663452 1
670588 1
673758 1
679053 1
680795 1
681660 1
684198 1
699986 1
704034 1
704627 1
709337 1
712618 1
718206 1
728074 1
728098 1
728241 1
729525 1
741822 1
748638 1
752275 1
759389 1
761204 1
768081 1
771095 1
771591 1
773696 1
775778 1
781203 1
788896 1
788998 1
794551 1
794551 1
797897 1
800965 1
811097 1
812281 1
812998 1
813130 1
815576 1
819184 1
819184 1
823826 1
830226 1
830553 1
837450 1
842980 1
843172 1
844035 1
846188 1
847666 1
847666 1
850261 1
858871 1
858871 1
863731 1
867914 1
871339 1
886755 1
886755 1
897549 1
897705 1
907629 1
916566 1
918928 1
923170 1
924479 1
931747 1
932728 1
933277 1
942758 1
943347 1
943743 1
952542 1
957159 1
960162 1
964191 1
966104 1
966204 1
979800 1
986092 1
987268 1
993604 1
998339 1
1005737 1
1012994 1
1013412 1
1016092 1
1024494 1
1027687 1
1030580 1
1036029 1
1036423 1
1040338 1
1041456 1
1048916 1
1052608 1
1054511 1
1056623 1
1062731 1
1062731 1
1066781 1
1071123 1
1071462 1
1075557 1
1076920 1
1077065 1
1080517 1
1092432 1
1099697 1
1099697 1
1107554 1
1108183 1
1126785 1
1127536 1
1129157 1
1130539 1
1130641 1
1132804 1
1134259 1
1144867 1
1150378 1
1150486 1
1150548 1
1154318 1
1172597 1
1175057 1
1176550 1
1177657 1
1179909 1
1181286 1
1187552 1
1197214 1
1197649 1
1202462 1
1208356 1
1215190 1
1220099 1
1225893 1
1228491 1
1236777 1
1241892 1
1245846 1
1249392 1
1251028 1
1256480 1
1259388 1
1261793 1
1263139 1
1287249 1
1292822 1
1296052 1
1301869 1
1306339 1
1309456 1
1320013 1
1326064 1
1326066 1
1335105 1
1345635 1
1346001 1
1346857 1
1349578 1
1353894 1
1356474 1
1357235 1
1359168 1
1362877 1
1365250 1
1371492 1
1377381 1
1383224 1
1391753 1
1392074 1
1410944 1
1417886 1
1420158 1
1423561 1
1423641 1
1424127 1
1424498 1
1431690 1
1433112 1
1436377 1
1437774 1
1438857 1
1444015 1
1449503 1
1456769 1
1459513 1
1461167 1
1461943 1
1463230 1
1466080 1
1469596 1
1473897 1
1478160 1
1478783 1
1479357 1
1480393 1
1483867 1
1487305 1
1491464 1
1494705 1
1495371 1
1497033 1
1499327 1
1507173 1
1508524 1
1509789 1
1512031 1
1524160 1
1534638 1
1536162 1
1549122 1
1561710 1
1567190 1
1567957 1
1576799 1
1586776 1
1586776 1
1587848 1
1593081 1
1596784 1
1599607 1
1602058 1
1602595 1
1604118 1
1604875 1
1605952 1
1621619 1
1625754 1
1635756 1
1638878 1
1652260 1
1658126 1
1660079 1
1663458 1
1670469 1
1672291 1
1672583 1
1673650 1
1674455 1
1680724 1
1682456 1
1683210 1
1695048 1
1701247 1
1705128 1
1705152 1
1705779 1
1706293 1
1707895 1
1716684 1
1731597 1
1736073 1
1738246 1
1738572 1
1740736 1
1744195 1
1744394 1
1745443 1
1746745 1
1747003 1
1759785 1
1764189 1
1767063 1
1769832 1
1772370 1
1773188 1
1775639 1
1776662 1
1780873 1
1782272 1
1784382 1
1785704 1
1786932 1
1796859 1
1800842 1
1808837 1
1811401 1
1817370 1
1823838 1
1824527 1
1825351 1
1829707 1
1838727 1
1850149 1
1856146 1
1865423 1
1870614 1
1870614 1
1889608 1
1890754 1
1891351 1
1892404 1
1896120 1
1905051 1
1909538 1
1913628 1
1918150 1
1918292 1
1918670 1
1919830 1
1921423 1
1926031 1
1926285 1
1927530 1
1933130 1
1937791 1
1946242 1
1947667 1
1949936 1
1949936 1
1956724 1
1968471 1
1975460 1
1980405 1
1986068 1
1992296 1
1992614 1
1993514 1
1993866 1
1995830 1
2001714 1
2002449 1
2006850 1
2007932 1
2008670 1
2009513 1
2011853 1
2013730 1
2013901 1
2015812 1
2016549 1
2019315 1
2021048 1
2021774 1
2029314 1
2030903 1
2032264 1
2042188 1
2043049 1
2043049 1
2047345 1
2051693 1
2055084 1
2055842 1
2070059 1
2078191 1
2089717 1
2090545 1
2098196 1
2100133 1
2100620 1
2106672 1
2116091 1
2118244 1
2121425 1
2138133 1
2140805 1
2140805 1
2150065 1
2150194 1
2154154 1
2154168 1
2170901 1
2171720 1
2173924 1
2187972 1
2196468 1
2201250 1
2202314 1
2222594 1
2222733 1
2233109 1
2236108 1
2237649 1
2249011 1
2251664 1
2256457 1
2267376 1
2268584 1
2272398 1
2292267 1
2295556 1
2303135 1
2305245 1
2314277 1
2320920 1
2322039 1
2328500 1
2331453 1
2352651 1
2355100 1
2356586 1
2364152 1
2367078 1
2371876 1
2379009 1
2382469 1
2382648 1
2391442 1
2395410 1
2398287 1
2404566 1
2405315 1
2406508 1
2409825 1
2410303 1
2411552 1
2417006 1
2422036 1
2422948 1
2422955 1
2423325 1
2424364 1
2424467 1
2431303 1
2431390 1
2431557 1
2433200 1
2444536 1
2456095 1
2469624 1
2470534 1
2471408 1
2477544 1
2478165 1
2486470 1
2494647 1
2519219 1
2523166 1
2524597 1
2526382 1
2527966 1
2531398 1
2533753 1
2542139 1
2543597 1
2545031 1
2548044 1
2553148 1
2560613 1
2565465 1
2569146 1
2576683 1
2581001 1
2582448 1
2583190 1
2588273 1
2589721 1
2607673 1
2621557 1
2634286 1
2641424 1
2653503 1
2660508 1
2667364 1
2672249 1
2672680 1
2674520 1
2677525 1
2677704 1
2695575 1
2706144 1
2713424 1
2725699 1
2727061 1
2727069 1
2744070 1
2745039 1
2761213 1
2764829 1
2769276 1
2780022 1
2782200 1
2789075 1
2793581 1
2800301 1
2801907 1
2804287 1
2810997 1
2811172 1
2811664 1
2815059 1
2817955 1
2819782 1
2825784 1
2828928 1
2834158 1
2846007 1
2848779 1
2855456 1
2857751 1
2858963 1
2867235 1
2870529 1
2870915 1
2873923 1
2875801 1
2877037 1
2877373 1
2880143 1
2880775 1
2882572 1
2895533 1
2903422 1
2914599 1
2916500 1
2923620 1
2924607 1
2925196 1
2929652 1
2936747 1
2940137 1
2941468 1
2944901 1
2948732 1
2951157 1
2956029 1
2956958 1
2957960 1
2961672 1
2961672 1
2962934 1
2975002 1
2976398 1
2981842 1
2986478 1
2989061 1
2993098 1
2995730 1
2998408 1
2998428 1
2998819 1
3005061 1
3006171 1
3028718 1
3031842 1
3034307 1
3038979 1
3041773 1
3042094 1
3046189 1
3048063 1
3051338 1
3055075 1
3056759 1
3058303 1
3058303 1
3058362 1
3060074 1
3063065 1
3068786 1
3073507 1
3080965 1
3084664 1
3097383 1
3098039 1
3105338 1
3108955 1
3113248 1
3114549 1
3131142 1
3131142 1
3133379 1
3136356 1
3139147 1
3142973 1
3145244 1
3153893 1
3154129 1
3162185 1
3164169 1
3164382 1
3168874 1
3170537 1
3182193 1
3193657 1
3195558 1
3197507 1
3199163 1
3200229 1
3204114 1
3204823 1
3205065 1
3205510 1
3210238 1
3210507 1
3213762 1
3214367 1
3221565 1
3224366 1
3242818 1
3244160 1
3245545 1
3245547 1
3250448 1
3252334 1
3256546 1
3261566 1
3262899 1
3269322 1
3270979 1
3272066 1
3285665 1
3286722 1
3289181 1
3313060 1
3314131 1
3315537 1
3320991 1
3321529 1
3325140 1
3327786 1
3328020 1
3329728 1
3332406 1
3334746 1
3334939 1
3336845 1
3340607 1
3341047 1
3342047 1
3343003 1
3344865 1
3349771 1
3349898 1
3350430 1
3358074 1
3358278 1
3366536 1
3367956 1
3367956 1
3370572 1
3371867 1
3374253 1
3376636 1
3378248 1
3379623 1
3383268 1
3383834 1
3399880 1
3403469 1
3403469 1
3408411 1
3414006 1
3414088 1
3418622 1
3422093 1
3425058 1
3429188 1
3435208 1
3435651 1
3443267 1
3450367 1
3452082 1
3453015 1
3461746 1
3462471 1
3469469 1
3469650 1
3473596 1
3476361 1
3479662 1
3485031 1
3486487 1
3495010 1
3495147 1
3500884 1
3507906 1
3513863 1
3514334 1
3519531 1
3525666 1
3531866 1
3532667 1
3541080 1
3555730 1
3561794 1
3572144 1
3579086 1
3579175 1
3582281 1
3583936 1
3591206 1
3592738 1
3594369 1
3595336 1
3596260 1
3597375 1
3600719 1
3613408 1
3616300 1
3619792 1
3622828 1
3623532 1
3639773 1
3648819 1
3649847 1
3652822 1
3656993 1
3657511 1
3657528 1
3658363 1
3661204 1
3662216 1
3662594 1
3665460 1
3673119 1
3674555 1
3675393 1
3680355 1
3680920 1
3686110 1
3690042 1
3690048 1
3692316 1
3693448 1
3693554 1
3694479 1
3704638 1
3705759 1
3706898 1
3712508 1
3714400 1
3715670 1
3720481 1
3721506 1
3724440 1
3727694 1
3730228 1
3731812 1
3738806 1
3750502 1
3755443 1
3758072 1
3760769 1
3769534 1
3772869 1
3777924 1
3778948 1
3779670 1
3780011 1
3780193 1
3784567 1
3784684 1
3785586 1
3788305 1
3788441 1
3799425 1
3804247 1
3811655 1
3813154 1
3824062 1
3833231 1
3837064 1
3837976 1
3839213 1
3839262 1
3845898 1
3857117 1
3859170 1
3872764 1
3885759 1
3888705 1
3909001 1
3914762 1
3915520 1
3916451 1
3925456 1
3927455 1
3928447 1
3928447 1
3932520 1
3936082 1
3954106 1
3954458 1
3954462 1
3954988 1
3962501 1
3968508 1
3973163 1
3976168 1
3991803 1
3992017 1
4000857 1
4007671 1
4008362 1
4009193 1
4011214 1
4015156 1
4019512 1
4027016 1
4029203 1
4029896 1
4030389 1
4031417 1
4031933 1
4032261 1
4060742 1
4062158 1
4069185 1
4075000 1
4080461 1
4088297 1
4103313 1
4123011 1
4142245 1
4145034 1
4148311 1
4148311 1
4149464 1
4161890 1
4162201 1
4165907 1
4169313 1
4170763 1
4173186 1
4186974 1
4188786 1
4189076 1
4190542 1
4191196 1
4191777 1
4192370 1
4196385 1
4197766 1
4197774 1
4200154 1
4200313 1
4211289 1
4212409 1
4214555 1
4214555 1
4216155 1
4218355 1
4218628 1
4218928 1
4223935 1
4228147 1
4229898 1
4232495 1
4233362 1
4234262 1
4234262 1
4234584 1
4238498 1
4246726 1
4246726 1
4249465 1
4255029 1
4255268 1
4258331 1
4259448 1
4260810 1
4273220 1
4275809 1
4278025 1
4301299 1
4305771 1
4309801 1
4324350 1
4324952 1
4326382 1
4328064 1
4329451 1
4331566 1
4334056 1
4335346 1
4335962 1
4338381 1
4340468 1
4341708 1
4348575 1
4349765 1
4351905 1
4356664 1
4375704 1
4375881 1
4376631 1
4379454 1
4385289 1
4385861 1
4385861 1
4391527 1
4401896 1
4414151 1
4422208 1
4426409 1
4427400 1
4432581 1
4434776 1
4441422 1
4443251 1
4449842 1
4466979 1
4474914 1
4476948 1
4480592 1
4481122 1
4483442 1
4490184 1
4491611 1
4502328 1
4518476 1
4531608 1
4535412 1
4537052 1
4540185 1
4545571 1
4546402 1
4547766 1
4550110 1
4553856 1
4564194 1
4565595 1
4565601 1
4569595 1
4570800 1
4572600 1
4578265 1
4579990 1
4584931 1
4584931 1
4588000 1
4589346 1
4605834 1
4607951 1
4614698 1
4617376 1
4624203 1
4626911 1
4628156 1
4629944 1
4633778 1
4633778 1
4640810 1
4641480 1
4645933 1
4656017 1
4659737 1
4666435 1
4672161 1
4673858 1
4681528 1
4689440 1
4690593 1
4695659 1
4699273 1
4702908 1
4710318 1
4719469 1
4721948 1
4727793 1
4729406 1
4734992 1
4738844 1
4738922 1
4739861 1
4740715 1
4746034 1
4747657 1
4750896 1
4755127 1
4761420 1
4767063 1
4771149 1
4776887 1
4776906 1
4781732 1
4789691 1
4793127 1
4797851 1
4797851 1
4799066 1
4800396 1
4802330 1
4806380 1
4806380 1
4806380 1
4806380 1
4808615 1
4814043 1
4816124 1
4821496 1
4824708 1
4829671 1
4829726 1
4830549 1
4833336 1
4835243 1
4837445 1
4849834 1
4862480 1
4862531 1
4873937 1
4877971 1
4879045 1
4880921 1
4884378 1
4888557 1
4889116 1
4893196 1
4895507 1
4896346 1
4896752 1
4901254 1
4909001 1
4911622 1
4921052 1
4921946 1
4929715 1
4936518 1
4941560 1
4951206 1
4954648 1
4960236 1
4969894 1
4972927 1
4976517 1
4985795 1
4990924 1
4999162 1
4999840 1
5000173 1
5000315 1
5004400 1
5010927 1
5013582 1
5030531 1
5031273 1
5032464 1
5036882 1
5043301 1
5045132 1
5048282 1
5048355 1
5049936 1
5053085 1
5057351 1
5057513 1
5059767 1
5064068 1
5066751 1
5069900 1
5072749 1
5073547 1
5076340 1
5079060 1
5081970 1
5082328 1
5085637 1
5089457 1
5098526 1
5107582 1
5115702 1
5121791 1
5126949 1
5135034 1
5136360 1
5146084 1
5156986 1
5157429 1
5163593 1
5163593 1
5163785 1
5168033 1
5185190 1
5194536 1
5195391 1
5197674 1
5197940 1
5211135 1
5228234 1
5228498 1
5233898 1
5234564 1
5239131 1
5239490 1
5242952 1
5244387 1
5244703 1
5250142 1
5257882 1
5260161 1
5272551 1
5277213 1
5280852 1
5282206 1
5283948 1
5294134 1
5300578 1
5318073 1
5321618 1
5321887 1
5324688 1
5330351 1
5331928 1
5340825 1
5349587 1
5356079 1
5357574 1
5369024 1
5383525 1
5384788 1
5392562 1
5394046 1
5413353 1
5414768 1
5429842 1
5431318 1
5439199 1
5443860 1
5454198 1
5455694 1
5461698 1
5463458 1
5465313 1
5471578 1
5479520 1
5486919 1
5493079 1
5493849 1
5501757 1
5511574 1
5515646 1
5526398 1
5535222 1
5535834 1
5553664 1
5562092 1
5579991 1
5590724 1
5595405 1
5602929 1
5605092 1
5605888 1
5614805 1
5620890 1
5626841 1
5627141 1
5629527 1
5633880 1
5637231 1
5638055 1
5643050 1
5647178 1
5654811 1
5655313 1
5657760 1
5660943 1
5671187 1
5683538 1
5683860 1
5686783 1
5687975 1
5699785 1
5707486 1
5712114 1
5712721 1
5720131 1
5722763 1
5722808 1
5731574 1
5736829 1
5737900 1
5742049 1
5744558 1
5747747 1
5751509 1
5751727 1
5752048 1
5752048 1
5753071 1
5767100 1
5773620 1
5775983 1
5776019 1
5782141 1
5783111 1
5783694 1
5786080 1
5786278 1
5788264 1
5805015 1
5809761 1
5811881 1
5812382 1
5824957 1
5833969 1
5835141 1
5838149 1
5846222 1
5851224 1
5852972 1
5854948 1
5858541 1
5859855 1
5863013 1
5866873 1
5867886 1
5870017 1
5872022 1
5875296 1
5879016 1
5879016 1
5879552 1
5885474 1
5885886 1
5892024 1
5894349 1
5899207 1
5902400 1
5905341 1
5905341 1
5910694 1
5915107 1
5917425 1
5926185 1
5930590 1
5933714 1
5935553 1
5943885 1
5947783 1
5948844 1
5956325 1
5956892 1
5960913 1
5970469 1
5970501 1
5972032 1
5973565 1
5980778 1
5982986 1
5983986 1
5984182 1
5986473 1
5991914 1
5992619 1
5993268 1
5993268 1
6002779 1
6019030 1
6019086 1
6019272 1
6020752 1
6039419 1
6039419 1
6042474 1
6043836 1
6057006 1
6064321 1
6065321 1
6069493 1
6069708 1
6071535 1
6073395 1
6075413 1
6091036 1
6091719 1
6096142 1
6107910 1
6108386 1
6110191 1
6117835 1
6120691 1
6122921 1
6150725 1
6165794 1
6165794 1
6166143 1
6167535 1
6171422 1
6178210 1
6178372 1
6178532 1
6178820 1
6187438 1
6188324 1
6194047 1
6222573 1
6225134 1
6225134 1
6226237 1
6230196 1
6234647 1
6234714 1
6235919 1
6238145 1
6260368 1
6260559 1
6262621 1
6278938 1
6287455 1
6290748 1
6291307 1
6293730 1
6293783 1
6294085 1
6299630 1
6311454 1
6313556 1
6313767 1
6315778 1
6317378 1
6325326 1
6331770 1
6334016 1
6336661 1
6341886 1
6343032 1
6344145 1
6346648 1
6355978 1
6378605 1
6385469 1
6385469 1
6386843 1
6396625 1
6404097 1
6404946 1
6405721 1
6406805 1
6408139 1
6421153 1
6421771 1
6431624 1
6434152 1
6435189 1
6436512 1
6441330 1
6441661 1
6444341 1
6446076 1
6448158 1
6448232 1
6459376 1
6466309 1
6467433 1
6473633 1
6475006 1
6480864 1
6481731 1
6487556 1
6492493 1
6497835 1
6500195 1
6503642 1
6503642 1
6504838 1
6504973 1
6519460 1
6519576 1
6522818 1
6529085 1
6531125 1
6532326 1
6543563 1
6555811 1
6556098 1
6561367 1
6561483 1
6569041 1
6573615 1
6576548 1
6584206 1
6584449 1
6586411 1
6599230 1
6600642 1
6602628 1
6604382 1
6604382 1
6623479 1
6634780 1
6635404 1
6641695 1
6644218 1
6646889 1
6647292 1
6658856 1
6673581 1
6674351 1
6676290 1
6677775 1
6680753 1
6684179 1
6684771 1
6688094 1
6688094 1
6689146 1
6690816 1
6694329 1
6697740 1
6699275 1
6704207 1
6711080 1
6712583 1
6714536 1
6716078 1
6719865 1
6723921 1
6727436 1
6727436 1
6733924 1
6737735 1
6738833 1
6742187 1
6757075 1
6757839 1
6762476 1
6763618 1
6764026 1
6765462 1
6765880 1
6768788 1
6769497 1
6770220 1
6770319 1
6775386 1
6781518 1
6785811 1
6795496 1
6796925 1
6797231 1
6801919 1
6806368 1
6808086 1
6811639 1
6811887 1
6814985 1
6815791 1
6822290 1
6830359 1
6831854 1
6845439 1
6846669 1
6847282 1
6847282 1
6852649 1
6856936 1
6861068 1
6865990 1
6868587 1
6869293 1
6869954 1
6870276 1
6871619 1
6875756 1
6876482 1
6881308 1
6883933 1
6885530 1
6890205 1
6893156 1
6898910 1
6907010 1
6911122 1
6912178 1
6912578 1
6914258 1
6919152 1
6922300 1
6922777 1
6925438 1
6934620 1
6934880 1
6935195 1
6941007 1
6949855 1
6951311 1
6966763 1
6973424 1
6974813 1
6979918 1
7006312 1
7037397 1
7043465 1
7051498 1
7058213 1
7059799 1
7066053 1
7071262 1
7073229 1
7075274 1
7086034 1
7101295 1
7103324 1
7106602 1
7108492 1
7108492 1
7111698 1
7117636 1
7118914 1
7120590 1
7129850 1
7132389 1
7137491 1
7139416 1
7146516 1
7151631 1
7153327 1
7155147 1
7156296 1
7158425 1
7159201 1
7159491 1
7161315 1
7162618 1
7166113 1
7170861 1
7173342 1
7177326 1
7183633 1
7183633 1
7185340 1
7185605 1
7195119 1
7205595 1
7222886 1
7223714 1
7224320 1
7225270 1
7231103 1
7236434 1
7237536 1
7239041 1
7241416 1
7242608 1
7242608 1
7250871 1
7255498 1
7258933 1
7259157 1
7259613 1
7260723 1
7270966 1
7273670 1
7273670 1
7277708 1
7288408 1
7292861 1
7312863 1
7315342 1
7327265 1
7337969 1
7340156 1
7341679 1
7343708 1
7346841 1
7349556 1
7350261 1
7350691 1
7350691 1
7353419 1
7369552 1
7372568 1
7376301 1
7378231 1
7384023 1
7395562 1
7399105 1
7411459 1
7416749 1
7419920 1
7420941 1
7424247 1
7436965 1
7438280 1
7446451 1
7447050 1
7449575 1
7452865 1
7456205 1
7464111 1
7470324 1
7473929 1
7475846 1
7480481 1
7481106 1
7494444 1
7495293 1
7498008 1
7500617 1
7504072 1
7512567 1
7514326 1
7521765 1
7525580 1
7539601 1
7541895 1
7549134 1
7552560 1
7557903 1
7558012 1
7560499 1
7561896 1
7566659 1
7572418 1
7576122 1
7576433 1
7579281 1
7579369 1
7581738 1
7584839 1
7587803 1
7592387 1
7600144 1
7604397 1
7606970 1
7610706 1
7616163 1
7622428 1
7624484 1
7628018 1
7634210 1
7636283 1
7639474 1
7640207 1
7642850 1
7646929 1
7647856 1
7651718 1
7670186 1
7670432 1
7672663 1
7672663 1
7680856 1
7682630 1
7688894 1
7696581 1
7698960 1
7702647 1
7704860 1
7705774 1
7708214 1
7714250 1
7723342 1
7728281 1
7728653 1
7730456 1
7733707 1
7737041 1
7739107 1
7741644 1
7744802 1
7750897 1
7769409 1
7769500 1
7769903 1
7779047 1
7780195 1
7782217 1
7789017 1
7789258 1
7797521 1
7800358 1
7803778 1
7805184 1
7805817 1
7809273 1
7822871 1
7830602 1
7835827 1
7841952 1
7844751 1
7852872 1
7855969 1
7857419 1
7859848 1
7861055 1
7867776 1
7868067 1
7870405 1
7874151 1
7881261 1
7888370 1
7888563 1
7891280 1
7904164 1
7907160 1
7907380 1
7909441 1
7909598 1
7909653 1
7917748 1
7922508 1
7928943 1
7933923 1
7937711 1
7939270 1
7949902 1
7949902 1
7954719 1
7955720 1
7957369 1
7963339 1
7963718 1
7968773 1
7972716 1
7976715 1
7981381 1
7983201 1
7983502 1
7985566 1
7985566 1
7985824 1
7986380 1
7988716 1
7996800 1
7997194 1
7998367 1
7998438 1
8001182 1
8004202 1
8004312 1
8005731 1
8005731 1
8007846 1
8011517 1
8013429 1
8013692 1
8016228 1
8021844 1
8022359 1
8029883 1
8030696 1
8037444 1
8041458 1
8043006 1
8044636 1
8045084 1
8045773 1
8045921 1
8046325 1
8047047 1
8047047 1
8047264 1
8048940 1
8052015 1
8053075 1
8053170 1
8053175 1
8057332 1
8058384 1
8062154 1
8066372 1
8066372 1
8066659 1
8070186 1
8072121 1
8082830 1
8082969 1
8092599 1
8092599 1
8099995 1
8101115 1
8110061 1
8110425 1
8116070 1
8118079 1
8120373 1
8131751 1
8132428 1
8134307 1
8142312 1
8147896 1
8159295 1
8160027 1
8166564 1
8166720 1
8173391 1
8182431 1
8182667 1
8189235 1
8199850 1
8200642 1
8206049 1
8208878 1
8212890 1
8221268 1
8221429 1
8222791 1
8229417 1
8236505 1
8240219 1
8242927 1
8246472 1
8253541 1
8255228 1
8258906 1
8266488 1
8276670 1
8276919 1
8276951 1
8279674 1
8286937 1
8287280 1
8298168 1
26778 1
35551 1
83320 1
85594 1
120397 1
153209 1
157284 1
157437 1
173028 1
181750 1
183983 1
185466 1
187697 1
200648 1
230507 1
274785 1
300146 1
301437 1
302755 1
313792 1
316828 1
317714 1
318837 1
375978 1
376956 1
414600 1
414600 1
480862 1
506263 1
508115 1
523032 1
533860 1
557837 1
560552 1
577341 1
581684 1
587065 1
591675 1
596571 1
612059 1
634204 1
662782 1
690344 1
695203 1
708416 1
716163 1
722872 1
745557 1
751476 1
764232 1
768255 1
773887 1
775570 1
780044 1
797862 1
798166 1
807989 1
812260 1
814303 1
815549 1
825547 1
835665 1
837360 1
856016 1
869617 1
871943 1
879195 1
912481 1
923506 1
928698 1
937758 1
941290 1
945494 1
950386 1
965169 1
994675 1
1013125 1
1016220 1
1017939 1
1040020 1
1040020 1
1050631 1
1051915 1
1056870 1
1067844 1
1071588 1
1083311 1
1089964 1
1093803 1
1099319 1
1099477 1
1122602 1
1123426 1
1124741 1
1170669 1
1176440 1
1190266 1
1190395 1
1201861 1
1208293 1
1214379 1
1217611 1
1219528 1
1221389 1
1245311 1
1263446 1
1265467 1
1265744 1
1274036 1
1300166 1
1312945 1
1316802 1
1346286 1
1347744 1
1351195 1
1352076 1
1356443 1
1361475 1
1361525 1
1377725 1
1379363 1
1381838 1
1403408 1
1411238 1
1423370 1
1437230 1
1462186 1
1469224 1
1471311 1
1478090 1
1484481 1
1486724 1
1488324 1
1491472 1
1497434 1
1504123 1
1510813 1
1526952 1
1533453 1
1534194 1
1534630 1
1539186 1
1553752 1
1556900 1
1557118 1
1574392 1
1589685 1
1591050 1
1597314 1
1600775 1
1600775 1
1609636 1
1609636 1
1609636 1
1609636 1
1611350 1
1621536 1
1636623 1
1639990 1
1654566 1
1671709 1
1674360 1
1706992 1
1713539 1
1714719 1
1719678 1
1721943 1
1739504 1
1745144 1
1747892 1
1774675 1
1818315 1
1882658 1
1884104 1
1887364 1
1898417 1
1922174 1
1925338 1
1935803 1
1939532 1
1942422 1
1986769 1
1986769 1
1989821 1
1992258 1
2003307 1
2028379 1
2047663 1
2047756 1
2072046 1
2074632 1
2074928 1
2074929 1
2080526 1
2105712 1
2121950 1
2132694 1
2133195 1
2138632 1
2142689 1
2144489 1
2160994 1
2170536 1
2170594 1
2173361 1
2182979 1
2204284 1
2209853 1
2211381 1
2215523 1
2234710 1
2248287 1
2251690 1
2261989 1
2267308 1
2298362 1
2299808 1
2311162 1
2319941 1
2323230 1
2330514 1
2358320 1
2369583 1
2391229 1
2408876 1
2413822 1
2431606 1
2431746 1
2439701 1
2441708 1
2450827 1
2453962 1
2472486 1
2476097 1
2494836 1
2494888 1
2515420 1
2521361 1
2526463 1
2529346 1
2542733 1
2551435 1
2557078 1
2589192 1
2596455 1
2604133 1
2610530 1
2611217 1
2611930 1
2614472 1
2643217 1
2656599 1
2665003 1
2676922 1
2732500 1
2739939 1
2754208 1
2754562 1
2754562 1
2767440 1
2789762 1
2801157 1
2824568 1
2839882 1
2883476 1
2896679 1
2906476 1
2907411 1
2934801 1
2938217 1
2940874 1
2942536 1
2982290 1
3017707 1
3030374 1
3031037 1
3037368 1
3040871 1
3041707 1
3069245 1
3079080 1
3103022 1
3109293 1
3127035 1
3155054 1
3156285 1
3162751 1
3163891 1
3165248 1
3166259 1
3185671 1
3190611 1
3196699 1
3204610 1
3208656 1
3212972 1
3222677 1
3233655 1
3234872 1
3261178 1
3271158 1
3271555 1
3299923 1
3310230 1
3314814 1
3320749 1
3332374 1
3336470 1
3340189 1
3359903 1
3385606 1
3389017 1
3420742 1
3433081 1
3441804 1
3450301 1
3475903 1
3501894 1
3515185 1
3515185 1
3517384 1
3518600 1
3518600 1
3521183 1
3521657 1
3529990 1
3529990 1
3530649 1
3550586 1
3558317 1
3574152 1
3579721 1
3586967 1
3621258 1
3623885 1
3623904 1
3631603 1
3648466 1
3650946 1
3652069 1
3655468 1
3663107 1
3697983 1
3705375 1
3706157 1
3726297 1
3739571 1
3739620 1
3752999 1
3800810 1
3828086 1
3834348 1
3835022 1
3855305 1
3870413 1
3874853 1
3919057 1
3933993 1
3952297 1
3975723 1
3982882 1
4005959 1
4017920 1
4024387 1
4028528 1
4041234 1
4058774 1
4087943 1
4087943 1
4088758 1
4091271 1
4095974 1
4110412 1
4111621 1
4149032 1
4163916 1
4172817 1
4175156 1
4179260 1
4179375 1
4186324 1
4186324 1
4186909 1
4193356 1
4205718 1
4205718 1
4207361 1
4209658 1
4213942 1
4216014 1
4229611 1
4229844 1
4238061 1
4246600 1
4257302 1
4259627 1
4261107 1
4268639 1
4272207 1
4273690 1
4278799 1
4311758 1
4326766 1
4336928 1
4339919 1
4348577 1
4355076 1
4375150 1
4400293 1
4437902 1
4449188 1
4460960 1
4462641 1
4465831 1
4477234 1
4489918 1
4505426 1
4519525 1
4531086 1
4536935 1
4539532 1
4541507 1
4566641 1
4603985 1
4609210 1
4651518 1
4654304 1
4656950 1
4669526 1
4685616 1
4696900 1
4721171 1
4724158 1
4727629 1
4733343 1
4733854 1
4767027 1
4767027 1
4771199 1
4773206 1
4779201 1
4795917 1
4816636 1
4826898 1
4837613 1
4849879 1
4850778 1
4881381 1
4891576 1
4893038 1
4911787 1
4925914 1
4948199 1
4955159 1
4958700 1
4964964 1
4977073 1
4984077 1
4986853 1
5003939 1
5010011 1
5024853 1
5030603 1
5037392 1
5046089 1
5046477 1
5047193 1
5058077 1
5114818 1
5131074 1
5134352 1
5138258 1
5141586 1
5144788 1
5145405 1
5147943 1
5158404 1
5163890 1
5175270 1
5204181 1
5228943 1
5229643 1
5238492 1
5238607 1
5241992 1
5259064 1
5259248 1
5274465 1
5274465 1
5289126 1
5291346 1
5291346 1
5310874 1
5311458 1
5326336 1
5334425 1
5350366 1
5352799 1
5354831 1
5362351 1
5369096 1
5409105 1
5426869 1
5431862 1
5465040 1
5492469 1
5499733 1
5499733 1
5506686 1
5519698 1
5535497 1
5538880 1
5591612 1
5607195 1
5617968 1
5639632 1
5641890 1
5647186 1
5658829 1
5661677 1
5670500 1
5676783 1
5691704 1
5694521 1
5701792 1
5704751 1
5738367 1
5738367 1
5776845 1
5811935 1
5812764 1
5821393 1
5838231 1
5860811 1
5894870 1
5922351 1
5923726 1
5942012 1
5945447 1
5971242 1
5995651 1
6003461 1
6006619 1
6008515 1
6013248 1
6018960 1
6037443 1
6055424 1
6057701 1
6079382 1
6086500 1
6088211 1
6121461 1
6127130 1
6128878 1
6176939 1
6241614 1
6241702 1
6264708 1
6289235 1
6291467 1
6291467 1
6293366 1
6294481 1
6303685 1
6308865 1
6321597 1
6326817 1
6345483 1
6346533 1
6349225 1
6359426 1
6359724 1
6359908 1
6362277 1
6362906 1
6366306 1
6384302 1
6395985 1
6398992 1
6402636 1
6403833 1
6419710 1
6461811 1
6465026 1
6483110 1
6501325 1
6508518 1
6516979 1
6563486 1
6568246 1
6580640 1
6581920 1
6600342 1
6617963 1
6622466 1
6625880 1
6640406 1
6656803 1
6679483 1
6682721 1
6682721 1
6703639 1
6705969 1
6711303 1
6718742 1
6721117 1
6741502 1
6755284 1
6757049 1
6778531 1
6779035 1
6788286 1
6802489 1
6807782 1
6843360 1
6860911 1
6876870 1
6887789 1
6909322 1
6919071 1
6929150 1
6935460 1
6940409 1
6947141 1
6958719 1
6979133 1
6981155 1
6986879 1
6995231 1
7004221 1
7004229 1
7010828 1
7025149 1
7026288 1
7039871 1
7042104 1
7052313 1
7060746 1
7108777 1
7116436 1
7135944 1
7142295 1
7144749 1
7176619 1
7184525 1
7207766 1
7212710 1
7228616 1
7261153 1
7290710 1
7317273 1
7330064 1
7347711 1
7352410 1
7393137 1
7397839 1
7415678 1
7426738 1
7437990 1
7439484 1
7441447 1
7442188 1
7443593 1
7464748 1
7473143 1
7477010 1
7479947 1
7484761 1
7489467 1
7505421 1
7518272 1
7538390 1
7551940 1
7556271 1
7560656 1
7574625 1
7585370 1
7595954 1
7599304 1
7599553 1
7603200 1
7603483 1
7603483 1
7604368 1
7607212 1
7625248 1
7632195 1
7642322 1
7648916 1
7652996 1
7667843 1
7669569 1
7675289 1
7677499 1
7681875 1
7686062 1
7708309 1
7710094 1
7712836 1
7712837 1
7722591 1
7745308 1
7748060 1
7748686 1
7754695 1
7779824 1
7787722 1
7787722 1
7792126 1
7841816 1
7866397 1
7889520 1
7905741 1
7916164 1
7922999 1
7946889 1
7947017 1
7958716 1
7966890 1
7971888 1
8011605 1
8012012 1
8023477 1
8028806 1
8028891 1
8043218 1
8044688 1
8046567 1
8053279 1
8056243 1
8058561 1
8062437 1
8070390 1
8081199 1
8083415 1
8085808 1
8087755 1
8108157 1
8118546 1
8123469 1
8131125 1
8179596 1
8202995 1
8255363 1
8258796 1
8260372 1
8274598 1
8298225 1
8309424 1
