8609 1
16176 1
23454 1
27635 1
30706 1
33293 1
35090 1
36817 1
42252 1
46670 1
47204 1
47849 1
48196 1
62426 1
71365 1
82184 1
84726 1
85750 1
88861 1
92173 1
92348 1
99543 1
100295 1
101335 1
102425 1
103734 1
105461 1
109202 1
109730 1
110853 1
114006 1
115021 1
115566 1
115687 1
115709 1
117937 1
120551 1
126546 1
126978 1
127250 1
130062 1
130477 1
131257 1
131295 1
134469 1
136002 1
137661 1
138155 1
141707 1
145504 1
145504 1
150281 1
151084 1
151186 1
151953 1
153435 1
157726 1
157784 1
158111 1
161737 1
162975 1
163142 1
163466 1
168482 1
168584 1
168957 1
170520 1
170533 1
171095 1
172081 1
175071 1
181097 1
181849 1
183223 1
183419 1
185362 1
187369 1
189278 1
192581 1
194312 1
201656 1
202345 1
203560 1
207262 1
209203 1
217115 1
217459 1
218296 1
218386 1
221441 1
224405 1
225052 1
227185 1
230358 1
233602 1
239178 1
242873 1
258329 1
260293 1
263564 1
273133 1
275317 1
275474 1
275632 1
280863 1
281337 1
283568 1
284493 1
287823 1
291332 1
295369 1
299241 1
311963 1
321096 1
326587 1
327413 1
332598 1
337068 1
343077 1
352892 1
352892 1
358423 1
358547 1
361125 1
362558 1
366308 1
369266 1
375441 1
385213 1
385369 1
385371 1
404293 1
424483 1
437645 1
439254 1
439515 1
443000 1
450720 1
451080 1
455079 1
463188 1
469595 1
482566 1
487720 1
494804 1
495176 1
497855 1
504242 1
507313 1
508347 1
511235 1
512628 1
513907 1
514545 1
519564 1
519726 1
524345 1
526387 1
527785 1
528910 1
549359 1
559425 1
559619 1
565838 1
567711 1
570051 1
570051 1
572309 1
573810 1
574925 1
576067 1
580949 1
584092 1
588076 1
591504 1
595255 1
598337 1
598683 1
599479 1
601264 1
606042 1
607737 1
609296 1
611600 1
613928 1
615264 1
623368 1
626405 1
628046 1
628629 1
639806 1
641903 1
648030 1
651845 1
657375 1
659047 1
670160 1
671916 1
679808 1
680489 1
683397 1
686883 1
688072 1
696089 1
696476 1
700312 1
713423 1
719012 1
719954 1
720609 1
723965 1
725318 1
727608 1
733249 1
747271 1
747604 1
754266 1
777858 1
778387 1
778771 1
781978 1
784069 1
796054 1
801426 1
804051 1
809112 1
824598 1
829545 1
831417 1
835468 1
838977 1
841320 1
846387 1
846533 1
849975 1
851327 1
871330 1
875035 1
880549 1
881421 1
886689 1
893059 1
893059 1
896745 1
911871 1
920652 1
924034 1
924234 1
924325 1
926820 1
929883 1
935761 1
944593 1
950122 1
952980 1
954707 1
955306 1
963826 1
966977 1
967008 1
971329 1
971819 1
978509 1
979940 1
979940 1
985809 1
987572 1
990989 1
991328 1
992355 1
994112 1
1000088 1
1004885 1
1005395 1
1005677 1
1030846 1
1030877 1
1031159 1
1044097 1
1045913 1
1049563 1
1050699 1
1054091 1
1067448 1
1068238 1
1071858 1
1071858 1
1073373 1
1077585 1
1081462 1
1083827 1
1089924 1
1090148 1
1091941 1
1092218 1
1094623 1
1098854 1
1103189 1
1109752 1
1109961 1
1110689 1
1111518 1
1111650 1
1112674 1
1114036 1
1126961 1
1128865 1
1129778 1
1146221 1
1146221 1
1147843 1
1147843 1
1147843 1
1147843 1
1151010 1
1151964 1
1152368 1
1170592 1
1173087 1
1183051 1
1184603 1
1185616 1
1185776 1
1186043 1
1198281 1
1205086 1
1206244 1
1211825 1
1216434 1
1220396 1
1221304 1
1224730 1
1226843 1
1228442 1
1228877 1
1230294 1
1240118 1
1242203 1
1249003 1
1255502 1
1256963 1
1258734 1
1261596 1
1266474 1
1277986 1
1280182 1
1283139 1
1288598 1
1289049 1
1292840 1
1295093 1
1295647 1
1296665 1
1296667 1
1303205 1
1306803 1
1314454 1
1314599 1
1319097 1
1319151 1
1323920 1
1326357 1
1330083 1
1331590 1
1340295 1
1343697 1
1352288 1
1352937 1
1353761 1
1354307 1
1356131 1
1356131 1
1356220 1
1357296 1
1357738 1
1361982 1
1367959 1
1370240 1
1372576 1
1373375 1
1377324 1
1382579 1
1407662 1
1409597 1
1418614 1
1418687 1
1419094 1
1420911 1
1423607 1
1431416 1
1434706 1
1435531 1
1439089 1
1442001 1
1442974 1
1446579 1
1446809 1
1451968 1
1452510 1
1452887 1
1453096 1
1453431 1
1457043 1
1461060 1
1463311 1
1471547 1
1472256 1
1472291 1
1472291 1
1475125 1
1477093 1
1484497 1
1485195 1
1486930 1
1488006 1
1488298 1
1491660 1
1492683 1
1493377 1
1497462 1
1501037 1
1514645 1
1520149 1
1520772 1
1523631 1
1530365 1
1530402 1
1530633 1
1533244 1
1535830 1
1546881 1
1557462 1
1559589 1
1560663 1
1562500 1
1563127 1
1569422 1
1575881 1
1581987 1
1592839 1
1606362 1
1609764 1
1614456 1
1626588 1
1626588 1
1627121 1
1630760 1
1633986 1
1638073 1
1643254 1
1656295 1
1656488 1
1672532 1
1673326 1
1676949 1
1683210 1
1685260 1
1693634 1
1694000 1
1701981 1
1702819 1
1703272 1
1720767 1
1720919 1
1730231 1
1737834 1
1739062 1
1741916 1
1747650 1
1748876 1
1748938 1
1753457 1
1759176 1
1765954 1
1785558 1
1788161 1
1788577 1
1790633 1
1794128 1
1801586 1
1804302 1
1808647 1
1809299 1
1810365 1
1812025 1
1814018 1
1819989 1
1820179 1
1825238 1
1827897 1
1828050 1
1856637 1
1856821 1
1859410 1
1861864 1
1862290 1
1862772 1
1871888 1
1890452 1
1891315 1
1893515 1
1897013 1
1897660 1
1903974 1
1904438 1
1905576 1
1912385 1
1928677 1
1929289 1
1933152 1
1936933 1
1940733 1
1942659 1
1943183 1
1949994 1
1953453 1
1956933 1
1958589 1
1974077 1
2002289 1
2005417 1
2005622 1
2010471 1
2013002 1
2015513 1
2017392 1
2018620 1
2019701 1
2021774 1
2024625 1
2037945 1
2045037 1
2049498 1
2057096 1
2057984 1
2062073 1
2062643 1
2062648 1
2065950 1
2066468 1
2069371 1
2071419 1
2071511 1
2073182 1
2088352 1
2088582 1
2096595 1
2098906 1
2100521 1
2108842 1
2110527 1
2113318 1
2116848 1
2119352 1
2120667 1
2123413 1
2125179 1
2126456 1
2130292 1
2137195 1
2143019 1
2143461 1
2144874 1
2151967 1
2155696 1
2155863 1
2159430 1
2186378 1
2195653 1
2196308 1
2197964 1
2198086 1
2198806 1
2207012 1
2208016 1
2209896 1
2216461 1
2233707 1
2234071 1
2238427 1
2240038 1
2240282 1
2247076 1
2252909 1
2256535 1
2259354 1
2260960 1
2274556 1
2280463 1
2286757 1
2287525 1
2287525 1
2290086 1
2296183 1
2301795 1
2306435 1
2314057 1
2320892 1
2340316 1
2349661 1
2355147 1
2359007 1
2360904 1
2365721 1
2366699 1
2367899 1
2369226 1
2373038 1
2373931 1
2376411 1
2379333 1
2381580 1
2383143 1
2386474 1
2400604 1
2402680 1
2403980 1
2404462 1
2404462 1
2405194 1
2405526 1
2405526 1
2407254 1
2412332 1
2414714 1
2417675 1
2417746 1
2418141 1
2418834 1
2420029 1
2422934 1
2423835 1
2430786 1
2431682 1
2431815 1
2435522 1
2439482 1
2460441 1
2460628 1
2460632 1
2460711 1
2461108 1
2462092 1
2462448 1
2464952 1
2467752 1
2473733 1
2481309 1
2486371 1
2489829 1
2490282 1
2495393 1
2498732 1
2500479 1
2501346 1
2525447 1
2526803 1
2530773 1
2530773 1
2533702 1
2533702 1
2534668 1
2537830 1
2550459 1
2551424 1
2554481 1
2555215 1
2563120 1
2563951 1
2569219 1
2571189 1
2571386 1
2587243 1
2591395 1
2592745 1
2594271 1
2603856 1
2604018 1
2605854 1
2611691 1
2614823 1
2614823 1
2615237 1
2634588 1
2634928 1
2652405 1
2652522 1
2660000 1
2660000 1
2672619 1
2675817 1
2676191 1
2684663 1
2687172 1
2692140 1
2694504 1
2702795 1
2707774 1
2708072 1
2709170 1
2710837 1
2710837 1
2712197 1
2713530 1
2718803 1
2722334 1
2726622 1
2731478 1
2734614 1
2737256 1
2738668 1
2740280 1
2747080 1
2756501 1
2759114 1
2765403 1
2768936 1
2768936 1
2776403 1
2777760 1
2784152 1
2789192 1
2791784 1
2792862 1
2793098 1
2793443 1
2794208 1
2795902 1
2796956 1
2800520 1
2800520 1
2800521 1
2800926 1
2801492 1
2801787 1
2804700 1
2804808 1
2823575 1
2825556 1
2826652 1
2827643 1
2827824 1
2828117 1
2830034 1
2830034 1
2831222 1
2839419 1
2839808 1
2840679 1
2849691 1
2851358 1
2851460 1
2867801 1
2872410 1
2873878 1
2875489 1
2876241 1
2879896 1
2882657 1
2882811 1
2883331 1
2885831 1
2886650 1
2900722 1
2901774 1
2903617 1
2910350 1
2913323 1
2913323 1
2925724 1
2931458 1
2936049 1
2936197 1
2957382 1
2962188 1
2964576 1
2964576 1
2966332 1
2966933 1
2985906 1
2987982 1
2987984 1
2993076 1
2993564 1
2998389 1
3000118 1
3001247 1
3003301 1
3003797 1
3005764 1
3007630 1
3007637 1
3024007 1
3026659 1
3027389 1
3027448 1
3032820 1
3036389 1
3039836 1
3040058 1
3040713 1
3043288 1
3043855 1
3045207 1
3067205 1
3073750 1
3073948 1
3077756 1
3083404 1
3093770 1
3094802 1
3098074 1
3100007 1
3105006 1
3105343 1
3106253 1
3110191 1
3112751 1
3117036 1
3117791 1
3117925 1
3121671 1
3125981 1
3128967 1
3132929 1
3134769 1
3142343 1
3147239 1
3162004 1
3163164 1
3167925 1
3168238 1
3168556 1
3175835 1
3186257 1
3189359 1
3189360 1
3211733 1
3214025 1
3217219 1
3221666 1
3227248 1
3233032 1
3237695 1
3238106 1
3242395 1
3245122 1
3245122 1
3245308 1
3245547 1
3251678 1
3251935 1
3265244 1
3268585 1
3271250 1
3275644 1
3279344 1
3287445 1
3292168 1
3292349 1
3296979 1
3303114 1
3304886 1
3305446 1
3315809 1
3316824 1
3330330 1
3334356 1
3336093 1
3345057 1
3345876 1
3349128 1
3357114 1
3357975 1
3360479 1
3368517 1
3369683 1
3374417 1
3377194 1
3384743 1
3387100 1
3388735 1
3391402 1
3391402 1
3391584 1
3392401 1
3393481 1
3400512 1
3402606 1
3409577 1
3410031 1
3413593 1
3415898 1
3425499 1
3425499 1
3426588 1
3430800 1
3437486 1
3438326 1
3441533 1
3444684 1
3456768 1
3461220 1
3461778 1
3464683 1
3467328 1
3472838 1
3480763 1
3487892 1
3491144 1
3499731 1
3500970 1
3507972 1
3513660 1
3514755 1
3516320 1
3527144 1
3530136 1
3530552 1
3538100 1
3547649 1
3553466 1
3554397 1
3557394 1
3557765 1
3559620 1
3560275 1
3581374 1
3581635 1
3589876 1
3593128 1
3594007 1
3614698 1
3614884 1
3615560 1
3615699 1
3617803 1
3625816 1
3631827 1
3632873 1
3640442 1
3640705 1
3647017 1
3647115 1
3647693 1
3649382 1
3652293 1
3661305 1
3661805 1
3665879 1
3666175 1
3670349 1
3675348 1
3688801 1
3698229 1
3699809 1
3705734 1
3718310 1
3721645 1
3722957 1
3726650 1
3732359 1
3737186 1
3739283 1
3741574 1
3746180 1
3748216 1
3758891 1
3759807 1
3760496 1
3773038 1
3782065 1
3784567 1
3788686 1
3789875 1
3792638 1
3795179 1
3797511 1
3798603 1
3804640 1
3806946 1
3807291 1
3813308 1
3815287 1
3847473 1
3850996 1
3858178 1
3858642 1
3863078 1
3863937 1
3864038 1
3864916 1
3866604 1
3866769 1
3868190 1
3873121 1
3873463 1
3876972 1
3877870 1
3878987 1
3891425 1
3908813 1
3911137 1
3914122 1
3915425 1
3916857 1
3918794 1
3920946 1
3924592 1
3944163 1
3948336 1
3953800 1
3954937 1
3954988 1
3966268 1
3966959 1
3967785 1
3968253 1
3975829 1
3982634 1
3983249 1
3995796 1
3999442 1
4003277 1
4003324 1
4004902 1
4006591 1
4009910 1
4011944 1
4011962 1
4012057 1
4012410 1
4014514 1
4016730 1
4019444 1
4021466 1
4023923 1
4023923 1
4025828 1
4027422 1
4043640 1
4044063 1
4049017 1
4049507 1
4051223 1
4062748 1
4064981 1
4073526 1
4075000 1
4076143 1
4085193 1
4085343 1
4088917 1
4092803 1
4130543 1
4139781 1
4141468 1
4144542 1
4146456 1
4156394 1
4166888 1
4168156 1
4168156 1
4173095 1
4183021 1
4187220 1
4187594 1
4188626 1
4189982 1
4194054 1
4194512 1
4194512 1
4195401 1
4196881 1
4198413 1
4203274 1
4207079 1
4217351 1
4223261 1
4223792 1
4223792 1
4235736 1
4235837 1
4236355 1
4243522 1
4246993 1
4251882 1
4251883 1
4252805 1
4261388 1
4263206 1
4264219 1
4269278 1
4270337 1
4280774 1
4289713 1
4293811 1
4308553 1
4308576 1
4311562 1
4312608 1
4322173 1
4326452 1
4328852 1
4332501 1
4336058 1
4337617 1
4337896 1
4337909 1
4338381 1
4346445 1
4351121 1
4351427 1
4352919 1
4356664 1
4357926 1
4357926 1
4366517 1
4367989 1
4368624 1
4370226 1
4371104 1
4373984 1
4374456 1
4382002 1
4391075 1
4396291 1
4402502 1
4404284 1
4411761 1
4413752 1
4415180 1
4415501 1
4416374 1
4417162 1
4421625 1
4421625 1
4423778 1
4428398 1
4428465 1
4432595 1
4447787 1
4458600 1
4470012 1
4470012 1
4474418 1
4477402 1
4477722 1
4478655 1
4478706 1
4490463 1
4509865 1
4513853 1
4517082 1
4518297 1
4520661 1
4521210 1
4534466 1
4535931 1
4538668 1
4545232 1
4545302 1
4546360 1
4557050 1
4565963 1
4573381 1
4578963 1
4579420 1
4582734 1
4607305 1
4609609 1
4611200 1
4623039 1
4629505 1
4630408 1
4633505 1
4649794 1
4651636 1
4658015 1
4661337 1
4663676 1
4665312 1
4667159 1
4671959 1
4677113 1
4682730 1
4688115 1
4690008 1
4691597 1
4695830 1
4696699 1
4697016 1
4701342 1
4710346 1
4712866 1
4713897 1
4716601 1
4722570 1
4723002 1
4723249 1
4724297 1
4725128 1
4726215 1
4731770 1
4734542 1
4739267 1
4745662 1
4763364 1
4768631 1
4770628 1
4776389 1
4778883 1
4787451 1
4787957 1
4797529 1
4798978 1
4800922 1
4801090 1
4801471 1
4801988 1
4805257 1
4805494 1
4807337 1
4807337 1
4808216 1
4809452 1
4809452 1
4810302 1
4812031 1
4817625 1
4820183 1
4831710 1
4834088 1
4835165 1
4836562 1
4843081 1
4846816 1
4846995 1
4854134 1
4859283 1
4860322 1
4861259 1
4865385 1
4873242 1
4874750 1
4875566 1
4875851 1
4879974 1
4880543 1
4888517 1
4889062 1
4890004 1
4896418 1
4899191 1
4906144 1
4909427 1
4930706 1
4936247 1
4937888 1
4955569 1
4960886 1
4965189 1
4965253 1
4967270 1
4969517 1
4970831 1
4974623 1
4979553 1
4995205 1
4998302 1
5000533 1
5003161 1
5015932 1
5021261 1
5021595 1
5023087 1
5027462 1
5035871 1
5041194 1
5041735 1
5042452 1
5054622 1
5059555 1
5068886 1
5081471 1
5082073 1
5099639 1
5114581 1
5115702 1
5120407 1
5132679 1
5133244 1
5134005 1
5138335 1
5144064 1
5148892 1
5153426 1
5155726 1
5162156 1
5171374 1
5178435 1
5181982 1
5191791 1
5194477 1
5199974 1
5200312 1
5200893 1
5201045 1
5203229 1
5208907 1
5212858 1
5213914 1
5229876 1
5234544 1
5236555 1
5242217 1
5244387 1
5244942 1
5259472 1
5264183 1
5265462 1
5268364 1
5270321 1
5286276 1
5287152 1
5288201 1
5291971 1
5309716 1
5316596 1
5328425 1
5336018 1
5347073 1
5347900 1
5361996 1
5362106 1
5364352 1
5369326 1
5370235 1
5372037 1
5374490 1
5376801 1
5376905 1
5380586 1
5381552 1
5404442 1
5415854 1
5416629 1
5419376 1
5425317 1
5425365 1
5435153 1
5445956 1
5447726 1
5450594 1
5451290 1
5451430 1
5453443 1
5468017 1
5471242 1
5475704 1
5476983 1
5479383 1
5501253 1
5505793 1
5510333 1
5510489 1
5518576 1
5520606 1
5522672 1
5527132 1
5529201 1
5529405 1
5531950 1
5533262 1
5535249 1
5537974 1
5538810 1
5543515 1
5544981 1
5546726 1
5547256 1
5548570 1
5549940 1
5550396 1
5552666 1
5555526 1
5556668 1
5558012 1
5567161 1
5567277 1
5591466 1
5593154 1
5597632 1
5598619 1
5600496 1
5604835 1
5615044 1
5615153 1
5615407 1
5615839 1
5617231 1
5617816 1
5621539 1
5623993 1
5626665 1
5629909 1
5634073 1
5639474 1
5643739 1
5646041 1
5646407 1
5646753 1
5647445 1
5648164 1
5653392 1
5653868 1
5656599 1
5661823 1
5664177 1
5664991 1
5669911 1
5675680 1
5676262 1
5679173 1
5679372 1
5679385 1
5679934 1
5681837 1
5682854 1
5684123 1
5686470 1
5687048 1
5693523 1
5694481 1
5694833 1
5700953 1
5702049 1
5703247 1
5708236 1
5710721 1
5714124 1
5715160 1
5715160 1
5720718 1
5725090 1
5730096 1
5731506 1
5733669 1
5736595 1
5737848 1
5743333 1
5748238 1
5750721 1
5752305 1
5757297 1
5765987 1
5765987 1
5770857 1
5770857 1
5774247 1
5776112 1
5776115 1
5786235 1
5788322 1
5788682 1
5798159 1
5802502 1
5803223 1
5804770 1
5806214 1
5806364 1
5806851 1
5808541 1
5808923 1
5809012 1
5815605 1
5816873 1
5819469 1
5820329 1
5820611 1
5823941 1
5828750 1
5831223 1
5835625 1
5849220 1
5851930 1
5856734 1
5865621 1
5866672 1
5871711 1
5876531 1
5881329 1
5887323 1
5888363 1
5889233 1
5891219 1
5894183 1
5894802 1
5905165 1
5906365 1
5913656 1
5913876 1
5917445 1
5920336 1
5921993 1
5925343 1
5929769 1
5933873 1
5938238 1
5938493 1
5938887 1
5943163 1
5946236 1
5949265 1
5951718 1
5960311 1
5963083 1
5964388 1
5966027 1
5969386 1
5971374 1
5971828 1
5979444 1
5987217 1
5994881 1
6004765 1
6012755 1
6031997 1
6040901 1
6040901 1
6048781 1
6051843 1
6061408 1
6066014 1
6074899 1
6075936 1
6075943 1
6075943 1
6076377 1
6078644 1
6079072 1
6082009 1
6085872 1
6090889 1
6095950 1
6096379 1
6105661 1
6111058 1
6121279 1
6146694 1
6151736 1
6153251 1
6154785 1
6182978 1
6182978 1
6195396 1
6199625 1
6199951 1
6199951 1
6211901 1
6227271 1
6227501 1
6255563 1
6260045 1
6263407 1
6265121 1
6270535 1
6272950 1
6277152 1
6280359 1
6282090 1
6286781 1
6293868 1
6294481 1
6298685 1
6299713 1
6303492 1
6305870 1
6311627 1
6317849 1
6319575 1
6326149 1
6326619 1
6326619 1
6336560 1
6338810 1
6340317 1
6342969 1
6347495 1
6347508 1
6348055 1
6353730 1
6356180 1
6358499 1
6359272 1
6359648 1
6361540 1
6363902 1
6366125 1
6366573 1
6376838 1
6377845 1
6377957 1
6378563 1
6379259 1
6382801 1
6385708 1
6397503 1
6402134 1
6404523 1
6406105 1
6412092 1
6413454 1
6416378 1
6425609 1
6426052 1
6428826 1
6447267 1
6449593 1
6455496 1
6463350 1
6483032 1
6492594 1
6498260 1
6517150 1
6517167 1
6523915 1
6524831 1
6528150 1
6533474 1
6535178 1
6535854 1
6536179 1
6536682 1
6539103 1
6540525 1
6549196 1
6551666 1
6554864 1
6559692 1
6567724 1
6574977 1
6578808 1
6579994 1
6580158 1
6580331 1
6584709 1
6587893 1
6588263 1
6597816 1
6598953 1
6600069 1
6604535 1
6605844 1
6615924 1
6620635 1
6623791 1
6625260 1
6632017 1
6634792 1
6639268 1
6641724 1
6648267 1
6650909 1
6651878 1
6652942 1
6654052 1
6659243 1
6663911 1
6674049 1
6674937 1
6679357 1
6686009 1
6690379 1
6712864 1
6722142 1
6727169 1
6732427 1
6738867 1
6739853 1
6739853 1
6743501 1
6753126 1
6755548 1
6760484 1
6764048 1
6764484 1
6765462 1
6766694 1
6769116 1
6772901 1
6777270 1
6781834 1
6781834 1
6781846 1
6788190 1
6789864 1
6790412 1
6791121 1
6797427 1
6808336 1
6810529 1
6816303 1
6838272 1
6841764 1
6843274 1
6849533 1
6849677 1
6862523 1
6877430 1
6890901 1
6897194 1
6897356 1
6898373 1
6916585 1
6917771 1
6921219 1
6925499 1
6929077 1
6932984 1
6934687 1
6935010 1
6936002 1
6937859 1
6940462 1
6940471 1
6940650 1
6944084 1
6944216 1
6945089 1
6952437 1
6955794 1
6967440 1
6968887 1
6973209 1
6973675 1
6974850 1
6975646 1
6976601 1
6979833 1
6980613 1
6983334 1
6983653 1
6988028 1
6994008 1
6997931 1
7003022 1
7014523 1
7015073 1
7022862 1
7024464 1
7028733 1
7028742 1
7029077 1
7029253 1
7030762 1
7031409 1
7033489 1
7035334 1
7043829 1
7044620 1
7055328 1
7074154 1
7074427 1
7086881 1
7101816 1
7102011 1
7105603 1
7109087 1
7119117 1
7123759 1
7131602 1
7134606 1
7139386 1
7141226 1
7143332 1
7155475 1
7159568 1
7159765 1
7160662 1
7163909 1
7164338 1
7168557 1
7175051 1
7175054 1
7176493 1
7190915 1
7201961 1
7212179 1
7212196 1
7226280 1
7232053 1
7232252 1
7232609 1
7245513 1
7249365 1
7258406 1
7261852 1
7266733 1
7270433 1
7277587 1
7284983 1
7286305 1
7295099 1
7299290 1
7300859 1
7312632 1
7312709 1
7312709 1
7314088 1
7316118 1
7325634 1
7331727 1
7338158 1
7338421 1
7341403 1
7344635 1
7344912 1
7347361 1
7353914 1
7359593 1
7362856 1
7372116 1
7373635 1
7378808 1
7384201 1
7385293 1
7386201 1
7396336 1
7396671 1
7399559 1
7404002 1
7404216 1
7404573 1
7404945 1
7405557 1
7411092 1
7413558 1
7414699 1
7420236 1
7420868 1
7430248 1
7434439 1
7437881 1
7437990 1
7437990 1
7439250 1
7440638 1
7443805 1
7444075 1
7445257 1
7445378 1
7452467 1
7458304 1
7458925 1
7465921 1
7465929 1
7468463 1
7468514 1
7468683 1
7477353 1
7478587 1
7495094 1
7498514 1
7498674 1
7499346 1
7503228 1
7505402 1
7517673 1
7520400 1
7520708 1
7523894 1
7527171 1
7528525 1
7529499 1
7530857 1
7533364 1
7542443 1
7552322 1
7557140 1
7562318 1
7568438 1
7579708 1
7585089 1
7588586 1
7589074 1
7589501 1
7594415 1
7598818 1
7599993 1
7600172 1
7605083 1
7611787 1
7614068 1
7614429 1
7615033 1
7617037 1
7621657 1
7622120 1
7623234 1
7625838 1
7636996 1
7641617 1
7641860 1
7642473 1
7649499 1
7650713 1
7651720 1
7663462 1
7668644 1
7670938 1
7680410 1
7688646 1
7690064 1
7694280 1
7699840 1
7707487 1
7708329 1
7711853 1
7713857 1
7713912 1
7716426 1
7718121 1
7727701 1
7729995 1
7732688 1
7733325 1
7735054 1
7741367 1
7743245 1
7749860 1
7755785 1
7756128 1
7756208 1
7759117 1
7759652 1
7765371 1
7766639 1
7772779 1
7773078 1
7773181 1
7773690 1
7775219 1
7778240 1
7779310 1
7782044 1
7787229 1
7790044 1
7792280 1
7802539 1
7807654 1
7811083 1
7811100 1
7822827 1
7828723 1
7842581 1
7842581 1
7844485 1
7855278 1
7856193 1
7868536 1
7869638 1
7869640 1
7873152 1
7881568 1
7883033 1
7885939 1
7891354 1
7891354 1
7892660 1
7892867 1
7893531 1
7899743 1
7901183 1
7910635 1
7910944 1
7911838 1
7913716 1
7916947 1
7918138 1
7920994 1
7922918 1
7925050 1
7926656 1
7928925 1
7942842 1
7946436 1
7946625 1
7951217 1
7972071 1
7978807 1
7995292 1
7995995 1
8003658 1
8003743 1
8007441 1
8011593 1
8012867 1
8013170 1
8013170 1
8013487 1
8016745 1
8017391 1
8017391 1
8021161 1
8025056 1
8025586 1
8026725 1
8026882 1
8027222 1
8027951 1
8037700 1
8039215 1
8040618 1
8045933 1
8047956 1
8049373 1
8049978 1
8051604 1
8054470 1
8058329 1
8059194 1
8064962 1
8068540 1
8071835 1
8078961 1
8081551 1
8082039 1
8086681 1
8087508 1
8088240 1
8089577 1
8090600 1
8095689 1
8096381 1
8097845 1
8098471 1
8100750 1
8102505 1
8108345 1
8108748 1
8112046 1
8113834 1
8114169 1
8116594 1
8118446 1
8119934 1
8119934 1
8120493 1
8120493 1
8120942 1
8121636 1
8131885 1
8133821 1
8133959 1
8134719 1
8140201 1
8142760 1
8144888 1
8145185 1
8145629 1
8147797 1
8147896 1
8151403 1
8153018 1
8153157 1
8156036 1
8163653 1
8166633 1
8167741 1
8168504 1
8172087 1
8179134 1
8185066 1
8204675 1
8211781 1
8217545 1
8236116 1
8237987 1
8253660 1
8262360 1
8263577 1
8269568 1
8269568 1
8281728 1
8289154 1
8289903 1
8297807 1
8297834 1
8298761 1
8299607 1
8304851 1
8305226 1
8306761 1
828 1
7123 1
8485 1
8485 1
8628 1
24263 1
29004 1
38585 1
38585 1
43635 1
45148 1
45366 1
45366 1
49280 1
68494 1
71594 1
74894 1
76690 1
79659 1
88193 1
91431 1
97915 1
99124 1
100227 1
101307 1
103723 1
104651 1
104906 1
104906 1
106335 1
108685 1
109992 1
110614 1
113798 1
115110 1
115433 1
115433 1
115689 1
117963 1
118621 1
121628 1
122508 1
124524 1
126291 1
127591 1
128176 1
131128 1
134232 1
134526 1
138435 1
140187 1
142696 1
143825 1
150048 1
150048 1
162708 1
163316 1
166973 1
172145 1
173238 1
173533 1
173533 1
174033 1
179786 1
181403 1
181403 1
182347 1
192233 1
192303 1
194485 1
197962 1
200553 1
200648 1
200936 1
211225 1
211273 1
212359 1
213095 1
214369 1
218925 1
222440 1
223205 1
224210 1
225205 1
227393 1
229030 1
230910 1
236317 1
238335 1
238897 1
239914 1
239988 1
245307 1
254001 1
265178 1
265903 1
269295 1
275402 1
275701 1
278028 1
281856 1
285702 1
286392 1
288701 1
292520 1
292971 1
293924 1
294285 1
304003 1
311847 1
315599 1
320649 1
321595 1
321932 1
322576 1
325660 1
333823 1
338634 1
341922 1
347883 1
358897 1
370892 1
372568 1
373769 1
375502 1
377021 1
379928 1
380583 1
383631 1
389056 1
390786 1
397145 1
411492 1
411492 1
416330 1
429828 1
433719 1
434792 1
439647 1
442392 1
442756 1
450190 1
451338 1
456405 1
459339 1
459478 1
459478 1
463407 1
466261 1
470652 1
481511 1
482085 1
483927 1
487652 1
489693 1
500785 1
508147 1
508147 1
509682 1
512345 1
519601 1
522323 1
523670 1
523766 1
525390 1
529990 1
539699 1
547499 1
549605 1
558913 1
559329 1
559766 1
563619 1
564172 1
568970 1
575520 1
575802 1
578143 1
579576 1
585923 1
588922 1
598410 1
622436 1
627088 1
630273 1
630376 1
652343 1
655063 1
656173 1
658198 1
660130 1
662047 1
667211 1
672591 1
674752 1
677710 1
679316 1
679915 1
680278 1
692997 1
696569 1
696851 1
707521 1
708151 1
709688 1
718430 1
727732 1
728947 1
729160 1
730035 1
739158 1
740255 1
744181 1
746151 1
753602 1
756736 1
764202 1
765297 1
768284 1
768284 1
773696 1
789282 1
795029 1
803450 1
803450 1
806933 1
809074 1
812696 1
814849 1
819938 1
825932 1
830226 1
834525 1
839952 1
841017 1
844461 1
848828 1
864758 1
871018 1
872074 1
881758 1
881758 1
893200 1
906007 1
907130 1
909315 1
909338 1
911812 1
912291 1
918897 1
920706 1
922402 1
924479 1
926116 1
930439 1
931604 1
932412 1
934425 1
938938 1
943808 1
944434 1
949539 1
949802 1
952067 1
959309 1
970074 1
976487 1
979130 1
981460 1
981469 1
983629 1
984815 1
985421 1
985827 1
986321 1
999580 1
999580 1
1000397 1
1012372 1
1016031 1
1024213 1
1026704 1
1029269 1
1032153 1
1041893 1
1041937 1
1045720 1
1049832 1
1050489 1
1051161 1
1056562 1
1057408 1
1063629 1
1067362 1
1069980 1
1071805 1
1074632 1
1079852 1
1083557 1
1085606 1
1088291 1
1091846 1
1094312 1
1117694 1
1118650 1
1127051 1
1130936 1
1130936 1
1132037 1
1135024 1
1136942 1
1136942 1
1158028 1
1164972 1
1165582 1
1166620 1
1168286 1
1173781 1
1173906 1
1174042 1
1174210 1
1181172 1
1186082 1
1188601 1
1194132 1
1202474 1
1204658 1
1205526 1
1205526 1
1206292 1
1206409 1
1207457 1
1214107 1
1219611 1
1221090 1
1221441 1
1230051 1
1230718 1
1244361 1
1249122 1
1251272 1
1257936 1
1259082 1
1269941 1
1273111 1
1274697 1
1276092 1
1277392 1
1291616 1
1296257 1
1296634 1
1306544 1
1306686 1
1307483 1
1308165 1
1309790 1
1315454 1
1316535 1
1316554 1
1321155 1
1321919 1
1327245 1
1327455 1
1328783 1
1329088 1
1329088 1
1334340 1
1335173 1
1343250 1
1349087 1
1351460 1
1355222 1
1356175 1
1357171 1
1359881 1
1364612 1
1364612 1
1365444 1
1369071 1
1370491 1
1372543 1
1374898 1
1375802 1
1385713 1
1399010 1
1402544 1
1405527 1
1406107 1
1406233 1
1409321 1
1411141 1
1414083 1
1416983 1
1417633 1
1418652 1
1420439 1
1420679 1
1425571 1
1428242 1
1430788 1
1434954 1
1434957 1
1437176 1
1454084 1
1456324 1
1460575 1
1463356 1
1472206 1
1476106 1
1480411 1
1480992 1
1484238 1
1488564 1
1490870 1
1491307 1
1491377 1
1492764 1
1494193 1
1516210 1
1525428 1
1525983 1
1526684 1
1537719 1
1543065 1
1543989 1
1548614 1
1551882 1
1553534 1
1563157 1
1563510 1
1581764 1
1581807 1
1588991 1
1597424 1
1599236 1
1601476 1
1606069 1
1607306 1
1621209 1
1624170 1
1630459 1
1635720 1
1636119 1
1637101 1
1638310 1
1640695 1
1646009 1
1649275 1
1660343 1
1660890 1
1661086 1
1667727 1
1668913 1
1673059 1
1678820 1
1679852 1
1686175 1
1689639 1
1690253 1
1692046 1
1702357 1
1704053 1
1705751 1
1706336 1
1714306 1
1721434 1
1723805 1
1725227 1
1727647 1
1727781 1
1727781 1
1730130 1
1734968 1
1742611 1
1743391 1
1744394 1
1765525 1
1769087 1
1772047 1
1776092 1
1779053 1
1788473 1
1791547 1
1797380 1
1797887 1
1799589 1
1807989 1
1822965 1
1825822 1
1829970 1
1834163 1
1842154 1
1853264 1
1853884 1
1865538 1
1866279 1
1867053 1
1868766 1
1871838 1
1875130 1
1877800 1
1880515 1
1880955 1
1881197 1
1883341 1
1887421 1
1888337 1
1894255 1
1896117 1
1906668 1
1907807 1
1910192 1
1922616 1
1934737 1
1937110 1
1937148 1
1938192 1
1940353 1
1940934 1
1941377 1
1942468 1
1942718 1
1943406 1
1949227 1
1949738 1
1949754 1
1949797 1
1951146 1
1951623 1
1951789 1
1962676 1
1967663 1
1968283 1
1979012 1
1979279 1
1979452 1
1987966 1
1993982 1
1994024 1
1994117 1
1994225 1
1996426 1
1998613 1
2001896 1
2003864 1
2012594 1
2012594 1
2014106 1
2017240 1
2017326 1
2019088 1
2020425 1
2024307 1
2027740 1
2029314 1
2039933 1
2049140 1
2052346 1
2054597 1
2057925 1
2062631 1
2066119 1
2070337 1
2080679 1
2093693 1
2097561 1
2103610 1
2113138 1
2117954 1
2118381 1
2121157 1
2121319 1
2122658 1
2123741 1
2145959 1
2154059 1
2166192 1
2170715 1
2170783 1
2170895 1
2172397 1
2177523 1
2184514 1
2187180 1
2187584 1
2194365 1
2194667 1
2195046 1
2202754 1
2216172 1
2216474 1
2222681 1
2225170 1
2227958 1
2233764 1
2234075 1
2234483 1
2237887 1
2238776 1
2244273 1
2246243 1
2248081 1
2249858 1
2251504 1
2254840 1
2254840 1
2260598 1
2261461 1
2262743 1
2273891 1
2286758 1
2289459 1
2289907 1
2292201 1
2294228 1
2304650 1
2306674 1
2309681 1
2313281 1
2315043 1
2320861 1
2328260 1
2328903 1
2333268 1
2333268 1
2336540 1
2340770 1
2342390 1
2346167 1
2347921 1
2349886 1
2352840 1
2355642 1
2355860 1
2358642 1
2365733 1
2365912 1
2369452 1
2384862 1
2387945 1
2392441 1
2393561 1
2394747 1
2397830 1
2398610 1
2400342 1
2406020 1
2406998 1
2413611 1
2417776 1
2418877 1
2421603 1
2422399 1
2424830 1
2431366 1
2435186 1
2442071 1
2445397 1
2448871 1
2453260 1
2456909 1
2459916 1
2460152 1
2460293 1
2460492 1
2460551 1
2460750 1
2460795 1
2460806 1
2460918 1
2461146 1
2461361 1
2461431 1
2461806 1
2468725 1
2470679 1
2471923 1
2476996 1
2478325 1
2484793 1
2488532 1
2488701 1
2488924 1
2489009 1
2498046 1
2516529 1
2530114 1
2531042 1
2542204 1
2543922 1
2547255 1
2548223 1
2548223 1
2550770 1
2561197 1
2561197 1
2562422 1
2564066 1
2564851 1
2565992 1
2570701 1
2577040 1
2584623 1
2585701 1
2589906 1
2592771 1
2602439 1
2603983 1
2606681 1
2610407 1
2612664 1
2640852 1
2652938 1
2667299 1
2671257 1
2675165 1
2676897 1
2689577 1
2690237 1
2695676 1
2697893 1
2702788 1
2704390 1
2705468 1
2720498 1
2721850 1
2731515 1
2732246 1
2732464 1
2733896 1
2734338 1
2737312 1
2753430 1
2755840 1
2756300 1
2757819 1
2761250 1
2772785 1
2772786 1
2778687 1
2782536 1
2783049 1
2786314 1
2788179 1
2793484 1
2793515 1
2793905 1
2794326 1
2797598 1
2800599 1
2801077 1
2801702 1
2805549 1
2805738 1
2808568 1
2816051 1
2817879 1
2832768 1
2843119 1
2843669 1
2844694 1
2851621 1
2860024 1
2865977 1
2874297 1
2875999 1
2888214 1
2889227 1
2893887 1
2894250 1
2895791 1
2911695 1
2914569 1
2915401 1
2927464 1
2927464 1
2937556 1
2941468 1
2955262 1
2956158 1
2956211 1
2960298 1
2965821 1
2965838 1
2966806 1
2970849 1
2979933 1
2988186 1
2990198 1
2991467 1
2994106 1
2994413 1
2998819 1
3002369 1
3002977 1
3004118 1
3009001 1
3009021 1
3010912 1
3013257 1
3018716 1
3023222 1
3023501 1
3026166 1
3027585 1
3027692 1
3028841 1
3029258 1
3031555 1
3032849 1
3040319 1
3045446 1
3045466 1
3045882 1
3048799 1
3049938 1
3065163 1
3072894 1
3074362 1
3078542 1
3081071 1
3087223 1
3092577 1
3094093 1
3097048 1
3103117 1
3105651 1
3109300 1
3111965 1
3116061 1
3129993 1
3131764 1
3154034 1
3155844 1
3161532 1
3162916 1
3169037 1
3173789 1
3183763 1
3194173 1
3194173 1
3202741 1
3203104 1
3204140 1
3204666 1
3205510 1
3226112 1
3227089 1
3262136 1
3267050 1
3271097 1
3271934 1
3274733 1
3276066 1
3285030 1
3287986 1
3289028 1
3289182 1
3294648 1
3295204 1
3299015 1
3299283 1
3303480 1
3306371 1
3306931 1
3307414 1
3308694 1
3311978 1
3315538 1
3315556 1
3322705 1
3326867 1
3336845 1
3338950 1
3340474 1
3341526 1
3345466 1
3346791 1
3359643 1
3361874 1
3363941 1
3373960 1
3376612 1
3387736 1
3389383 1
3389579 1
3394170 1
3394566 1
3404653 1
3411871 1
3415006 1
3423083 1
3429604 1
3433849 1
3434432 1
3434570 1
3440795 1
3447370 1
3451356 1
3454719 1
3456930 1
3463228 1
3473302 1
3473918 1
3474849 1
3479807 1
3484652 1
3488396 1
3495010 1
3496692 1
3511573 1
3516344 1
3517451 1
3517894 1
3522568 1
3532375 1
3533240 1
3541415 1
3542833 1
3544765 1
3545460 1
3545460 1
3554086 1
3554472 1
3559978 1
3569718 1
3597227 1
3599099 1
3604459 1
3611514 1
3627476 1
3632209 1
3634302 1
3643799 1
3646897 1
3647235 1
3649650 1
3650514 1
3653292 1
3655070 1
3661751 1
3663071 1
3667598 1
3674323 1
3675836 1
3680309 1
3683471 1
3683889 1
3690048 1
3690717 1
3698559 1
3704433 1
3712381 1
3713770 1
3714592 1
3720536 1
3732268 1
3735116 1
3747548 1
3749112 1
3757440 1
3757691 1
3764167 1
3764167 1
3801242 1
3815723 1
3827273 1
3835076 1
3836656 1
3837918 1
3838548 1
3841450 1
3842063 1
3845442 1
3851308 1
3852433 1
3858537 1
3860287 1
3861193 1
3865307 1
3867229 1
3870461 1
3872226 1
3872231 1
3872296 1
3872376 1
3872764 1
3873101 1
3873421 1
3874950 1
3880801 1
3880858 1
3897590 1
3911465 1
3926405 1
3929617 1
3934973 1
3943490 1
3956714 1
3961708 1
3973523 1
3984313 1
3988431 1
3989240 1
3991194 1
3995882 1
3996914 1
3997335 1
3998593 1
4005367 1
4006376 1
4016183 1
4020303 1
4025184 1
4026741 1
4027130 1
4029751 1
4030859 1
4034413 1
4039913 1
4051275 1
4054075 1
4056612 1
4057693 1
4059940 1
4061372 1
4062442 1
4063195 1
4065656 1
4066594 1
4067164 1
4067856 1
4069558 1
4069718 1
4070203 1
4071298 1
4072435 1
4074994 1
4076954 1
4082478 1
4085451 1
4089279 1
4090829 1
4097841 1
4099140 1
4104483 1
4107125 1
4110037 1
4110946 1
4114632 1
4115599 1
4119319 1
4123033 1
4137737 1
4140636 1
4165758 1
4166024 1
4167134 1
4168131 1
4170138 1
4174636 1
4178973 1
4183914 1
4185611 1
4190515 1
4192902 1
4192907 1
4195592 1
4196722 1
4199352 1
4203268 1
4207252 1
4209556 1
4211328 1
4217863 1
4219844 1
4223729 1
4231974 1
4236505 1
4236882 1
4236897 1
4237053 1
4237711 1
4239139 1
4241232 1
4250156 1
4252682 1
4252724 1
4252920 1
4257302 1
4261673 1
4262896 1
4267939 1
4267939 1
4275563 1
4278446 1
4278548 1
4281003 1
4284676 1
4288762 1
4289845 1
4292462 1
4307242 1
4308582 1
4309418 1
4310307 1
4317700 1
4319027 1
4322674 1
4325717 1
4326787 1
4332488 1
4332717 1
4335671 1
4344773 1
4353744 1
4354976 1
4356593 1
4359133 1
4361678 1
4366934 1
4369635 1
4373687 1
4375230 1
4377145 1
4378300 1
4380229 1
4381380 1
4394739 1
4396305 1
4397250 1
4400667 1
4406841 1
4413224 1
4415887 1
4421733 1
4422846 1
4423078 1
4424710 1
4430007 1
4434149 1
4435028 1
4439540 1
4439559 1
4443321 1
4451199 1
4454875 1
4466118 1
4469351 1
4478514 1
4480283 1
4481952 1
4488505 1
4494151 1
4496037 1
4496135 1
4503623 1
4509020 1
4511775 1
4515155 1
4518237 1
4522766 1
4524663 1
4524745 1
4527649 1
4539077 1
4559721 1
4562139 1
4564147 1
4564862 1
4568679 1
4570004 1
4571183 1
4571467 1
4576361 1
4579637 1
4585995 1
4588670 1
4591850 1
4591850 1
4593392 1
4598870 1
4609510 1
4619018 1
4622701 1
4624610 1
4628670 1
4632995 1
4636283 1
4639231 1
4643805 1
4648192 1
4652443 1
4654318 1
4656714 1
4661618 1
4667307 1
4668362 1
4668818 1
4670908 1
4671144 1
4671247 1
4672117 1
4675974 1
4677021 1
4678147 1
4680707 1
4681060 1
4682905 1
4688624 1
4691659 1
4698844 1
4706198 1
4712206 1
4713848 1
4722337 1
4723744 1
4724876 1
4725762 1
4730617 1
4746570 1
4761361 1
4764188 1
4764188 1
4775603 1
4781040 1
4782674 1
4792719 1
4797760 1
4799147 1
4799629 1
4800898 1
4802617 1
4802617 1
4806847 1
4809027 1
4809308 1
4811980 1
4812240 1
4812829 1
4813010 1
4813399 1
4815347 1
4815583 1
4818773 1
4820292 1
4824970 1
4825434 1
4825890 1
4830785 1
4833216 1
4835736 1
4837268 1
4837268 1
4838988 1
4843720 1
4859514 1
4859677 1
4869598 1
4869886 1
4875947 1
4876016 1
4889262 1
4898763 1
4899114 1
4910685 1
4912905 1
4913871 1
4915755 1
4922572 1
4927378 1
4932280 1
4937351 1
4940081 1
4941563 1
4953150 1
4954203 1
4954358 1
4962543 1
4964435 1
4964563 1
4966050 1
4969022 1
4969442 1
4970901 1
4980715 1
4984427 1
4990129 1
4998492 1
4998744 1
5005598 1
5014549 1
5014676 1
5015338 1
5020774 1
5022677 1
5031622 1
5032202 1
5034682 1
5044089 1
5044691 1
5047395 1
5052526 1
5053480 1
5053511 1
5055995 1
5066186 1
5074623 1
5082270 1
5102842 1
5103881 1
5111742 1
5114381 1
5133801 1
5145514 1
5146556 1
5148636 1
5153941 1
5156932 1
5163785 1
5163978 1
5170761 1
5172146 1
5173979 1
5190365 1
5191807 1
5197399 1
5203206 1
5205502 1
5208705 1
5213948 1
5243831 1
5252998 1
5253843 1
5260161 1
5262057 1
5262113 1
5267245 1
5278316 1
5284449 1
5287193 1
5287461 1
5290747 1
5294124 1
5305789 1
5308991 1
5309044 1
5319847 1
5325303 1
5327450 1
5335428 1
5335734 1
5346518 1
5352905 1
5354792 1
5355485 1
5360260 1
5361071 1
5363896 1
5364788 1
5368073 1
5370105 1
5370829 1
5370829 1
5371408 1
5379326 1
5381069 1
5398725 1
5400787 1
5404995 1
5419912 1
5419912 1
5428812 1
5444921 1
5445102 1
5448916 1
5455513 1
5456662 1
5460005 1
5461224 1
5461698 1
5464477 1
5474594 1
5477828 1
5478948 1
5490227 1
5490227 1
5494798 1
5495994 1
5507545 1
5507545 1
5510003 1
5510031 1
5510932 1
5511574 1
5515026 1
5520785 1
5529320 1
5529320 1
5530098 1
5531131 1
5532982 1
5534809 1
5535928 1
5537631 1
5543624 1
5545016 1
5548138 1
5549387 1
5550153 1
5557355 1
5558042 1
5561128 1
5562092 1
5573390 1
5590724 1
5593403 1
5593464 1
5595558 1
5596750 1
5606340 1
5607295 1
5607487 1
5610072 1
5612354 1
5613804 1
5617054 1
5617296 1
5622440 1
5625207 1
5630485 1
5637030 1
5639661 1
5650747 1
5654944 1
5655334 1
5660627 1
5664438 1
5665752 1
5679546 1
5682355 1
5688218 1
5690203 1
5699210 1
5700252 1
5701546 1
5702137 1
5706733 1
5709558 1
5710053 1
5715307 1
5719796 1
5720236 1
5725113 1
5725450 1
5729858 1
5730298 1
5731185 1
5741746 1
5742009 1
5748131 1
5752491 1
5753270 1
5758141 1
5761263 1
5761473 1
5763007 1
5770911 1
5772160 1
5773772 1
5780444 1
5781731 1
5788709 1
5789456 1
5801039 1
5801697 1
5807578 1
5808129 1
5810894 1
5816544 1
5819324 1
5822164 1
5824406 1
5824898 1
5825474 1
5825516 1
5828208 1
5843236 1
5846393 1
5850426 1
5860534 1
5861167 1
5867992 1
5868414 1
5875374 1
5882550 1
5887818 1
5887954 1
5888619 1
5888984 1
5890573 1
5919851 1
5924173 1
5924173 1
5926019 1
5926739 1
5927064 1
5930024 1
5935351 1
5947766 1
5952896 1
5956026 1
5956217 1
5958492 1
5962410 1
5965257 1
5969157 1
5969940 1
5972277 1
5977587 1
5977786 1
5980778 1
5980778 1
5985725 1
5990274 1
5994671 1
6005539 1
6008451 1
6008515 1
6009497 1
6010746 1
6017683 1
6018400 1
6020210 1
6029130 1
6029382 1
6043344 1
6052669 1
6060553 1
6066389 1
6073021 1
6075120 1
6080085 1
6081207 1
6082972 1
6083436 1
6083610 1
6085099 1
6085120 1
6085760 1
6087934 1
6091385 1
6097739 1
6101575 1
6104271 1
6109872 1
6121757 1
6122966 1
6126418 1
6129825 1
6139858 1
6149334 1
6153595 1
6153996 1
6154481 1
6154604 1
6157754 1
6182425 1
6186666 1
6188023 1
6188277 1
6189648 1
6198083 1
6227839 1
6228031 1
6228422 1
6229428 1
6233059 1
6247577 1
6248236 1
6248439 1
6262952 1
6264582 1
6272436 1
6272969 1
6274907 1
6275892 1
6277772 1
6281230 1
6281929 1
6288677 1
6291435 1
6294232 1
6296071 1
6304226 1
6313559 1
6314178 1
6321264 1
6325137 1
6333134 1
6334603 1
6337023 1
6339651 1
6348907 1
6354504 1
6357785 1
6358501 1
6358651 1
6366738 1
6369501 1
6380107 1
6389384 1
6395686 1
6408345 1
6413502 1
6413943 1
6421784 1
6422972 1
6423298 1
6428462 1
6428587 1
6440086 1
6441378 1
6441908 1
6446271 1
6449498 1
6453450 1
6455479 1
6458791 1
6463999 1
6467457 1
6479044 1
6483851 1
6483950 1
6491030 1
6493628 1
6493743 1
6496642 1
6496674 1
6510950 1
6515241 1
6521721 1
6522288 1
6537902 1
6539497 1
6541908 1
6542557 1
6544932 1
6545948 1
6545948 1
6548516 1
6548744 1
6550276 1
6550535 1
6550538 1
6550707 1
6557553 1
6559089 1
6562273 1
6562698 1
6566024 1
6572849 1
6578772 1
6579911 1
6582049 1
6593117 1
6609090 1
6617900 1
6621025 1
6621545 1
6621898 1
6624594 1
6630875 1
6637088 1
6640177 1
6640986 1
6643167 1
6644200 1
6646294 1
6652100 1
6654473 1
6669536 1
6678945 1
6683795 1
6684179 1
6692381 1
6694443 1
6698649 1
6706420 1
6707066 1
6720861 1
6725063 1
6726834 1
6728278 1
6728359 1
6729759 1
6736099 1
6746867 1
6752152 1
6753217 1
6753217 1
6760084 1
6763618 1
6774270 1
6774894 1
6790310 1
6790914 1
6805079 1
6808692 1
6808713 1
6811033 1
6816883 1
6817076 1
6819180 1
6831740 1
6833410 1
6835016 1
6835781 1
6843138 1
6844001 1
6844991 1
6845398 1
6851818 1
6853266 1
6855394 1
6855594 1
6863735 1
6868350 1
6872735 1
6872780 1
6874649 1
6876751 1
6881844 1
6883323 1
6883933 1
6884413 1
6885230 1
6885594 1
6899140 1
6902393 1
6905968 1
6921726 1
6923299 1
6923955 1
6925599 1
6925644 1
6929377 1
6929662 1
6935346 1
6938008 1
6940282 1
6940439 1
6941197 1
6944450 1
6950532 1
6953333 1
6955305 1
6955456 1
6963242 1
6968772 1
6968802 1
6972217 1
6973424 1
6974123 1
6976714 1
6976714 1
6979990 1
6984762 1
6986616 1
6991135 1
6994447 1
6994455 1
6994455 1
6994833 1
6998054 1
7012803 1
7027618 1
7028005 1
7028927 1
7029217 1
7030257 1
7035441 1
7035551 1
7040984 1
7042378 1
7042480 1
7048104 1
7049713 1
7051719 1
7055903 1
7059064 1
7063658 1
7067990 1
7070597 1
7070831 1
7074186 1
7082486 1
7082702 1
7099942 1
7100164 1
7110751 1
7111698 1
7116240 1
7116477 1
7116477 1
7116646 1
7117119 1
7118419 1
7118424 1
7120592 1
7120593 1
7120994 1
7128236 1
7134249 1
7139887 1
7146593 1
7152363 1
7155781 1
7158937 1
7159528 1
7159719 1
7159773 1
7159863 1
7167937 1
7168979 1
7169243 1
7169535 1
7175151 1
7175405 1
7180293 1
7182468 1
7190982 1
7199104 1
7200016 1
7205574 1
7212854 1
7218695 1
7220062 1
7224012 1
7225443 1
7225696 1
7227881 1
7231949 1
7238486 1
7244864 1
7247786 1
7248513 1
7252268 1
7254009 1
7279665 1
7280258 1
7282428 1
7308390 1
7309219 1
7309652 1
7311694 1
7316574 1
7318435 1
7319073 1
7324733 1
7327899 1
7332031 1
7338657 1
7344333 1
7346401 1
7356284 1
7360483 1
7371806 1
7376539 1
7378408 1
7382475 1
7385658 1
7386601 1
7388963 1
7393137 1
7405704 1
7409508 1
7411681 1
7412347 1
7418897 1
7419311 1
7424104 1
7425770 1
7439738 1
7455330 1
7461926 1
7466997 1
7468490 1
7468593 1
7468606 1
7468956 1
7472921 1
7476180 1
7483175 1
7501791 1
7503879 1
7504152 1
7515120 1
7519015 1
7520905 1
7524959 1
7525505 1
7528562 1
7535842 1
7536347 1
7537104 1
7545623 1
7553759 1
7555557 1
7556919 1
7562816 1
7563118 1
7566551 1
7585149 1
7587356 1
7588974 1
7598803 1
7600210 1
7606376 1
7614809 1
7619605 1
7622791 1
7634650 1
7641517 1
7654426 1
7655241 1
7658948 1
7660350 1
7672748 1
7673092 1
7682984 1
7700281 1
7703361 1
7709574 1
7709786 1
7712531 1
7713603 1
7715910 1
7720632 1
7720712 1
7733218 1
7733259 1
7733259 1
7734055 1
7738645 1
7738645 1
7739357 1
7745631 1
7754832 1
7755040 1
7758714 1
7759057 1
7759813 1
7762625 1
7764462 1
7773348 1
7773746 1
7775021 1
7776933 1
7777637 1
7778326 1
7785469 1
7785817 1
7791361 1
7793323 1
7796000 1
7809404 1
7809576 1
7811307 1
7811573 1
7814174 1
7816814 1
7818226 1
7827545 1
7830958 1
7831204 1
7836318 1
7840190 1
7853907 1
7856036 1
7856036 1
7856392 1
7856767 1
7859800 1
7859820 1
7863706 1
7868447 1
7872064 1
7873199 1
7873318 1
7886300 1
7887539 1
7889423 1
7890287 1
7890959 1
7891435 1
7892048 1
7892560 1
7892690 1
7894344 1
7895977 1
7896480 1
7900835 1
7914350 1
7918873 1
7918931 1
7922923 1
7925624 1
7936078 1
7937711 1
7938416 1
7939397 1
7951623 1
7960325 1
7965736 1
7965982 1
7967963 1
7973391 1
7975954 1
7978576 1
7980427 1
7982069 1
7992777 1
7997849 1
8000196 1
8001182 1
8001530 1
8002053 1
8008914 1
8009013 1
8009856 1
8013861 1
8015276 1
8016103 1
8016468 1
8016633 1
8018069 1
8018316 1
8018982 1
8019899 1
8020132 1
8023032 1
8025734 1
8027585 1
8028891 1
8032374 1
8033355 1
8035406 1
8038054 1
8040746 1
8042180 1
8048441 1
8055533 1
8058978 1
8067350 1
8069206 1
8070226 1
8072257 1
8072459 1
8081179 1
8082148 1
8082148 1
8083805 1
8084899 1
8086434 1
8089013 1
8096154 1
8096421 1
8097648 1
8101885 1
8109493 1
8110657 1
8113036 1
8119254 1
8121917 1
8123000 1
8124781 1
8130868 1
8131400 1
8132260 1
8133049 1
8138659 1
8140464 1
8143801 1
8144130 1
8149365 1
8149697 1
8149697 1
8152157 1
8152755 1
8164720 1
8164914 1
8176617 1
8178324 1
8179337 1
8186075 1
8211178 1
8215426 1
8226951 1
8228213 1
8232289 1
8252133 1
8284772 1
8284799 1
8287380 1
8293822 1
8296844 1
8297488 1
8308031 1
8310875 1
8311963 1
120 1
2128 1
4117 1
9237 1
17026 1
26528 1
29800 1
32799 1
32799 1
34605 1
35970 1
37328 1
41793 1
42798 1
43158 1
44610 1
45320 1
56314 1
58836 1
58836 1
63428 1
73221 1
83587 1
88811 1
89131 1
89960 1
100158 1
100349 1
100800 1
102551 1
106782 1
111130 1
111959 1
112657 1
112856 1
114583 1
117231 1
120518 1
121697 1
123576 1
123576 1
124271 1
124573 1
125270 1
125499 1
126163 1
127306 1
131172 1
132420 1
135085 1
136163 1
142755 1
147942 1
151736 1
152985 1
154651 1
159672 1
162102 1
165764 1
167451 1
170159 1
171843 1
175797 1
176793 1
177633 1
179719 1
180394 1
180394 1
183354 1
186549 1
187277 1
188421 1
189719 1
190403 1
191463 1
195942 1
196857 1
197901 1
199044 1
201609 1
202514 1
203451 1
205302 1
205589 1
205718 1
210400 1
224283 1
228711 1
229594 1
230906 1
231276 1
234237 1
235689 1
237878 1
244525 1
244837 1
250881 1
253967 1
262390 1
267108 1
273109 1
274348 1
285009 1
285238 1
290960 1
291718 1
306155 1
308024 1
310555 1
314175 1
319479 1
327822 1
330708 1
336554 1
337895 1
342418 1
356168 1
365964 1
366309 1
367181 1
382501 1
387991 1
388426 1
390208 1
392221 1
399886 1
410839 1
415631 1
421871 1
424178 1
426188 1
427076 1
427231 1
445850 1
449617 1
452141 1
459809 1
482601 1
489217 1
490973 1
491960 1
495353 1
498469 1
499005 1
499412 1
504991 1
507239 1
509590 1
513634 1
519747 1
519747 1
519864 1
520141 1
522959 1
527014 1
531014 1
535202 1
535663 1
545166 1
547682 1
549396 1
553378 1
556762 1
559997 1
560203 1
567800 1
571885 1
571885 1
573410 1
576589 1
582377 1
583735 1
583735 1
586534 1
601199 1
607338 1
608654 1
609638 1
611124 1
614006 1
622660 1
635834 1
647015 1
651541 1
676893 1
686422 1
696394 1
699429 1
700795 1
718206 1
722872 1
724724 1
725964 1
728098 1
729683 1
730436 1
735778 1
736953 1
737588 1
752755 1
763051 1
768307 1
771591 1
771938 1
772812 1
781083 1
783292 1
789037 1
791820 1
793747 1
794042 1
795197 1
795724 1
798855 1
811553 1
813130 1
816341 1
818020 1
829163 1
834903 1
839551 1
844813 1
844954 1
847709 1
855654 1
863660 1
865917 1
867051 1
872173 1
872436 1
873094 1
878220 1
892466 1
894601 1
894841 1
894960 1
904523 1
911701 1
919349 1
920931 1
923236 1
923689 1
924708 1
928516 1
929380 1
934632 1
941263 1
983042 1
983790 1
984118 1
1040846 1
1044599 1
1050028 1
1050727 1
1052122 1
1055029 1
1063422 1
1069494 1
1070303 1
1070945 1
1071462 1
1079517 1
1083397 1
1094178 1
1099802 1
1099802 1
1102739 1
1103495 1
1108940 1
1109388 1
1114933 1
1118188 1
1125560 1
1125715 1
1126465 1
1138398 1
1140947 1
1142625 1
1143549 1
1146350 1
1154147 1
1163010 1
1167071 1
1167692 1
1172151 1
1175044 1
1177029 1
1185378 1
1192100 1
1192285 1
1199086 1
1200358 1
1204250 1
1205129 1
1206780 1
1214540 1
1216270 1
1226149 1
1228823 1
1229613 1
1230868 1
1231998 1
1239713 1
1242294 1
1253936 1
1254434 1
1258227 1
1260738 1
1263446 1
1264669 1
1264789 1
1271902 1
1273313 1
1273313 1
1273720 1
1278128 1
1279530 1
1283789 1
1285433 1
1289689 1
1302776 1
1311548 1
1317965 1
1318519 1
1324251 1
1327727 1
1328553 1
1331734 1
1333251 1
1342579 1
1344961 1
1347674 1
1351248 1
1353925 1
1354450 1
1355171 1
1356412 1
1357421 1
1360438 1
1360800 1
1375296 1
1381608 1
1381838 1
1398296 1
1399279 1
1402515 1
1413038 1
1418453 1
1418678 1
1420308 1
1424127 1
1430858 1
1431690 1
1433112 1
1438876 1
1439063 1
1439581 1
1440797 1
1442074 1
1442812 1
1445928 1
1447611 1
1450803 1
1455943 1
1456404 1
1456769 1
1458966 1
1461116 1
1461836 1
1469406 1
1470179 1
1475859 1
1476986 1
1478737 1
1482482 1
1486674 1
1487607 1
1491531 1
1491733 1
1494705 1
1495556 1
1495586 1
1499906 1
1501134 1
1504018 1
1505900 1
1510018 1
1510095 1
1510120 1
1512013 1
1513486 1
1516640 1
1518918 1
1519334 1
1526994 1
1527528 1
1528686 1
1531823 1
1532637 1
1536162 1
1544162 1
1546356 1
1549255 1
1553582 1
1554686 1
1558564 1
1558614 1
1559322 1
1564043 1
1565150 1
1572479 1
1575220 1
1577443 1
1580667 1
1586552 1
1591050 1
1595759 1
1598592 1
1599243 1
1602058 1
1607345 1
1608764 1
1610256 1
1613137 1
1615225 1
1615496 1
1631581 1
1632269 1
1637076 1
1641434 1
1645355 1
1646063 1
1655697 1
1659667 1
1662104 1
1663244 1
1678779 1
1678803 1
1679966 1
1679966 1
1681953 1
1682762 1
1684102 1
1684226 1
1685552 1
1691182 1
1700018 1
1701074 1
1701290 1
1701800 1
1705152 1
1721943 1
1731838 1
1733197 1
1735602 1
1751457 1
1754179 1
1755151 1
1757968 1
1758623 1
1766648 1
1768649 1
1771497 1
1773188 1
1773866 1
1779454 1
1780873 1
1784646 1
1785993 1
1786143 1
1791101 1
1794772 1
1798462 1
1799656 1
1803937 1
1808611 1
1810695 1
1817370 1
1817659 1
1819823 1
1824527 1
1826253 1
1829390 1
1829707 1
1838646 1
1840533 1
1853246 1
1854150 1
1869580 1
1869893 1
1869980 1
1881600 1
1883018 1
1886183 1
1891043 1
1896734 1
1907233 1
1910581 1
1913191 1
1913628 1
1913999 1
1914612 1
1919947 1
1921330 1
1928890 1
1936706 1
1936873 1
1939277 1
1949936 1
1950467 1
1951574 1
1951869 1
1955061 1
1963577 1
1966946 1
1966946 1
1967580 1
1967957 1
1975460 1
1976172 1
1988352 1
1994015 1
2001714 1
2001944 1
2002552 1
2004127 1
2006841 1
2007824 1
2009513 1
2010521 1
2011282 1
2011956 1
2012894 1
2014965 1
2017331 1
2023024 1
2025394 1
2027610 1
2039960 1
2051693 1
2064852 1
2074554 1
2078076 1
2078711 1
2079282 1
2080438 1
2087795 1
2114746 1
2120203 1
2121425 1
2122899 1
2124908 1
2125247 1
2130891 1
2131423 1
2153141 1
2153607 1
2158704 1
2163075 1
2172400 1
2183615 1
2183687 1
2184352 1
2190620 1
2190926 1
2211951 1
2213290 1
2215768 1
2227144 1
2229811 1
2236108 1
2238101 1
2240721 1
2245980 1
2249813 1
2252963 1
2253501 1
2253618 1
2265271 1
2266662 1
2268368 1
2276268 1
2276268 1
2278604 1
2289507 1
2291395 1
2292730 1
2298095 1
2302532 1
2304868 1
2308045 1
2311937 1
2313134 1
2318290 1
2318998 1
2321036 1
2323386 1
2328482 1
2328500 1
2331453 1
2334433 1
2347050 1
2354664 1
2361472 1
2362675 1
2382056 1
2382692 1
2383521 1
2392872 1
2393501 1
2399854 1
2402999 1
2404117 1
2406508 1
2410547 1
2412956 1
2415863 1
2417737 1
2418093 1
2418152 1
2421633 1
2422001 1
2422473 1
2424266 1
2440384 1
2441708 1
2452621 1
2453869 1
2460081 1
2460202 1
2460481 1
2461169 1
2461341 1
2470843 1
2476316 1
2476928 1
2477476 1
2481106 1
2481106 1
2485518 1
2489585 1
2493291 1
2496042 1
2497705 1
2497794 1
2498762 1
2502996 1
2506120 1
2515072 1
2519219 1
2530660 1
2531070 1
2531325 1
2533753 1
2536658 1
2537695 1
2541226 1
2542624 1
2542733 1
2545031 1
2548145 1
2549486 1
2556464 1
2560899 1
2568008 1
2577603 1
2580861 1
2586024 1
2588273 1
2588558 1
2591656 1
2591847 1
2592798 1
2595391 1
2603887 1
2606960 1
2607466 1
2607673 1
2608766 1
2617185 1
2618228 1
2628448 1
2632819 1
2634401 1
2644409 1
2644614 1
2653485 1
2654598 1
2654721 1
2664640 1
2666877 1
2667364 1
2672680 1
2673436 1
2674595 1
2674851 1
2677525 1
2677525 1
2692510 1
2694229 1
2701153 1
2708874 1
2712527 1
2712950 1
2715076 1
2724529 1
2737401 1
2738342 1
2753263 1
2761155 1
2763667 1
2764829 1
2765845 1
2776110 1
2778284 1
2778284 1
2780726 1
2780745 1
2781701 1
2781701 1
2782334 1
2783270 1
2785345 1
2786572 1
2786572 1
2788645 1
2792392 1
2793116 1
2793581 1
2794021 1
2795491 1
2808855 1
2809938 1
2811172 1
2815793 1
2820378 1
2829471 1
2842043 1
2843873 1
2849467 1
2851663 1
2853630 1
2858063 1
2858713 1
2858833 1
2875549 1
2878726 1
2890657 1
2890988 1
2891810 1
2897087 1
2906755 1
2908341 1
2917527 1
2918705 1
2931883 1
2936162 1
2940626 1
2941813 1
2942885 1
2949113 1
2953216 1
2954750 1
2955211 1
2955366 1
2957148 1
2958985 1
2961675 1
2969331 1
2972367 1
2976301 1
2976398 1
2978000 1
2981017 1
2982918 1
2985653 1
2986442 1
3001394 1
3001394 1
3001394 1
3001394 1
3002791 1
3004712 1
3005054 1
3006734 1
3008393 1
3013492 1
3015993 1
3018190 1
3019508 1
3020250 1
3021444 1
3026843 1
3037783 1
3038917 1
3041740 1
3044601 1
3047997 1
3048247 1
3058810 1
3061348 1
3063066 1
3066122 1
3070891 1
3072514 1
3074793 1
3077759 1
3078896 1
3084519 1
3086025 1
3090580 1
3090580 1
3094544 1
3097383 1
3097884 1
3103231 1
3105625 1
3108711 1
3121546 1
3121546 1
3122014 1
3122382 1
3154129 1
3155054 1
3159463 1
3181280 1
3182180 1
3185602 1
3187450 1
3187515 1
3187643 1
3190615 1
3191358 1
3192682 1
3192962 1
3193034 1
3204610 1
3208360 1
3208842 1
3214144 1
3214144 1
3227347 1
3227355 1
3229418 1
3235932 1
3243899 1
3251362 1
3252049 1
3254855 1
3275249 1
3276589 1
3284631 1
3285665 1
3287881 1
3294988 1
3295643 1
3297108 1
3297108 1
3304349 1
3310230 1
3311792 1
3311872 1
3316822 1
3316899 1
3319113 1
3320746 1
3321169 1
3324237 1
3327783 1
3327786 1
3334681 1
3336824 1
3338570 1
3339251 1
3342047 1
3342456 1
3346764 1
3349771 1
3355540 1
3382650 1
3383017 1
3384431 1
3386344 1
3387510 1
3389040 1
3395483 1
3408806 1
3410461 1
3412541 1
3413718 1
3414006 1
3423376 1
3424893 1
3428986 1
3431670 1
3437042 1
3438856 1
3441804 1
3445627 1
3449070 1
3456527 1
3458128 1
3467413 1
3481672 1
3487470 1
3488623 1
3506509 1
3506509 1
3507906 1
3508190 1
3512579 1
3512950 1
3518074 1
3519531 1
3521361 1
3524816 1
3528040 1
3528040 1
3530824 1
3531724 1
3531866 1
3532202 1
3534616 1
3583246 1
3594080 1
3603220 1
3606332 1
3606693 1
3612925 1
3612925 1
3614844 1
3628610 1
3632112 1
3636166 1
3636812 1
3638068 1
3645031 1
3652533 1
3656947 1
3656993 1
3660491 1
3661070 1
3662590 1
3674232 1
3674558 1
3678525 1
3681865 1
3686110 1
3687055 1
3691324 1
3694929 1
3697955 1
3706771 1
3707229 1
3721506 1
3728623 1
3736308 1
3739571 1
3757605 1
3765636 1
3771240 1
3775933 1
3777009 1
3780011 1
3781666 1
3788305 1
3792741 1
3793134 1
3794615 1
3797373 1
3798710 1
3800897 1
3807315 1
3815116 1
3816549 1
3817147 1
3824513 1
3826994 1
3829544 1
3845829 1
3846774 1
3850973 1
3855750 1
3857383 1
3858274 1
3858586 1
3862053 1
3863456 1
3863763 1
3863960 1
3865571 1
3865815 1
3874449 1
3874765 1
3878091 1
3878336 1
3880926 1
3884220 1
3888025 1
3898867 1
3899592 1
3912990 1
3928607 1
3931664 1
3933993 1
3944055 1
3947235 1
3953943 1
3962615 1
3967185 1
3969926 1
3972731 1
3983475 1
3989552 1
3992001 1
3996033 1
3996033 1
3996110 1
4002858 1
4002958 1
4003367 1
4005353 1
4008362 1
4008376 1
4009506 1
4016613 1
4016809 1
4018367 1
4021543 1
4022531 1
4030561 1
4031417 1
4034893 1
4036592 1
4045385 1
4046995 1
4051107 1
4065895 1
4069185 1
4069867 1
4075069 1
4076621 1
4088232 1
4088414 1
4088431 1
4091271 1
4096004 1
4096279 1
4107170 1
4111182 1
4114828 1
4114943 1
4116940 1
4122353 1
4130872 1
4131381 1
4138637 1
4144601 1
4145057 1
4145642 1
4153495 1
4155227 1
4155227 1
4156829 1
4169347 1
4173376 1
4181052 1
4185768 1
4190956 1
4193823 1
4196422 1
4200316 1
4201011 1
4209922 1
4213975 1
4224824 1
4228236 1
4228264 1
4238061 1
4238498 1
4250698 1
4252062 1
4255169 1
4259448 1
4259473 1
4259627 1
4259788 1
4259838 1
4262817 1
4265352 1
4272329 1
4276067 1
4280856 1
4280856 1
4280856 1
4280856 1
4283049 1
4286992 1
4297985 1
4297985 1
4304787 1
4305807 1
4306252 1
4306268 1
4306330 1
4306805 1
4313055 1
4315491 1
4319098 1
4321033 1
4323236 1
4326356 1
4326389 1
4330835 1
4334684 1
4340422 1
4341466 1
4342230 1
4360938 1
4362605 1
4366796 1
4368724 1
4369078 1
4369269 1
4372870 1
4377144 1
4379454 1
4394391 1
4397084 1
4400708 1
4402419 1
4404817 1
4407590 1
4409814 1
4413155 1
4419626 1
4422301 1
4422662 1
4422675 1
4423381 1
4428184 1
4431753 1
4431754 1
4435318 1
4437231 1
4451713 1
4454674 1
4459104 1
4466289 1
4473030 1
4473450 1
4474287 1
4478599 1
4484105 1
4494048 1
4494670 1
4499649 1
4500480 1
4507920 1
4509066 1
4516362 1
4519211 1
4522582 1
4522594 1
4531234 1
4531736 1
4546402 1
4564532 1
4569693 1
4570445 1
4575820 1
4587625 1
4607462 1
4607495 1
4607951 1
4609011 1
4612243 1
4618712 1
4623711 1
4629944 1
4630895 1
4632311 1
4634205 1
4640810 1
4652871 1
4653969 1
4663428 1
4670162 1
4681108 1
4683100 1
4683488 1
4684068 1
4686435 1
4688536 1
4690981 1
4693932 1
4702277 1
4707340 1
4713807 1
4715112 1
4733841 1
4737080 1
4737318 1
4738855 1
4739231 1
4747105 1
4749325 1
4751097 1
4758901 1
4772606 1
4780675 1
4790512 1
4793127 1
4795942 1
4796355 1
4797559 1
4798189 1
4798231 1
4798547 1
4800240 1
4801836 1
4803134 1
4803626 1
4806388 1
4806903 1
4806934 1
4807937 1
4808077 1
4813110 1
4815553 1
4816513 1
4819677 1
4835362 1
4849611 1
4850692 1
4858046 1
4858083 1
4858299 1
4858372 1
4860871 1
4864382 1
4869326 1
4872777 1
4878856 1
4879058 1
4881459 1
4884118 1
4886272 1
4891537 1
4895520 1
4897102 1
4898096 1
4905157 1
4910520 1
4915707 1
4917801 1
4925400 1
4927000 1
4943961 1
4962215 1
4963456 1
4964531 1
4969894 1
4970537 1
4984915 1
4988528 1
4995695 1
4998041 1
5000303 1
5004495 1
5007069 1
5007069 1
5007258 1
5007291 1
5011321 1
5013881 1
5019948 1
5021244 1
5033645 1
5040091 1
5048949 1
5053085 1
5065844 1
5073764 1
5080261 1
5083550 1
5092277 1
5107566 1
5122059 1
5124874 1
5139758 1
5139980 1
5147227 1
5152448 1
5155595 1
5157699 1
5158912 1
5163799 1
5163955 1
5164132 1
5164132 1
5184180 1
5184576 1
5190598 1
5190970 1
5197091 1
5204282 1
5206678 1
5227253 1
5228236 1
5233687 1
5233770 1
5247446 1
5255660 1
5258452 1
5259663 1
5265527 1
5274766 1
5286400 1
5293575 1
5294708 1
5294708 1
5316466 1
5316873 1
5318964 1
5321086 1
5324008 1
5324790 1
5327230 1
5330264 1
5343481 1
5346012 1
5350729 1
5361540 1
5363061 1
5363402 1
5368084 1
5368879 1
5369096 1
5369207 1
5377751 1
5377886 1
5378664 1
5379513 1
5379728 1
5385195 1
5418783 1
5431235 1
5436851 1
5436851 1
5437114 1
5439199 1
5440631 1
5440845 1
5448297 1
5448408 1
5449078 1
5449536 1
5450663 1
5455694 1
5457605 1
5458194 1
5459164 1
5466711 1
5492694 1
5495395 1
5495975 1
5502757 1
5514281 1
5521392 1
5526012 1
5538408 1
5541246 1
5541342 1
5547406 1
5547534 1
5548534 1
5549998 1
5552551 1
5554799 1
5556539 1
5558457 1
5566736 1
5570542 1
5572351 1
5572351 1
5587524 1
5591147 1
5592993 1
5595237 1
5596312 1
5611629 1
5614351 1
5620885 1
5625701 1
5630081 1
5633919 1
5639746 1
5646035 1
5646239 1
5649108 1
5655313 1
5657760 1
5658224 1
5658819 1
5661481 1
5662895 1
5665387 1
5665729 1
5666140 1
5669257 1
5672585 1
5674892 1
5676503 1
5676783 1
5679876 1
5681590 1
5683384 1
5684684 1
5684775 1
5686795 1
5687313 1
5687949 1
5687975 1
5689567 1
5690329 1
5692646 1
5692829 1
5694521 1
5695238 1
5695238 1
5695238 1
5695238 1
5705879 1
5708698 1
5708778 1
5710634 1
5722767 1
5726628 1
5737918 1
5740835 1
5742049 1
5746800 1
5765495 1
5769672 1
5775860 1
5775983 1
5776207 1
5778706 1
5780742 1
5783946 1
5788342 1
5796920 1
5806066 1
5806083 1
5806438 1
5807969 1
5812791 1
5814612 1
5816125 1
5816402 1
5819480 1
5820918 1
5821382 1
5821393 1
5826605 1
5830682 1
5839214 1
5841460 1
5846222 1
5858926 1
5873739 1
5876277 1
5881962 1
5884432 1
5891559 1
5920445 1
5922344 1
5938548 1
5942366 1
5948175 1
5957360 1
5962837 1
5963823 1
5970505 1
5971242 1
5972949 1
5983155 1
5987412 1
5996042 1
6001657 1
6005806 1
6021678 1
6024998 1
6032023 1
6036557 1
6037874 1
6037904 1
6040528 1
6043044 1
6049587 1
6049587 1
6050006 1
6050854 1
6057006 1
6058889 1
6061916 1
6070223 1
6073345 1
6076653 1
6084800 1
6085372 1
6091754 1
6092508 1
6097915 1
6100157 1
6102788 1
6110191 1
6121664 1
6134834 1
6138730 1
6150196 1
6151368 1
6155331 1
6155773 1
6159265 1
6178820 1
6182590 1
6184118 1
6199036 1
6199390 1
6220831 1
6223218 1
6227005 1
6227005 1
6228573 1
6240327 1
6243009 1
6251173 1
6254719 1
6260048 1
6262764 1
6287449 1
6289884 1
6293551 1
6294450 1
6301043 1
6307840 1
6317999 1
6317999 1
6325114 1
6325277 1
6330340 1
6333052 1
6340253 1
6342413 1
6342413 1
6343814 1
6345915 1
6347374 1
6348593 1
6355065 1
6355254 1
6358806 1
6361381 1
6361381 1
6365122 1
6369264 1
6370108 1
6370531 1
6370620 1
6380159 1
6380179 1
6380464 1
6388060 1
6393673 1
6393814 1
6402426 1
6402848 1
6406762 1
6406805 1
6407288 1
6407387 1
6408545 1
6412137 1
6414832 1
6415116 1
6421771 1
6435189 1
6439573 1
6442764 1
6446064 1
6458162 1
6463886 1
6485012 1
6488207 1
6489260 1
6490161 1
6491999 1
6495795 1
6497173 1
6501120 1
6504014 1
6507513 1
6510298 1
6512315 1
6517194 1
6522818 1
6526299 1
6529085 1
6531778 1
6539639 1
6540126 1
6543388 1
6548762 1
6549952 1
6551618 1
6557522 1
6559186 1
6560398 1
6561267 1
6562182 1
6567119 1
6578530 1
6588494 1
6589410 1
6603261 1
6609990 1
6610818 1
6610818 1
6613599 1
6616333 1
6622489 1
6622500 1
6624324 1
6626637 1
6626696 1
6634780 1
6639377 1
6639421 1
6640618 1
6642737 1
6644703 1
6644956 1
6650720 1
6650731 1
6651716 1
6653694 1
6656984 1
6663567 1
6664231 1
6666209 1
6673581 1
6679594 1
6683399 1
6684153 1
6684691 1
6684771 1
6687026 1
6687203 1
6689146 1
6697095 1
6700047 1
6700838 1
6709725 1
6711003 1
6711303 1
6711312 1
6712146 1
6713209 1
6727626 1
6735861 1
6738833 1
6757757 1
6757774 1
6762476 1
6764026 1
6770220 1
6782302 1
6782553 1
6789703 1
6796039 1
6801663 1
6803118 1
6817444 1
6819601 1
6819965 1
6831104 1
6839548 1
6843461 1
6845439 1
6847991 1
6851453 1
6851453 1
6851627 1
6851779 1
6859544 1
6859544 1
6865998 1
6868664 1
6872189 1
6872313 1
6879137 1
6884154 1
6884965 1
6889884 1
6892876 1
6895066 1
6896415 1
6898149 1
6900455 1
6914722 1
6918997 1
6920770 1
6923813 1
6924179 1
6926149 1
6929271 1
6929907 1
6930688 1
6935041 1
6936537 1
6937423 1
6939802 1
6946208 1
6947360 1
6947363 1
6948860 1
6949122 1
6951526 1
6954485 1
6954544 1
6966076 1
6970784 1
6973485 1
6974132 1
6981965 1
6988682 1
6990372 1
6997949 1
7010828 1
7011159 1
7014392 1
7015089 1
7019701 1
7020972 1
7022023 1
7022189 1
7024134 1
7029949 1
7029949 1
7036760 1
7042104 1
7042111 1
7044355 1
7051227 1
7062695 1
7063406 1
7064686 1
7066227 1
7068991 1
7069391 1
7071788 1
7072737 1
7082858 1
7088332 1
7100046 1
7103777 1
7107004 1
7108319 1
7111181 1
7111583 1
7113248 1
7114704 1
7115259 1
7117418 1
7121286 1
7122551 1
7125651 1
7131843 1
7135474 1
7140083 1
7140330 1
7142295 1
7142660 1
7146361 1
7159789 1
7160385 1
7162589 1
7164608 1
7166327 1
7170399 1
7190072 1
7198344 1
7200451 1
7205247 1
7205560 1
7209369 1
7218987 1
7228212 1
7230931 1
7232202 1
7232588 1
7234435 1
7244671 1
7248417 1
7249887 1
7250920 1
7259179 1
7271916 1
7276928 1
7278320 1
7279073 1
7279683 1
7289931 1
7295581 1
7296262 1
7304132 1
7307878 1
7309898 1
7318314 1
7319988 1
7320508 1
7329425 1
7341949 1
7342347 1
7347337 1
7347908 1
7348053 1
7357582 1
7357994 1
7364737 1
7367594 1
7374227 1
7381528 1
7384023 1
7385270 1
7390496 1
7395493 1
7399914 1
7410397 1
7415836 1
7422126 1
7425410 1
7436269 1
7439786 1
7441081 1
7442282 1
7443105 1
7460234 1
7480355 1
7481110 1
7483372 1
7486954 1
7491463 1
7491512 1
7498373 1
7499921 1
7506963 1
7512567 1
7514326 1
7520285 1
7520783 1
7528450 1
7529995 1
7532813 1
7557903 1
7563971 1
7569339 1
7576433 1
7577190 1
7586714 1
7587051 1
7587787 1
7590497 1
7593905 1
7600144 1
7602936 1
7604342 1
7605682 1
7605715 1
7618676 1
7619913 1
7630507 1
7640207 1
7642850 1
7648871 1
7649748 1
7649758 1
7649758 1
7659895 1
7668503 1
7668779 1
7675449 1
7675449 1
7676492 1
7676492 1
7678362 1
7680858 1
7682670 1
7687490 1
7691337 1
7693698 1
7694134 1
7694147 1
7694921 1
7696581 1
7699381 1
7700775 1
7702647 1
7703822 1
7708214 1
7708985 1
7719173 1
7728397 1
7736888 1
7741644 1
7744580 1
7748743 1
7751025 1
7756580 1
7759039 1
7765162 1
7769409 1
7772639 1
7772908 1
7773174 1
7773495 1
7778572 1
7780683 1
7783092 1
7785385 1
7785486 1
7785701 1
7788551 1
7789772 1
7790465 1
7790953 1
7792825 1
7795976 1
7800358 1
7802372 1
7803692 1
7818517 1
7823583 1
7827007 1
7828124 1
7835757 1
7841669 1
7843768 1
7843768 1
7847437 1
7848631 1
7849209 1
7850498 1
7859848 1
7867665 1
7878639 1
7878708 1
7881451 1
7891585 1
7891642 1
7896967 1
7897454 1
7926561 1
7933215 1
7933730 1
7935625 1
7936783 1
7940327 1
7943710 1
7946594 1
7946594 1
7953358 1
7953501 1
7955720 1
7958348 1
7959223 1
7972178 1
7977800 1
7980212 1
7985666 1
7985699 1
7999364 1
8003130 1
8003685 1
8006686 1
8007383 1
8007861 1
8008095 1
8009254 1
8010431 1
8012282 1
8014384 1
8016723 1
8017732 1
8020262 1
8021923 1
8028492 1
8034072 1
8034651 1
8035508 1
8042680 1
8045921 1
8046567 1
8048675 1
8054173 1
8054176 1
8054877 1
8067015 1
8068789 1
8069565 1
8070186 1
8070442 1
8070642 1
8076684 1
8076795 1
8079683 1
8081261 1
8083861 1
8087654 1
8094224 1
8099985 1
8099995 1
8100629 1
8101115 1
8102257 1
8105625 1
8108583 1
8113066 1
8114275 1
8117253 1
8118546 1
8120139 1
8127483 1
8130809 1
8130977 1
8138025 1
8138280 1
8144346 1
8150640 1
8159498 1
8160027 1
8164440 1
8169157 1
8171444 1
8174148 1
8175573 1
8182667 1
8187560 1
8191022 1
8213148 1
8214872 1
8216046 1
8216073 1
8218960 1
8222462 1
8238215 1
8251015 1
8251342 1
8251398 1
8257267 1
8258906 1
8267384 1
8271588 1
8274983 1
8276919 1
8277793 1
8289218 1
8306802 1
8311666 1
1516 1
25241 1
41549 1
55328 1
66236 1
90419 1
127906 1
128475 1
131442 1
136375 1
137207 1
139350 1
151435 1
159490 1
169659 1
171062 1
178453 1
209822 1
238810 1
244393 1
259004 1
285359 1
292304 1
343730 1
347377 1
359794 1
398376 1
442872 1
489561 1
490939 1
505804 1
512501 1
539146 1
562623 1
589630 1
617562 1
617673 1
619077 1
622569 1
628916 1
629962 1
661657 1
717543 1
718909 1
724422 1
758787 1
768255 1
781293 1
796543 1
841922 1
847185 1
847185 1
858524 1
869752 1
869752 1
894681 1
906526 1
946269 1
952524 1
979681 1
987044 1
994494 1
1000146 1
1037453 1
1039495 1
1083311 1
1108312 1
1108581 1
1128640 1
1178899 1
1201861 1
1215475 1
1221389 1
1222416 1
1236515 1
1260693 1
1270297 1
1293478 1
1325984 1
1348253 1
1381610 1
1436503 1
1446794 1
1448641 1
1467170 1
1469471 1
1494536 1
1507149 1
1536027 1
1541706 1
1553272 1
1555116 1
1560906 1
1575904 1
1577014 1
1597102 1
1598844 1
1606939 1
1625036 1
1627488 1
1636501 1
1679154 1
1680263 1
1709132 1
1721023 1
1722929 1
1727118 1
1746440 1
1790408 1
1828570 1
1846606 1
1858237 1
1889804 1
1907746 1
1934234 1
1936523 1
1965359 1
1972421 1
1977877 1
1999507 1
2003559 1
2003559 1
2013509 1
2053542 1
2072920 1
2075527 1
2103713 1
2161540 1
2171581 1
2175151 1
2240988 1
2254194 1
2258835 1
2261989 1
2271099 1
2321884 1
2362853 1
2364041 1
2395410 1
2398897 1
2420033 1
2431746 1
2460034 1
2461042 1
2461048 1
2476694 1
2477197 1
2480846 1
2527048 1
2555187 1
2564883 1
2595158 1
2618403 1
2628310 1
2669803 1
2671940 1
2703821 1
2747316 1
2790719 1
2793750 1
2801083 1
2804756 1
2851741 1
2860916 1
2860916 1
2868492 1
2870123 1
2870634 1
2889800 1
2932992 1
2943659 1
2945707 1
2950847 1
2955572 1
2956530 1
2982290 1
3009508 1
3010060 1
3010540 1
3027782 1
3028047 1
3029375 1
3094371 1
3095102 1
3105102 1
3119915 1
3147476 1
3155774 1
3164816 1
3172969 1
3192291 1
3204517 1
3208485 1
3209298 1
3222677 1
3226925 1
3261178 1
3272630 1
3287598 1
3288219 1
3319220 1
3325324 1
3328657 1
3348027 1
3378658 1
3427695 1
3435667 1
3437864 1
3452279 1
3452279 1
3465472 1
3473679 1
3541706 1
3589584 1
3601356 1
3650946 1
3657349 1
3658571 1
3696351 1
3697035 1
3697080 1
3731602 1
3737683 1
3756352 1
3785676 1
3798198 1
3802168 1
3817348 1
3826309 1
3834348 1
3834543 1
3854824 1
3857796 1
3860481 1
3940333 1
3943545 1
3965401 1
3991707 1
4024676 1
4030250 1
4036636 1
4058857 1
4064958 1
4075124 1
4075124 1
4088297 1
4098645 1
4139742 1
4142945 1
4167320 1
4185122 1
4191544 1
4216014 1
4339324 1
4356215 1
4363198 1
4372037 1
4372037 1
4412468 1
4449573 1
4457657 1
4477607 1
4540957 1
4554437 1
4562892 1
4579666 1
4582335 1
4583853 1
4621225 1
4646739 1
4677272 1
4684221 1
4688195 1
4696900 1
4699444 1
4714295 1
4732187 1
4767027 1
4769670 1
4801591 1
4803959 1
4815399 1
4816636 1
4825630 1
4826728 1
4826898 1
4833262 1
4877125 1
4881673 1
4884617 1
4894661 1
4895427 1
4901696 1
4907706 1
4922231 1
4972927 1
5012776 1
5029169 1
5059469 1
5065385 1
5072605 1
5097606 1
5120832 1
5140423 1
5151624 1
5154531 1
5229643 1
5246483 1
5284356 1
5295830 1
5297227 1
5306589 1
5320293 1
5335910 1
5345515 1
5361372 1
5374043 1
5398499 1
5418392 1
5430166 1
5435358 1
5443101 1
5447949 1
5492169 1
5532656 1
5539204 1
5540903 1
5543358 1
5557965 1
5559160 1
5591859 1
5592437 1
5597391 1
5607195 1
5626577 1
5661362 1
5668362 1
5670422 1
5680444 1
5690470 1
5692458 1
5693140 1
5695658 1
5700735 1
5701792 1
5717417 1
5717785 1
5752404 1
5760210 1
5769948 1
5771084 1
5772839 1
5774754 1
5778990 1
5801231 1
5803623 1
5808984 1
5810114 1
5819738 1
5829092 1
5829092 1
5864301 1
5877513 1
5905293 1
5921371 1
5922351 1
5926605 1
5954981 1
5971797 1
5990500 1
6061830 1
6071682 1
6076186 1
6119318 1
6128872 1
6159179 1
6164669 1
6165133 1
6182317 1
6184389 1
6226371 1
6239718 1
6254821 1
6277390 1
6305364 1
6315731 1
6351743 1
6353418 1
6354720 1
6359145 1
6362515 1
6371324 1
6384840 1
6384849 1
6410101 1
6454505 1
6457943 1
6457943 1
6497836 1
6527224 1
6528084 1
6567092 1
6574537 1
6579584 1
6582077 1
6641665 1
6646090 1
6671448 1
6674076 1
6695225 1
6703639 1
6726713 1
6740431 1
6740432 1
6750974 1
6760221 1
6774821 1
6792766 1
6799390 1
6833778 1
6837466 1
6846461 1
6850350 1
6868518 1
6879356 1
6908873 1
6932460 1
6937176 1
6939710 1
6979133 1
6991429 1
7007561 1
7014333 1
7032251 1
7038035 1
7039871 1
7041172 1
7069634 1
7114541 1
7119694 1
7151296 1
7175434 1
7186206 1
7212710 1
7219458 1
7228997 1
7231501 1
7237291 1
7258672 1
7285946 1
7303711 1
7325600 1
7365009 1
7369078 1
7376860 1
7457102 1
7469840 1
7485718 1
7498153 1
7583631 1
7586666 1
7612422 1
7617684 1
7620109 1
7633082 1
7654631 1
7657595 1
7668108 1
7748686 1
7758916 1
7771422 1
7789761 1
7791704 1
7809023 1
7857657 1
7864928 1
7864928 1
7882891 1
7900491 1
7904940 1
7920477 1
7953308 1
7964388 1
7974622 1
7994727 1
8015466 1
8029883 1
8040489 1
8059483 1
8059594 1
8061581 1
8072953 1
8084357 1
8092811 1
8102470 1
8106134 1
8106509 1
8143556 1
8145913 1
8152882 1
8180710 1
8224109 1
8256631 1
8276316 1
8293330 1
8297989 1
8305907 1
