8130 1
11024 1
16176 1
23454 1
45873 1
47562 1
49339 1
50276 1
52185 1
63170 1
76947 1
82184 1
95536 1
96764 1
108326 1
109889 1
112346 1
115627 1
115709 1
122463 1
123479 1
128113 1
130062 1
130826 1
130826 1
141707 1
144397 1
145446 1
148209 1
153237 1
156890 1
160865 1
183015 1
186572 1
191877 1
194954 1
199949 1
213192 1
231809 1
238885 1
240668 1
248071 1
249985 1
250811 1
264247 1
264516 1
266458 1
270216 1
273296 1
275133 1
275474 1
278475 1
283568 1
287823 1
306700 1
310133 1
311434 1
315643 1
318050 1
321096 1
328014 1
330548 1
334443 1
356528 1
374632 1
375441 1
390411 1
400450 1
412273 1
428860 1
432999 1
433871 1
437451 1
450571 1
451653 1
457275 1
459421 1
462191 1
481223 1
485360 1
485790 1
495892 1
500807 1
503092 1
504597 1
507560 1
507854 1
511520 1
514545 1
515839 1
524345 1
534160 1
535371 1
535405 1
555045 1
558424 1
567134 1
571255 1
572654 1
573786 1
576383 1
582850 1
583918 1
584270 1
584990 1
603503 1
608212 1
609296 1
609986 1
611142 1
615264 1
616075 1
618429 1
619367 1
620779 1
628683 1
633904 1
636729 1
651431 1
655650 1
670160 1
670588 1
672393 1
678491 1
678941 1
683397 1
691618 1
697933 1
713423 1
718430 1
719771 1
719954 1
720614 1
723760 1
726018 1
734653 1
741183 1
742789 1
746232 1
747104 1
747525 1
748319 1
755783 1
772612 1
787439 1
788635 1
796430 1
800371 1
804051 1
810317 1
812593 1
824009 1
824598 1
831862 1
837079 1
880682 1
884860 1
884860 1
890152 1
905515 1
907714 1
911871 1
919415 1
921599 1
928417 1
935492 1
942637 1
943115 1
946260 1
949892 1
950122 1
952542 1
957532 1
961389 1
962591 1
962591 1
980638 1
983442 1
983629 1
984449 1
987229 1
992757 1
992757 1
993139 1
1002270 1
1004885 1
1030829 1
1044097 1
1046707 1
1052608 1
1060488 1
1063610 1
1073373 1
1075494 1
1081462 1
1083478 1
1086224 1
1093837 1
1095848 1
1101082 1
1102025 1
1108631 1
1110493 1
1111017 1
1118155 1
1118650 1
1126972 1
1126983 1
1131288 1
1136663 1
1137356 1
1147247 1
1148164 1
1148415 1
1151010 1
1156628 1
1160601 1
1160951 1
1161002 1
1165753 1
1170345 1
1180030 1
1184857 1
1198281 1
1199404 1
1200799 1
1203162 1
1203162 1
1205073 1
1206398 1
1215574 1
1221301 1
1225745 1
1225803 1
1225931 1
1230314 1
1233590 1
1241726 1
1241958 1
1244399 1
1244432 1
1253718 1
1259069 1
1273460 1
1274344 1
1289049 1
1292840 1
1294393 1
1294986 1
1296665 1
1300929 1
1306803 1
1307694 1
1308114 1
1321903 1
1324594 1
1325112 1
1327972 1
1332518 1
1334924 1
1343697 1
1343766 1
1345351 1
1345725 1
1348646 1
1353761 1
1357048 1
1358563 1
1360030 1
1361982 1
1371901 1
1372576 1
1372757 1
1375416 1
1389267 1
1389838 1
1391509 1
1393675 1
1395804 1
1400361 1
1403768 1
1405998 1
1411153 1
1413753 1
1418925 1
1421010 1
1427387 1
1427769 1
1435919 1
1441719 1
1443553 1
1446900 1
1451968 1
1458559 1
1460551 1
1461138 1
1461821 1
1471195 1
1482660 1
1483268 1
1483481 1
1485195 1
1491464 1
1491705 1
1495439 1
1503569 1
1507399 1
1514893 1
1516608 1
1520772 1
1523819 1
1524471 1
1525848 1
1529187 1
1529596 1
1530402 1
1535652 1
1537939 1
1545919 1
1546506 1
1548259 1
1548259 1
1563589 1
1563706 1
1567812 1
1567919 1
1574578 1
1580765 1
1581987 1
1582974 1
1586414 1
1593563 1
1599315 1
1614743 1
1614786 1
1620982 1
1623587 1
1633103 1
1635300 1
1637776 1
1637798 1
1639472 1
1639472 1
1640304 1
1642598 1
1645684 1
1646009 1
1646592 1
1649239 1
1649616 1
1651307 1
1652749 1
1652749 1
1657376 1
1661824 1
1664658 1
1670210 1
1670628 1
1672224 1
1672790 1
1673398 1
1676335 1
1690784 1
1693634 1
1702042 1
1704292 1
1708612 1
1712874 1
1716334 1
1716405 1
1721563 1
1723084 1
1742611 1
1747650 1
1749126 1
1767063 1
1767582 1
1768749 1
1771597 1
1779834 1
1780163 1
1782178 1
1782765 1
1787492 1
1789235 1
1791787 1
1798955 1
1803957 1
1804302 1
1804843 1
1805153 1
1805184 1
1819498 1
1819599 1
1820204 1
1820419 1
1820802 1
1823439 1
1828050 1
1831493 1
1834337 1
1842641 1
1846740 1
1846740 1
1848414 1
1853849 1
1855358 1
1856968 1
1868297 1
1875276 1
1888172 1
1888337 1
1891102 1
1897013 1
1899658 1
1908219 1
1909248 1
1919087 1
1919493 1
1927331 1
1933772 1
1935729 1
1937121 1
1939014 1
1939014 1
1940721 1
1941472 1
1941704 1
1947910 1
1961163 1
1966396 1
1973745 1
1975411 1
1982103 1
1992603 1
1994240 1
1995071 1
1995246 1
1999536 1
2001304 1
2002355 1
2005726 1
2006369 1
2014914 1
2015513 1
2016759 1
2018676 1
2019058 1
2024538 1
2033247 1
2037622 1
2037945 1
2045991 1
2049574 1
2064476 1
2066133 1
2069975 1
2081332 1
2086246 1
2086473 1
2097240 1
2097402 1
2102392 1
2108842 1
2110990 1
2111896 1
2112367 1
2113083 1
2113654 1
2117112 1
2118724 1
2120258 1
2125575 1
2132331 1
2134861 1
2137113 1
2140450 1
2150354 1
2155603 1
2159430 1
2172714 1
2186378 1
2190093 1
2190773 1
2193201 1
2197896 1
2204894 1
2205321 1
2211395 1
2211951 1
2220146 1
2226502 1
2226584 1
2233109 1
2235933 1
2240038 1
2240378 1
2244391 1
2245030 1
2246695 1
2250419 1
2259158 1
2273125 1
2281450 1
2281825 1
2283791 1
2283988 1
2289007 1
2290086 1
2290314 1
2291085 1
2300747 1
2312112 1
2313726 1
2315998 1
2316211 1
2320431 1
2324774 1
2329225 1
2331372 1
2332236 1
2339966 1
2355218 1
2366699 1
2368437 1
2382954 1
2383143 1
2389871 1
2391339 1
2391923 1
2393479 1
2408342 1
2409319 1
2409531 1
2412456 1
2418175 1
2419376 1
2420972 1
2421460 1
2422733 1
2424918 1
2425394 1
2428818 1
2430786 1
2433495 1
2436397 1
2442687 1
2451576 1
2455849 1
2460551 1
2462343 1
2466781 1
2466781 1
2468725 1
2469705 1
2486141 1
2486470 1
2489435 1
2494888 1
2501254 1
2516031 1
2517594 1
2522796 1
2535648 1
2552976 1
2568449 1
2586780 1
2588470 1
2588968 1
2589472 1
2591051 1
2593430 1
2594271 1
2602513 1
2607370 1
2608166 1
2608686 1
2617186 1
2617769 1
2619984 1
2622947 1
2630791 1
2634348 1
2637293 1
2643197 1
2643682 1
2646775 1
2649421 1
2649900 1
2651073 1
2657624 1
2666746 1
2675817 1
2678061 1
2682855 1
2703407 1
2712197 1
2719073 1
2730313 1
2731080 1
2734614 1
2738061 1
2748449 1
2748458 1
2756953 1
2757658 1
2761982 1
2764629 1
2772032 1
2791401 1
2800477 1
2804325 1
2817592 1
2817778 1
2823180 1
2826652 1
2827643 1
2836024 1
2840084 1
2847009 1
2849691 1
2855787 1
2864958 1
2866292 1
2869931 1
2873145 1
2879896 1
2881460 1
2882758 1
2883258 1
2886650 1
2888317 1
2889467 1
2891865 1
2902485 1
2919996 1
2921930 1
2924815 1
2926830 1
2929904 1
2937447 1
2942467 1
2947176 1
2953146 1
2954210 1
2957627 1
2966212 1
2972782 1
2973354 1
2985781 1
2987984 1
2989781 1
2993066 1
3005755 1
3005921 1
3013013 1
3013136 1
3015570 1
3032686 1
3036389 1
3045107 1
3046121 1
3056529 1
3065450 1
3066928 1
3067205 1
3073750 1
3074083 1
3080747 1
3089334 1
3092992 1
3093621 1
3097919 1
3101493 1
3105576 1
3106253 1
3111789 1
3112408 1
3112751 1
3112821 1
3115252 1
3120988 1
3124574 1
3125199 1
3125199 1
3133767 1
3134482 1
3152263 1
3152638 1
3153227 1
3153995 1
3168238 1
3169075 1
3182180 1
3205366 1
3211884 1
3219908 1
3220924 1
3226699 1
3229820 1
3232167 1
3235034 1
3235034 1
3243489 1
3252207 1
3252419 1
3254474 1
3260294 1
3261297 1
3261717 1
3266973 1
3275216 1
3279775 1
3282216 1
3292168 1
3293410 1
3299305 1
3301010 1
3303187 1
3307895 1
3308722 1
3309213 1
3319414 1
3320063 1
3320299 1
3331789 1
3359874 1
3368250 1
3382447 1
3383905 1
3388448 1
3391942 1
3395063 1
3396273 1
3412006 1
3423376 1
3432277 1
3433519 1
3433778 1
3433805 1
3435036 1
3435208 1
3439468 1
3446240 1
3456503 1
3462629 1
3468421 1
3472040 1
3473063 1
3473249 1
3476302 1
3477068 1
3478776 1
3485654 1
3487755 1
3487912 1
3488611 1
3493505 1
3496873 1
3503354 1
3508504 1
3509542 1
3513545 1
3515009 1
3516348 1
3518238 1
3518899 1
3521496 1
3523993 1
3531260 1
3533391 1
3537325 1
3545155 1
3548865 1
3550640 1
3560995 1
3563227 1
3565290 1
3576773 1
3581374 1
3584005 1
3590427 1
3598134 1
3607343 1
3610613 1
3612315 1
3618138 1
3618516 1
3619275 1
3628118 1
3630668 1
3631537 1
3632112 1
3640430 1
3640671 1
3641941 1
3643072 1
3649382 1
3656286 1
3660572 1
3669027 1
3669626 1
3673074 1
3684381 1
3685628 1
3688801 1
3689483 1
3690178 1
3690244 1
3692069 1
3699607 1
3699809 1
3702873 1
3703229 1
3711986 1
3714448 1
3718279 1
3719971 1
3730149 1
3736257 1
3739210 1
3743113 1
3743243 1
3746009 1
3746180 1
3750130 1
3757716 1
3758882 1
3759807 1
3760866 1
3764779 1
3771555 1
3773418 1
3777132 1
3778374 1
3797346 1
3799425 1
3804640 1
3807886 1
3809103 1
3821305 1
3828516 1
3832613 1
3836687 1
3840768 1
3852763 1
3856013 1
3858024 1
3858178 1
3870020 1
3870461 1
3873463 1
3877909 1
3880991 1
3885759 1
3886910 1
3892608 1
3895133 1
3895693 1
3904778 1
3910212 1
3914122 1
3938259 1
3943066 1
3943090 1
3944163 1
3945602 1
3953800 1
3956225 1
3970101 1
3973774 1
3985471 1
3988054 1
3991513 1
3991727 1
3993427 1
4001172 1
4002271 1
4011632 1
4011632 1
4014206 1
4014266 1
4017130 1
4024432 1
4025083 1
4025887 1
4026231 1
4027050 1
4027422 1
4028982 1
4031792 1
4040748 1
4049017 1
4053882 1
4059038 1
4062538 1
4064958 1
4066594 1
4068697 1
4076307 1
4084220 1
4092897 1
4106576 1
4111179 1
4112171 1
4130543 1
4139781 1
4140647 1
4149401 1
4154527 1
4156829 1
4156879 1
4163659 1
4166801 1
4167826 1
4177772 1
4179525 1
4183021 1
4194058 1
4194957 1
4195477 1
4195842 1
4197359 1
4197952 1
4198969 1
4199769 1
4202890 1
4214607 1
4219517 1
4223792 1
4224708 1
4225976 1
4229647 1
4230806 1
4231556 1
4237022 1
4242306 1
4242824 1
4246275 1
4251192 1
4260400 1
4264873 1
4270386 1
4271573 1
4277953 1
4282329 1
4286869 1
4295921 1
4299659 1
4304498 1
4309947 1
4310958 1
4312996 1
4318018 1
4324445 1
4333158 1
4334094 1
4339557 1
4342885 1
4346371 1
4346567 1
4352031 1
4354976 1
4356566 1
4356825 1
4366183 1
4368377 1
4370226 1
4370941 1
4371363 1
4372196 1
4375424 1
4380229 1
4384917 1
4387037 1
4396609 1
4398958 1
4400708 1
4401771 1
4402706 1
4415669 1
4416461 1
4420417 1
4422561 1
4424808 1
4425322 1
4437096 1
4438274 1
4440361 1
4441028 1
4460003 1
4463193 1
4468699 1
4483797 1
4490463 1
4490776 1
4494344 1
4496436 1
4501466 1
4506786 1
4520882 1
4531289 1
4535131 1
4535656 1
4535931 1
4537575 1
4546360 1
4556657 1
4563042 1
4569795 1
4579420 1
4584844 1
4594526 1
4605932 1
4620636 1
4650876 1
4658752 1
4658853 1
4659855 1
4670270 1
4670270 1
4670270 1
4670270 1
4670407 1
4674565 1
4676156 1
4680005 1
4681274 1
4681547 1
4682456 1
4683488 1
4687005 1
4687750 1
4691730 1
4694545 1
4697016 1
4700143 1
4702710 1
4707419 1
4710699 1
4722220 1
4725370 1
4729356 1
4733139 1
4735350 1
4737106 1
4738061 1
4738587 1
4740178 1
4752432 1
4752853 1
4753066 1
4758029 1
4770739 1
4775624 1
4776389 1
4784010 1
4799972 1
4800666 1
4804950 1
4805494 1
4806251 1
4809029 1
4817809 1
4821677 1
4823925 1
4837888 1
4839642 1
4842823 1
4845206 1
4846995 1
4855046 1
4857913 1
4860029 1
4865385 1
4876742 1
4892538 1
4894748 1
4899984 1
4900040 1
4900668 1
4903700 1
4904324 1
4909693 1
4915755 1
4922357 1
4922521 1
4931230 1
4932019 1
4948140 1
4963560 1
4964622 1
4964847 1
4965189 1
4969517 1
4974621 1
4981582 1
4987266 1
4999138 1
5000761 1
5002681 1
5015431 1
5020447 1
5022723 1
5025891 1
5027108 1
5034209 1
5037894 1
5040203 1
5041018 1
5049513 1
5067027 1
5068886 1
5081574 1
5082246 1
5082713 1
5116603 1
5116644 1
5136709 1
5137028 1
5138176 1
5141755 1
5142262 1
5143296 1
5146278 1
5153569 1
5156442 1
5163556 1
5169792 1
5170330 1
5171374 1
5178435 1
5183208 1
5183534 1
5192627 1
5208850 1
5210392 1
5210428 1
5210866 1
5211868 1
5213914 1
5217364 1
5217864 1
5224866 1
5229876 1
5237984 1
5239931 1
5240613 1
5260226 1
5266813 1
5276244 1
5279355 1
5281187 1
5298452 1
5300670 1
5303530 1
5309340 1
5310965 1
5313430 1
5316596 1
5323293 1
5324370 1
5326813 1
5347660 1
5351416 1
5356268 1
5358410 1
5374107 1
5375154 1
5377279 1
5378570 1
5380553 1
5384603 1
5405111 1
5407287 1
5421259 1
5423557 1
5434875 1
5439664 1
5440559 1
5450663 1
5450686 1
5451290 1
5451430 1
5453661 1
5454656 1
5456870 1
5460599 1
5460599 1
5460664 1
5462713 1
5464389 1
5468195 1
5479967 1
5479985 1
5483373 1
5483875 1
5489848 1
5497270 1
5501911 1
5518576 1
5520163 1
5521298 1
5521747 1
5525125 1
5532747 1
5532782 1
5534421 1
5535031 1
5535034 1
5535249 1
5536424 1
5544603 1
5546784 1
5549940 1
5565699 1
5575390 1
5576399 1
5576497 1
5579258 1
5585574 1
5586294 1
5590479 1
5592249 1
5593441 1
5595630 1
5595968 1
5596596 1
5597632 1
5599130 1
5605296 1
5607034 1
5618253 1
5643840 1
5645126 1
5647445 1
5653868 1
5658967 1
5659620 1
5661823 1
5665640 1
5675300 1
5676105 1
5679827 1
5680614 1
5683723 1
5689830 1
5692314 1
5694399 1
5695501 1
5697253 1
5707438 1
5709177 1
5709367 1
5710807 1
5714124 1
5714124 1
5715601 1
5723188 1
5724821 1
5728671 1
5733262 1
5733669 1
5735726 1
5742051 1
5756167 1
5765435 1
5768664 1
5775819 1
5775983 1
5782970 1
5786235 1
5790853 1
5796920 1
5802502 1
5804770 1
5806961 1
5808923 1
5809094 1
5810816 1
5813159 1
5816544 1
5821679 1
5822247 1
5824702 1
5826867 1
5848626 1
5867009 1
5868872 1
5873670 1
5874538 1
5879256 1
5879256 1
5886640 1
5888540 1
5891776 1
5894309 1
5894889 1
5895340 1
5895752 1
5905974 1
5906365 1
5911350 1
5913656 1
5916592 1
5920939 1
5931144 1
5934248 1
5938319 1
5938887 1
5948142 1
5948362 1
5949265 1
5958492 1
5963015 1
5963196 1
5966286 1
5967289 1
5971120 1
5972277 1
5972826 1
5977476 1
5980025 1
5986380 1
5987566 1
5988781 1
5994194 1
5999471 1
6002779 1
6004174 1
6010096 1
6010395 1
6011423 1
6011584 1
6015062 1
6017969 1
6031997 1
6045044 1
6047066 1
6047066 1
6060458 1
6060830 1
6063994 1
6074487 1
6076377 1
6077936 1
6081688 1
6082495 1
6082495 1
6085869 1
6085872 1
6096142 1
6096379 1
6099747 1
6101132 1
6109429 1
6111285 1
6117094 1
6117757 1
6118259 1
6119056 1
6123145 1
6127355 1
6129876 1
6138594 1
6147523 1
6163803 1
6167162 1
6185498 1
6187299 1
6187299 1
6188277 1
6196298 1
6196298 1
6196843 1
6198467 1
6225301 1
6225301 1
6231850 1
6234436 1
6239380 1
6246170 1
6262206 1
6264043 1
6265528 1
6268074 1
6269966 1
6270535 1
6272246 1
6286906 1
6293774 1
6295718 1
6299408 1
6299802 1
6302024 1
6302024 1
6302024 1
6302024 1
6303044 1
6305353 1
6311627 1
6315927 1
6320913 1
6329721 1
6331831 1
6334595 1
6336560 1
6338502 1
6339753 1
6344118 1
6353686 1
6355228 1
6355596 1
6364586 1
6369384 1
6372026 1
6382801 1
6388497 1
6388497 1
6389055 1
6389256 1
6391514 1
6399400 1
6400387 1
6403613 1
6405104 1
6410230 1
6415080 1
6423771 1
6424447 1
6427590 1
6428110 1
6443742 1
6448277 1
6449115 1
6453450 1
6455207 1
6458569 1
6459714 1
6459868 1
6472188 1
6472553 1
6478276 1
6485798 1
6489970 1
6490115 1
6501997 1
6504563 1
6505370 1
6508652 1
6509005 1
6516541 1
6521721 1
6525414 1
6533802 1
6535299 1
6537017 1
6539103 1
6539652 1
6543129 1
6559653 1
6560393 1
6582098 1
6589579 1
6604535 1
6611040 1
6615775 1
6616728 1
6632017 1
6635090 1
6637346 1
6641724 1
6641968 1
6646319 1
6651475 1
6651878 1
6653380 1
6654671 1
6658553 1
6663436 1
6663718 1
6663718 1
6666494 1
6668744 1
6673581 1
6673993 1
6675302 1
6675973 1
6679426 1
6682178 1
6686586 1
6687141 1
6697232 1
6698494 1
6698949 1
6702788 1
6709656 1
6712560 1
6716092 1
6724070 1
6727435 1
6731052 1
6732179 1
6732954 1
6736099 1
6739646 1
6740516 1
6741131 1
6741667 1
6744187 1
6753126 1
6760484 1
6762110 1
6763441 1
6766694 1
6769528 1
6772166 1
6774785 1
6778554 1
6789033 1
6797427 1
6815095 1
6816603 1
6821843 1
6826604 1
6834064 1
6841896 1
6849533 1
6856401 1
6860093 1
6860997 1
6862790 1
6862891 1
6867907 1
6868140 1
6870623 1
6881441 1
6885345 1
6891066 1
6892978 1
6897616 1
6909116 1
6912422 1
6916156 1
6920328 1
6921100 1
6922868 1
6924511 1
6930728 1
6930834 1
6931370 1
6934439 1
6934530 1
6936674 1
6937637 1
6937646 1
6946793 1
6970100 1
6973958 1
6980613 1
6983631 1
6985433 1
6987932 1
6991928 1
6994008 1
6996684 1
7010233 1
7010828 1
7017571 1
7033790 1
7037371 1
7043829 1
7044184 1
7059040 1
7065560 1
7068130 1
7068889 1
7098360 1
7100074 1
7100296 1
7103813 1
7104370 1
7116240 1
7133666 1
7135556 1
7143500 1
7151403 1
7153740 1
7158425 1
7159568 1
7161189 1
7164145 1
7175054 1
7175486 1
7186948 1
7194249 1
7196972 1
7209152 1
7214402 1
7215097 1
7227653 1
7239952 1
7241311 1
7249063 1
7253944 1
7266578 1
7275774 1
7277862 1
7279018 1
7279197 1
7280163 1
7284983 1
7291074 1
7292288 1
7294629 1
7300407 1
7302122 1
7308028 1
7311288 1
7314840 1
7318402 1
7329529 1
7330785 1
7331397 1
7332330 1
7333303 1
7335816 1
7337796 1
7341403 1
7342233 1
7343666 1
7344206 1
7345550 1
7349676 1
7357390 1
7359585 1
7362475 1
7362940 1
7363495 1
7365209 1
7367925 1
7376300 1
7380704 1
7392672 1
7399140 1
7407338 1
7413558 1
7416124 1
7416232 1
7420216 1
7420330 1
7424005 1
7429725 1
7437614 1
7438137 1
7441841 1
7444678 1
7445244 1
7446702 1
7466917 1
7468695 1
7491118 1
7491574 1
7496849 1
7517673 1
7520400 1
7522327 1
7522334 1
7522441 1
7524014 1
7524071 1
7526393 1
7529499 1
7530702 1
7531852 1
7535891 1
7537105 1
7543308 1
7543973 1
7548462 1
7558031 1
7574311 1
7579499 1
7591141 1
7591708 1
7597501 1
7605083 1
7605890 1
7607212 1
7612698 1
7621496 1
7622099 1
7625838 1
7642473 1
7644151 1
7650001 1
7655692 1
7666775 1
7670613 1
7670691 1
7670938 1
7682381 1
7682684 1
7692769 1
7700301 1
7702626 1
7702959 1
7705774 1
7726896 1
7727701 1
7729908 1
7741276 1
7759669 1
7772457 1
7776223 1
7779126 1
7783306 1
7808314 1
7810045 1
7811083 1
7811656 1
7815680 1
7817927 1
7818168 1
7822281 1
7823627 1
7825884 1
7830294 1
7839793 1
7842234 1
7842581 1
7849253 1
7856036 1
7859191 1
7859191 1
7859644 1
7863719 1
7864274 1
7869640 1
7871425 1
7873761 1
7883598 1
7890895 1
7891980 1
7894922 1
7899743 1
7901997 1
7902572 1
7904518 1
7905476 1
7905699 1
7914902 1
7923726 1
7923987 1
7935770 1
7938163 1
7938936 1
7939548 1
7943342 1
7947050 1
7948377 1
7957369 1
7959873 1
7965165 1
7966430 1
7971959 1
7975195 1
7976633 1
7986921 1
7994047 1
7995292 1
7998463 1
8017460 1
8025056 1
8027166 1
8029305 1
8030181 1
8031686 1
8035406 1
8041458 1
8041711 1
8042272 1
8046567 1
8053001 1
8053081 1
8060881 1
8065643 1
8088240 1
8094921 1
8096745 1
8101856 1
8103822 1
8103976 1
8106083 1
8108932 1
8115655 1
8121340 1
8131012 1
8133696 1
8134395 1
8135290 1
8137841 1
8138417 1
8138417 1
8147896 1
8151697 1
8156375 1
8176408 1
8185296 1
8185301 1
8188904 1
8194179 1
8198022 1
8202744 1
8227764 1
8227918 1
8230221 1
8230719 1
8237987 1
8240605 1
8252700 1
8258410 1
8262360 1
8278491 1
8279086 1
8282107 1
8288402 1
8293486 1
8294203 1
8296047 1
8304742 1
8311029 1
21003 1
24768 1
30165 1
39232 1
42798 1
45148 1
45366 1
48371 1
48371 1
49231 1
50851 1
71059 1
72541 1
95641 1
101597 1
103160 1
103954 1
104906 1
105307 1
108685 1
109198 1
111252 1
111807 1
112100 1
113727 1
117963 1
120243 1
120397 1
123470 1
123791 1
125270 1
128384 1
132860 1
139344 1
144744 1
151105 1
153407 1
153982 1
166721 1
168028 1
169382 1
176479 1
178194 1
183659 1
185720 1
186000 1
189670 1
192121 1
194485 1
196998 1
198380 1
199869 1
200936 1
204248 1
204425 1
208354 1
215875 1
221434 1
222639 1
225030 1
227011 1
236303 1
236317 1
250232 1
259466 1
260772 1
261171 1
269851 1
269858 1
273539 1
275701 1
283409 1
284530 1
285359 1
290520 1
291404 1
291404 1
292971 1
293926 1
296824 1
297524 1
305205 1
312193 1
313499 1
313953 1
315599 1
315868 1
318265 1
320453 1
322805 1
322927 1
327413 1
329791 1
333823 1
340407 1
343184 1
353568 1
358017 1
361662 1
365760 1
367904 1
373157 1
379928 1
384252 1
390208 1
390786 1
391034 1
406306 1
423496 1
424335 1
425953 1
436382 1
438044 1
439647 1
449199 1
454321 1
458187 1
470668 1
474295 1
474413 1
482566 1
482768 1
486868 1
489010 1
490377 1
491813 1
499550 1
500785 1
510144 1
511700 1
517769 1
519172 1
529251 1
534205 1
536101 1
536489 1
549605 1
550219 1
555284 1
557257 1
557301 1
559329 1
570511 1
573651 1
579708 1
589561 1
590830 1
590934 1
598337 1
598364 1
598683 1
599354 1
600662 1
614411 1
615812 1
618764 1
629552 1
640426 1
642232 1
644211 1
647236 1
647576 1
652256 1
652256 1
655613 1
658643 1
670146 1
671499 1
674331 1
674467 1
682156 1
682322 1
690490 1
692997 1
699207 1
718206 1
718330 1
723481 1
723481 1
724246 1
730031 1
730781 1
735366 1
739787 1
742827 1
759717 1
763783 1
764923 1
766809 1
770262 1
773696 1
778111 1
778446 1
779452 1
787135 1
793934 1
794327 1
806685 1
810578 1
811399 1
814647 1
819938 1
824056 1
826581 1
832409 1
839952 1
843432 1
844280 1
849091 1
850230 1
854071 1
854623 1
867051 1
889362 1
899346 1
918113 1
930431 1
930841 1
936529 1
938244 1
938938 1
940561 1
942020 1
949539 1
952568 1
957574 1
961504 1
967657 1
977773 1
981469 1
983389 1
984296 1
984919 1
999180 1
1000397 1
1001919 1
1020321 1
1021833 1
1021841 1
1028441 1
1030580 1
1030818 1
1032153 1
1032773 1
1035997 1
1044777 1
1049203 1
1050540 1
1054274 1
1063422 1
1067769 1
1071660 1
1073853 1
1082435 1
1083557 1
1092623 1
1107511 1
1113378 1
1116311 1
1117694 1
1127289 1
1131347 1
1132080 1
1135121 1
1136680 1
1139176 1
1141672 1
1159632 1
1164972 1
1167062 1
1168286 1
1169706 1
1176663 1
1181037 1
1183573 1
1184403 1
1188159 1
1190844 1
1192251 1
1194132 1
1199370 1
1202462 1
1209998 1
1211224 1
1211729 1
1214036 1
1220260 1
1220725 1
1221441 1
1222098 1
1225367 1
1226390 1
1231880 1
1235917 1
1238061 1
1248523 1
1248968 1
1258367 1
1263515 1
1265744 1
1269941 1
1270016 1
1272061 1
1273111 1
1276092 1
1277475 1
1294654 1
1297205 1
1300166 1
1303566 1
1307483 1
1308326 1
1312557 1
1314104 1
1321308 1
1326289 1
1328444 1
1329865 1
1330520 1
1332923 1
1333097 1
1335173 1
1336396 1
1338819 1
1340098 1
1341269 1
1342588 1
1349080 1
1349330 1
1356131 1
1363336 1
1364388 1
1368453 1
1375802 1
1376451 1
1376972 1
1385713 1
1393668 1
1397520 1
1403133 1
1407621 1
1408233 1
1411141 1
1416802 1
1419635 1
1422827 1
1426924 1
1437176 1
1443422 1
1446754 1
1453521 1
1460486 1
1463362 1
1469022 1
1471151 1
1472676 1
1473420 1
1475108 1
1476350 1
1477774 1
1480727 1
1484911 1
1489221 1
1491307 1
1493301 1
1499327 1
1501058 1
1501141 1
1503594 1
1505139 1
1510095 1
1512031 1
1522221 1
1523470 1
1525428 1
1526267 1
1526684 1
1527628 1
1539498 1
1540280 1
1544119 1
1557761 1
1563216 1
1566650 1
1569919 1
1570562 1
1570933 1
1573307 1
1574657 1
1575595 1
1578033 1
1581590 1
1581807 1
1590538 1
1590636 1
1590994 1
1595238 1
1598287 1
1602998 1
1608764 1
1616653 1
1618259 1
1619900 1
1645242 1
1652788 1
1653463 1
1653630 1
1659358 1
1660361 1
1662259 1
1664423 1
1665780 1
1666547 1
1668913 1
1669502 1
1674716 1
1683011 1
1683210 1
1685224 1
1692708 1
1693162 1
1700031 1
1714306 1
1721648 1
1725659 1
1729765 1
1730231 1
1745941 1
1746745 1
1753589 1
1759917 1
1761488 1
1770671 1
1788473 1
1791202 1
1792180 1
1795866 1
1800473 1
1809934 1
1810015 1
1812239 1
1816316 1
1824020 1
1824020 1
1829246 1
1831016 1
1834163 1
1839973 1
1842893 1
1844968 1
1849884 1
1853874 1
1853913 1
1853928 1
1855543 1
1855543 1
1856320 1
1876080 1
1880515 1
1885120 1
1886641 1
1887965 1
1889092 1
1891163 1
1901515 1
1909639 1
1927268 1
1927589 1
1933383 1
1936726 1
1941192 1
1941192 1
1945683 1
1947389 1
1950778 1
1951766 1
1958759 1
1966863 1
1969273 1
1971662 1
1978757 1
1979032 1
1983109 1
1994024 1
1994225 1
2002287 1
2002452 1
2007428 1
2008464 1
2009444 1
2010762 1
2017968 1
2019013 1
2019088 1
2019633 1
2024207 1
2026076 1
2047345 1
2051023 1
2061058 1
2061497 1
2063241 1
2068731 1
2072046 1
2074542 1
2080475 1
2097561 1
2102264 1
2107459 1
2109032 1
2112629 1
2113456 1
2113485 1
2114295 1
2122658 1
2132135 1
2132201 1
2144098 1
2144959 1
2146273 1
2146352 1
2148783 1
2151160 1
2154059 1
2155889 1
2163621 1
2175794 1
2188318 1
2188635 1
2189744 1
2190582 1
2192669 1
2192752 1
2196435 1
2196789 1
2197035 1
2198483 1
2204616 1
2207346 1
2207981 1
2214886 1
2219393 1
2234483 1
2241682 1
2258473 1
2259794 1
2260319 1
2267662 1
2274357 1
2275648 1
2286758 1
2293667 1
2294773 1
2295165 1
2304294 1
2307000 1
2309756 1
2311598 1
2311598 1
2319989 1
2326923 1
2326947 1
2327745 1
2328584 1
2332131 1
2350286 1
2352840 1
2358104 1
2362345 1
2364285 1
2370660 1
2381418 1
2386046 1
2387324 1
2387412 1
2390087 1
2391369 1
2394312 1
2400604 1
2405980 1
2407184 1
2408864 1
2414845 1
2415868 1
2418877 1
2419280 1
2424467 1
2429340 1
2430603 1
2434287 1
2439574 1
2440467 1
2440848 1
2442071 1
2460795 1
2461042 1
2476713 1
2476934 1
2477003 1
2478742 1
2488701 1
2495887 1
2497891 1
2501822 1
2509418 1
2509438 1
2514926 1
2517676 1
2523449 1
2523739 1
2525228 1
2531042 1
2531536 1
2534883 1
2544018 1
2544232 1
2548190 1
2551373 1
2584623 1
2588088 1
2588984 1
2590652 1
2591613 1
2592194 1
2595702 1
2605972 1
2608495 1
2612669 1
2615828 1
2615912 1
2619951 1
2621619 1
2622348 1
2622951 1
2627445 1
2634235 1
2649246 1
2650271 1
2651530 1
2665761 1
2679556 1
2682479 1
2687596 1
2689577 1
2698555 1
2698557 1
2703777 1
2712092 1
2717896 1
2721953 1
2726011 1
2728822 1
2732464 1
2734718 1
2738763 1
2741412 1
2747611 1
2753430 1
2757819 1
2761198 1
2762955 1
2764457 1
2767642 1
2775293 1
2778687 1
2781421 1
2800380 1
2800824 1
2801845 1
2804287 1
2811792 1
2817473 1
2827397 1
2830034 1
2836482 1
2840309 1
2843119 1
2849357 1
2860079 1
2865690 1
2866566 1
2872799 1
2874297 1
2876881 1
2877714 1
2886079 1
2889227 1
2889294 1
2893887 1
2894250 1
2903422 1
2908348 1
2912535 1
2913767 1
2916173 1
2929244 1
2932095 1
2933866 1
2937843 1
2946323 1
2949547 1
2954081 1
2955731 1
2958227 1
2965929 1
2968121 1
2971438 1
2988186 1
2992162 1
3002977 1
3004057 1
3005075 1
3008781 1
3010060 1
3012500 1
3026166 1
3026262 1
3038961 1
3040820 1
3050590 1
3052239 1
3060034 1
3062838 1
3068405 1
3069775 1
3071074 1
3071194 1
3071279 1
3072381 1
3076340 1
3078542 1
3082305 1
3082305 1
3093227 1
3098063 1
3103666 1
3104104 1
3105176 1
3105717 1
3105990 1
3108402 1
3113113 1
3113739 1
3118057 1
3122615 1
3125061 1
3138901 1
3146944 1
3154034 1
3157385 1
3159846 1
3179389 1
3180472 1
3183813 1
3187288 1
3192450 1
3194102 1
3197507 1
3205510 1
3207643 1
3209778 1
3217340 1
3224366 1
3225870 1
3227089 1
3227292 1
3227292 1
3232715 1
3232886 1
3245547 1
3252004 1
3252415 1
3258705 1
3262577 1
3267050 1
3269407 1
3271097 1
3273634 1
3275160 1
3275160 1
3280573 1
3285030 1
3300460 1
3303480 1
3308641 1
3311875 1
3316675 1
3317481 1
3324870 1
3327070 1
3336772 1
3345466 1
3351152 1
3354057 1
3357975 1
3360811 1
3362249 1
3366197 1
3367322 1
3369710 1
3372343 1
3372966 1
3376612 1
3378177 1
3383015 1
3389506 1
3389579 1
3390464 1
3391242 1
3397021 1
3403552 1
3403598 1
3405662 1
3406218 1
3409060 1
3409105 1
3410196 1
3419978 1
3426834 1
3433092 1
3439243 1
3446643 1
3448622 1
3448822 1
3451342 1
3451506 1
3454719 1
3456224 1
3472750 1
3477170 1
3477227 1
3477318 1
3478996 1
3483067 1
3484652 1
3488396 1
3492615 1
3497666 1
3497705 1
3507494 1
3508466 1
3513153 1
3514191 1
3515693 1
3517883 1
3526399 1
3530136 1
3535284 1
3539702 1
3541924 1
3544495 1
3555278 1
3560153 1
3563985 1
3568721 1
3573549 1
3577182 1
3579798 1
3582855 1
3588544 1
3593699 1
3593726 1
3602938 1
3611514 1
3613021 1
3616377 1
3617069 1
3625718 1
3637993 1
3641213 1
3641566 1
3650892 1
3653292 1
3654665 1
3657016 1
3660357 1
3661340 1
3663071 1
3669160 1
3670763 1
3673499 1
3674166 1
3675348 1
3680309 1
3686174 1
3690048 1
3696213 1
3698580 1
3699895 1
3707962 1
3708569 1
3712381 1
3716630 1
3716905 1
3718578 1
3720536 1
3722394 1
3727304 1
3729319 1
3745927 1
3747806 1
3748816 1
3751066 1
3751938 1
3752368 1
3764040 1
3764167 1
3764243 1
3764266 1
3775864 1
3782196 1
3785442 1
3789339 1
3790902 1
3792741 1
3799647 1
3805447 1
3810845 1
3824051 1
3831198 1
3839632 1
3855419 1
3858091 1
3859412 1
3865307 1
3865578 1
3870018 1
3870331 1
3871660 1
3872231 1
3879485 1
3879902 1
3882922 1
3893674 1
3897575 1
3897590 1
3909720 1
3912947 1
3917726 1
3936614 1
3938803 1
3939239 1
3940987 1
3943129 1
3944446 1
3947377 1
3948357 1
3959830 1
3962561 1
3965289 1
3965289 1
3968485 1
3970924 1
3975762 1
3976760 1
3983095 1
3983191 1
3983191 1
3989027 1
4000025 1
4000783 1
4001103 1
4005378 1
4008780 1
4015467 1
4016135 1
4018464 1
4020147 1
4020421 1
4021466 1
4021775 1
4022948 1
4023923 1
4023923 1
4029751 1
4030088 1
4033161 1
4035589 1
4037415 1
4041582 1
4045951 1
4046995 1
4062810 1
4067104 1
4067856 1
4068060 1
4069189 1
4075529 1
4087785 1
4092576 1
4093788 1
4103848 1
4110423 1
4120357 1
4128646 1
4129313 1
4129439 1
4129972 1
4129972 1
4133397 1
4137612 1
4140636 1
4145492 1
4149658 1
4163250 1
4163721 1
4167343 1
4170138 1
4175375 1
4176229 1
4186909 1
4188946 1
4188946 1
4189686 1
4192907 1
4206224 1
4209109 1
4209556 1
4220530 1
4235016 1
4237711 1
4237799 1
4237799 1
4241951 1
4242397 1
4249041 1
4254659 1
4254764 1
4265511 1
4273755 1
4277639 1
4280061 1
4282038 1
4287027 1
4293963 1
4293963 1
4303314 1
4313977 1
4328663 1
4332488 1
4341687 1
4342638 1
4343522 1
4343897 1
4351427 1
4360908 1
4361678 1
4365438 1
4367566 1
4375869 1
4382279 1
4388792 1
4392741 1
4413433 1
4415155 1
4415180 1
4422846 1
4429365 1
4436250 1
4437675 1
4445697 1
4448292 1
4448727 1
4460025 1
4464003 1
4469351 1
4469982 1
4483369 1
4495595 1
4496135 1
4498437 1
4500983 1
4504817 1
4505583 1
4513122 1
4514242 1
4514517 1
4517044 1
4519899 1
4531558 1
4532877 1
4534052 1
4534433 1
4540165 1
4551517 1
4553491 1
4554920 1
4558742 1
4558906 1
4564055 1
4570004 1
4571183 1
4572880 1
4579637 1
4580642 1
4585681 1
4588670 1
4589976 1
4593392 1
4596530 1
4608889 1
4613970 1
4620062 1
4622678 1
4631653 1
4631653 1
4633362 1
4646520 1
4648200 1
4649323 1
4651554 1
4653698 1
4662921 1
4663861 1
4676622 1
4677939 1
4685195 1
4689032 1
4698537 1
4699439 1
4699874 1
4700104 1
4701605 1
4702233 1
4716601 1
4718513 1
4724754 1
4731043 1
4733722 1
4745814 1
4754590 1
4758702 1
4763248 1
4764743 1
4766304 1
4767046 1
4776481 1
4776906 1
4779452 1
4781915 1
4783992 1
4785415 1
4801232 1
4801680 1
4802305 1
4803923 1
4812240 1
4813630 1
4814103 1
4817475 1
4818773 1
4829151 1
4829157 1
4833646 1
4839748 1
4840206 1
4842104 1
4850439 1
4850686 1
4870226 1
4875851 1
4878563 1
4878563 1
4879192 1
4879383 1
4880727 1
4883063 1
4888641 1
4895520 1
4899706 1
4900338 1
4900338 1
4900400 1
4902706 1
4932274 1
4932280 1
4933911 1
4936623 1
4955372 1
4969022 1
4970604 1
4972562 1
4974623 1
4975800 1
4981525 1
4982335 1
4982640 1
4994582 1
4998625 1
4998813 1
5008510 1
5016919 1
5033823 1
5035399 1
5036034 1
5036575 1
5036596 1
5036786 1
5042200 1
5044630 1
5045225 1
5046165 1
5046817 1
5053511 1
5055246 1
5055703 1
5090338 1
5091288 1
5112312 1
5118434 1
5118789 1
5127695 1
5136209 1
5152146 1
5153426 1
5153962 1
5156369 1
5160097 1
5163978 1
5168033 1
5172146 1
5172669 1
5202023 1
5207978 1
5208834 1
5228478 1
5250925 1
5253843 1
5265344 1
5267923 1
5271929 1
5275948 1
5277492 1
5277793 1
5286114 1
5287193 1
5290812 1
5299199 1
5306058 1
5308991 1
5315329 1
5315623 1
5317379 1
5320454 1
5322195 1
5325303 1
5326614 1
5326614 1
5327770 1
5327779 1
5329286 1
5331357 1
5331586 1
5340825 1
5340836 1
5349288 1
5379326 1
5380229 1
5383200 1
5392234 1
5407312 1
5407432 1
5421744 1
5432100 1
5437333 1
5444921 1
5456766 1
5462006 1
5462954 1
5465146 1
5468228 1
5472887 1
5473802 1
5487027 1
5487605 1
5491839 1
5492320 1
5495847 1
5498425 1
5521704 1
5525575 1
5525975 1
5528584 1
5532823 1
5537631 1
5538719 1
5547549 1
5556791 1
5562092 1
5563673 1
5571579 1
5572720 1
5572946 1
5580399 1
5586088 1
5589792 1
5591383 1
5593405 1
5596467 1
5607487 1
5609168 1
5622038 1
5629337 1
5636230 1
5647818 1
5651305 1
5654325 1
5661114 1
5665087 1
5666035 1
5672666 1
5676996 1
5677075 1
5684979 1
5688011 1
5690190 1
5693647 1
5693834 1
5706683 1
5708997 1
5709558 1
5710685 1
5716530 1
5723253 1
5724974 1
5727252 1
5729893 1
5735706 1
5737097 1
5747814 1
5749587 1
5755240 1
5765206 1
5765304 1
5769268 1
5779911 1
5780444 1
5787740 1
5792885 1
5800700 1
5804506 1
5807742 1
5817832 1
5821168 1
5821168 1
5827693 1
5836581 1
5840873 1
5849274 1
5852972 1
5860784 1
5862853 1
5867776 1
5878918 1
5879075 1
5879340 1
5883649 1
5884915 1
5888181 1
5889771 1
5892804 1
5898707 1
5900955 1
5901967 1
5902675 1
5917279 1
5920825 1
5921168 1
5922316 1
5941781 1
5947252 1
5948666 1
5951761 1
5952896 1
5959196 1
5959203 1
5964153 1
5974296 1
5978668 1
5980073 1
5989520 1
5993396 1
5993579 1
6003587 1
6012039 1
6017029 1
6022162 1
6024406 1
6024418 1
6029779 1
6037040 1
6040452 1
6043836 1
6046043 1
6048772 1
6048772 1
6048876 1
6049183 1
6051603 1
6053105 1
6060374 1
6073157 1
6073512 1
6082536 1
6085307 1
6090111 1
6097148 1
6098550 1
6098550 1
6102488 1
6119140 1
6122658 1
6127343 1
6129124 1
6138193 1
6138697 1
6138787 1
6147516 1
6153716 1
6153996 1
6155348 1
6155827 1
6157754 1
6167604 1
6170480 1
6182280 1
6184278 1
6185532 1
6187520 1
6187828 1
6190568 1
6228422 1
6236718 1
6239057 1
6243653 1
6256774 1
6259391 1
6264582 1
6264640 1
6269975 1
6272069 1
6276872 1
6281630 1
6282714 1
6282996 1
6286143 1
6286924 1
6287177 1
6294425 1
6296065 1
6301361 1
6304226 1
6314178 1
6316194 1
6324033 1
6326828 1
6331038 1
6331703 1
6333994 1
6337328 1
6337328 1
6341244 1
6344114 1
6348296 1
6353556 1
6358033 1
6377348 1
6378054 1
6379327 1
6379553 1
6380892 1
6388492 1
6397172 1
6397936 1
6400078 1
6404523 1
6406570 1
6408754 1
6413225 1
6421784 1
6423298 1
6430569 1
6430574 1
6431106 1
6444211 1
6444633 1
6446852 1
6455952 1
6465080 1
6468543 1
6475044 1
6479094 1
6483851 1
6488216 1
6493743 1
6493750 1
6495105 1
6495366 1
6497083 1
6506766 1
6507838 1
6508371 1
6524735 1
6530177 1
6531125 1
6532510 1
6533866 1
6537286 1
6537678 1
6539023 1
6542557 1
6542880 1
6543464 1
6543464 1
6551692 1
6552138 1
6561829 1
6562273 1
6562679 1
6563698 1
6566018 1
6577219 1
6582049 1
6583492 1
6583591 1
6602199 1
6622329 1
6624927 1
6629064 1
6639286 1
6643167 1
6644572 1
6649364 1
6663106 1
6663295 1
6663588 1
6665175 1
6665391 1
6669536 1
6695663 1
6697073 1
6709827 1
6713199 1
6715702 1
6720165 1
6720861 1
6723897 1
6730692 1
6743002 1
6746172 1
6750807 1
6751132 1
6759793 1
6760862 1
6763175 1
6764026 1
6767452 1
6781374 1
6783331 1
6786749 1
6787918 1
6805350 1
6805629 1
6806351 1
6806887 1
6809150 1
6811887 1
6816904 1
6827119 1
6827718 1
6831642 1
6834635 1
6838272 1
6851455 1
6852800 1
6854732 1
6860024 1
6869472 1
6870008 1
6872834 1
6885230 1
6885594 1
6887415 1
6889803 1
6893156 1
6896518 1
6900197 1
6902461 1
6913417 1
6914591 1
6915430 1
6920941 1
6923030 1
6923658 1
6925599 1
6926877 1
6932246 1
6932253 1
6933004 1
6934328 1
6937114 1
6937975 1
6950532 1
6950841 1
6952792 1
6955305 1
6957133 1
6957133 1
6957466 1
6958870 1
6971383 1
6979242 1
6981696 1
6990495 1
6991871 1
6993000 1
7000562 1
7000995 1
7008793 1
7018483 1
7025943 1
7028618 1
7032802 1
7038075 1
7038075 1
7051822 1
7052579 1
7056165 1
7071478 1
7072043 1
7076065 1
7083058 1
7086034 1
7095106 1
7100165 1
7108193 1
7113450 1
7113584 1
7116352 1
7116751 1
7119886 1
7128457 1
7130752 1
7151551 1
7159863 1
7163216 1
7164786 1
7166055 1
7166539 1
7169243 1
7171257 1
7175419 1
7189259 1
7191139 1
7201859 1
7205574 1
7212179 1
7212854 1
7213129 1
7214114 1
7214114 1
7219848 1
7223281 1
7224428 1
7228616 1
7230112 1
7237597 1
7238050 1
7251185 1
7251976 1
7254009 1
7258933 1
7271335 1
7273978 1
7280274 1
7281260 1
7281865 1
7288541 1
7294212 1
7297316 1
7304448 1
7304946 1
7305765 1
7309012 1
7311330 1
7314640 1
7317342 1
7320912 1
7323265 1
7325017 1
7325765 1
7326462 1
7334851 1
7336488 1
7336590 1
7338220 1
7341739 1
7344671 1
7345245 1
7346514 1
7346841 1
7348669 1
7352679 1
7371806 1
7372237 1
7372248 1
7376539 1
7376906 1
7378470 1
7384846 1
7385240 1
7385270 1
7388556 1
7391507 1
7391507 1
7399024 1
7411384 1
7414049 1
7423034 1
7423392 1
7428653 1
7433734 1
7435733 1
7440380 1
7440383 1
7453129 1
7457003 1
7458693 1
7479770 1
7481748 1
7496194 1
7503879 1
7506372 1
7506750 1
7507492 1
7513987 1
7514362 1
7517037 1
7521785 1
7522195 1
7522198 1
7525987 1
7526738 1
7526830 1
7532295 1
7532603 1
7538891 1
7540727 1
7540727 1
7540883 1
7545470 1
7545938 1
7548146 1
7548146 1
7552122 1
7555402 1
7558006 1
7561994 1
7562249 1
7563116 1
7564192 1
7587356 1
7592954 1
7593685 1
7595797 1
7597945 1
7598803 1
7599794 1
7599928 1
7605715 1
7608580 1
7615225 1
7617655 1
7619124 1
7634749 1
7638631 1
7649290 1
7654426 1
7657319 1
7658329 1
7661176 1
7662450 1
7664604 1
7669338 1
7670279 1
7677023 1
7679958 1
7694073 1
7694244 1
7695514 1
7697311 1
7700281 1
7706896 1
7710821 1
7710821 1
7711217 1
7715910 1
7717979 1
7727274 1
7729946 1
7732914 1
7733707 1
7740102 1
7745438 1
7752789 1
7760875 1
7761195 1
7762753 1
7777276 1
7780379 1
7789614 1
7789893 1
7791365 1
7792017 1
7792218 1
7793025 1
7799718 1
7801745 1
7806767 1
7811571 1
7818550 1
7833462 1
7837505 1
7839968 1
7840222 1
7850935 1
7854575 1
7863553 1
7864928 1
7864928 1
7869482 1
7871292 1
7879930 1
7886866 1
7889423 1
7890181 1
7900835 1
7907306 1
7910892 1
7916944 1
7918154 1
7922659 1
7925345 1
7931339 1
7936078 1
7940561 1
7943968 1
7944096 1
7958029 1
7966903 1
7974305 1
7978576 1
7982069 1
7983377 1
7993697 1
7996482 1
8003923 1
8005361 1
8010094 1
8010294 1
8015446 1
8016633 1
8021598 1
8023021 1
8038195 1
8041395 1
8042249 1
8043986 1
8044326 1
8048675 1
8050425 1
8056809 1
8065965 1
8071822 1
8073282 1
8080906 1
8081467 1
8085936 1
8106134 1
8123368 1
8123653 1
8131400 1
8132410 1
8133049 1
8141022 1
8143801 1
8143950 1
8149254 1
8167129 1
8168852 1
8169067 1
8171015 1
8178324 1
8191345 1
8191345 1
8193151 1
8195677 1
8195677 1
8198735 1
8198867 1
8203061 1
8208668 1
8217091 1
8217427 1
8219031 1
8223939 1
8224973 1
8235560 1
8238573 1
8255244 1
8258638 1
8286481 1
8286763 1
8287370 1
8289218 1
8293356 1
8300549 1
8300817 1
8305811 1
8311963 1
120 1
14384 1
27216 1
27232 1
40336 1
49280 1
51509 1
53102 1
53587 1
54287 1
56066 1
58948 1
61404 1
84912 1
86552 1
100349 1
101167 1
104530 1
110427 1
117495 1
117764 1
118681 1
118999 1
126163 1
131576 1
131576 1
136905 1
138083 1
143364 1
154765 1
157386 1
159285 1
160088 1
162904 1
163142 1
169508 1
176218 1
176415 1
176415 1
177888 1
179151 1
180892 1
181378 1
185142 1
192759 1
193030 1
195936 1
196552 1
196857 1
199186 1
200786 1
201045 1
201930 1
206341 1
208799 1
211748 1
212024 1
215924 1
219858 1
226609 1
231276 1
242650 1
243937 1
245125 1
246656 1
254214 1
256823 1
257151 1
257776 1
265863 1
267108 1
268698 1
269197 1
277123 1
282027 1
283050 1
286200 1
289800 1
290041 1
290996 1
293282 1
302091 1
302242 1
309932 1
309932 1
312052 1
330986 1
336554 1
339183 1
340941 1
342109 1
352455 1
354051 1
356168 1
358942 1
362340 1
364684 1
364684 1
372806 1
376986 1
379036 1
391471 1
392055 1
392221 1
420675 1
425298 1
428580 1
428580 1
431891 1
434350 1
441902 1
445217 1
445460 1
449617 1
450934 1
460172 1
464557 1
465026 1
472349 1
489097 1
490339 1
491624 1
491960 1
494057 1
494715 1
494715 1
495741 1
495780 1
499606 1
499611 1
500229 1
500353 1
501796 1
504242 1
506908 1
509126 1
510187 1
521492 1
521585 1
534555 1
537199 1
548412 1
556148 1
560203 1
567800 1
572416 1
572524 1
572719 1
574246 1
574799 1
575492 1
576589 1
582685 1
583486 1
588237 1
588870 1
600592 1
600730 1
610839 1
611124 1
624750 1
647680 1
650104 1
666432 1
671317 1
675918 1
681417 1
681660 1
683984 1
689423 1
695203 1
699429 1
703777 1
708430 1
709337 1
720133 1
724724 1
729525 1
730252 1
733389 1
734309 1
754597 1
755376 1
756900 1
758619 1
758720 1
761348 1
763889 1
765035 1
767181 1
768166 1
768241 1
769233 1
769336 1
769354 1
770949 1
780175 1
795197 1
796895 1
797425 1
814107 1
817867 1
821118 1
822724 1
835217 1
836020 1
836638 1
837005 1
837005 1
837622 1
841001 1
848294 1
860951 1
867429 1
867493 1
868559 1
872726 1
874630 1
874650 1
880886 1
892903 1
893581 1
893755 1
894998 1
896520 1
903336 1
906556 1
911357 1
911701 1
912124 1
919999 1
920931 1
921127 1
923689 1
934632 1
935083 1
935098 1
935975 1
937728 1
939541 1
939674 1
946453 1
952950 1
953246 1
953259 1
953264 1
954375 1
977725 1
978662 1
987265 1
987265 1
998339 1
998938 1
1000487 1
1008076 1
1018815 1
1019482 1
1023116 1
1029040 1
1035380 1
1041634 1
1041799 1
1051432 1
1059800 1
1059907 1
1065790 1
1071462 1
1073384 1
1078101 1
1079164 1
1079290 1
1084825 1
1086404 1
1089986 1
1093874 1
1096744 1
1097316 1
1099742 1
1104347 1
1106506 1
1106924 1
1115868 1
1118546 1
1121628 1
1130973 1
1137885 1
1141137 1
1142077 1
1142675 1
1143610 1
1146377 1
1148619 1
1149656 1
1149772 1
1151992 1
1157208 1
1158776 1
1158777 1
1169581 1
1173325 1
1174404 1
1179909 1
1183692 1
1185616 1
1186732 1
1188794 1
1188794 1
1191471 1
1192369 1
1196058 1
1197214 1
1209136 1
1214379 1
1214555 1
1215787 1
1225532 1
1225984 1
1234489 1
1239713 1
1241485 1
1259732 1
1259735 1
1260738 1
1264117 1
1264455 1
1268136 1
1268749 1
1272755 1
1272763 1
1273613 1
1273720 1
1278704 1
1283139 1
1285466 1
1289689 1
1296427 1
1297228 1
1300783 1
1307924 1
1310437 1
1311222 1
1313189 1
1316713 1
1320478 1
1321257 1
1324024 1
1324087 1
1332222 1
1333283 1
1335916 1
1338686 1
1339997 1
1341435 1
1349556 1
1354136 1
1356947 1
1357235 1
1359213 1
1362700 1
1367438 1
1377054 1
1399279 1
1413051 1
1413961 1
1429998 1
1431416 1
1432246 1
1432884 1
1433112 1
1435753 1
1442812 1
1449191 1
1449984 1
1467814 1
1471880 1
1471880 1
1474424 1
1474438 1
1479508 1
1480393 1
1482750 1
1486674 1
1488154 1
1488184 1
1495556 1
1499630 1
1502209 1
1508677 1
1509467 1
1510830 1
1513805 1
1517660 1
1526939 1
1527478 1
1528686 1
1528781 1
1529680 1
1531383 1
1532119 1
1533244 1
1536162 1
1540139 1
1544340 1
1548518 1
1550895 1
1551696 1
1553665 1
1561697 1
1562053 1
1568423 1
1570524 1
1577777 1
1582088 1
1588697 1
1595754 1
1599607 1
1604024 1
1619087 1
1621188 1
1622246 1
1623096 1
1625754 1
1632264 1
1636623 1
1641434 1
1650364 1
1652848 1
1652848 1
1653278 1
1661139 1
1662056 1
1662867 1
1675459 1
1676422 1
1677893 1
1684435 1
1687152 1
1692497 1
1699531 1
1701074 1
1705280 1
1708749 1
1714163 1
1716224 1
1726946 1
1730374 1
1731597 1
1746233 1
1752645 1
1761290 1
1771168 1
1771218 1
1772370 1
1773188 1
1780572 1
1784646 1
1785558 1
1787563 1
1787563 1
1788483 1
1791600 1
1793081 1
1793250 1
1796498 1
1796859 1
1803291 1
1809211 1
1818878 1
1823619 1
1828344 1
1829186 1
1829652 1
1830411 1
1832180 1
1834151 1
1837349 1
1852725 1
1855876 1
1857633 1
1881702 1
1891043 1
1891095 1
1894404 1
1894546 1
1898932 1
1899622 1
1903912 1
1912063 1
1920895 1
1920895 1
1934464 1
1935803 1
1935803 1
1938840 1
1940017 1
1951869 1
1952183 1
1953969 1
1971683 1
1975460 1
1978960 1
1979575 1
1983008 1
1988352 1
1989506 1
1991979 1
1994298 1
1994298 1
1999389 1
1999729 1
1999729 1
2001714 1
2001944 1
2002449 1
2005690 1
2006211 1
2006488 1
2015351 1
2016829 1
2020064 1
2021075 1
2021273 1
2021449 1
2022423 1
2027562 1
2033201 1
2042138 1
2055084 1
2080896 1
2082612 1
2106353 1
2106528 1
2107327 1
2109940 1
2114746 1
2115811 1
2122899 1
2127943 1
2130891 1
2137943 1
2138450 1
2139317 1
2146229 1
2149282 1
2154154 1
2158471 1
2160176 1
2165270 1
2174421 1
2177484 1
2182979 1
2184909 1
2185256 1
2185271 1
2185642 1
2187279 1
2191238 1
2191784 1
2194620 1
2198834 1
2206166 1
2211031 1
2222905 1
2234071 1
2235795 1
2237768 1
2238230 1
2240386 1
2245902 1
2255847 1
2260283 1
2266204 1
2269793 1
2269942 1
2271393 1
2275890 1
2281224 1
2281823 1
2282040 1
2282900 1
2284327 1
2298684 1
2307878 1
2311937 1
2312393 1
2313038 1
2313102 1
2313134 1
2319084 1
2319975 1
2323530 1
2324126 1
2325225 1
2331453 1
2331812 1
2344504 1
2348934 1
2359628 1
2362581 1
2377555 1
2384010 1
2392872 1
2393501 1
2397854 1
2400331 1
2405747 1
2406542 1
2406688 1
2408876 1
2415406 1
2417006 1
2422948 1
2424191 1
2438277 1
2439482 1
2441378 1
2442540 1
2444536 1
2461861 1
2464995 1
2465637 1
2474350 1
2476097 1
2476858 1
2480673 1
2481789 1
2486685 1
2487047 1
2488827 1
2489725 1
2502996 1
2504511 1
2506120 1
2516394 1
2522890 1
2523540 1
2524597 1
2532792 1
2533220 1
2534942 1
2538734 1
2542123 1
2545031 1
2551654 1
2552003 1
2552553 1
2552680 1
2560728 1
2561597 1
2569728 1
2570105 1
2581066 1
2588273 1
2603887 1
2608766 1
2612501 1
2620324 1
2625439 1
2625439 1
2630214 1
2630214 1
2631242 1
2633683 1
2634709 1
2635203 1
2636758 1
2652886 1
2654252 1
2654905 1
2657673 1
2666917 1
2669030 1
2674520 1
2677525 1
2694580 1
2695575 1
2702326 1
2705444 1
2720479 1
2727061 1
2738641 1
2742104 1
2772881 1
2775873 1
2779798 1
2782765 1
2788645 1
2797230 1
2801103 1
2811664 1
2813220 1
2817813 1
2817978 1
2819742 1
2820870 1
2821963 1
2828928 1
2828928 1
2829028 1
2829791 1
2830829 1
2842043 1
2853630 1
2854555 1
2855586 1
2858833 1
2859332 1
2860411 1
2860411 1
2865395 1
2874113 1
2875549 1
2875816 1
2880775 1
2881724 1
2882572 1
2896039 1
2900606 1
2902301 1
2906556 1
2910495 1
2919754 1
2923620 1
2924607 1
2925549 1
2926241 1
2929047 1
2930460 1
2932570 1
2937745 1
2940137 1
2940844 1
2946036 1
2949869 1
2950575 1
2951359 1
2953020 1
2957465 1
2962472 1
2973869 1
2982954 1
2985653 1
2986276 1
2989187 1
3002770 1
3002976 1
3005764 1
3015146 1
3016632 1
3026527 1
3029860 1
3030270 1
3036349 1
3037783 1
3041773 1
3052240 1
3056256 1
3060804 1
3065936 1
3075536 1
3081547 1
3085011 1
3086086 1
3087357 1
3095848 1
3104363 1
3104817 1
3105555 1
3106038 1
3106370 1
3106584 1
3114054 1
3114554 1
3116407 1
3116434 1
3122056 1
3128696 1
3129557 1
3136215 1
3136215 1
3140752 1
3142055 1
3143057 1
3143355 1
3146938 1
3148557 1
3149638 1
3154961 1
3159463 1
3190894 1
3191675 1
3196144 1
3199241 1
3204610 1
3205662 1
3206640 1
3208360 1
3210400 1
3214367 1
3214552 1
3217797 1
3223989 1
3225028 1
3226393 1
3238658 1
3242818 1
3246089 1
3251130 1
3257614 1
3257880 1
3259055 1
3262304 1
3264646 1
3265081 1
3269474 1
3271092 1
3273664 1
3274551 1
3274551 1
3278116 1
3281715 1
3282528 1
3285665 1
3287881 1
3294583 1
3296568 1
3298145 1
3299829 1
3302757 1
3304260 1
3304349 1
3304416 1
3306909 1
3310469 1
3311792 1
3319882 1
3320705 1
3321082 1
3323701 1
3327786 1
3330481 1
3332673 1
3333120 1
3349771 1
3350961 1
3355042 1
3355767 1
3360878 1
3361514 1
3365239 1
3366054 1
3392401 1
3393865 1
3394401 1
3400885 1
3403113 1
3407656 1
3414617 1
3423275 1
3432547 1
3434198 1
3437440 1
3438856 1
3446930 1
3451843 1
3452409 1
3452722 1
3454466 1
3467021 1
3470365 1
3472720 1
3472849 1
3478730 1
3480829 1
3481672 1
3493214 1
3500172 1
3500970 1
3502732 1
3507906 1
3509876 1
3510635 1
3511645 1
3512859 1
3517384 1
3518970 1
3523027 1
3529614 1
3529990 1
3531244 1
3533890 1
3534897 1
3539342 1
3542852 1
3543039 1
3544039 1
3574189 1
3576431 1
3576975 1
3577541 1
3578322 1
3578915 1
3594369 1
3600993 1
3603889 1
3615742 1
3616439 1
3620682 1
3623532 1
3632209 1
3636166 1
3636494 1
3639773 1
3643990 1
3645418 1
3648466 1
3648647 1
3652533 1
3661070 1
3664956 1
3664956 1
3668093 1
3674174 1
3674174 1
3678321 1
3684250 1
3684684 1
3686110 1
3686866 1
3693212 1
3693448 1
3696659 1
3703285 1
3704382 1
3714986 1
3736904 1
3740902 1
3743762 1
3745459 1
3745640 1
3745964 1
3745964 1
3747548 1
3748831 1
3759063 1
3760140 1
3764753 1
3768125 1
3772869 1
3780193 1
3781994 1
3784567 1
3786024 1
3788102 1
3788102 1
3789298 1
3789643 1
3792106 1
3797553 1
3801160 1
3816549 1
3816750 1
3818963 1
3823864 1
3835022 1
3836496 1
3839992 1
3839993 1
3843591 1
3845898 1
3847317 1
3850788 1
3851357 1
3856831 1
3862275 1
3863311 1
3864335 1
3865815 1
3870318 1
3873891 1
3875704 1
3877302 1
3881819 1
3884974 1
3888953 1
3892913 1
3896567 1
3898418 1
3901016 1
3905703 1
3912990 1
3919349 1
3921374 1
3932071 1
3932520 1
3933993 1
3935640 1
3937494 1
3939696 1
3944042 1
3944055 1
3951543 1
3952076 1
3954988 1
3963333 1
3973435 1
3985712 1
3986491 1
3986954 1
3993994 1
4000857 1
4004949 1
4029515 1
4031933 1
4047033 1
4058756 1
4060742 1
4062158 1
4063052 1
4063389 1
4065418 1
4069558 1
4070418 1
4073713 1
4075000 1
4081263 1
4085193 1
4085901 1
4087468 1
4088414 1
4093787 1
4094548 1
4095622 1
4102382 1
4102681 1
4102681 1
4103398 1
4103460 1
4103460 1
4103522 1
4106745 1
4109754 1
4110058 1
4114438 1
4124263 1
4136066 1
4137067 1
4156604 1
4157033 1
4159207 1
4160967 1
4162346 1
4174104 1
4174290 1
4175019 1
4177385 1
4179934 1
4183770 1
4189076 1
4190687 1
4191196 1
4194583 1
4196237 1
4199259 1
4200313 1
4206523 1
4207426 1
4207572 1
4209922 1
4214213 1
4216014 1
4224668 1
4232423 1
4232423 1
4250874 1
4262048 1
4262817 1
4268639 1
4280475 1
4284778 1
4289903 1
4315907 1
4333752 1
4334056 1
4334504 1
4339516 1
4354495 1
4355104 1
4358985 1
4362216 1
4366012 1
4366165 1
4372870 1
4373584 1
4375311 1
4380594 1
4389014 1
4391390 1
4392195 1
4393952 1
4399120 1
4401896 1
4402854 1
4402862 1
4403199 1
4410609 1
4411381 1
4415008 1
4421527 1
4438930 1
4440793 1
4442518 1
4442518 1
4449220 1
4453092 1
4459401 1
4460691 1
4465053 1
4473028 1
4481222 1
4486430 1
4488624 1
4493258 1
4500480 1
4506225 1
4508166 1
4512436 1
4512542 1
4514383 1
4516362 1
4521869 1
4524587 1
4526295 1
4527264 1
4536598 1
4540185 1
4546402 1
4546572 1
4564111 1
4579443 1
4581927 1
4582830 1
4598866 1
4611034 1
4611504 1
4613930 1
4618867 1
4619785 1
4621219 1
4629370 1
4629944 1
4640045 1
4641628 1
4648612 1
4649809 1
4656578 1
4660351 1
4663603 1
4664885 1
4666710 1
4667279 1
4669414 1
4672161 1
4675692 1
4676758 1
4679396 1
4684063 1
4686353 1
4697807 1
4712472 1
4712963 1
4731358 1
4735425 1
4738114 1
4738922 1
4739423 1
4740389 1
4754020 1
4758901 1
4759507 1
4767027 1
4775027 1
4776253 1
4783732 1
4783732 1
4783732 1
4783732 1
4785091 1
4799636 1
4799830 1
4800835 1
4806903 1
4807061 1
4808958 1
4813330 1
4815362 1
4816513 1
4816761 1
4825957 1
4826155 1
4827020 1
4828981 1
4830612 1
4836989 1
4853196 1
4857238 1
4861887 1
4863951 1
4879842 1
4880654 1
4896346 1
4913368 1
4923802 1
4925807 1
4927000 1
4940794 1
4945438 1
4949667 1
4956447 1
4957858 1
4982476 1
4987815 1
4988528 1
4989459 1
4993641 1
4996459 1
5009659 1
5026550 1
5028328 1
5030400 1
5032145 1
5032202 1
5032213 1
5038648 1
5042799 1
5047098 1
5048336 1
5079060 1
5085744 1
5101795 1
5115759 1
5118944 1
5122911 1
5126252 1
5130329 1
5144829 1
5147846 1
5150212 1
5163955 1
5164132 1
5164132 1
5175685 1
5181913 1
5182421 1
5184180 1
5186165 1
5195254 1
5195391 1
5198270 1
5201463 1
5205543 1
5213614 1
5217453 1
5226443 1
5229744 1
5229821 1
5233770 1
5243243 1
5247623 1
5250142 1
5255182 1
5255425 1
5256900 1
5263271 1
5272503 1
5272551 1
5279229 1
5281419 1
5283627 1
5294708 1
5298080 1
5308663 1
5314499 1
5321086 1
5329390 1
5331928 1
5333001 1
5333464 1
5334964 1
5350886 1
5351344 1
5354866 1
5363975 1
5370383 1
5370405 1
5373846 1
5379728 1
5380096 1
5387092 1
5414930 1
5416906 1
5417435 1
5417729 1
5423684 1
5427527 1
5428653 1
5429502 1
5430563 1
5431098 1
5442639 1
5445081 1
5445217 1
5450017 1
5463875 1
5470993 1
5472635 1
5514812 1
5517995 1
5524943 1
5529254 1
5539176 1
5540698 1
5547127 1
5549998 1
5554799 1
5558457 1
5559905 1
5563149 1
5567619 1
5576576 1
5577774 1
5584069 1
5590847 1
5591192 1
5591368 1
5591966 1
5592113 1
5592135 1
5592208 1
5592208 1
5596452 1
5605680 1
5607374 1
5621206 1
5621766 1
5621794 1
5630081 1
5630175 1
5636164 1
5642402 1
5645266 1
5649163 1
5652728 1
5653392 1
5655313 1
5657854 1
5658922 1
5669911 1
5672364 1
5672487 1
5677747 1
5680444 1
5684425 1
5691522 1
5694350 1
5698862 1
5700641 1
5704141 1
5711280 1
5716293 1
5732482 1
5735180 1
5749345 1
5749477 1
5755297 1
5761397 1
5775567 1
5775860 1
5776207 1
5782287 1
5783946 1
5786394 1
5787580 1
5787655 1
5794853 1
5798202 1
5798940 1
5805177 1
5814969 1
5823527 1
5823633 1
5824016 1
5828377 1
5840995 1
5842232 1
5847892 1
5861614 1
5862112 1
5863281 1
5873004 1
5881955 1
5882911 1
5884361 1
5887695 1
5892669 1
5907740 1
5912690 1
5914474 1
5917296 1
5921993 1
5926155 1
5940228 1
5949962 1
5950298 1
5955632 1
5955726 1
5958406 1
5965463 1
5965464 1
5970501 1
5970505 1
5971242 1
5972949 1
5976357 1
5978095 1
5984204 1
6001938 1
6003592 1
6005692 1
6009442 1
6011052 1
6014404 1
6015325 1
6017925 1
6039775 1
6042474 1
6043044 1
6044784 1
6045834 1
6055455 1
6058889 1
6068346 1
6069429 1
6071238 1
6071535 1
6073345 1
6078030 1
6078634 1
6084800 1
6088550 1
6098447 1
6098583 1
6104072 1
6105059 1
6105661 1
6107787 1
6116029 1
6119376 1
6120004 1
6121664 1
6124019 1
6138664 1
6151850 1
6153165 1
6153231 1
6153685 1
6154937 1
6158931 1
6163427 1
6163511 1
6167432 1
6169740 1
6176700 1
6181428 1
6182640 1
6184376 1
6185712 1
6186626 1
6192309 1
6201035 1
6201696 1
6202171 1
6225125 1
6225134 1
6228573 1
6230305 1
6232710 1
6233282 1
6241185 1
6243880 1
6246580 1
6268831 1
6286866 1
6290887 1
6299461 1
6300663 1
6304828 1
6306547 1
6323167 1
6327712 1
6329145 1
6336661 1
6337627 1
6339109 1
6339109 1
6339677 1
6343474 1
6366954 1
6369501 1
6382090 1
6391085 1
6393618 1
6394396 1
6396528 1
6396860 1
6399941 1
6406052 1
6406805 1
6407410 1
6411560 1
6411606 1
6412999 1
6414937 1
6419634 1
6419710 1
6419881 1
6421153 1
6421743 1
6424837 1
6425811 1
6426123 1
6426781 1
6428035 1
6428841 1
6434877 1
6459563 1
6459751 1
6465671 1
6467279 1
6469757 1
6480055 1
6484328 1
6500882 1
6509753 1
6517194 1
6518497 1
6521828 1
6524609 1
6529021 1
6529085 1
6535081 1
6535580 1
6540113 1
6548937 1
6557522 1
6563469 1
6565242 1
6565436 1
6580832 1
6583678 1
6586411 1
6591440 1
6598884 1
6601130 1
6601542 1
6605664 1
6611183 1
6611217 1
6615426 1
6616478 1
6618564 1
6624324 1
6625880 1
6627097 1
6627725 1
6627828 1
6630647 1
6633064 1
6634780 1
6639377 1
6640696 1
6641354 1
6642941 1
6644200 1
6644485 1
6644866 1
6645256 1
6646090 1
6646128 1
6653941 1
6654228 1
6657677 1
6661896 1
6668591 1
6680175 1
6681878 1
6686482 1
6691734 1
6696234 1
6697370 1
6711312 1
6714375 1
6716078 1
6728161 1
6737729 1
6747275 1
6757804 1
6760468 1
6768919 1
6774101 1
6782221 1
6784511 1
6787183 1
6798316 1
6801587 1
6805199 1
6807582 1
6813578 1
6814191 1
6822198 1
6837466 1
6838014 1
6840060 1
6840659 1
6841621 1
6844991 1
6845439 1
6847282 1
6847282 1
6851370 1
6851779 1
6853850 1
6860490 1
6860505 1
6866565 1
6866808 1
6867433 1
6869831 1
6875574 1
6876482 1
6882402 1
6889827 1
6889876 1
6893185 1
6894921 1
6895291 1
6905713 1
6920846 1
6921345 1
6923813 1
6925438 1
6925547 1
6929271 1
6929446 1
6929465 1
6929655 1
6929663 1
6932783 1
6934935 1
6936145 1
6937195 1
6937232 1
6937423 1
6940530 1
6941007 1
6947035 1
6951311 1
6952129 1
6952875 1
6954906 1
6965326 1
6965752 1
6966076 1
6966953 1
6967074 1
6973345 1
6974817 1
6980895 1
6980895 1
6982130 1
6982824 1
6990372 1
6991242 1
6991560 1
7006859 1
7019806 1
7020972 1
7028444 1
7029427 1
7040984 1
7043142 1
7045335 1
7048529 1
7048616 1
7049747 1
7050876 1
7051021 1
7052701 1
7055322 1
7056079 1
7057310 1
7062695 1
7065168 1
7076211 1
7076654 1
7081612 1
7084700 1
7106166 1
7108407 1
7110208 1
7121286 1
7122500 1
7125991 1
7126119 1
7126124 1
7126640 1
7127677 1
7129167 1
7133808 1
7156058 1
7157659 1
7160389 1
7160910 1
7161736 1
7176493 1
7178833 1
7184423 1
7185605 1
7190355 1
7206005 1
7206387 1
7216449 1
7219239 1
7223886 1
7226939 1
7227764 1
7239780 1
7239815 1
7241416 1
7246266 1
7246456 1
7247786 1
7252235 1
7255709 1
7256884 1
7258406 1
7272822 1
7273931 1
7304188 1
7309960 1
7309960 1
7317496 1
7330640 1
7333330 1
7347995 1
7352055 1
7359157 1
7360458 1
7369753 1
7380157 1
7381528 1
7383811 1
7384023 1
7389692 1
7391288 1
7392887 1
7393137 1
7400576 1
7404614 1
7410397 1
7410862 1
7415977 1
7418949 1
7426991 1
7435516 1
7439786 1
7444763 1
7446451 1
7449808 1
7450970 1
7452865 1
7456205 1
7462273 1
7473923 1
7479597 1
7492123 1
7508575 1
7510496 1
7515091 1
7522608 1
7525580 1
7538390 1
7541821 1
7545623 1
7548513 1
7552189 1
7556266 1
7557903 1
7560656 1
7569570 1
7571979 1
7572381 1
7577616 1
7583482 1
7585115 1
7588452 1
7588727 1
7591443 1
7593708 1
7594447 1
7603079 1
7604714 1
7613786 1
7627003 1
7635361 1
7636256 1
7644775 1
7651718 1
7656314 1
7668503 1
7685907 1
7687689 1
7694147 1
7697788 1
7698335 1
7698854 1
7702013 1
7703822 1
7708985 1
7709872 1
7712062 1
7727225 1
7736888 1
7739472 1
7741087 1
7741408 1
7754622 1
7761717 1
7761745 1
7762824 1
7764907 1
7767627 1
7777498 1
7777791 1
7779824 1
7780120 1
7781798 1
7783068 1
7784665 1
7788066 1
7790465 1
7790953 1
7793323 1
7800358 1
7803778 1
7810441 1
7812732 1
7829896 1
7840078 1
7840097 1
7840286 1
7844349 1
7852424 1
7861500 1
7864113 1
7865931 1
7869992 1
7871584 1
7876374 1
7881261 1
7888370 1
7891000 1
7893116 1
7899732 1
7900815 1
7901309 1
7909256 1
7909441 1
7910043 1
7913367 1
7915753 1
7919033 1
7925050 1
7927121 1
7927222 1
7932313 1
7937122 1
7939634 1
7939843 1
7941629 1
7941856 1
7946560 1
7946654 1
7953016 1
7955720 1
7960166 1
7962781 1
7963718 1
7965319 1
7969164 1
7969850 1
7975204 1
7979260 1
7987153 1
7998001 1
7998337 1
8004212 1
8013429 1
8013692 1
8027997 1
8028922 1
8037472 1
8038547 1
8042788 1
8047040 1
8053748 1
8069565 1
8076541 1
8083868 1
8094186 1
8100737 1
8103345 1
8105625 1
8108703 1
8109275 1
8109672 1
8114064 1
8115140 1
8116837 1
8118546 1
8119615 1
8121023 1
8123469 1
8123470 1
8129394 1
8132850 1
8134020 1
8135427 1
8135828 1
8147669 1
8160027 1
8161359 1
8179293 1
8182667 1
8194203 1
8199100 1
8206049 1
8212440 1
8214225 1
8218977 1
8219519 1
8222098 1
8222806 1
8231331 1
8233310 1
8233700 1
8244664 1
8255228 1
8255228 1
8256820 1
8257706 1
8259684 1
8262578 1
8264056 1
8274983 1
8276512 1
8276670 1
8278363 1
8286267 1
8286726 1
8293866 1
8294552 1
8296875 1
8298713 1
52177 1
61583 1
76889 1
139248 1
150642 1
169659 1
183810 1
215736 1
238924 1
274723 1
290911 1
291332 1
311981 1
325006 1
384886 1
387192 1
424393 1
448583 1
459436 1
463226 1
499701 1
557837 1
560555 1
575736 1
591351 1
591675 1
646426 1
652430 1
656173 1
699288 1
727752 1
778762 1
804656 1
805483 1
814303 1
837164 1
858524 1
869752 1
878881 1
880046 1
890902 1
894681 1
912481 1
930515 1
947842 1
952524 1
952723 1
994675 1
1013125 1
1016549 1
1022121 1
1035046 1
1038362 1
1061122 1
1083311 1
1092952 1
1102909 1
1107359 1
1117652 1
1130811 1
1149350 1
1158028 1
1164455 1
1175483 1
1178606 1
1187641 1
1206096 1
1208292 1
1208293 1
1211724 1
1233228 1
1236515 1
1239344 1
1256920 1
1260693 1
1264784 1
1274036 1
1275713 1
1279530 1
1286166 1
1298897 1
1301985 1
1304643 1
1348942 1
1363484 1
1373912 1
1381610 1
1392074 1
1407662 1
1453195 1
1471838 1
1477308 1
1479649 1
1503850 1
1504018 1
1525155 1
1536027 1
1555885 1
1574392 1
1577422 1
1584880 1
1590684 1
1591525 1
1621536 1
1622702 1
1634111 1
1642159 1
1657522 1
1672783 1
1674360 1
1715754 1
1717889 1
1718494 1
1764661 1
1786476 1
1842209 1
1850796 1
1862566 1
1882658 1
1889804 1
1910199 1
1918274 1
1938422 1
1951128 1
1952218 1
1960016 1
1961792 1
2007324 1
2012473 1
2012905 1
2023024 1
2025814 1
2029314 1
2066150 1
2090902 1
2101906 1
2117269 1
2155657 1
2165422 1
2170811 1
2197189 1
2258482 1
2258615 1
2260821 1
2261988 1
2280477 1
2311233 1
2337649 1
2340831 1
2383040 1
2399161 1
2431606 1
2436364 1
2453713 1
2478265 1
2531070 1
2560439 1
2565631 1
2581188 1
2590019 1
2604133 1
2606435 1
2614352 1
2644614 1
2647019 1
2656962 1
2698537 1
2710665 1
2723672 1
2729975 1
2755557 1
2767538 1
2773676 1
2827789 1
2827789 1
2828944 1
2834488 1
2841163 1
2875387 1
2882657 1
2905208 1
2949765 1
2949998 1
2952542 1
2966236 1
2982290 1
2993794 1
3015175 1
3025983 1
3026843 1
3028955 1
3042327 1
3061340 1
3090622 1
3094371 1
3105933 1
3126368 1
3129328 1
3170357 1
3179329 1
3206793 1
3217306 1
3236509 1
3250983 1
3256210 1
3281840 1
3286965 1
3296374 1
3299923 1
3335755 1
3342918 1
3360846 1
3416547 1
3422277 1
3439860 1
3473679 1
3498058 1
3509773 1
3534169 1
3551028 1
3556796 1
3598048 1
3608041 1
3650946 1
3667598 1
3667914 1
3687444 1
3715751 1
3759868 1
3762920 1
3782835 1
3790102 1
3801178 1
3808625 1
3808625 1
3817348 1
3817527 1
3820337 1
3834348 1
3835852 1
3847098 1
3893989 1
3894071 1
3902216 1
3910744 1
3912821 1
3912828 1
3940145 1
3977189 1
3979186 1
3982714 1
4003740 1
4012666 1
4067954 1
4070295 1
4073664 1
4081865 1
4086596 1
4112566 1
4142854 1
4153662 1
4173382 1
4204050 1
4205718 1
4227949 1
4237352 1
4243536 1
4259655 1
4267326 1
4272354 1
4308365 1
4317297 1
4330188 1
4355734 1
4366262 1
4367050 1
4393954 1
4401773 1
4401773 1
4403920 1
4415270 1
4416377 1
4440766 1
4448701 1
4477607 1
4486537 1
4487402 1
4532372 1
4541507 1
4541730 1
4550061 1
4571632 1
4571728 1
4586414 1
4630066 1
4677601 1
4687393 1
4696900 1
4721171 1
4724158 1
4731726 1
4748876 1
4808703 1
4811436 1
4816636 1
4870580 1
4881381 1
4895323 1
4911263 1
4964964 1
5021473 1
5032786 1
5043780 1
5047017 1
5090037 1
5111469 1
5134352 1
5137264 1
5163890 1
5172107 1
5191341 1
5276263 1
5306588 1
5320760 1
5357264 1
5360813 1
5373659 1
5421794 1
5446166 1
5479024 1
5518999 1
5531631 1
5539873 1
5557965 1
5605033 1
5653713 1
5665564 1
5680907 1
5684203 1
5686068 1
5688594 1
5704897 1
5717785 1
5727795 1
5730471 1
5757219 1
5764807 1
5803624 1
5819567 1
5876678 1
5878869 1
5926605 1
5960001 1
5965257 1
5969415 1
5971002 1
5971797 1
5974640 1
5976472 1
5994359 1
6000273 1
6029512 1
6040451 1
6051558 1
6054676 1
6076186 1
6077803 1
6077803 1
6083798 1
6266780 1
6266780 1
6279948 1
6308430 1
6318941 1
6331850 1
6353756 1
6365878 1
6395985 1
6418039 1
6421752 1
6449523 1
6452829 1
6520560 1
6521679 1
6570947 1
6582398 1
6615025 1
6622466 1
6622895 1
6627572 1
6630510 1
6645708 1
6654063 1
6658211 1
6700291 1
6780569 1
6832661 1
6851654 1
6872549 1
6889080 1
6892449 1
6917737 1
6924766 1
6933422 1
6991404 1
6993929 1
7007561 1
7037382 1
7042104 1
7057278 1
7065867 1
7075741 1
7083475 1
7105718 1
7111698 1
7129993 1
7166781 1
7170235 1
7175473 1
7186206 1
7188912 1
7195800 1
7197699 1
7219585 1
7224837 1
7231501 1
7234751 1
7237291 1
7268844 1
7276584 1
7294963 1
7314932 1
7340224 1
7345192 1
7363799 1
7365009 1
7372536 1
7412110 1
7434808 1
7454716 1
7460777 1
7473094 1
7483305 1
7499454 1
7554118 1
7571098 1
7588359 1
7599179 1
7603307 1
7603833 1
7638654 1
7672485 1
7681038 1
7708013 1
7710780 1
7747240 1
7747240 1
7748686 1
7781018 1
7784645 1
7822183 1
7824796 1
7856722 1
7856753 1
7856753 1
7869590 1
7886317 1
7904656 1
7920096 1
7931725 1
7937105 1
7940002 1
7940614 1
7958324 1
7977295 1
7986883 1
7991283 1
7991283 1
7994727 1
8029883 1
8089182 1
8106509 1
8109798 1
8113059 1
8126707 1
8131125 1
8151231 1
8152882 1
8158755 1
8184151 1
8191586 1
8256371 1
