8609 1
11024 1
25380 1
36817 1
40336 1
51464 1
58142 1
62391 1
82042 1
88861 1
95536 1
95536 1
99589 1
100599 1
107892 1
109889 1
110853 1
116749 1
127028 1
141183 1
141969 1
143364 1
148605 1
160422 1
160865 1
162445 1
166654 1
169241 1
169995 1
172284 1
178140 1
178817 1
181097 1
183944 1
188362 1
188507 1
188922 1
197473 1
197652 1
199572 1
206904 1
209203 1
213304 1
215364 1
218851 1
229167 1
229167 1
230630 1
230841 1
243498 1
261571 1
262244 1
262546 1
272317 1
281337 1
290373 1
290518 1
294518 1
298011 1
301437 1
321093 1
321874 1
328448 1
328448 1
329189 1
330657 1
331408 1
347782 1
348254 1
358547 1
361125 1
362558 1
385340 1
388121 1
388472 1
404347 1
409922 1
422141 1
422141 1
425082 1
429056 1
432034 1
432040 1
446235 1
446758 1
456363 1
459017 1
463467 1
473043 1
482783 1
485286 1
492250 1
499665 1
500807 1
513547 1
521981 1
524133 1
524346 1
527014 1
536467 1
542278 1
552128 1
555045 1
571981 1
572125 1
579309 1
606703 1
606703 1
610875 1
613879 1
617851 1
617851 1
622194 1
634523 1
638228 1
642645 1
648822 1
653706 1
656098 1
661710 1
672888 1
676954 1
678985 1
679824 1
682445 1
687208 1
687742 1
690267 1
690267 1
690465 1
696476 1
703274 1
705668 1
716311 1
717060 1
717786 1
721970 1
724846 1
726272 1
727817 1
734086 1
737193 1
741117 1
746677 1
747271 1
747539 1
752187 1
758885 1
765846 1
774369 1
778873 1
779619 1
781711 1
807021 1
812593 1
816935 1
834051 1
834140 1
837079 1
839168 1
844383 1
848284 1
849369 1
852269 1
862185 1
868862 1
869781 1
878043 1
880695 1
881207 1
888369 1
890158 1
904511 1
911871 1
913041 1
923992 1
925981 1
928417 1
932630 1
933008 1
942020 1
944549 1
953372 1
959542 1
962728 1
963529 1
964678 1
966977 1
969723 1
971329 1
976098 1
982058 1
982362 1
985484 1
988552 1
1003476 1
1007296 1
1009754 1
1010485 1
1013311 1
1022277 1
1024261 1
1030846 1
1034679 1
1038154 1
1038314 1
1052608 1
1055309 1
1059198 1
1059198 1
1063937 1
1063974 1
1070249 1
1072081 1
1073373 1
1084493 1
1088820 1
1090968 1
1091685 1
1092592 1
1095235 1
1100240 1
1100299 1
1100743 1
1101082 1
1104446 1
1104455 1
1105296 1
1107710 1
1109778 1
1111631 1
1116091 1
1116666 1
1124108 1
1127286 1
1137355 1
1141888 1
1143218 1
1148240 1
1148415 1
1151010 1
1151438 1
1152343 1
1153082 1
1156833 1
1171444 1
1178024 1
1179066 1
1180166 1
1186645 1
1187085 1
1189814 1
1197654 1
1199074 1
1199950 1
1201018 1
1206252 1
1211594 1
1211627 1
1211705 1
1211825 1
1211971 1
1225803 1
1228426 1
1230294 1
1232955 1
1233228 1
1242426 1
1249695 1
1251360 1
1257329 1
1257783 1
1260085 1
1275667 1
1280182 1
1280193 1
1287467 1
1292426 1
1293478 1
1298802 1
1301753 1
1302522 1
1302733 1
1309790 1
1309902 1
1311222 1
1322313 1
1328444 1
1336768 1
1339870 1
1341145 1
1345351 1
1356574 1
1363927 1
1367944 1
1373216 1
1375136 1
1375416 1
1377447 1
1390038 1
1390038 1
1396353 1
1396949 1
1406565 1
1408483 1
1420340 1
1422538 1
1440292 1
1442393 1
1444395 1
1446821 1
1451082 1
1473477 1
1473968 1
1475125 1
1475982 1
1486471 1
1490218 1
1490827 1
1494164 1
1494494 1
1504316 1
1510255 1
1511900 1
1528686 1
1530553 1
1532686 1
1532727 1
1538757 1
1543989 1
1552176 1
1552918 1
1555450 1
1561466 1
1568578 1
1570344 1
1586311 1
1586414 1
1598124 1
1599007 1
1612567 1
1619414 1
1627488 1
1630295 1
1632570 1
1640935 1
1644260 1
1652220 1
1659266 1
1663656 1
1663755 1
1670335 1
1670755 1
1676949 1
1680153 1
1685596 1
1686536 1
1686783 1
1690065 1
1700465 1
1702671 1
1703085 1
1707942 1
1708790 1
1708790 1
1710968 1
1716405 1
1717385 1
1726413 1
1729224 1
1730231 1
1733954 1
1735282 1
1735282 1
1737629 1
1741438 1
1741508 1
1744487 1
1746675 1
1747892 1
1751387 1
1759752 1
1763572 1
1771497 1
1782765 1
1783297 1
1784305 1
1789235 1
1789354 1
1789968 1
1790574 1
1805213 1
1810365 1
1811450 1
1815488 1
1815554 1
1825111 1
1825985 1
1826989 1
1845059 1
1846080 1
1854846 1
1857549 1
1865987 1
1867152 1
1880664 1
1902509 1
1902512 1
1903974 1
1903999 1
1905220 1
1911191 1
1930783 1
1940017 1
1949903 1
1951739 1
1951812 1
1953852 1
1958589 1
1961163 1
1964793 1
1969073 1
1977347 1
1977820 1
1989821 1
2014914 1
2019013 1
2037037 1
2044478 1
2047663 1
2049983 1
2050564 1
2058152 1
2068939 1
2073915 1
2085802 1
2102392 1
2103194 1
2103689 1
2104086 1
2104644 1
2104803 1
2105100 1
2110527 1
2112577 1
2116238 1
2119042 1
2119571 1
2126456 1
2132795 1
2142602 1
2161455 1
2172729 1
2178652 1
2183882 1
2185986 1
2190093 1
2192952 1
2195361 1
2198786 1
2203086 1
2212507 1
2223402 1
2236087 1
2237233 1
2239060 1
2240386 1
2240447 1
2245695 1
2246100 1
2251491 1
2251556 1
2255847 1
2256169 1
2256231 1
2260000 1
2260110 1
2267568 1
2267589 1
2271134 1
2287541 1
2287776 1
2288172 1
2293009 1
2295265 1
2295456 1
2296495 1
2300635 1
2302532 1
2308187 1
2313649 1
2320892 1
2330364 1
2341813 1
2351972 1
2352825 1
2358279 1
2358879 1
2359823 1
2360212 1
2370336 1
2372914 1
2372984 1
2375216 1
2376339 1
2376411 1
2377629 1
2379333 1
2383207 1
2386865 1
2393501 1
2398960 1
2404266 1
2406474 1
2418141 1
2418171 1
2418175 1
2420707 1
2433230 1
2435228 1
2438360 1
2438585 1
2439466 1
2439805 1
2439881 1
2442493 1
2442814 1
2452988 1
2460441 1
2460619 1
2460632 1
2461146 1
2470550 1
2475099 1
2484621 1
2485897 1
2489640 1
2490783 1
2496330 1
2496487 1
2497287 1
2506146 1
2506966 1
2517887 1
2524191 1
2531398 1
2532598 1
2542688 1
2548069 1
2550764 1
2550988 1
2552976 1
2560806 1
2563341 1
2571176 1
2581188 1
2581188 1
2586780 1
2589115 1
2589721 1
2591603 1
2595784 1
2596304 1
2622677 1
2637293 1
2648321 1
2650271 1
2652922 1
2654997 1
2659794 1
2659794 1
2668302 1
2685256 1
2691882 1
2695923 1
2696212 1
2703704 1
2709214 1
2709214 1
2709750 1
2709858 1
2722549 1
2737174 1
2756501 1
2761106 1
2761982 1
2766378 1
2772186 1
2773953 1
2776403 1
2780289 1
2780965 1
2785479 1
2789185 1
2794727 1
2795902 1
2803632 1
2810673 1
2821075 1
2830082 1
2834952 1
2838397 1
2839808 1
2858012 1
2869077 1
2875489 1
2883258 1
2883705 1
2886586 1
2892449 1
2899682 1
2900745 1
2903368 1
2913787 1
2926724 1
2926830 1
2929047 1
2931439 1
2932403 1
2933983 1
2944362 1
2947179 1
2951817 1
2961999 1
2966776 1
2976040 1
2984334 1
2986510 1
2987982 1
2991840 1
2993462 1
3001955 1
3002605 1
3003946 1
3017140 1
3018670 1
3022781 1
3026569 1
3029309 1
3030202 1
3041219 1
3041813 1
3046189 1
3047457 1
3060034 1
3072252 1
3072763 1
3074412 1
3082987 1
3087621 1
3092338 1
3102795 1
3105576 1
3106370 1
3108659 1
3112614 1
3112909 1
3113034 1
3116717 1
3120503 1
3121254 1
3121806 1
3135501 1
3144393 1
3148018 1
3151569 1
3162845 1
3169816 1
3174642 1
3175290 1
3177105 1
3179331 1
3180362 1
3180840 1
3183655 1
3203039 1
3205699 1
3209082 1
3214025 1
3216000 1
3221666 1
3222978 1
3223102 1
3224431 1
3234983 1
3237897 1
3252351 1
3260294 1
3262553 1
3269441 1
3272032 1
3273126 1
3279344 1
3284092 1
3286628 1
3291238 1
3294080 1
3296318 1
3297549 1
3311001 1
3322197 1
3324444 1
3331312 1
3334356 1
3342014 1
3343564 1
3346323 1
3360962 1
3372354 1
3374434 1
3374434 1
3382616 1
3390464 1
3394034 1
3402999 1
3407072 1
3409186 1
3415093 1
3416085 1
3423692 1
3432628 1
3433778 1
3437500 1
3437984 1
3440283 1
3441912 1
3454369 1
3473179 1
3475185 1
3481177 1
3491144 1
3498827 1
3504946 1
3514191 1
3518238 1
3520362 1
3523775 1
3524088 1
3526068 1
3526641 1
3530552 1
3543947 1
3552153 1
3553019 1
3553039 1
3560300 1
3564343 1
3568840 1
3569650 1
3570599 1
3577314 1
3577323 1
3582068 1
3583365 1
3588409 1
3594436 1
3595408 1
3606309 1
3611598 1
3613877 1
3615788 1
3619155 1
3620081 1
3621987 1
3626215 1
3627727 1
3633078 1
3638306 1
3640052 1
3640442 1
3651949 1
3653011 1
3658599 1
3665835 1
3669037 1
3669522 1
3674076 1
3674166 1
3684575 1
3691123 1
3699607 1
3700604 1
3700604 1
3703763 1
3704152 1
3723151 1
3723816 1
3727961 1
3733858 1
3734714 1
3739735 1
3740094 1
3741787 1
3744000 1
3748683 1
3757644 1
3760646 1
3762570 1
3763852 1
3771367 1
3779347 1
3780337 1
3783811 1
3791862 1
3796138 1
3811223 1
3812315 1
3813895 1
3819730 1
3820171 1
3829502 1
3834242 1
3834277 1
3835236 1
3844417 1
3846364 1
3852021 1
3854968 1
3865708 1
3866762 1
3866937 1
3870063 1
3871349 1
3876791 1
3891056 1
3892340 1
3898984 1
3912070 1
3914122 1
3933095 1
3936517 1
3941777 1
3942377 1
3943253 1
3944856 1
3949689 1
3959326 1
3961342 1
3961585 1
3963979 1
3968253 1
3987598 1
3994843 1
4000398 1
4014514 1
4015132 1
4016731 1
4017977 1
4026231 1
4026641 1
4029913 1
4033035 1
4033656 1
4034606 1
4054043 1
4055039 1
4056430 1
4058885 1
4059545 1
4063662 1
4067564 1
4069643 1
4072292 1
4074036 1
4076051 1
4076785 1
4078947 1
4088917 1
4090741 1
4100879 1
4105656 1
4117311 1
4125684 1
4129557 1
4142031 1
4145344 1
4151050 1
4160252 1
4163101 1
4168736 1
4168881 1
4172939 1
4175148 1
4185722 1
4190353 1
4194425 1
4195424 1
4196489 1
4196881 1
4203274 1
4211531 1
4218626 1
4224708 1
4231949 1
4237799 1
4247977 1
4250507 1
4254473 1
4259417 1
4260810 1
4261645 1
4263206 1
4272582 1
4273825 1
4275647 1
4281637 1
4306105 1
4306135 1
4309947 1
4317703 1
4318121 1
4318262 1
4319405 1
4325929 1
4336647 1
4337909 1
4351986 1
4355443 1
4357750 1
4360280 1
4367895 1
4368624 1
4370226 1
4390729 1
4400054 1
4409175 1
4409437 1
4423143 1
4424558 1
4426598 1
4429502 1
4433497 1
4435150 1
4439588 1
4443500 1
4459104 1
4462467 1
4467574 1
4474418 1
4477722 1
4481464 1
4489435 1
4494627 1
4494981 1
4495070 1
4495913 1
4503092 1
4507613 1
4516426 1
4520661 1
4527276 1
4542569 1
4546360 1
4552700 1
4558783 1
4560461 1
4567066 1
4577911 1
4594342 1
4596229 1
4599953 1
4601293 1
4605237 1
4609328 1
4609609 1
4619912 1
4628670 1
4633277 1
4640149 1
4640158 1
4643714 1
4649185 1
4654711 1
4655842 1
4658917 1
4665933 1
4667000 1
4678633 1
4680342 1
4682456 1
4682638 1
4685625 1
4688475 1
4691249 1
4692868 1
4697016 1
4698282 1
4706906 1
4707294 1
4711872 1
4716787 1
4717443 1
4723334 1
4728026 1
4736629 1
4743520 1
4745489 1
4755380 1
4757110 1
4761479 1
4763248 1
4763663 1
4765796 1
4773605 1
4784010 1
4791505 1
4797330 1
4798442 1
4801090 1
4801232 1
4802801 1
4803378 1
4805494 1
4810110 1
4812031 1
4817888 1
4820725 1
4825360 1
4825852 1
4836286 1
4837888 1
4843942 1
4846077 1
4847713 1
4859677 1
4862531 1
4870210 1
4872761 1
4883234 1
4884562 1
4886266 1
4894934 1
4896141 1
4896667 1
4897046 1
4899984 1
4900040 1
4903173 1
4905125 1
4906446 1
4910188 1
4929302 1
4930327 1
4932019 1
4950591 1
4957717 1
4958063 1
4959340 1
4959638 1
4964336 1
4964847 1
4975126 1
4985502 1
4986909 1
4987303 1
4991153 1
4998209 1
4998813 1
4998832 1
4999686 1
5000761 1
5005146 1
5006100 1
5008337 1
5011459 1
5015864 1
5023456 1
5024304 1
5029841 1
5030044 1
5030828 1
5031273 1
5042452 1
5045738 1
5047059 1
5056332 1
5062457 1
5067108 1
5070596 1
5074287 1
5075049 1
5075810 1
5078743 1
5104182 1
5105367 1
5109612 1
5114349 1
5115954 1
5116760 1
5139834 1
5146278 1
5151598 1
5157507 1
5163556 1
5166166 1
5179281 1
5189293 1
5196113 1
5197674 1
5208834 1
5210392 1
5211524 1
5218809 1
5221436 1
5227266 1
5239660 1
5241862 1
5242217 1
5254159 1
5258696 1
5261056 1
5263593 1
5272129 1
5281910 1
5282518 1
5288319 1
5296557 1
5316596 1
5317056 1
5317379 1
5325706 1
5330503 1
5339406 1
5343849 1
5344234 1
5347073 1
5348567 1
5355890 1
5369621 1
5371098 1
5373683 1
5379341 1
5382922 1
5384113 1
5394933 1
5408807 1
5427033 1
5434760 1
5435173 1
5437384 1
5439664 1
5439917 1
5443115 1
5443220 1
5453266 1
5455495 1
5457282 1
5458130 1
5465372 1
5468195 1
5475704 1
5483548 1
5493922 1
5497329 1
5516967 1
5524155 1
5524779 1
5529201 1
5531298 1
5533262 1
5539002 1
5546401 1
5553189 1
5554835 1
5575777 1
5583518 1
5584195 1
5585375 1
5588380 1
5594951 1
5595739 1
5605088 1
5607848 1
5609349 1
5612595 1
5613975 1
5616333 1
5618253 1
5619115 1
5629960 1
5630426 1
5639542 1
5643233 1
5648828 1
5649166 1
5651294 1
5658263 1
5658967 1
5662387 1
5662496 1
5675883 1
5682854 1
5683538 1
5684762 1
5685321 1
5688041 1
5689729 1
5692573 1
5692585 1
5693851 1
5695689 1
5696180 1
5700275 1
5705478 1
5709415 1
5709853 1
5709853 1
5710418 1
5710807 1
5714632 1
5722600 1
5724761 1
5726843 1
5742765 1
5755198 1
5773669 1
5773893 1
5782201 1
5786755 1
5790624 1
5793853 1
5797302 1
5802437 1
5802502 1
5807885 1
5808541 1
5819465 1
5819677 1
5821068 1
5823894 1
5833201 1
5856347 1
5859939 1
5860439 1
5864636 1
5868960 1
5870976 1
5872207 1
5876163 1
5878316 1
5879046 1
5880732 1
5884010 1
5904178 1
5905045 1
5915288 1
5916774 1
5917427 1
5921467 1
5921526 1
5922285 1
5924791 1
5925046 1
5926605 1
5930422 1
5936075 1
5944500 1
5948808 1
5951448 1
5957777 1
5961200 1
5966292 1
5966348 1
5973951 1
5986380 1
5987211 1
5988306 1
5994881 1
6001801 1
6002882 1
6005259 1
6007378 1
6008874 1
6009346 1
6011423 1
6015062 1
6015462 1
6019067 1
6025464 1
6026071 1
6027329 1
6029395 1
6039505 1
6042046 1
6042762 1
6044661 1
6047066 1
6047358 1
6050636 1
6058475 1
6068401 1
6088133 1
6089592 1
6090715 1
6095950 1
6099545 1
6100854 1
6115284 1
6115912 1
6117930 1
6120553 1
6121023 1
6142299 1
6153251 1
6157377 1
6158382 1
6177604 1
6187729 1
6188324 1
6208160 1
6227748 1
6256115 1
6259988 1
6264530 1
6269153 1
6276004 1
6280986 1
6284564 1
6296196 1
6297572 1
6298112 1
6299161 1
6311420 1
6311586 1
6311627 1
6320913 1
6323833 1
6332961 1
6342969 1
6346306 1
6348569 1
6354223 1
6358947 1
6359621 1
6363143 1
6368059 1
6395605 1
6398804 1
6409120 1
6412092 1
6422271 1
6422309 1
6423771 1
6424559 1
6426052 1
6440506 1
6449115 1
6478271 1
6485213 1
6486009 1
6487915 1
6488278 1
6489970 1
6491840 1
6493021 1
6501331 1
6505524 1
6506483 1
6508258 1
6509971 1
6519460 1
6524266 1
6530010 1
6532319 1
6533077 1
6539652 1
6540028 1
6545817 1
6551581 1
6551794 1
6554661 1
6554681 1
6557031 1
6558119 1
6559653 1
6578078 1
6587194 1
6597663 1
6602887 1
6605844 1
6605884 1
6607958 1
6615775 1
6615827 1
6616728 1
6618940 1
6624647 1
6625092 1
6625260 1
6630298 1
6630634 1
6638115 1
6638969 1
6647777 1
6647777 1
6648274 1
6648520 1
6654082 1
6655105 1
6666070 1
6673993 1
6674384 1
6679641 1
6685246 1
6689766 1
6708880 1
6711392 1
6716092 1
6723794 1
6727169 1
6727435 1
6731679 1
6733344 1
6736155 1
6737317 1
6737648 1
6740761 1
6753288 1
6760036 1
6760084 1
6761245 1
6763708 1
6766403 1
6769171 1
6769528 1
6771008 1
6774027 1
6789033 1
6791055 1
6798192 1
6807636 1
6808337 1
6810812 1
6810944 1
6819414 1
6828514 1
6838063 1
6842291 1
6843272 1
6863203 1
6868144 1
6868258 1
6884560 1
6885250 1
6886073 1
6889441 1
6892291 1
6892516 1
6892730 1
6905740 1
6912698 1
6913514 1
6915690 1
6922868 1
6925499 1
6926159 1
6927689 1
6929878 1
6931108 1
6931877 1
6932277 1
6937637 1
6952437 1
6953940 1
6959431 1
6960645 1
6966292 1
6967105 1
6967311 1
6970555 1
6971540 1
6973929 1
6982645 1
6983653 1
6983681 1
6991413 1
6993263 1
6997228 1
6997384 1
6997980 1
6999086 1
7000134 1
7003022 1
7003530 1
7007367 1
7010054 1
7026917 1
7027438 1
7030499 1
7032485 1
7034040 1
7049292 1
7056908 1
7058207 1
7068370 1
7068889 1
7072546 1
7072832 1
7074154 1
7075358 1
7076981 1
7081538 1
7082503 1
7087814 1
7100989 1
7107832 1
7108132 1
7110908 1
7112453 1
7113087 1
7113881 1
7113896 1
7115997 1
7116909 1
7121353 1
7122219 1
7125217 1
7126142 1
7130557 1
7131374 1
7134606 1
7154774 1
7156811 1
7163132 1
7171742 1
7171925 1
7172232 1
7174401 1
7175051 1
7175386 1
7183011 1
7189740 1
7194121 1
7202755 1
7211349 1
7212234 1
7232833 1
7237008 1
7237967 1
7239653 1
7277862 1
7278169 1
7286305 1
7289769 1
7297557 1
7300333 1
7303734 1
7306874 1
7310013 1
7313839 1
7313900 1
7313904 1
7314007 1
7314176 1
7314192 1
7314376 1
7323856 1
7326922 1
7327127 1
7327225 1
7327731 1
7327738 1
7333236 1
7335439 1
7336693 1
7343252 1
7350995 1
7351099 1
7356850 1
7364980 1
7365206 1
7367730 1
7367738 1
7371941 1
7372420 1
7373839 1
7375235 1
7378055 1
7386679 1
7398556 1
7400649 1
7404068 1
7406828 1
7406840 1
7410659 1
7411112 1
7412900 1
7416232 1
7419772 1
7420330 1
7420868 1
7427685 1
7437574 1
7438285 1
7438503 1
7438615 1
7439191 1
7439743 1
7447057 1
7450970 1
7458129 1
7458857 1
7460962 1
7482546 1
7482873 1
7486023 1
7489710 1
7493240 1
7494488 1
7503228 1
7505384 1
7512915 1
7517097 1
7523998 1
7529062 1
7543081 1
7549455 1
7568534 1
7574536 1
7577678 1
7579270 1
7584604 1
7586433 1
7586810 1
7588586 1
7595531 1
7595985 1
7598622 1
7604756 1
7613526 1
7614445 1
7615328 1
7618457 1
7618485 1
7619818 1
7624442 1
7625838 1
7635556 1
7645863 1
7645872 1
7648664 1
7651280 1
7651918 1
7655892 1
7657724 1
7661832 1
7662035 1
7668132 1
7672621 1
7679165 1
7683020 1
7697032 1
7706020 1
7706755 1
7720568 1
7727225 1
7731930 1
7732006 1
7743649 1
7755785 1
7759307 1
7770370 1
7773519 1
7777503 1
7777601 1
7789598 1
7792161 1
7803119 1
7820153 1
7828723 1
7831854 1
7831988 1
7833368 1
7836867 1
7841103 1
7841103 1
7841391 1
7843262 1
7847390 1
7856963 1
7859745 1
7864681 1
7869638 1
7870771 1
7874028 1
7884245 1
7889115 1
7891154 1
7892377 1
7892867 1
7896741 1
7896752 1
7897118 1
7902296 1
7904403 1
7904940 1
7904950 1
7907137 1
7912659 1
7913581 1
7917402 1
7918022 1
7918688 1
7918837 1
7920994 1
7923726 1
7928387 1
7931863 1
7935149 1
7936121 1
7937880 1
7946198 1
7949208 1
7949208 1
7964739 1
7967591 1
7971062 1
7971515 1
7972683 1
7984382 1
7984488 1
7996526 1
8005767 1
8007551 1
8035145 1
8037700 1
8039358 1
8042425 1
8043510 1
8045968 1
8047943 1
8052053 1
8053350 1
8061189 1
8064865 1
8066545 1
8075452 1
8076103 1
8081035 1
8081501 1
8082691 1
8089184 1
8098144 1
8098238 1
8098471 1
8101115 1
8105599 1
8107248 1
8111036 1
8112009 1
8116596 1
8116911 1
8117641 1
8120002 1
8123583 1
8133821 1
8133959 1
8134326 1
8135921 1
8136145 1
8142593 1
8143050 1
8144888 1
8147797 1
8147896 1
8149370 1
8151205 1
8153157 1
8154850 1
8178786 1
8185301 1
8186075 1
8187506 1
8192325 1
8205379 1
8209073 1
8219055 1
8220870 1
8221474 1
8226009 1
8226795 1
8227659 1
8229441 1
8240638 1
8256615 1
8265010 1
8274515 1
8285850 1
8287407 1
8297807 1
46092 1
48196 1
48766 1
52738 1
53605 1
62608 1
71451 1
85450 1
87105 1
100019 1
102992 1
103123 1
103746 1
110791 1
115836 1
119380 1
123156 1
133397 1
138743 1
139257 1
139686 1
140390 1
142137 1
142696 1
143081 1
144531 1
147290 1
148774 1
150062 1
151105 1
152328 1
158417 1
159928 1
162708 1
166545 1
175086 1
184290 1
186046 1
186795 1
190210 1
194480 1
196935 1
203289 1
207713 1
209322 1
209412 1
211225 1
211235 1
214754 1
215924 1
220468 1
221434 1
222140 1
223021 1
226649 1
229101 1
229311 1
229453 1
248380 1
249487 1
249968 1
255231 1
265780 1
269851 1
274723 1
274723 1
275264 1
285358 1
287384 1
289640 1
290304 1
290520 1
290556 1
298990 1
309014 1
322805 1
322913 1
335295 1
338460 1
340815 1
373769 1
380143 1
382108 1
382736 1
384532 1
387512 1
390182 1
407326 1
416478 1
422552 1
424940 1
425513 1
425953 1
428860 1
447260 1
449180 1
449488 1
452661 1
461901 1
478745 1
478985 1
496986 1
500354 1
501281 1
505996 1
507328 1
511700 1
511713 1
526760 1
554258 1
570511 1
571120 1
574246 1
574956 1
575877 1
593782 1
603503 1
610519 1
618764 1
622552 1
645564 1
652987 1
653515 1
656173 1
658956 1
658996 1
662121 1
663211 1
679316 1
680278 1
685329 1
691618 1
700312 1
702704 1
716384 1
720652 1
722596 1
733928 1
752807 1
754977 1
756073 1
757060 1
763339 1
764908 1
766051 1
771817 1
779768 1
784326 1
786937 1
788777 1
794615 1
802498 1
808987 1
811553 1
814963 1
820172 1
826581 1
826995 1
829651 1
833103 1
845910 1
847585 1
865125 1
870243 1
875694 1
880356 1
880424 1
880657 1
893200 1
908921 1
915493 1
918260 1
924967 1
926177 1
929383 1
932228 1
936036 1
936285 1
939541 1
939715 1
956508 1
967338 1
972231 1
976304 1
979476 1
979829 1
981469 1
990099 1
996537 1
999580 1
1008484 1
1009614 1
1010247 1
1024102 1
1036980 1
1041937 1
1044002 1
1044015 1
1049203 1
1049734 1
1051252 1
1052571 1
1058591 1
1069228 1
1091508 1
1095519 1
1095519 1
1097901 1
1100396 1
1101951 1
1103409 1
1103762 1
1111089 1
1112466 1
1113047 1
1114361 1
1117537 1
1117694 1
1118550 1
1121588 1
1126514 1
1126655 1
1127051 1
1127289 1
1127804 1
1127928 1
1131347 1
1134732 1
1134976 1
1135955 1
1147566 1
1147785 1
1147905 1
1149283 1
1150042 1
1154382 1
1165582 1
1170511 1
1170563 1
1170984 1
1172112 1
1174042 1
1183779 1
1183793 1
1184704 1
1186749 1
1187760 1
1190108 1
1196537 1
1196626 1
1204395 1
1204566 1
1205462 1
1206409 1
1211189 1
1211675 1
1213755 1
1215574 1
1220294 1
1221040 1
1224012 1
1226540 1
1230051 1
1230973 1
1235917 1
1238562 1
1241272 1
1242277 1
1242392 1
1259390 1
1261439 1
1264721 1
1268810 1
1271015 1
1273123 1
1274829 1
1276323 1
1277442 1
1279091 1
1279413 1
1280063 1
1280112 1
1289736 1
1292763 1
1295646 1
1296257 1
1297734 1
1300808 1
1307694 1
1307694 1
1310875 1
1311668 1
1313301 1
1316535 1
1317830 1
1330520 1
1331758 1
1337243 1
1338416 1
1338902 1
1339096 1
1346533 1
1368037 1
1369952 1
1370068 1
1372450 1
1381838 1
1386620 1
1396266 1
1397328 1
1397492 1
1397712 1
1400594 1
1409321 1
1411322 1
1412972 1
1413042 1
1433048 1
1434876 1
1435822 1
1443246 1
1448030 1
1449058 1
1459922 1
1467606 1
1474607 1
1476555 1
1476645 1
1491307 1
1507882 1
1521618 1
1523380 1
1523954 1
1525043 1
1525449 1
1528156 1
1534406 1
1545357 1
1556675 1
1560698 1
1564252 1
1566280 1
1577315 1
1595635 1
1597859 1
1598287 1
1600035 1
1608489 1
1610432 1
1615019 1
1629546 1
1631311 1
1641318 1
1657650 1
1659830 1
1675441 1
1683210 1
1686348 1
1686819 1
1687227 1
1692209 1
1700936 1
1710420 1
1718865 1
1721434 1
1733357 1
1742611 1
1744394 1
1747249 1
1752141 1
1757423 1
1777859 1
1780174 1
1780317 1
1781320 1
1781509 1
1787833 1
1788794 1
1788973 1
1790027 1
1790666 1
1791081 1
1797495 1
1797887 1
1800473 1
1803829 1
1806464 1
1806661 1
1811502 1
1817996 1
1818099 1
1819513 1
1826667 1
1827870 1
1832260 1
1837232 1
1841621 1
1854536 1
1854704 1
1859455 1
1870738 1
1877800 1
1885120 1
1889879 1
1890010 1
1902531 1
1902540 1
1902711 1
1902894 1
1910449 1
1910929 1
1915484 1
1917382 1
1919481 1
1926600 1
1928661 1
1930915 1
1942989 1
1947287 1
1953574 1
1963293 1
1963908 1
1965427 1
1966777 1
1975356 1
1976492 1
1977688 1
1979452 1
1980477 1
1983109 1
1989480 1
1998703 1
2010130 1
2010172 1
2012488 1
2012489 1
2013246 1
2013252 1
2023316 1
2027502 1
2029363 1
2030899 1
2039484 1
2039498 1
2039933 1
2074478 1
2084622 1
2095705 1
2102385 1
2102766 1
2102901 1
2104368 1
2108535 1
2109949 1
2112132 1
2113456 1
2114159 1
2114295 1
2115405 1
2120176 1
2120622 1
2121879 1
2130016 1
2133723 1
2147310 1
2149898 1
2151160 1
2154059 1
2172397 1
2183315 1
2184948 1
2189190 1
2189798 1
2196435 1
2196439 1
2196789 1
2202368 1
2213948 1
2221255 1
2221645 1
2225290 1
2230240 1
2230244 1
2231844 1
2234075 1
2234483 1
2248117 1
2249744 1
2251504 1
2256150 1
2262904 1
2271602 1
2272269 1
2284021 1
2287578 1
2288386 1
2288624 1
2292201 1
2294228 1
2298773 1
2299988 1
2301648 1
2303174 1
2307137 1
2312314 1
2315987 1
2317118 1
2319588 1
2331769 1
2344449 1
2344967 1
2345735 1
2351345 1
2360683 1
2360793 1
2365060 1
2370317 1
2370685 1
2374685 1
2376731 1
2376911 1
2385478 1
2386824 1
2390711 1
2392049 1
2397830 1
2398959 1
2401849 1
2409505 1
2409922 1
2418834 1
2424467 1
2426324 1
2433029 1
2433486 1
2439557 1
2441025 1
2445397 1
2447705 1
2448216 1
2452062 1
2453422 1
2458544 1
2473629 1
2481737 1
2483148 1
2483148 1
2484127 1
2484684 1
2497786 1
2498582 1
2509438 1
2512892 1
2517392 1
2521898 1
2525121 1
2526795 1
2529504 1
2530534 1
2534368 1
2548190 1
2552427 1
2554178 1
2561733 1
2582628 1
2588984 1
2589906 1
2592745 1
2599839 1
2603661 1
2603983 1
2608662 1
2608738 1
2620220 1
2620561 1
2623699 1
2623974 1
2628684 1
2630328 1
2632802 1
2634666 1
2651530 1
2655150 1
2660355 1
2670908 1
2684459 1
2684973 1
2687172 1
2707096 1
2710782 1
2713498 1
2716195 1
2720498 1
2720804 1
2721051 1
2721953 1
2722277 1
2731515 1
2737026 1
2743393 1
2746268 1
2752345 1
2756991 1
2762477 1
2769811 1
2770073 1
2770277 1
2771908 1
2780407 1
2782536 1
2783530 1
2796471 1
2797521 1
2799767 1
2801157 1
2810895 1
2818710 1
2820255 1
2820660 1
2823699 1
2825428 1
2829825 1
2834577 1
2834993 1
2839470 1
2869491 1
2872979 1
2875095 1
2877464 1
2881576 1
2888362 1
2894364 1
2895023 1
2895225 1
2900005 1
2903269 1
2903526 1
2907777 1
2910659 1
2918412 1
2922984 1
2939137 1
2939137 1
2947402 1
2953757 1
2957600 1
2961578 1
2965465 1
2966236 1
2979813 1
2991246 1
2993015 1
2993731 1
2998819 1
3004560 1
3009021 1
3012500 1
3015665 1
3020250 1
3027235 1
3029472 1
3032952 1
3035964 1
3036203 1
3038819 1
3046456 1
3047878 1
3059402 1
3066389 1
3071471 1
3072031 1
3081785 1
3088258 1
3096748 1
3097883 1
3098074 1
3098179 1
3100615 1
3102943 1
3103666 1
3104104 1
3117371 1
3120000 1
3127460 1
3127895 1
3128923 1
3139294 1
3169032 1
3170964 1
3171215 1
3171256 1
3173248 1
3175446 1
3180164 1
3181261 1
3185520 1
3194610 1
3198277 1
3198681 1
3204288 1
3204763 1
3206710 1
3206834 1
3207643 1
3208360 1
3210176 1
3210485 1
3222622 1
3240824 1
3246111 1
3246570 1
3253243 1
3261159 1
3262577 1
3264755 1
3267050 1
3271097 1
3274072 1
3274247 1
3274733 1
3276829 1
3277701 1
3277869 1
3281616 1
3284994 1
3299224 1
3303853 1
3304324 1
3306371 1
3307841 1
3310493 1
3317371 1
3318574 1
3328632 1
3334186 1
3336234 1
3336397 1
3337007 1
3339440 1
3343605 1
3346254 1
3349644 1
3350360 1
3357975 1
3359054 1
3359382 1
3361391 1
3364040 1
3366463 1
3370108 1
3373050 1
3373960 1
3375697 1
3379623 1
3389389 1
3390774 1
3394182 1
3397162 1
3402568 1
3403552 1
3403598 1
3403903 1
3404268 1
3419458 1
3419694 1
3432798 1
3432798 1
3436419 1
3444971 1
3450045 1
3456092 1
3458896 1
3461201 1
3465345 1
3483788 1
3492615 1
3492977 1
3497666 1
3505847 1
3507256 1
3511675 1
3513663 1
3517247 1
3528266 1
3530405 1
3531457 1
3544767 1
3552839 1
3557765 1
3559980 1
3560859 1
3565958 1
3569402 1
3589448 1
3592978 1
3595352 1
3608527 1
3616358 1
3616439 1
3617069 1
3618693 1
3624024 1
3625713 1
3628744 1
3629284 1
3631222 1
3632708 1
3644925 1
3651979 1
3658761 1
3661751 1
3665519 1
3665879 1
3666779 1
3678219 1
3686338 1
3693436 1
3695648 1
3696213 1
3697695 1
3702199 1
3704455 1
3717264 1
3725603 1
3727372 1
3730060 1
3730149 1
3736063 1
3757691 1
3773705 1
3776854 1
3786170 1
3801666 1
3806946 1
3807549 1
3807549 1
3810151 1
3811651 1
3814791 1
3817575 1
3824561 1
3834532 1
3838265 1
3839213 1
3839703 1
3852433 1
3859020 1
3860346 1
3860716 1
3863639 1
3864772 1
3865307 1
3866268 1
3867060 1
3868208 1
3869908 1
3871660 1
3874665 1
3879468 1
3889579 1
3897961 1
3912947 1
3914140 1
3925238 1
3926733 1
3943701 1
3946072 1
3946200 1
3952996 1
3956632 1
3957005 1
3967150 1
3968140 1
3970709 1
3982705 1
3992001 1
4000138 1
4000595 1
4007932 1
4014031 1
4014591 1
4015494 1
4024310 1
4025224 1
4025580 1
4025847 1
4029407 1
4029672 1
4030090 1
4035589 1
4037128 1
4037919 1
4041648 1
4041706 1
4042763 1
4046588 1
4047820 1
4051275 1
4051486 1
4059705 1
4060532 1
4065925 1
4074994 1
4076134 1
4077642 1
4084192 1
4087346 1
4087785 1
4090167 1
4095097 1
4099754 1
4106576 1
4116720 1
4142878 1
4143129 1
4143890 1
4146003 1
4153616 1
4154729 1
4158504 1
4162810 1
4169205 1
4170138 1
4182381 1
4186909 1
4188946 1
4192157 1
4200850 1
4207470 1
4208540 1
4210515 1
4211861 1
4214335 1
4217410 1
4217863 1
4219715 1
4219861 1
4221117 1
4223281 1
4227742 1
4233924 1
4234304 1
4234999 1
4248330 1
4254105 1
4255808 1
4257302 1
4257682 1
4270702 1
4274827 1
4275563 1
4282038 1
4282329 1
4293979 1
4310128 1
4310482 1
4313063 1
4321297 1
4321677 1
4325056 1
4327439 1
4329283 1
4331498 1
4332488 1
4335770 1
4335853 1
4342029 1
4347509 1
4348148 1
4352808 1
4354378 1
4356774 1
4363734 1
4365726 1
4374743 1
4389355 1
4389658 1
4396291 1
4396301 1
4397964 1
4404117 1
4404117 1
4404238 1
4404346 1
4406841 1
4410139 1
4415825 1
4416089 1
4424063 1
4428738 1
4437535 1
4443548 1
4448727 1
4461646 1
4468493 1
4469424 1
4473746 1
4485119 1
4488675 1
4491450 1
4493913 1
4494480 1
4494753 1
4496037 1
4496138 1
4496138 1
4505396 1
4505426 1
4509150 1
4513122 1
4517044 1
4528744 1
4538668 1
4539731 1
4557816 1
4558642 1
4558889 1
4562505 1
4564194 1
4567250 1
4572416 1
4572880 1
4578428 1
4578742 1
4579587 1
4581413 1
4595150 1
4601399 1
4607523 1
4613469 1
4614576 1
4615528 1
4618361 1
4622424 1
4626559 1
4630066 1
4630408 1
4662921 1
4667307 1
4668140 1
4668230 1
4670428 1
4672303 1
4672837 1
4676601 1
4676996 1
4678010 1
4678262 1
4682905 1
4687839 1
4699428 1
4702233 1
4710326 1
4723569 1
4725147 1
4733047 1
4739073 1
4753978 1
4760532 1
4761670 1
4765431 1
4773147 1
4774817 1
4781227 1
4781739 1
4790424 1
4798978 1
4802305 1
4809329 1
4811300 1
4829151 1
4860072 1
4869822 1
4870368 1
4876016 1
4877125 1
4883073 1
4885560 1
4887096 1
4893778 1
4895432 1
4897850 1
4908120 1
4910322 1
4913275 1
4924494 1
4926545 1
4928192 1
4937042 1
4950381 1
4952016 1
4955783 1
4956430 1
4957268 1
4965148 1
4966727 1
4971599 1
4972908 1
4976545 1
4979136 1
4986130 1
4996833 1
4998338 1
4998492 1
4998564 1
5004071 1
5004496 1
5005602 1
5008510 1
5023940 1
5024836 1
5026325 1
5030796 1
5034705 1
5035243 1
5048087 1
5066186 1
5090125 1
5103968 1
5112742 1
5115221 1
5116376 1
5118567 1
5120728 1
5123393 1
5139663 1
5140119 1
5140533 1
5146229 1
5147321 1
5158912 1
5170453 1
5172052 1
5187353 1
5187714 1
5191341 1
5202398 1
5208277 1
5220196 1
5227656 1
5233058 1
5240074 1
5240090 1
5240699 1
5242668 1
5250429 1
5260942 1
5266716 1
5275036 1
5285030 1
5288573 1
5290812 1
5298477 1
5301192 1
5303415 1
5308991 1
5316080 1
5316790 1
5328283 1
5330413 1
5335428 1
5336635 1
5337500 1
5342679 1
5367339 1
5373043 1
5379596 1
5381299 1
5381299 1
5382488 1
5394556 1
5406197 1
5430702 1
5436466 1
5446731 1
5448916 1
5452981 1
5455372 1
5456662 1
5470827 1
5472088 1
5491085 1
5491332 1
5491398 1
5494907 1
5495574 1
5505793 1
5506358 1
5506785 1
5506805 1
5510003 1
5526624 1
5528584 1
5537631 1
5539927 1
5550850 1
5553043 1
5553318 1
5556791 1
5557355 1
5567451 1
5568973 1
5570945 1
5572975 1
5590724 1
5605092 1
5605976 1
5608589 1
5612354 1
5616829 1
5617231 1
5618171 1
5628998 1
5637030 1
5639890 1
5639979 1
5640779 1
5649028 1
5656444 1
5656671 1
5657081 1
5660501 1
5661796 1
5662092 1
5668521 1
5677754 1
5679782 1
5680291 1
5685621 1
5690203 1
5693532 1
5698880 1
5701450 1
5703757 1
5707561 1
5709318 1
5709448 1
5716252 1
5721756 1
5737666 1
5738367 1
5738490 1
5741573 1
5742289 1
5743383 1
5749587 1
5751797 1
5752124 1
5770824 1
5788392 1
5790909 1
5792806 1
5796395 1
5808240 1
5810728 1
5811580 1
5816544 1
5817109 1
5817591 1
5818777 1
5819324 1
5822583 1
5823839 1
5825402 1
5826819 1
5832495 1
5839076 1
5854610 1
5858541 1
5858909 1
5860343 1
5862602 1
5868395 1
5876409 1
5880497 1
5881554 1
5888544 1
5895752 1
5901048 1
5902675 1
5904045 1
5908455 1
5916093 1
5918911 1
5923651 1
5926610 1
5929333 1
5929521 1
5930669 1
5934438 1
5935239 1
5940780 1
5941219 1
5941874 1
5941874 1
5944905 1
5949137 1
5949265 1
5964036 1
5973620 1
5973832 1
5977587 1
5989181 1
6002679 1
6005382 1
6009497 1
6013173 1
6029208 1
6030120 1
6047484 1
6048876 1
6052782 1
6056560 1
6062163 1
6075637 1
6078255 1
6080638 1
6087528 1
6088226 1
6088898 1
6097167 1
6097351 1
6099999 1
6101249 1
6102488 1
6106409 1
6114420 1
6118259 1
6123217 1
6144426 1
6149426 1
6154386 1
6178291 1
6186348 1
6187014 1
6187520 1
6206353 1
6226188 1
6240807 1
6240923 1
6246268 1
6248236 1
6248439 1
6249980 1
6254713 1
6254940 1
6254998 1
6256124 1
6262043 1
6264582 1
6267638 1
6269763 1
6273900 1
6285971 1
6286172 1
6288664 1
6297983 1
6299571 1
6304472 1
6306547 1
6307689 1
6311237 1
6312011 1
6318226 1
6321654 1
6322453 1
6331810 1
6333934 1
6336459 1
6337304 1
6339599 1
6339651 1
6339723 1
6343858 1
6344118 1
6355334 1
6361512 1
6365706 1
6366099 1
6368973 1
6371238 1
6373341 1
6381557 1
6386190 1
6401623 1
6404386 1
6404523 1
6410145 1
6414998 1
6416956 1
6417565 1
6418808 1
6421722 1
6422431 1
6428967 1
6431106 1
6439583 1
6446925 1
6447291 1
6452829 1
6453442 1
6455129 1
6465671 1
6465790 1
6473058 1
6475044 1
6475146 1
6478079 1
6484739 1
6484861 1
6485374 1
6488237 1
6488685 1
6490185 1
6492956 1
6495366 1
6503850 1
6504612 1
6509165 1
6514670 1
6515749 1
6537902 1
6538542 1
6546109 1
6548596 1
6550142 1
6550454 1
6563069 1
6565436 1
6572849 1
6581562 1
6581829 1
6582049 1
6585198 1
6586871 1
6586945 1
6593642 1
6605854 1
6621898 1
6627120 1
6630875 1
6644218 1
6644401 1
6647375 1
6659666 1
6668075 1
6669520 1
6681812 1
6689561 1
6692501 1
6706613 1
6706807 1
6706890 1
6712126 1
6720058 1
6724762 1
6727436 1
6736317 1
6741133 1
6747912 1
6748111 1
6750807 1
6752813 1
6752813 1
6755399 1
6760484 1
6762076 1
6771501 1
6773360 1
6785845 1
6787330 1
6790310 1
6796586 1
6796870 1
6797882 1
6801919 1
6803507 1
6805079 1
6805123 1
6805632 1
6806351 1
6810105 1
6811894 1
6816883 1
6820175 1
6826766 1
6829129 1
6832207 1
6834760 1
6835266 1
6835781 1
6851959 1
6860002 1
6866575 1
6868481 1
6875270 1
6875270 1
6875539 1
6878225 1
6885230 1
6892116 1
6892690 1
6900561 1
6914387 1
6924505 1
6924511 1
6929206 1
6929377 1
6930182 1
6931158 1
6932246 1
6935346 1
6935348 1
6943630 1
6944450 1
6946252 1
6950992 1
6953602 1
6961015 1
6962137 1
6970346 1
6970784 1
6985631 1
6986084 1
6986488 1
6987309 1
6987463 1
6987932 1
7003793 1
7012382 1
7019526 1
7023366 1
7027618 1
7031004 1
7040663 1
7061841 1
7066469 1
7070926 1
7072226 1
7073146 1
7078380 1
7082605 1
7087729 1
7100229 1
7102541 1
7105826 1
7107020 1
7110484 1
7110487 1
7111514 1
7111562 1
7111698 1
7111794 1
7111800 1
7111933 1
7114260 1
7115904 1
7130222 1
7134358 1
7136703 1
7137385 1
7141434 1
7144905 1
7148428 1
7152374 1
7159713 1
7166595 1
7167709 1
7172688 1
7175805 1
7182468 1
7189042 1
7193139 1
7196300 1
7210223 1
7212141 1
7212854 1
7217057 1
7220296 1
7223361 1
7225110 1
7228697 1
7233618 1
7236940 1
7239701 1
7243903 1
7244818 1
7252346 1
7256686 1
7267553 1
7273485 1
7274750 1
7275168 1
7281260 1
7281793 1
7282815 1
7290334 1
7291604 1
7298082 1
7303893 1
7304946 1
7305913 1
7313685 1
7314307 1
7314640 1
7316574 1
7317267 1
7321836 1
7325948 1
7327008 1
7327893 1
7329027 1
7330565 1
7334851 1
7339940 1
7347741 1
7348165 1
7356371 1
7357471 1
7359132 1
7361340 1
7362856 1
7364105 1
7367798 1
7368743 1
7372198 1
7372241 1
7372248 1
7372287 1
7372941 1
7373278 1
7376539 1
7386976 1
7396918 1
7419868 1
7420184 1
7425553 1
7438719 1
7440380 1
7444197 1
7446437 1
7447440 1
7452994 1
7453183 1
7455330 1
7460828 1
7468956 1
7472781 1
7476972 1
7481666 1
7500131 1
7519310 1
7525505 1
7532860 1
7542072 1
7545764 1
7547273 1
7552972 1
7558077 1
7563926 1
7567759 1
7568273 1
7572489 1
7587124 1
7595568 1
7596780 1
7597620 1
7598864 1
7615225 1
7619124 1
7638594 1
7643355 1
7645402 1
7649694 1
7651174 1
7652487 1
7653985 1
7657319 1
7658523 1
7694836 1
7701895 1
7704462 1
7710821 1
7713603 1
7720712 1
7731437 1
7733218 1
7735131 1
7735431 1
7736694 1
7757543 1
7762753 1
7773786 1
7781038 1
7792218 1
7792533 1
7801444 1
7820588 1
7839793 1
7840321 1
7842992 1
7843537 1
7845828 1
7849547 1
7852113 1
7853907 1
7854586 1
7855278 1
7871595 1
7872524 1
7873601 1
7875605 1
7879073 1
7882691 1
7894896 1
7899743 1
7916751 1
7916944 1
7917495 1
7922854 1
7931084 1
7931092 1
7938163 1
7949902 1
7950999 1
7957445 1
7958029 1
7965986 1
7967388 1
7968020 1
7969092 1
7972193 1
7976799 1
7979197 1
7979197 1
7983627 1
7985666 1
7989591 1
7992777 1
7993487 1
7994911 1
7996482 1
8000017 1
8004745 1
8007407 1
8009138 1
8015622 1
8016762 1
8019488 1
8023202 1
8026621 1
8030339 1
8035692 1
8041395 1
8053901 1
8065965 1
8066907 1
8067350 1
8069553 1
8078518 1
8081882 1
8083805 1
8089574 1
8091868 1
8096078 1
8096154 1
8096907 1
8098336 1
8102585 1
8104062 1
8112392 1
8115927 1
8116070 1
8118338 1
8118550 1
8119306 1
8119688 1
8119710 1
8121073 1
8121917 1
8135584 1
8141022 1
8144346 1
8152111 1
8153018 1
8153644 1
8159572 1
8162642 1
8174501 1
8179885 1
8188424 1
8198022 1
8199475 1
8207662 1
8214160 1
8216542 1
8218309 1
8230833 1
8241714 1
8250787 1
8257982 1
8269725 1
8272247 1
8272474 1
8274983 1
8276360 1
8285579 1
8297213 1
8299723 1
1882 1
26528 1
27232 1
33670 1
36354 1
38137 1
46534 1
59353 1
61261 1
63428 1
74894 1
78928 1
88628 1
92020 1
103052 1
106519 1
107852 1
109167 1
118574 1
118709 1
126163 1
126871 1
128872 1
134057 1
146926 1
147942 1
156242 1
158672 1
170159 1
179719 1
180394 1
184789 1
186549 1
192759 1
193233 1
195034 1
195942 1
196433 1
198496 1
198667 1
203298 1
204570 1
207718 1
212430 1
215643 1
224051 1
224283 1
225790 1
245890 1
258560 1
278099 1
283657 1
285751 1
286202 1
290564 1
290996 1
301333 1
309805 1
311622 1
313708 1
316003 1
316818 1
320093 1
327377 1
335939 1
339183 1
366309 1
372798 1
373468 1
378797 1
383740 1
383776 1
384252 1
390208 1
403756 1
408171 1
420519 1
421285 1
434350 1
439868 1
443520 1
443762 1
450934 1
451981 1
456463 1
465164 1
470469 1
470678 1
493778 1
498157 1
499611 1
515360 1
519601 1
529168 1
535371 1
535554 1
535722 1
535794 1
538499 1
539184 1
547186 1
556192 1
557112 1
557837 1
558639 1
559329 1
560211 1
561179 1
566698 1
569993 1
571833 1
574799 1
581804 1
586534 1
588760 1
594947 1
597842 1
598079 1
598337 1
601377 1
602747 1
608735 1
610382 1
635361 1
640112 1
643889 1
650307 1
659206 1
661762 1
671601 1
672221 1
674672 1
677780 1
679053 1
683984 1
689423 1
692880 1
697197 1
702595 1
709337 1
716601 1
717153 1
717576 1
729532 1
733214 1
737364 1
738445 1
753023 1
761570 1
771606 1
771629 1
773631 1
793747 1
813118 1
813835 1
832269 1
844817 1
845768 1
852950 1
855654 1
860903 1
872594 1
880300 1
885687 1
888810 1
909254 1
910956 1
911701 1
912244 1
912450 1
915664 1
919804 1
920806 1
921565 1
924708 1
929543 1
931993 1
943889 1
944281 1
946453 1
952224 1
954389 1
968134 1
970735 1
970735 1
973729 1
975041 1
983245 1
985169 1
986092 1
998339 1
1004385 1
1005730 1
1014861 1
1014931 1
1016092 1
1018078 1
1019482 1
1030518 1
1034235 1
1040109 1
1041799 1
1044146 1
1045949 1
1047247 1
1049563 1
1050028 1
1050540 1
1050727 1
1051963 1
1053357 1
1060488 1
1068821 1
1077333 1
1077722 1
1079290 1
1079786 1
1079819 1
1079991 1
1080913 1
1094859 1
1096229 1
1102302 1
1103049 1
1105007 1
1107033 1
1117836 1
1126465 1
1135562 1
1137007 1
1139754 1
1141137 1
1145965 1
1146350 1
1149764 1
1151588 1
1152650 1
1154318 1
1163799 1
1167373 1
1173793 1
1176886 1
1183694 1
1187079 1
1190348 1
1191635 1
1194534 1
1195212 1
1195371 1
1198920 1
1207458 1
1209916 1
1210609 1
1211222 1
1211531 1
1211534 1
1211871 1
1217196 1
1222868 1
1225388 1
1225532 1
1230770 1
1238349 1
1242038 1
1248527 1
1249392 1
1273720 1
1275731 1
1278177 1
1289049 1
1302636 1
1304740 1
1305078 1
1307924 1
1308382 1
1309930 1
1310437 1
1313717 1
1317011 1
1320908 1
1334394 1
1335931 1
1338689 1
1339997 1
1342514 1
1346857 1
1350717 1
1353889 1
1354365 1
1355063 1
1360926 1
1367275 1
1375157 1
1379063 1
1384047 1
1395201 1
1418994 1
1427449 1
1430256 1
1430638 1
1435589 1
1437774 1
1440928 1
1441656 1
1442001 1
1442658 1
1446034 1
1446109 1
1448136 1
1449503 1
1452036 1
1452314 1
1454340 1
1467811 1
1469940 1
1481592 1
1502081 1
1504727 1
1506415 1
1512013 1
1513486 1
1519687 1
1522507 1
1540518 1
1541873 1
1542856 1
1546373 1
1547526 1
1550061 1
1553647 1
1554268 1
1555226 1
1561217 1
1561710 1
1561781 1
1565150 1
1566053 1
1567556 1
1570524 1
1573471 1
1578276 1
1586552 1
1589047 1
1591612 1
1593081 1
1599738 1
1599738 1
1604732 1
1608240 1
1610564 1
1612384 1
1614479 1
1625572 1
1626690 1
1632609 1
1633078 1
1636377 1
1640184 1
1642752 1
1647400 1
1649160 1
1651272 1
1651360 1
1651991 1
1666442 1
1666884 1
1668824 1
1669463 1
1670584 1
1673650 1
1674537 1
1677307 1
1680724 1
1685349 1
1693283 1
1700018 1
1703443 1
1712234 1
1716695 1
1720968 1
1729557 1
1731725 1
1749960 1
1773866 1
1775639 1
1777611 1
1777783 1
1778124 1
1786140 1
1786140 1
1786932 1
1787565 1
1788051 1
1788767 1
1791600 1
1793821 1
1796859 1
1797740 1
1811071 1
1812464 1
1825256 1
1833049 1
1833265 1
1833477 1
1833996 1
1854150 1
1871798 1
1877418 1
1880548 1
1881340 1
1882413 1
1882413 1
1885907 1
1919947 1
1925430 1
1927530 1
1928890 1
1929950 1
1935803 1
1940861 1
1947541 1
1948917 1
1951574 1
1955039 1
1963074 1
1965874 1
1970200 1
1972867 1
1973097 1
1989506 1
1992989 1
1995914 1
1999162 1
1999389 1
2006850 1
2009347 1
2010754 1
2011853 1
2012862 1
2012884 1
2013901 1
2033336 1
2039077 1
2053074 1
2056869 1
2061209 1
2064852 1
2066481 1
2066493 1
2073317 1
2073802 1
2074760 1
2080538 1
2080727 1
2082356 1
2087233 1
2087260 1
2093183 1
2096928 1
2103555 1
2103863 1
2103911 1
2104170 1
2106672 1
2110260 1
2113758 1
2114746 1
2126140 1
2127728 1
2136953 1
2143650 1
2146023 1
2147689 1
2150194 1
2150632 1
2152799 1
2154168 1
2158471 1
2160524 1
2163823 1
2163894 1
2164060 1
2168912 1
2185340 1
2185654 1
2186053 1
2188414 1
2195051 1
2195088 1
2197904 1
2208146 1
2216543 1
2222895 1
2228341 1
2239938 1
2249109 1
2249694 1
2264486 1
2266618 1
2269897 1
2270290 1
2270502 1
2270763 1
2270969 1
2271929 1
2276760 1
2278826 1
2283229 1
2287180 1
2290296 1
2295556 1
2300154 1
2305064 1
2308693 1
2310545 1
2315043 1
2317878 1
2328974 1
2331588 1
2352651 1
2362452 1
2365279 1
2368486 1
2378423 1
2386547 1
2401412 1
2405315 1
2408122 1
2412159 1
2416354 1
2419493 1
2422001 1
2424191 1
2424881 1
2425372 1
2426393 1
2430549 1
2439991 1
2445477 1
2446258 1
2446555 1
2447000 1
2450232 1
2452659 1
2464995 1
2469929 1
2478862 1
2486685 1
2487047 1
2487251 1
2490717 1
2494647 1
2495119 1
2502696 1
2502996 1
2505388 1
2513276 1
2513611 1
2513698 1
2513906 1
2518063 1
2518070 1
2519219 1
2521445 1
2523166 1
2526763 1
2529985 1
2542139 1
2543597 1
2543758 1
2545898 1
2552553 1
2554262 1
2556339 1
2569146 1
2577627 1
2582452 1
2591802 1
2599241 1
2611925 1
2624466 1
2624578 1
2633683 1
2634914 1
2649462 1
2652886 1
2657302 1
2672249 1
2672274 1
2673031 1
2677525 1
2692510 1
2702969 1
2712950 1
2721861 1
2723175 1
2730651 1
2733538 1
2737623 1
2738549 1
2769548 1
2775443 1
2776935 1
2779561 1
2786314 1
2789762 1
2792374 1
2792374 1
2812598 1
2815870 1
2820614 1
2827789 1
2834158 1
2843873 1
2846804 1
2850173 1
2851170 1
2852082 1
2858963 1
2860061 1
2865176 1
2871032 1
2871267 1
2875549 1
2876990 1
2878958 1
2880775 1
2881395 1
2889785 1
2898947 1
2900656 1
2900656 1
2913160 1
2913970 1
2915581 1
2919368 1
2921642 1
2924607 1
2925195 1
2926506 1
2928833 1
2929582 1
2929676 1
2930172 1
2930460 1
2935449 1
2935975 1
2936572 1
2936786 1
2944901 1
2950441 1
2951400 1
2960497 1
2966985 1
2971223 1
2971585 1
2971771 1
2972367 1
2973685 1
2975002 1
2976528 1
2979760 1
2990766 1
2990786 1
2991747 1
2993329 1
3008393 1
3016603 1
3019925 1
3023635 1
3028718 1
3029118 1
3033210 1
3036362 1
3039094 1
3049604 1
3051338 1
3056635 1
3056759 1
3061040 1
3061078 1
3063065 1
3068790 1
3073507 1
3075536 1
3077756 1
3080964 1
3083139 1
3084825 1
3097372 1
3107806 1
3110852 1
3113319 1
3121915 1
3127675 1
3128913 1
3138767 1
3140708 1
3142729 1
3144296 1
3144780 1
3149710 1
3154663 1
3170021 1
3180371 1
3191544 1
3192962 1
3197940 1
3198063 1
3199669 1
3205065 1
3205421 1
3207617 1
3214589 1
3221565 1
3225609 1
3235180 1
3236645 1
3241697 1
3241954 1
3261483 1
3261566 1
3263170 1
3266014 1
3271603 1
3272192 1
3273071 1
3274306 1
3276292 1
3285972 1
3289605 1
3292130 1
3292586 1
3292619 1
3296283 1
3297868 1
3298918 1
3300079 1
3325176 1
3327527 1
3331487 1
3333120 1
3334746 1
3336772 1
3338781 1
3338781 1
3339518 1
3369533 1
3370622 1
3373499 1
3389017 1
3389040 1
3403619 1
3406666 1
3414617 1
3418175 1
3418813 1
3422093 1
3427119 1
3428189 1
3429000 1
3433178 1
3443267 1
3453015 1
3461102 1
3463880 1
3464746 1
3465358 1
3467021 1
3469650 1
3479662 1
3487369 1
3495147 1
3500701 1
3502732 1
3505154 1
3506509 1
3507149 1
3513863 1
3521488 1
3522699 1
3525145 1
3525279 1
3525666 1
3530389 1
3532543 1
3535984 1
3538500 1
3545391 1
3546224 1
3548972 1
3557259 1
3561374 1
3579497 1
3580513 1
3581374 1
3582688 1
3583275 1
3597227 1
3597521 1
3599158 1
3600371 1
3600719 1
3604920 1
3605686 1
3606332 1
3612925 1
3618961 1
3620682 1
3623538 1
3627554 1
3636083 1
3642138 1
3646878 1
3649138 1
3650019 1
3652078 1
3652533 1
3654253 1
3656945 1
3660491 1
3663797 1
3678291 1
3691285 1
3699828 1
3716630 1
3733059 1
3735276 1
3735276 1
3739996 1
3741954 1
3742140 1
3756250 1
3757818 1
3758053 1
3764165 1
3769139 1
3771384 1
3775814 1
3776764 1
3780011 1
3782513 1
3782694 1
3782890 1
3792106 1
3793134 1
3794615 1
3796006 1
3809344 1
3809378 1
3820200 1
3823552 1
3839770 1
3850738 1
3851803 1
3861778 1
3862701 1
3863674 1
3863837 1
3867732 1
3870318 1
3873038 1
3873891 1
3874467 1
3874497 1
3882288 1
3905703 1
3912362 1
3912990 1
3915007 1
3927455 1
3937125 1
3941261 1
3952076 1
3952257 1
3955132 1
3959551 1
3962236 1
3970057 1
4001666 1
4004675 1
4005233 1
4005334 1
4015480 1
4022531 1
4024943 1
4027130 1
4028499 1
4030239 1
4034893 1
4043819 1
4062595 1
4062936 1
4063105 1
4066889 1
4072803 1
4076307 1
4079478 1
4088297 1
4103522 1
4104868 1
4105800 1
4130598 1
4139899 1
4144494 1
4166737 1
4167424 1
4168947 1
4169347 1
4171115 1
4178467 1
4179200 1
4183877 1
4187594 1
4189076 1
4191777 1
4192415 1
4193238 1
4193356 1
4198622 1
4199837 1
4207971 1
4211398 1
4215874 1
4218355 1
4218928 1
4220031 1
4221423 1
4227169 1
4229844 1
4230686 1
4232495 1
4234708 1
4250056 1
4252041 1
4255029 1
4258331 1
4260431 1
4260667 1
4263136 1
4266092 1
4273898 1
4274359 1
4281330 1
4281848 1
4298111 1
4298120 1
4304091 1
4304515 1
4306900 1
4309657 1
4309801 1
4313750 1
4324934 1
4338717 1
4344190 1
4348362 1
4349535 1
4349833 1
4351311 1
4351905 1
4358377 1
4382316 1
4387734 1
4391163 1
4394890 1
4401981 1
4403740 1
4403982 1
4410609 1
4421470 1
4423873 1
4426523 1
4427110 1
4427449 1
4427763 1
4434776 1
4445234 1
4445848 1
4451429 1
4451432 1
4451434 1
4453092 1
4459460 1
4459757 1
4471778 1
4478599 1
4480923 1
4488247 1
4490184 1
4505372 1
4511775 1
4514242 1
4516906 1
4533635 1
4534780 1
4546113 1
4547766 1
4551706 1
4557228 1
4578265 1
4583111 1
4587625 1
4588236 1
4592161 1
4593661 1
4594526 1
4594526 1
4596164 1
4601106 1
4606276 1
4608906 1
4610759 1
4613668 1
4620514 1
4621129 1
4630607 1
4632459 1
4632717 1
4633059 1
4633769 1
4642391 1
4662052 1
4671528 1
4672117 1
4676123 1
4677344 1
4687603 1
4688414 1
4690995 1
4692815 1
4698187 1
4703232 1
4704127 1
4721171 1
4722898 1
4723508 1
4725022 1
4725027 1
4729406 1
4735425 1
4742698 1
4761727 1
4772703 1
4775807 1
4777385 1
4793672 1
4798189 1
4799636 1
4799802 1
4805997 1
4806388 1
4807708 1
4809575 1
4811817 1
4815553 1
4820929 1
4821213 1
4824050 1
4824708 1
4825095 1
4825649 1
4826155 1
4826251 1
4827029 1
4827064 1
4833101 1
4846554 1
4848154 1
4865332 1
4870013 1
4879045 1
4881653 1
4883280 1
4900214 1
4911622 1
4913368 1
4913507 1
4917853 1
4927238 1
4927745 1
4930646 1
4935112 1
4935740 1
4954034 1
4958102 1
4960016 1
4960220 1
4967398 1
4969389 1
4970537 1
4974675 1
4980420 1
4998744 1
5001371 1
5002022 1
5004459 1
5008063 1
5013582 1
5014826 1
5021878 1
5022655 1
5028212 1
5030531 1
5032202 1
5043429 1
5048355 1
5049331 1
5055703 1
5079997 1
5085861 1
5087246 1
5111894 1
5118789 1
5127263 1
5132506 1
5139198 1
5139607 1
5143616 1
5146310 1
5147227 1
5150212 1
5156687 1
5159638 1
5163791 1
5171979 1
5186130 1
5210764 1
5238926 1
5238966 1
5240046 1
5262887 1
5264042 1
5280867 1
5290601 1
5295444 1
5295670 1
5302146 1
5305642 1
5314878 1
5316241 1
5332278 1
5341007 1
5342899 1
5343481 1
5350817 1
5356376 1
5366618 1
5368154 1
5374490 1
5375643 1
5384788 1
5408653 1
5411897 1
5413589 1
5415295 1
5416905 1
5423684 1
5424090 1
5428484 1
5428746 1
5428747 1
5430563 1
5432907 1
5436673 1
5436851 1
5440397 1
5448182 1
5450708 1
5451462 1
5452075 1
5455621 1
5455920 1
5456719 1
5458732 1
5461698 1
5464477 1
5482054 1
5494931 1
5494963 1
5498191 1
5504110 1
5513101 1
5534415 1
5538382 1
5558710 1
5567869 1
5567869 1
5571904 1
5589268 1
5591051 1
5608641 1
5616592 1
5619020 1
5620500 1
5622345 1
5633880 1
5643050 1
5647178 1
5647445 1
5653616 1
5665391 1
5666170 1
5674892 1
5679125 1
5683544 1
5689026 1
5691658 1
5692392 1
5693154 1
5697514 1
5698597 1
5700487 1
5700996 1
5701510 1
5703081 1
5708342 1
5708698 1
5708821 1
5710766 1
5714763 1
5715307 1
5716293 1
5722763 1
5729858 1
5737647 1
5741803 1
5748254 1
5766814 1
5767100 1
5769967 1
5770822 1
5773449 1
5806098 1
5806098 1
5809599 1
5821382 1
5822380 1
5827566 1
5864880 1
5869680 1
5872034 1
5880045 1
5882479 1
5884361 1
5886121 1
5892024 1
5904447 1
5921209 1
5924516 1
5932265 1
5936639 1
5939302 1
5940354 1
5942366 1
5942369 1
5945304 1
5953366 1
5954781 1
5964638 1
5973373 1
5973565 1
5974857 1
5976631 1
5984674 1
5988462 1
5991914 1
5994887 1
6002582 1
6003175 1
6005362 1
6009916 1
6018699 1
6020164 1
6022553 1
6029382 1
6030153 1
6031882 1
6033714 1
6036967 1
6044299 1
6048961 1
6051241 1
6054603 1
6059182 1
6061760 1
6080085 1
6083629 1
6086402 1
6090292 1
6094098 1
6095910 1
6098583 1
6115449 1
6116900 1
6120278 1
6130413 1
6130925 1
6134776 1
6153231 1
6158488 1
6163511 1
6171438 1
6171872 1
6173691 1
6174822 1
6176797 1
6181329 1
6198083 1
6199151 1
6225154 1
6230196 1
6241960 1
6253028 1
6254183 1
6255067 1
6258426 1
6263873 1
6264993 1
6270562 1
6278206 1
6290887 1
6304828 1
6310573 1
6318024 1
6323749 1
6331770 1
6333057 1
6336661 1
6340839 1
6341886 1
6343032 1
6345915 1
6346052 1
6346839 1
6355065 1
6358320 1
6366472 1
6382090 1
6401660 1
6405721 1
6407388 1
6420777 1
6423374 1
6427024 1
6427326 1
6432035 1
6432399 1
6434541 1
6434776 1
6453023 1
6454822 1
6457557 1
6457624 1
6466107 1
6480426 1
6481780 1
6483959 1
6484328 1
6485585 1
6486586 1
6489206 1
6494885 1
6503655 1
6509916 1
6520596 1
6522818 1
6525146 1
6528699 1
6531125 1
6535112 1
6535365 1
6537605 1
6538706 1
6551618 1
6560871 1
6562952 1
6573456 1
6578486 1
6583141 1
6584084 1
6590557 1
6591852 1
6605203 1
6607161 1
6617893 1
6618285 1
6622724 1
6624466 1
6630980 1
6636861 1
6639377 1
6640177 1
6644485 1
6644956 1
6646128 1
6647727 1
6648098 1
6648478 1
6650720 1
6659960 1
6665700 1
6666565 1
6681031 1
6686417 1
6703105 1
6706967 1
6709724 1
6712976 1
6715593 1
6715694 1
6727190 1
6735396 1
6751177 1
6753181 1
6754590 1
6756426 1
6765577 1
6768788 1
6770319 1
6774213 1
6774441 1
6776201 1
6778608 1
6782310 1
6805761 1
6806953 1
6809190 1
6814953 1
6821254 1
6825563 1
6829326 1
6840060 1
6840785 1
6841621 1
6846504 1
6847692 1
6848647 1
6849487 1
6851913 1
6859716 1
6869954 1
6883882 1
6883933 1
6888376 1
6891372 1
6897272 1
6898679 1
6900066 1
6900137 1
6915380 1
6918354 1
6920160 1
6921345 1
6922300 1
6922584 1
6924166 1
6924925 1
6926154 1
6928001 1
6928203 1
6930027 1
6934197 1
6934620 1
6937114 1
6938276 1
6946202 1
6947360 1
6954544 1
6955223 1
6957141 1
6966532 1
6966742 1
6967074 1
6970504 1
6972870 1
6979918 1
6980021 1
6980895 1
7003572 1
7005636 1
7007561 1
7008129 1
7028742 1
7038667 1
7039202 1
7042372 1
7045335 1
7052017 1
7053664 1
7056332 1
7056954 1
7058223 1
7058656 1
7066336 1
7068031 1
7068231 1
7068806 1
7072737 1
7074447 1
7075605 1
7076211 1
7078615 1
7081612 1
7106849 1
7111139 1
7111434 1
7111497 1
7117636 1
7120590 1
7123309 1
7123954 1
7124150 1
7131684 1
7136129 1
7136640 1
7140403 1
7154386 1
7161312 1
7170883 1
7171140 1
7173398 1
7187142 1
7187142 1
7188434 1
7191157 1
7199406 1
7225494 1
7228212 1
7233821 1
7241710 1
7251755 1
7255709 1
7257356 1
7257461 1
7258933 1
7267836 1
7268517 1
7271423 1
7274045 1
7276415 1
7280732 1
7283440 1
7283670 1
7287218 1
7288378 1
7290667 1
7291620 1
7297345 1
7302957 1
7304163 1
7305662 1
7313834 1
7314020 1
7314279 1
7314280 1
7318314 1
7319998 1
7324654 1
7328629 1
7330873 1
7332701 1
7333149 1
7335997 1
7337932 1
7340548 1
7346208 1
7348974 1
7350261 1
7351069 1
7358826 1
7364815 1
7367752 1
7375944 1
7376076 1
7382837 1
7383629 1
7391316 1
7399140 1
7404485 1
7411459 1
7415492 1
7419323 1
7422325 1
7422964 1
7426991 1
7435865 1
7438280 1
7441717 1
7447900 1
7452865 1
7461145 1
7471258 1
7475846 1
7476336 1
7476878 1
7481110 1
7482688 1
7493264 1
7494652 1
7505444 1
7510496 1
7511176 1
7525580 1
7532813 1
7538025 1
7538694 1
7540705 1
7541393 1
7541895 1
7542281 1
7557903 1
7572381 1
7576552 1
7582274 1
7585680 1
7594666 1
7596669 1
7604955 1
7624484 1
7636283 1
7650414 1
7654198 1
7654503 1
7662450 1
7669678 1
7683392 1
7703822 1
7704622 1
7705632 1
7706628 1
7708214 1
7709812 1
7712374 1
7714863 1
7727504 1
7729474 1
7737041 1
7743234 1
7751347 1
7752196 1
7761745 1
7762794 1
7768619 1
7773000 1
7777498 1
7785351 1
7796206 1
7796406 1
7800358 1
7804308 1
7804308 1
7809579 1
7831361 1
7833716 1
7840526 1
7841816 1
7860024 1
7862833 1
7865517 1
7867990 1
7870405 1
7876377 1
7878062 1
7883574 1
7906527 1
7909580 1
7916056 1
7916776 1
7918679 1
7918690 1
7923930 1
7928085 1
7928536 1
7936148 1
7936637 1
7939634 1
7945431 1
7946560 1
7949456 1
7950310 1
7963701 1
7963718 1
7965131 1
7966430 1
7972708 1
7973153 1
7981495 1
7983027 1
7999364 1
8001646 1
8002278 1
8006686 1
8009856 1
8011367 1
8015813 1
8019778 1
8024397 1
8030208 1
8040618 1
8045773 1
8047040 1
8053578 1
8055005 1
8056276 1
8063184 1
8076137 1
8081261 1
8084541 1
8086064 1
8089097 1
8093180 1
8095057 1
8098553 1
8101763 1
8103345 1
8103976 1
8104977 1
8107995 1
8108515 1
8109595 1
8120901 1
8121301 1
8124990 1
8125811 1
8127260 1
8131304 1
8137746 1
8144443 1
8149723 1
8149938 1
8162658 1
8165643 1
8166890 1
8173391 1
8184881 1
8187644 1
8187645 1
8194304 1
8200642 1
8204199 1
8210499 1
8212890 1
8216815 1
8220115 1
8222462 1
8224498 1
8225625 1
8233700 1
8244664 1
8251342 1
8252700 1
8253812 1
8265792 1
8273227 1
8278910 1
8295958 1
8296588 1
8301708 1
7954 1
26778 1
105010 1
112935 1
120929 1
124271 1
124573 1
132420 1
135393 1
140570 1
142237 1
150259 1
150336 1
165067 1
177555 1
182647 1
188421 1
192917 1
201608 1
204639 1
228799 1
231113 1
237755 1
240341 1
269295 1
285359 1
286064 1
290454 1
300146 1
316071 1
318837 1
322927 1
334407 1
356899 1
361010 1
377398 1
425994 1
431582 1
449255 1
451435 1
451721 1
461492 1
474296 1
479588 1
482054 1
501843 1
501849 1
506263 1
523032 1
535577 1
559136 1
560346 1
560552 1
562623 1
593170 1
605285 1
612059 1
622569 1
624602 1
648782 1
659720 1
660484 1
664235 1
677837 1
699288 1
727752 1
769238 1
795724 1
821723 1
842292 1
852481 1
861028 1
865266 1
886767 1
912481 1
919564 1
942320 1
942545 1
949934 1
983092 1
984343 1
985799 1
1000673 1
1029269 1
1030866 1
1049584 1
1063916 1
1083311 1
1084721 1
1090955 1
1103686 1
1108312 1
1122553 1
1138459 1
1147126 1
1150149 1
1161472 1
1197204 1
1208606 1
1211724 1
1219587 1
1227228 1
1250715 1
1303603 1
1316554 1
1318086 1
1333634 1
1346252 1
1358169 1
1359186 1
1363484 1
1373243 1
1378147 1
1382373 1
1382373 1
1404561 1
1410272 1
1436503 1
1438876 1
1446794 1
1450414 1
1479244 1
1479649 1
1495264 1
1508908 1
1513885 1
1513886 1
1566377 1
1590684 1
1603991 1
1604875 1
1609636 1
1612328 1
1616161 1
1633192 1
1642000 1
1666935 1
1670275 1
1678556 1
1705876 1
1731823 1
1787540 1
1788103 1
1789858 1
1796401 1
1799589 1
1803221 1
1803958 1
1828781 1
1832180 1
1842641 1
1856556 1
1857565 1
1889804 1
1901903 1
1918150 1
1941782 1
1953963 1
1964259 1
2008464 1
2013091 1
2015242 1
2058515 1
2073787 1
2082332 1
2094648 1
2101643 1
2102359 1
2109504 1
2123631 1
2126261 1
2140994 1
2145120 1
2187279 1
2211381 1
2235925 1
2237691 1
2252594 1
2272477 1
2274865 1
2276071 1
2277271 1
2298362 1
2308936 1
2325830 1
2325833 1
2333075 1
2341318 1
2364041 1
2369126 1
2370553 1
2387521 1
2391848 1
2406178 1
2407919 1
2416153 1
2423903 1
2431557 1
2431746 1
2436885 1
2478265 1
2482079 1
2512655 1
2524823 1
2526058 1
2527048 1
2527118 1
2538372 1
2551656 1
2568384 1
2600393 1
2606435 1
2611600 1
2628310 1
2727666 1
2731334 1
2744479 1
2756408 1
2759663 1
2767538 1
2776547 1
2781812 1
2784280 1
2785502 1
2791620 1
2800607 1
2818380 1
2832768 1
2859332 1
2888254 1
2917174 1
2918705 1
2943178 1
2954032 1
2955572 1
2972744 1
2982290 1
2992465 1
3010540 1
3032612 1
3034035 1
3036997 1
3049098 1
3053023 1
3057250 1
3057766 1
3062507 1
3067398 1
3069245 1
3082774 1
3084162 1
3091995 1
3094371 1
3096832 1
3098039 1
3144658 1
3144658 1
3144658 1
3144658 1
3144658 1
3144658 1
3144658 1
3144658 1
3144658 1
3144658 1
3144658 1
3144658 1
3144658 1
3144658 1
3154961 1
3156285 1
3162208 1
3162751 1
3178728 1
3187905 1
3215132 1
3215355 1
3220180 1
3221679 1
3225323 1
3226112 1
3226925 1
3264525 1
3266706 1
3268828 1
3269237 1
3278926 1
3278926 1
3284280 1
3284612 1
3316558 1
3332415 1
3342164 1
3350961 1
3377508 1
3402961 1
3407175 1
3427314 1
3433081 1
3437830 1
3461117 1
3468336 1
3472720 1
3485769 1
3487483 1
3495551 1
3530824 1
3560366 1
3569189 1
3572644 1
3578270 1
3593650 1
3613949 1
3623885 1
3628621 1
3646750 1
3658571 1
3658885 1
3661968 1
3703333 1
3713735 1
3717358 1
3744425 1
3745499 1
3753702 1
3762738 1
3762738 1
3771240 1
3783729 1
3793099 1
3794592 1
3801178 1
3802848 1
3834348 1
3855775 1
3859574 1
3876173 1
3877295 1
3890520 1
3911236 1
3917184 1
3932397 1
3947033 1
3947117 1
3949786 1
3977189 1
3979186 1
3981342 1
3990921 1
4002082 1
4003029 1
4009550 1
4019648 1
4021278 1
4037775 1
4068968 1
4073459 1
4087943 1
4107360 1
4140593 1
4160390 1
4172817 1
4175046 1
4180176 1
4194521 1
4202908 1
4203125 1
4234048 1
4246600 1
4252458 1
4258884 1
4260168 1
4260201 1
4260202 1
4266300 1
4270098 1
4276804 1
4276804 1
4284286 1
4324331 1
4330433 1
4339295 1
4339919 1
4346849 1
4347735 1
4349363 1
4351920 1
4373018 1
4373872 1
4382033 1
4382634 1
4383346 1
4383346 1
4397374 1
4410505 1
4416377 1
4429435 1
4440766 1
4469436 1
4477607 1
4485617 1
4505901 1
4519282 1
4531086 1
4565398 1
4573787 1
4582765 1
4601331 1
4601828 1
4632865 1
4640045 1
4651518 1
4651969 1
4655246 1
4661337 1
4707600 1
4710631 1
4714938 1
4724158 1
4731726 1
4746896 1
4751097 1
4758484 1
4760834 1
4767027 1
4790193 1
4792476 1
4800803 1
4801178 1
4806977 1
4810193 1
4835681 1
4845774 1
4850778 1
4880654 1
4883361 1
4903267 1
4910091 1
4928319 1
4938950 1
4954765 1
4956854 1
4964785 1
4979345 1
4986853 1
4998603 1
4999903 1
5004289 1
5004608 1
5005651 1
5024192 1
5027488 1
5030194 1
5030603 1
5047193 1
5048316 1
5076349 1
5081261 1
5090258 1
5117613 1
5131074 1
5158404 1
5159848 1
5163497 1
5170109 1
5193367 1
5212903 1
5246483 1
5286400 1
5286575 1
5291346 1
5328225 1
5351344 1
5362287 1
5368484 1
5426934 1
5431862 1
5453193 1
5463874 1
5475525 1
5475525 1
5508524 1
5524472 1
5540248 1
5545016 1
5547127 1
5549130 1
5578854 1
5591420 1
5591425 1
5592135 1
5592384 1
5603133 1
5604222 1
5611969 1
5641890 1
5656704 1
5664203 1
5679934 1
5680289 1
5684684 1
5685152 1
5686963 1
5688808 1
5690522 1
5692056 1
5790647 1
5851983 1
5856979 1
5889810 1
5905296 1
5919979 1
5921017 1
5921017 1
5921017 1
5921017 1
5921017 1
5921017 1
5921017 1
5925711 1
5951639 1
5955394 1
5965534 1
5972960 1
5979933 1
6008185 1
6032164 1
6033748 1
6039245 1
6045864 1
6078884 1
6085372 1
6089512 1
6089512 1
6092588 1
6095832 1
6108782 1
6114321 1
6126236 1
6126767 1
6138711 1
6143864 1
6144597 1
6153725 1
6158022 1
6163653 1
6172384 1
6177774 1
6181823 1
6224846 1
6226371 1
6254673 1
6254682 1
6266780 1
6286827 1
6293366 1
6295581 1
6305207 1
6321415 1
6327061 1
6335191 1
6340170 1
6345483 1
6349225 1
6356268 1
6362515 1
6371148 1
6381096 1
6395207 1
6395985 1
6396039 1
6397933 1
6405812 1
6407288 1
6416526 1
6438350 1
6443605 1
6450984 1
6477466 1
6504331 1
6506645 1
6511527 1
6513460 1
6529432 1
6538455 1
6558737 1
6560129 1
6560602 1
6630510 1
6638522 1
6645708 1
6679871 1
6681740 1
6698257 1
6700403 1
6705969 1
6776861 1
6783781 1
6806664 1
6807782 1
6808623 1
6820786 1
6831526 1
6833569 1
6849533 1
6856687 1
6860911 1
6869955 1
6870467 1
6916648 1
6925357 1
6931969 1
6933999 1
6937176 1
6940538 1
6941030 1
6941136 1
6946707 1
6957439 1
6961424 1
6975986 1
6984240 1
6986879 1
7004221 1
7020460 1
7035438 1
7037110 1
7047728 1
7061386 1
7062115 1
7067043 1
7083475 1
7084706 1
7105718 1
7106570 1
7111938 1
7116214 1
7120744 1
7123560 1
7128850 1
7153262 1
7160406 1
7160853 1
7164674 1
7165420 1
7168743 1
7169799 1
7175473 1
7224837 1
7228616 1
7242630 1
7259179 1
7275472 1
7284357 1
7289284 1
7289933 1
7289989 1
7290931 1
7294963 1
7304295 1
7314580 1
7315342 1
7318370 1
7340224 1
7341949 1
7345895 1
7356071 1
7364621 1
7366481 1
7369068 1
7372162 1
7399914 1
7411526 1
7425767 1
7429050 1
7430333 1
7437417 1
7456191 1
7469840 1
7472613 1
7475943 1
7499458 1
7502590 1
7506107 1
7554118 1
7556266 1
7576122 1
7586666 1
7595022 1
7603483 1
7614467 1
7617684 1
7634210 1
7644020 1
7648916 1
7667843 1
7669378 1
7672053 1
7675289 1
7712836 1
7712837 1
7745308 1
7758916 1
7772480 1
7776406 1
7776635 1
7783253 1
7789018 1
7828945 1
7836195 1
7840320 1
7857657 1
7874241 1
7896646 1
7905741 1
7915226 1
7915826 1
7920477 1
7927770 1
7953501 1
7968647 1
7971888 1
8002747 1
8003829 1
8007317 1
8020192 1
8027103 1
8028891 1
8036948 1
8049311 1
8054726 1
8055082 1
8067497 1
8072319 1
8076679 1
8077279 1
8081199 1
8100764 1
8122543 1
8137686 1
8146837 1
8146837 1
8151002 1
8160648 1
8178742 1
8178881 1
8225751 1
8274598 1
8275004 1
8288128 1
