4620 1
16623 1
23501 1
23993 1
26566 1
27635 1
36067 1
40397 1
41802 1
46554 1
47506 1
49339 1
51817 1
70618 1
84178 1
89572 1
89853 1
97793 1
102367 1
112684 1
113138 1
116063 1
116412 1
120551 1
123473 1
125188 1
126314 1
126794 1
144229 1
151061 1
155536 1
156065 1
164678 1
173606 1
185874 1
192464 1
194312 1
196906 1
196964 1
197473 1
197652 1
201233 1
204490 1
204874 1
207249 1
207588 1
209832 1
212396 1
214737 1
219660 1
223430 1
223571 1
229412 1
229983 1
231306 1
247092 1
269871 1
279860 1
282375 1
285665 1
286988 1
290726 1
295369 1
296499 1
298241 1
310744 1
321874 1
326632 1
326810 1
331124 1
335443 1
341171 1
342972 1
362324 1
376148 1
404347 1
409922 1
412240 1
437360 1
445070 1
448093 1
448705 1
449270 1
458991 1
460172 1
465447 1
466573 1
466640 1
471659 1
494208 1
507313 1
513102 1
514158 1
515371 1
515665 1
515918 1
516676 1
520929 1
523329 1
564390 1
565900 1
566642 1
571981 1
572290 1
574586 1
574650 1
591448 1
619626 1
619873 1
639590 1
667812 1
671510 1
672888 1
682445 1
695764 1
701892 1
712464 1
716182 1
720609 1
722066 1
727370 1
727817 1
730031 1
737920 1
747525 1
750033 1
757459 1
768081 1
775361 1
775953 1
776650 1
776766 1
776999 1
782992 1
785012 1
785012 1
786256 1
789506 1
793703 1
796430 1
802696 1
804644 1
805463 1
814936 1
831862 1
839168 1
843137 1
849369 1
857057 1
866787 1
869781 1
889591 1
890296 1
890495 1
893274 1
897547 1
902581 1
905564 1
908430 1
914684 1
919669 1
925981 1
932630 1
933182 1
934408 1
942020 1
943115 1
944549 1
950490 1
953205 1
954986 1
959542 1
963841 1
965764 1
966964 1
970454 1
972705 1
974934 1
978801 1
992847 1
999554 1
999756 1
1003279 1
1003936 1
1007296 1
1008365 1
1011305 1
1030846 1
1030877 1
1033211 1
1060419 1
1066497 1
1070050 1
1070204 1
1077294 1
1080734 1
1082109 1
1083478 1
1093439 1
1096186 1
1096610 1
1100743 1
1102774 1
1102913 1
1105453 1
1106530 1
1109403 1
1115864 1
1116492 1
1118155 1
1120720 1
1124751 1
1129778 1
1140931 1
1145351 1
1148069 1
1156628 1
1156850 1
1160506 1
1164932 1
1166821 1
1170181 1
1170620 1
1175232 1
1176016 1
1177571 1
1180030 1
1185776 1
1194401 1
1197111 1
1211825 1
1218802 1
1220836 1
1221429 1
1225812 1
1226161 1
1226892 1
1228429 1
1230294 1
1235016 1
1235205 1
1241858 1
1243362 1
1248482 1
1248485 1
1249695 1
1257192 1
1290344 1
1292793 1
1293733 1
1298742 1
1302522 1
1305375 1
1317129 1
1327341 1
1332443 1
1343766 1
1344262 1
1351228 1
1358144 1
1364065 1
1366377 1
1368514 1
1382251 1
1383844 1
1386643 1
1389068 1
1389109 1
1389822 1
1389838 1
1393675 1
1395806 1
1399223 1
1399687 1
1400386 1
1400572 1
1401220 1
1401320 1
1421010 1
1431945 1
1433974 1
1435919 1
1440292 1
1444519 1
1452887 1
1453089 1
1474403 1
1488043 1
1491691 1
1493193 1
1506800 1
1507540 1
1507793 1
1508063 1
1520444 1
1529104 1
1529596 1
1531940 1
1546506 1
1549997 1
1554226 1
1560278 1
1568567 1
1569577 1
1572186 1
1573276 1
1573493 1
1575881 1
1590147 1
1592760 1
1603657 1
1609471 1
1609652 1
1611550 1
1611711 1
1615767 1
1622474 1
1629425 1
1631087 1
1632570 1
1634081 1
1637031 1
1640069 1
1642024 1
1646582 1
1647428 1
1652220 1
1662605 1
1663656 1
1665020 1
1673328 1
1675855 1
1681310 1
1685093 1
1691821 1
1699401 1
1701069 1
1702659 1
1702671 1
1704235 1
1706838 1
1709016 1
1709376 1
1724028 1
1730231 1
1730720 1
1741438 1
1745868 1
1745948 1
1746625 1
1771497 1
1771597 1
1774179 1
1779438 1
1779834 1
1780641 1
1780941 1
1784646 1
1794398 1
1799459 1
1800877 1
1806288 1
1808837 1
1814241 1
1818878 1
1821166 1
1827174 1
1827313 1
1828330 1
1830564 1
1831304 1
1833856 1
1837117 1
1841738 1
1845372 1
1845823 1
1846220 1
1846507 1
1848198 1
1850224 1
1859410 1
1859844 1
1860221 1
1862290 1
1866158 1
1872994 1
1881826 1
1892169 1
1897896 1
1899674 1
1904165 1
1910240 1
1913511 1
1918873 1
1919451 1
1920355 1
1937066 1
1940925 1
1955353 1
1956938 1
1962223 1
1971893 1
1973745 1
1978657 1
1994339 1
1996506 1
1997013 1
2005804 1
2006369 1
2006978 1
2009318 1
2015327 1
2019058 1
2025826 1
2028594 1
2031838 1
2037037 1
2044720 1
2058310 1
2066731 1
2068939 1
2069101 1
2071059 1
2073639 1
2080205 1
2099563 1
2108840 1
2109767 1
2110990 1
2117050 1
2124563 1
2127180 1
2164327 1
2165206 1
2166934 1
2175361 1
2187780 1
2189192 1
2195754 1
2207012 1
2207619 1
2215804 1
2231187 1
2234917 1
2248282 1
2251491 1
2259153 1
2259352 1
2262120 1
2274556 1
2285020 1
2285542 1
2287699 1
2291147 1
2291395 1
2291541 1
2294773 1
2299938 1
2306425 1
2310881 1
2322386 1
2331332 1
2335088 1
2336275 1
2365270 1
2366750 1
2370336 1
2377629 1
2377715 1
2383811 1
2385833 1
2393775 1
2410079 1
2412332 1
2418171 1
2420201 1
2424329 1
2426980 1
2433016 1
2435083 1
2442629 1
2444324 1
2451829 1
2455882 1
2459293 1
2467752 1
2477414 1
2489836 1
2490919 1
2499845 1
2507061 1
2507468 1
2513399 1
2529011 1
2531398 1
2557008 1
2562764 1
2563951 1
2564575 1
2567245 1
2577007 1
2579252 1
2591515 1
2595203 1
2596304 1
2600089 1
2603309 1
2607370 1
2614823 1
2617806 1
2622328 1
2622671 1
2642028 1
2649938 1
2670476 1
2675817 1
2685256 1
2690169 1
2700387 1
2703408 1
2709750 1
2715653 1
2722640 1
2725162 1
2726848 1
2728871 1
2730313 1
2731021 1
2736922 1
2737431 1
2739525 1
2759582 1
2760040 1
2761982 1
2767765 1
2771867 1
2774355 1
2776704 1
2780289 1
2784646 1
2795045 1
2801522 1
2804808 1
2812638 1
2813220 1
2814932 1
2817574 1
2817970 1
2820629 1
2823756 1
2829622 1
2840679 1
2840689 1
2861366 1
2863786 1
2866786 1
2868105 1
2873145 1
2879910 1
2882657 1
2884805 1
2887770 1
2891021 1
2892858 1
2895093 1
2897503 1
2897989 1
2901774 1
2903022 1
2907184 1
2907771 1
2913175 1
2914599 1
2915116 1
2927951 1
2945531 1
2946221 1
2946390 1
2954210 1
2958661 1
2966258 1
2970754 1
2978058 1
2989007 1
2993378 1
2993462 1
3007124 1
3009736 1
3010912 1
3012856 1
3013013 1
3015891 1
3017140 1
3017638 1
3017770 1
3036389 1
3039323 1
3039347 1
3049982 1
3060205 1
3066063 1
3066264 1
3068008 1
3084664 1
3084869 1
3085874 1
3086459 1
3088703 1
3093279 1
3097383 1
3112909 1
3115958 1
3118754 1
3121806 1
3123579 1
3124481 1
3126400 1
3127192 1
3135680 1
3142648 1
3146979 1
3147011 1
3152505 1
3153995 1
3162327 1
3168588 1
3172357 1
3174642 1
3175290 1
3178260 1
3191686 1
3204873 1
3204889 1
3216014 1
3216133 1
3221840 1
3232723 1
3233731 1
3235045 1
3243334 1
3244459 1
3247823 1
3263468 1
3271058 1
3272032 1
3276471 1
3276510 1
3284844 1
3284903 1
3292353 1
3292389 1
3297455 1
3297455 1
3302432 1
3306951 1
3316691 1
3318305 1
3319631 1
3326466 1
3327635 1
3329403 1
3334939 1
3344094 1
3347082 1
3355526 1
3358579 1
3359874 1
3363463 1
3380643 1
3381738 1
3387513 1
3389113 1
3389598 1
3418061 1
3420788 1
3422145 1
3423006 1
3430220 1
3432469 1
3444679 1
3445256 1
3451507 1
3451622 1
3463488 1
3468421 1
3471617 1
3475474 1
3476389 1
3478023 1
3493505 1
3493758 1
3494424 1
3494520 1
3503354 1
3517973 1
3521072 1
3521396 1
3523620 1
3526068 1
3526304 1
3527097 1
3527144 1
3530556 1
3538815 1
3543947 1
3549581 1
3566964 1
3574937 1
3580646 1
3581882 1
3582541 1
3584005 1
3584212 1
3584321 1
3589876 1
3605254 1
3606240 1
3621243 1
3626673 1
3627739 1
3630259 1
3643817 1
3645240 1
3649072 1
3654592 1
3655468 1
3658547 1
3658598 1
3662216 1
3673654 1
3674111 1
3684381 1
3697155 1
3697803 1
3700607 1
3705705 1
3706328 1
3707146 1
3708957 1
3711986 1
3718279 1
3721645 1
3722189 1
3736017 1
3740189 1
3750130 1
3770947 1
3774705 1
3778374 1
3778692 1
3792638 1
3795917 1
3797938 1
3802617 1
3805357 1
3805604 1
3811221 1
3811784 1
3817469 1
3818902 1
3822171 1
3828121 1
3833554 1
3834401 1
3844715 1
3844725 1
3848936 1
3854287 1
3854287 1
3854287 1
3854287 1
3854287 1
3854287 1
3854287 1
3854287 1
3856510 1
3860958 1
3862859 1
3863373 1
3863407 1
3864344 1
3866470 1
3867513 1
3867553 1
3869727 1
3871349 1
3872882 1
3874105 1
3885475 1
3886066 1
3888462 1
3894665 1
3915426 1
3919849 1
3932884 1
3938334 1
3938334 1
3939864 1
3943066 1
3947235 1
3954845 1
3960252 1
3960815 1
3961593 1
3979116 1
3983249 1
3988959 1
3994285 1
3995568 1
4004902 1
4008259 1
4017063 1
4024503 1
4025958 1
4028743 1
4030291 1
4036243 1
4044450 1
4054763 1
4058410 1
4076143 1
4079632 1
4086380 1
4093490 1
4106745 1
4111179 1
4125033 1
4129017 1
4142060 1
4171646 1
4174782 1
4175557 1
4177308 1
4187998 1
4190353 1
4191745 1
4195424 1
4196722 1
4199769 1
4209402 1
4209505 1
4214607 1
4218440 1
4225243 1
4235653 1
4237022 1
4241073 1
4257850 1
4259417 1
4259795 1
4261645 1
4263395 1
4268058 1
4270023 1
4281964 1
4288644 1
4292848 1
4292848 1
4302462 1
4308298 1
4314023 1
4316345 1
4319405 1
4323288 1
4324952 1
4330135 1
4339544 1
4346445 1
4347264 1
4347472 1
4351740 1
4356874 1
4357330 1
4380384 1
4385225 1
4390525 1
4402706 1
4414823 1
4419141 1
4422081 1
4425863 1
4425933 1
4435036 1
4436742 1
4440361 1
4442570 1
4449672 1
4452592 1
4463959 1
4466849 1
4468412 1
4469783 1
4490207 1
4494140 1
4501252 1
4502819 1
4504754 1
4524293 1
4527276 1
4528013 1
4531289 1
4534985 1
4541690 1
4544007 1
4544922 1
4546360 1
4554355 1
4554355 1
4560461 1
4565974 1
4573151 1
4574294 1
4579420 1
4587508 1
4588901 1
4592663 1
4597055 1
4598262 1
4606230 1
4609609 1
4610044 1
4610053 1
4619785 1
4624069 1
4629505 1
4634413 1
4635577 1
4646739 1
4647397 1
4649090 1
4651035 1
4662264 1
4667537 1
4671735 1
4672161 1
4673698 1
4673965 1
4679739 1
4680005 1
4682456 1
4686595 1
4691312 1
4693351 1
4711152 1
4719843 1
4737533 1
4738587 1
4738587 1
4740389 1
4752101 1
4754965 1
4757110 1
4761271 1
4761635 1
4763248 1
4767616 1
4773016 1
4773132 1
4774735 1
4775624 1
4780202 1
4785306 1
4791510 1
4800352 1
4800352 1
4801090 1
4812031 1
4816329 1
4816520 1
4817851 1
4817888 1
4825957 1
4828272 1
4832402 1
4833294 1
4833736 1
4836280 1
4844578 1
4846343 1
4849525 1
4851988 1
4853316 1
4860029 1
4867765 1
4885636 1
4889795 1
4897046 1
4905219 1
4916246 1
4930706 1
4930756 1
4931032 1
4931194 1
4931394 1
4964847 1
4965931 1
4967270 1
4973907 1
4992362 1
4997362 1
4999662 1
5008430 1
5017132 1
5025925 1
5028341 1
5044026 1
5047652 1
5047717 1
5048336 1
5057776 1
5074287 1
5075810 1
5120788 1
5138016 1
5140186 1
5141113 1
5141612 1
5149299 1
5168120 1
5170330 1
5172230 1
5179087 1
5189850 1
5192562 1
5196427 1
5205517 1
5211033 1
5211868 1
5213477 1
5222691 1
5228261 1
5235439 1
5238492 1
5255386 1
5280852 1
5284006 1
5289704 1
5291132 1
5296894 1
5298468 1
5299787 1
5304515 1
5311006 1
5315667 1
5326480 1
5329724 1
5344671 1
5346537 1
5346996 1
5347469 1
5347686 1
5348016 1
5349893 1
5355945 1
5358341 1
5363607 1
5366065 1
5391641 1
5422102 1
5423831 1
5429978 1
5432889 1
5435173 1
5435425 1
5436290 1
5441549 1
5444256 1
5445422 1
5449356 1
5449897 1
5454792 1
5460005 1
5463434 1
5465376 1
5467876 1
5471423 1
5479967 1
5480508 1
5483866 1
5488159 1
5502181 1
5505795 1
5518282 1
5518576 1
5530925 1
5548811 1
5567213 1
5573963 1
5599676 1
5600213 1
5618253 1
5628794 1
5636312 1
5641076 1
5649666 1
5658263 1
5660087 1
5663175 1
5674264 1
5685252 1
5690749 1
5691570 1
5700697 1
5701651 1
5705327 1
5706882 1
5709177 1
5709415 1
5714632 1
5716546 1
5720695 1
5722499 1
5722866 1
5728174 1
5740835 1
5765432 1
5769206 1
5771196 1
5771878 1
5777063 1
5782201 1
5793311 1
5793853 1
5794369 1
5796855 1
5802437 1
5803223 1
5803280 1
5805645 1
5807630 1
5810377 1
5824842 1
5856926 1
5858175 1
5859680 1
5875296 1
5879268 1
5885702 1
5886762 1
5894304 1
5898710 1
5899917 1
5903591 1
5904760 1
5907600 1
5910694 1
5920172 1
5921448 1
5926901 1
5931988 1
5932963 1
5933775 1
5948960 1
5955559 1
5959868 1
5959899 1
5969122 1
5969359 1
5973201 1
5976025 1
5979588 1
5989520 1
5991004 1
5994933 1
5998040 1
6004556 1
6011423 1
6013910 1
6014789 1
6034334 1
6040528 1
6041752 1
6047066 1
6048066 1
6050418 1
6050796 1
6050995 1
6055721 1
6058069 1
6061790 1
6065377 1
6073019 1
6074487 1
6074640 1
6079012 1
6079019 1
6079954 1
6087254 1
6099545 1
6100207 1
6120553 1
6121279 1
6125638 1
6126990 1
6132680 1
6150725 1
6151686 1
6153240 1
6163455 1
6191979 1
6207116 1
6227546 1
6230230 1
6234307 1
6238667 1
6249815 1
6252327 1
6252709 1
6253482 1
6256306 1
6259551 1
6260672 1
6262206 1
6264263 1
6269153 1
6271533 1
6280349 1
6293774 1
6293930 1
6303611 1
6307316 1
6322480 1
6331329 1
6336754 1
6338502 1
6345641 1
6355383 1
6357552 1
6358609 1
6360942 1
6363842 1
6367583 1
6369662 1
6373095 1
6380391 1
6382587 1
6395554 1
6397848 1
6401454 1
6405694 1
6406336 1
6409946 1
6423771 1
6424313 1
6455496 1
6458975 1
6464926 1
6466800 1
6473423 1
6475680 1
6482475 1
6485426 1
6492061 1
6499800 1
6501810 1
6521828 1
6533077 1
6533802 1
6543459 1
6544083 1
6554864 1
6555585 1
6559653 1
6560067 1
6562361 1
6574977 1
6575228 1
6583016 1
6583571 1
6584206 1
6584879 1
6587274 1
6594760 1
6606151 1
6616697 1
6621354 1
6625260 1
6628950 1
6629141 1
6638541 1
6640393 1
6640735 1
6641736 1
6647342 1
6657445 1
6661744 1
6681734 1
6696256 1
6698393 1
6718053 1
6733606 1
6737495 1
6737648 1
6739128 1
6740769 1
6741502 1
6744299 1
6761245 1
6763275 1
6767255 1
6769171 1
6774785 1
6777494 1
6780247 1
6782929 1
6785902 1
6802713 1
6806342 1
6808713 1
6835221 1
6841778 1
6842510 1
6852960 1
6856401 1
6864412 1
6867521 1
6868258 1
6870496 1
6876804 1
6881958 1
6882366 1
6882444 1
6883380 1
6883966 1
6884064 1
6889085 1
6889386 1
6890592 1
6894193 1
6896801 1
6898149 1
6900856 1
6906391 1
6909298 1
6916219 1
6921619 1
6925499 1
6932746 1
6932776 1
6932821 1
6932987 1
6939725 1
6948815 1
6950750 1
6950764 1
6953877 1
6964557 1
6967440 1
6972247 1
6972929 1
6973209 1
6975025 1
6976601 1
6978293 1
6981394 1
6981728 1
6991189 1
7012677 1
7025817 1
7026770 1
7031615 1
7032485 1
7051053 1
7053301 1
7056467 1
7069287 1
7071705 1
7071776 1
7072546 1
7074425 1
7075551 1
7083533 1
7083943 1
7098360 1
7100303 1
7108132 1
7110969 1
7113087 1
7116428 1
7118964 1
7125096 1
7134420 1
7144372 1
7151469 1
7155318 1
7157313 1
7161776 1
7166658 1
7168910 1
7174329 1
7185340 1
7215692 1
7216736 1
7223654 1
7227653 1
7232053 1
7233722 1
7234475 1
7247870 1
7247943 1
7261758 1
7265507 1
7274813 1
7277824 1
7278896 1
7282355 1
7284606 1
7288135 1
7290710 1
7296009 1
7302093 1
7309012 1
7310013 1
7314376 1
7327225 1
7329529 1
7330785 1
7332549 1
7332747 1
7334548 1
7337051 1
7341988 1
7347202 1
7349676 1
7356004 1
7359512 1
7363966 1
7366551 1
7375916 1
7375961 1
7380416 1
7392187 1
7394567 1
7395527 1
7398512 1
7398556 1
7403575 1
7406840 1
7424950 1
7428487 1
7436218 1
7436930 1
7439474 1
7442600 1
7462273 1
7484845 1
7494488 1
7504047 1
7506087 1
7506178 1
7514575 1
7523884 1
7530493 1
7538237 1
7539325 1
7542607 1
7543081 1
7547011 1
7552310 1
7562207 1
7563822 1
7573587 1
7573725 1
7584604 1
7585237 1
7588586 1
7589351 1
7591788 1
7598622 1
7600741 1
7601106 1
7608580 1
7611952 1
7617507 1
7618262 1
7621685 1
7624442 1
7637265 1
7638912 1
7642049 1
7651280 1
7652676 1
7662881 1
7665264 1
7666286 1
7667813 1
7671230 1
7672895 1
7673853 1
7686972 1
7687529 1
7691121 1
7693117 1
7693290 1
7702610 1
7702959 1
7703693 1
7716426 1
7716455 1
7717423 1
7718932 1
7730840 1
7746192 1
7754069 1
7765483 1
7772457 1
7774859 1
7779135 1
7779426 1
7783867 1
7785190 1
7788008 1
7797661 1
7803405 1
7806110 1
7807544 1
7817927 1
7819744 1
7821566 1
7825006 1
7827950 1
7831009 1
7831044 1
7834900 1
7838353 1
7855370 1
7856695 1
7875960 1
7878446 1
7879238 1
7882655 1
7883310 1
7883583 1
7885373 1
7889251 1
7894854 1
7894854 1
7901895 1
7904225 1
7910498 1
7912357 1
7922766 1
7925761 1
7939869 1
7942098 1
7952839 1
7961546 1
7971467 1
7975195 1
7979107 1
7994119 1
7995530 1
7995995 1
7999327 1
8002930 1
8005176 1
8007334 1
8008635 1
8008635 1
8012219 1
8014884 1
8024315 1
8027546 1
8038779 1
8040348 1
8041803 1
8042029 1
8044327 1
8046194 1
8046827 1
8050525 1
8051863 1
8052155 1
8052683 1
8053075 1
8053081 1
8060628 1
8074053 1
8074849 1
8079665 1
8083911 1
8086985 1
8087547 1
8088240 1
8098231 1
8099937 1
8099973 1
8103706 1
8114169 1
8116627 1
8119859 1
8123368 1
8125325 1
8127683 1
8129240 1
8132751 1
8136145 1
8138808 1
8139129 1
8144888 1
8151393 1
8158369 1
8160947 1
8163993 1
8164462 1
8170315 1
8198867 1
8204437 1
8227659 1
8232271 1
8236188 1
8255158 1
8256220 1
8265010 1
8266600 1
8271935 1
8273982 1
8306544 1
8306752 1
8310943 1
1368 1
4543 1
30165 1
44339 1
46963 1
47423 1
51733 1
52098 1
56535 1
56891 1
60486 1
62636 1
67946 1
69191 1
77262 1
79443 1
100227 1
109113 1
111807 1
116030 1
120262 1
120397 1
123364 1
142251 1
143081 1
148622 1
152491 1
167981 1
168248 1
175171 1
181818 1
184168 1
187697 1
189972 1
191782 1
200821 1
204248 1
212407 1
214535 1
217994 1
218644 1
219787 1
220222 1
220448 1
221752 1
225974 1
227237 1
230282 1
248380 1
268187 1
275976 1
276666 1
278475 1
292971 1
293402 1
299318 1
303041 1
309014 1
313215 1
315599 1
333402 1
344907 1
345907 1
345907 1
347587 1
357918 1
358897 1
361662 1
365197 1
365760 1
365771 1
367522 1
374199 1
375502 1
379928 1
384532 1
386590 1
425953 1
434003 1
441734 1
448557 1
459463 1
473793 1
490377 1
491652 1
495288 1
496191 1
514272 1
514316 1
516046 1
519224 1
546956 1
547431 1
553094 1
555284 1
559213 1
560750 1
568575 1
568970 1
570051 1
574246 1
574956 1
574972 1
586495 1
586961 1
590520 1
593681 1
597851 1
600976 1
618704 1
630004 1
649787 1
665858 1
667832 1
675753 1
677887 1
678491 1
680693 1
681660 1
686749 1
705940 1
720412 1
725056 1
731397 1
739421 1
742621 1
758842 1
764202 1
764923 1
768707 1
773708 1
777214 1
794327 1
796139 1
796666 1
800953 1
810086 1
811553 1
825932 1
826345 1
831601 1
832409 1
834395 1
836638 1
853867 1
855312 1
870243 1
890368 1
890442 1
897468 1
907919 1
909129 1
911488 1
912238 1
914346 1
916584 1
917697 1
918843 1
918846 1
923335 1
924524 1
928537 1
928537 1
937950 1
940569 1
941270 1
941594 1
955637 1
956508 1
961402 1
963140 1
964681 1
967338 1
971020 1
975274 1
979246 1
979476 1
981469 1
985978 1
992881 1
1005677 1
1008440 1
1014800 1
1016220 1
1023436 1
1034909 1
1039167 1
1041937 1
1044015 1
1045594 1
1048725 1
1062715 1
1064888 1
1066035 1
1070416 1
1074513 1
1076920 1
1078827 1
1081927 1
1088297 1
1093793 1
1099359 1
1107629 1
1108615 1
1116845 1
1124229 1
1134358 1
1136266 1
1139920 1
1143569 1
1146632 1
1146811 1
1148775 1
1151340 1
1160346 1
1163381 1
1169852 1
1171078 1
1174042 1
1174417 1
1178224 1
1182857 1
1184403 1
1186509 1
1196181 1
1198585 1
1199914 1
1201444 1
1205462 1
1215736 1
1221566 1
1222098 1
1240652 1
1260627 1
1280628 1
1297475 1
1307019 1
1307483 1
1312762 1
1320240 1
1320240 1
1321155 1
1325172 1
1329865 1
1331641 1
1332880 1
1334242 1
1335522 1
1336494 1
1338808 1
1348232 1
1349110 1
1351953 1
1359058 1
1359475 1
1367788 1
1369484 1
1370068 1
1375903 1
1378513 1
1383653 1
1385713 1
1392956 1
1395562 1
1395562 1
1399118 1
1400085 1
1406738 1
1407621 1
1408387 1
1409321 1
1418950 1
1422822 1
1423501 1
1432099 1
1437230 1
1449553 1
1459922 1
1463362 1
1467464 1
1469406 1
1471282 1
1484238 1
1484481 1
1486171 1
1490870 1
1494193 1
1494216 1
1494536 1
1495457 1
1505388 1
1507882 1
1509091 1
1510095 1
1512642 1
1525043 1
1529057 1
1534406 1
1542180 1
1545352 1
1546052 1
1546881 1
1553086 1
1555792 1
1569829 1
1569833 1
1577315 1
1584613 1
1584648 1
1596095 1
1598655 1
1600047 1
1609198 1
1621204 1
1623155 1
1625437 1
1627998 1
1627998 1
1629546 1
1641802 1
1647981 1
1655020 1
1659830 1
1659963 1
1661079 1
1662346 1
1662951 1
1663218 1
1666942 1
1668358 1
1668680 1
1670448 1
1670579 1
1671339 1
1672951 1
1673348 1
1674325 1
1675344 1
1680309 1
1683011 1
1683210 1
1702597 1
1710128 1
1719822 1
1724063 1
1729870 1
1730248 1
1730734 1
1731274 1
1744394 1
1745941 1
1752357 1
1755410 1
1768717 1
1769653 1
1775085 1
1776092 1
1776443 1
1778994 1
1780174 1
1780317 1
1781224 1
1781224 1
1785186 1
1791497 1
1792291 1
1798287 1
1809934 1
1814108 1
1815730 1
1831336 1
1831872 1
1835558 1
1837232 1
1841628 1
1847337 1
1853047 1
1857978 1
1863055 1
1883870 1
1887421 1
1891890 1
1894546 1
1896920 1
1909149 1
1909280 1
1913396 1
1914669 1
1917482 1
1919481 1
1924274 1
1928954 1
1937536 1
1943474 1
1947646 1
1951923 1
1952088 1
1956904 1
1965486 1
1975356 1
1989480 1
1995620 1
1996880 1
1996979 1
2002287 1
2010501 1
2011776 1
2013251 1
2014538 1
2014900 1
2019142 1
2022536 1
2032120 1
2040538 1
2044500 1
2054716 1
2055683 1
2057632 1
2067978 1
2069350 1
2069985 1
2070081 1
2078202 1
2079587 1
2094974 1
2095401 1
2095705 1
2097561 1
2099966 1
2102385 1
2105073 1
2109135 1
2113456 1
2117998 1
2124245 1
2124908 1
2127519 1
2142407 1
2146050 1
2148566 1
2160766 1
2162485 1
2166810 1
2166874 1
2170536 1
2174040 1
2177176 1
2180722 1
2185078 1
2187585 1
2191523 1
2192187 1
2198556 1
2200730 1
2216172 1
2220186 1
2221255 1
2226535 1
2230244 1
2231324 1
2233764 1
2241624 1
2244397 1
2248233 1
2248840 1
2255073 1
2256313 1
2269965 1
2277838 1
2281483 1
2290775 1
2293499 1
2296567 1
2299989 1
2315987 1
2321837 1
2326551 1
2328903 1
2332131 1
2336246 1
2347610 1
2357694 1
2358513 1
2359628 1
2359969 1
2377015 1
2383430 1
2384050 1
2385964 1
2396730 1
2405343 1
2405980 1
2415091 1
2415537 1
2415868 1
2416253 1
2422606 1
2437222 1
2456909 1
2466331 1
2476807 1
2478503 1
2484127 1
2490282 1
2497055 1
2514074 1
2517862 1
2521617 1
2526615 1
2529829 1
2532145 1
2533163 1
2533220 1
2534779 1
2535512 1
2537922 1
2542633 1
2554123 1
2557875 1
2558692 1
2572348 1
2582508 1
2589416 1
2605972 1
2606004 1
2608738 1
2609043 1
2612370 1
2615190 1
2619371 1
2622857 1
2623229 1
2623699 1
2629003 1
2631238 1
2650957 1
2652495 1
2654849 1
2655150 1
2663364 1
2668925 1
2672535 1
2676191 1
2678166 1
2680221 1
2680460 1
2680650 1
2684070 1
2684120 1
2684958 1
2686775 1
2687897 1
2689117 1
2709014 1
2712937 1
2718001 1
2720816 1
2725556 1
2726011 1
2729109 1
2732464 1
2736877 1
2742249 1
2747611 1
2759493 1
2762816 1
2764234 1
2772565 1
2782536 1
2783263 1
2786954 1
2801129 1
2801157 1
2809899 1
2813947 1
2825627 1
2829825 1
2829914 1
2830698 1
2830781 1
2840861 1
2854666 1
2855728 1
2860958 1
2867157 1
2883476 1
2886079 1
2886878 1
2890354 1
2899121 1
2901276 1
2903512 1
2910659 1
2911490 1
2929847 1
2934801 1
2934937 1
2938745 1
2943526 1
2943903 1
2969998 1
2971102 1
2976661 1
2986691 1
2989759 1
2994106 1
3002392 1
3015245 1
3027235 1
3029791 1
3033756 1
3034572 1
3035964 1
3039042 1
3040678 1
3045673 1
3053679 1
3055159 1
3063266 1
3063934 1
3079119 1
3079613 1
3082815 1
3087653 1
3090910 1
3095690 1
3098084 1
3105990 1
3122615 1
3123240 1
3126642 1
3126642 1
3127795 1
3134380 1
3141567 1
3146781 1
3161751 1
3164169 1
3166539 1
3175136 1
3176676 1
3183215 1
3183215 1
3189244 1
3189255 1
3193657 1
3213795 1
3214131 1
3223376 1
3228593 1
3236007 1
3251525 1
3258507 1
3260054 1
3266874 1
3272435 1
3276829 1
3281616 1
3286595 1
3290916 1
3303853 1
3308024 1
3310493 1
3323469 1
3324680 1
3329417 1
3332911 1
3337007 1
3341526 1
3342456 1
3343055 1
3345280 1
3358806 1
3374541 1
3377434 1
3380149 1
3380620 1
3384087 1
3385278 1
3394185 1
3402568 1
3403903 1
3409060 1
3414929 1
3415826 1
3417392 1
3418544 1
3425058 1
3426323 1
3431194 1
3444397 1
3447364 1
3447733 1
3448593 1
3449565 1
3452590 1
3454340 1
3468580 1
3469439 1
3477110 1
3477227 1
3478683 1
3479008 1
3479810 1
3481160 1
3489945 1
3493220 1
3507256 1
3508657 1
3515493 1
3532110 1
3546736 1
3547833 1
3550229 1
3557300 1
3559796 1
3572845 1
3584409 1
3584634 1
3588533 1
3589448 1
3590179 1
3592978 1
3598994 1
3598994 1
3600049 1
3620421 1
3628233 1
3631222 1
3632049 1
3647966 1
3648588 1
3656286 1
3656375 1
3658515 1
3662253 1
3664179 1
3672335 1
3678301 1
3684430 1
3685842 1
3686929 1
3691461 1
3696950 1
3698662 1
3701289 1
3703285 1
3717264 1
3719386 1
3719537 1
3726564 1
3727372 1
3740694 1
3743810 1
3755893 1
3766364 1
3766567 1
3769167 1
3773702 1
3778471 1
3784314 1
3784676 1
3790812 1
3790902 1
3794076 1
3795107 1
3795934 1
3799947 1
3804919 1
3815881 1
3818362 1
3826263 1
3828004 1
3830025 1
3838141 1
3839122 1
3839262 1
3851743 1
3861988 1
3867123 1
3868208 1
3869077 1
3875651 1
3879485 1
3880843 1
3890003 1
3904718 1
3906377 1
3920116 1
3932734 1
3935176 1
3952136 1
3956188 1
3956383 1
3965464 1
3970709 1
3975030 1
3975690 1
3986055 1
3989714 1
3989863 1
3991102 1
3995899 1
4011608 1
4013521 1
4015342 1
4016716 1
4017891 1
4021860 1
4023923 1
4025847 1
4026744 1
4029407 1
4029670 1
4031558 1
4035589 1
4038951 1
4041246 1
4051486 1
4055984 1
4058252 1
4059705 1
4065228 1
4070439 1
4075000 1
4083860 1
4085030 1
4087344 1
4092397 1
4095097 1
4107538 1
4108675 1
4121785 1
4137737 1
4143890 1
4144358 1
4145521 1
4147939 1
4151091 1
4159116 1
4162792 1
4171478 1
4175859 1
4183086 1
4186126 1
4194512 1
4198321 1
4199352 1
4208204 1
4209556 1
4214555 1
4217863 1
4228245 1
4233924 1
4234999 1
4240163 1
4252724 1
4254670 1
4257682 1
4265009 1
4266760 1
4270274 1
4279966 1
4279977 1
4282038 1
4284276 1
4288216 1
4295005 1
4303084 1
4313911 1
4319027 1
4332717 1
4335770 1
4338993 1
4342029 1
4346827 1
4348595 1
4351214 1
4374466 1
4378764 1
4386239 1
4386411 1
4389355 1
4401473 1
4409277 1
4415008 1
4415796 1
4416089 1
4418388 1
4428721 1
4434069 1
4437861 1
4440275 1
4472602 1
4476287 1
4481122 1
4488675 1
4494151 1
4496406 1
4518486 1
4530052 1
4535919 1
4545569 1
4558843 1
4564194 1
4568679 1
4580246 1
4595751 1
4597655 1
4602351 1
4609625 1
4614576 1
4618492 1
4620650 1
4620790 1
4623039 1
4636773 1
4647446 1
4651743 1
4658860 1
4665198 1
4667581 1
4668362 1
4679763 1
4683619 1
4686475 1
4702761 1
4703954 1
4706807 1
4713848 1
4718640 1
4722098 1
4730617 1
4731285 1
4739073 1
4746818 1
4753978 1
4756620 1
4759907 1
4761476 1
4765613 1
4771028 1
4798978 1
4805383 1
4809329 1
4812231 1
4814615 1
4818869 1
4826056 1
4827057 1
4833092 1
4841299 1
4847416 1
4853303 1
4854079 1
4857190 1
4860359 1
4862915 1
4868954 1
4872085 1
4880250 1
4880500 1
4883790 1
4896427 1
4897169 1
4900605 1
4903106 1
4905711 1
4908120 1
4908555 1
4910474 1
4935121 1
4936623 1
4936997 1
4943293 1
4946350 1
4948491 1
4950384 1
4952023 1
4953882 1
4954390 1
4955349 1
4955372 1
4957729 1
4960599 1
4964169 1
4979912 1
4982029 1
4982202 1
4989703 1
5000126 1
5000690 1
5004496 1
5005150 1
5017938 1
5019948 1
5024836 1
5032299 1
5046317 1
5047134 1
5052627 1
5056980 1
5081638 1
5081854 1
5098526 1
5125405 1
5125801 1
5130485 1
5132679 1
5139663 1
5147143 1
5148984 1
5152146 1
5152684 1
5152705 1
5153136 1
5155261 1
5162862 1
5163976 1
5163976 1
5169970 1
5175480 1
5180762 1
5183489 1
5194798 1
5195657 1
5203022 1
5206356 1
5210848 1
5233575 1
5259656 1
5266369 1
5276278 1
5277434 1
5280676 1
5280837 1
5283930 1
5297278 1
5301343 1
5314310 1
5331674 1
5335428 1
5336513 1
5340110 1
5341914 1
5346564 1
5354705 1
5354831 1
5361022 1
5363597 1
5382488 1
5386259 1
5394556 1
5430702 1
5437787 1
5444968 1
5458533 1
5464240 1
5472218 1
5479805 1
5494862 1
5505259 1
5505517 1
5506358 1
5518634 1
5520785 1
5528577 1
5532747 1
5538408 1
5550677 1
5556943 1
5567645 1
5571642 1
5579522 1
5580235 1
5580403 1
5584709 1
5602952 1
5603907 1
5605825 1
5607719 1
5608589 1
5611540 1
5612114 1
5612129 1
5617231 1
5621316 1
5624042 1
5624281 1
5628169 1
5630979 1
5631112 1
5636878 1
5637762 1
5638456 1
5646185 1
5647818 1
5650439 1
5655427 1
5659365 1
5666035 1
5668521 1
5672666 1
5679590 1
5683009 1
5685093 1
5699326 1
5699567 1
5702269 1
5703065 1
5734898 1
5735706 1
5737666 1
5741561 1
5741561 1
5743383 1
5748185 1
5752541 1
5753267 1
5761944 1
5765206 1
5765535 1
5766440 1
5774212 1
5782450 1
5783694 1
5790154 1
5796697 1
5796732 1
5800720 1
5803415 1
5805489 1
5805798 1
5807852 1
5808240 1
5811580 1
5821431 1
5822575 1
5826200 1
5860067 1
5860784 1
5873081 1
5874498 1
5876825 1
5876825 1
5888563 1
5891341 1
5918408 1
5923318 1
5945638 1
5948401 1
5948870 1
5973603 1
5976516 1
5976516 1
5985377 1
5988064 1
5992589 1
6004442 1
6009628 1
6010847 1
6013875 1
6015538 1
6044894 1
6045331 1
6046978 1
6060553 1
6060903 1
6061286 1
6061511 1
6067516 1
6072693 1
6075296 1
6099502 1
6104598 1
6108041 1
6109872 1
6111135 1
6118259 1
6125237 1
6133323 1
6144426 1
6151218 1
6158866 1
6159187 1
6174486 1
6184373 1
6185095 1
6188627 1
6191679 1
6196038 1
6197516 1
6198998 1
6203812 1
6228657 1
6231731 1
6235187 1
6238856 1
6254505 1
6254713 1
6254719 1
6254724 1
6255932 1
6257758 1
6261821 1
6262968 1
6265741 1
6269975 1
6273750 1
6273900 1
6287420 1
6288664 1
6292398 1
6292966 1
6297398 1
6299917 1
6302378 1
6318792 1
6325457 1
6330900 1
6337304 1
6338495 1
6339651 1
6348142 1
6361512 1
6366573 1
6368803 1
6393099 1
6400078 1
6400932 1
6408758 1
6416116 1
6417363 1
6418687 1
6422431 1
6426220 1
6433660 1
6449318 1
6452321 1
6452750 1
6452829 1
6455952 1
6465080 1
6470401 1
6471806 1
6478079 1
6483851 1
6484013 1
6484861 1
6485798 1
6490711 1
6500576 1
6501325 1
6501838 1
6503642 1
6506154 1
6507416 1
6508417 1
6514417 1
6514670 1
6532510 1
6534339 1
6534538 1
6544759 1
6548978 1
6550532 1
6550535 1
6554802 1
6556822 1
6563187 1
6572849 1
6573004 1
6577030 1
6580640 1
6582441 1
6584034 1
6593252 1
6614601 1
6618466 1
6619806 1
6621431 1
6626181 1
6636402 1
6647652 1
6655992 1
6656495 1
6657429 1
6661489 1
6667800 1
6671393 1
6671674 1
6687472 1
6688476 1
6693627 1
6694642 1
6706548 1
6706613 1
6710291 1
6714780 1
6716187 1
6730684 1
6733315 1
6733715 1
6735071 1
6741477 1
6741733 1
6757271 1
6759283 1
6760484 1
6766542 1
6769710 1
6772759 1
6774082 1
6778864 1
6791874 1
6805747 1
6808786 1
6811032 1
6816883 1
6829129 1
6844763 1
6845398 1
6849655 1
6868430 1
6869766 1
6871251 1
6873566 1
6879611 1
6891583 1
6894628 1
6899211 1
6912103 1
6914245 1
6914591 1
6923030 1
6924140 1
6926550 1
6929446 1
6930182 1
6930472 1
6933688 1
6950196 1
6952144 1
6953972 1
6955046 1
6958419 1
6975280 1
6981266 1
6982673 1
6992468 1
6993240 1
6993695 1
6998126 1
7000568 1
7000650 1
7015286 1
7021454 1
7024925 1
7027324 1
7027618 1
7029355 1
7047550 1
7050932 1
7057018 1
7057440 1
7058250 1
7059718 1
7064133 1
7065965 1
7069210 1
7073445 1
7073540 1
7074492 1
7075741 1
7077151 1
7078380 1
7095106 1
7100229 1
7106582 1
7108487 1
7108730 1
7110637 1
7111514 1
7116589 1
7117031 1
7118274 1
7120947 1
7123733 1
7127720 1
7129221 1
7129275 1
7129302 1
7129316 1
7130222 1
7133804 1
7134358 1
7140731 1
7143164 1
7144617 1
7147092 1
7152374 1
7159042 1
7159528 1
7170462 1
7177204 1
7186688 1
7211800 1
7213927 1
7214369 1
7216428 1
7220141 1
7228697 1
7234862 1
7247389 1
7249362 1
7254009 1
7256053 1
7256872 1
7257280 1
7258173 1
7260015 1
7266957 1
7273578 1
7277383 1
7281131 1
7281865 1
7283333 1
7292948 1
7297196 1
7317548 1
7318466 1
7322698 1
7337425 1
7341428 1
7342848 1
7345339 1
7346401 1
7347014 1
7357445 1
7359662 1
7362641 1
7363615 1
7363903 1
7368363 1
7372568 1
7390436 1
7401721 1
7401970 1
7403479 1
7409227 1
7417922 1
7419439 1
7419868 1
7422953 1
7425293 1
7425575 1
7427507 1
7428653 1
7436190 1
7437141 1
7438874 1
7445527 1
7448306 1
7449548 1
7451184 1
7452117 1
7455330 1
7461010 1
7461904 1
7476013 1
7483693 1
7485830 1
7491565 1
7499235 1
7501999 1
7506216 1
7520149 1
7525400 1
7528839 1
7529615 1
7539488 1
7540220 1
7540220 1
7540883 1
7541188 1
7544847 1
7546704 1
7548476 1
7550792 1
7555523 1
7568320 1
7582304 1
7588727 1
7589938 1
7591971 1
7592816 1
7593495 1
7598803 1
7627971 1
7628180 1
7628331 1
7628331 1
7638845 1
7640633 1
7643816 1
7652487 1
7653721 1
7659797 1
7669338 1
7679645 1
7691773 1
7694128 1
7696024 1
7696653 1
7697483 1
7704877 1
7710796 1
7713001 1
7714361 1
7717586 1
7728613 1
7742720 1
7750979 1
7753109 1
7757437 1
7759715 1
7767122 1
7770490 1
7771637 1
7774387 1
7776579 1
7778250 1
7785469 1
7792666 1
7794131 1
7800524 1
7803658 1
7807511 1
7812841 1
7822281 1
7826212 1
7844101 1
7848198 1
7851509 1
7868032 1
7877984 1
7880844 1
7881788 1
7881794 1
7897883 1
7901799 1
7904894 1
7905567 1
7907237 1
7910222 1
7925692 1
7935178 1
7943968 1
7948931 1
7950968 1
7954031 1
7956645 1
7968020 1
7968958 1
7970101 1
7978218 1
7979519 1
7983956 1
7989464 1
7993307 1
7994523 1
7994793 1
8000576 1
8006936 1
8007407 1
8010577 1
8015623 1
8017391 1
8023202 1
8028796 1
8044098 1
8045933 1
8048906 1
8050425 1
8052298 1
8052848 1
8053279 1
8053984 1
8059085 1
8060419 1
8072685 1
8082219 1
8084386 1
8085215 1
8087042 1
8087592 1
8091863 1
8096154 1
8098897 1
8102130 1
8104341 1
8107208 1
8107598 1
8111525 1
8111979 1
8119308 1
8128675 1
8130438 1
8131501 1
8132998 1
8136053 1
8137631 1
8140002 1
8140229 1
8140464 1
8142355 1
8145282 1
8146348 1
8153018 1
8162857 1
8191689 1
8194808 1
8195828 1
8197894 1
8198021 1
8215625 1
8216542 1
8222472 1
8228213 1
8232287 1
8242409 1
8265956 1
8267733 1
8275471 1
8283528 1
8293918 1
8302695 1
8303907 1
3311 1
5823 1
6379 1
9887 1
38137 1
42883 1
49364 1
49392 1
56314 1
62785 1
79978 1
82783 1
95971 1
98738 1
103957 1
105564 1
107078 1
107923 1
111423 1
112989 1
114015 1
117373 1
122254 1
126163 1
126871 1
132283 1
137030 1
137949 1
140485 1
142822 1
144079 1
145985 1
146642 1
150659 1
151257 1
163826 1
165196 1
165362 1
170465 1
174350 1
174759 1
177602 1
179662 1
180377 1
186549 1
188027 1
192016 1
198496 1
199376 1
199815 1
200107 1
205754 1
207718 1
210853 1
212012 1
213830 1
217139 1
219585 1
220927 1
225706 1
227780 1
241734 1
244525 1
248255 1
251744 1
262581 1
276218 1
276316 1
285238 1
285574 1
285751 1
290225 1
290894 1
290894 1
304486 1
315759 1
317949 1
334179 1
334986 1
340490 1
343936 1
344066 1
344623 1
353568 1
362601 1
364239 1
366309 1
368200 1
380652 1
381930 1
417505 1
421285 1
425507 1
439368 1
439868 1
451140 1
459360 1
470678 1
472560 1
474490 1
487177 1
490973 1
497880 1
500196 1
501799 1
503291 1
505325 1
507097 1
509666 1
512501 1
516515 1
516515 1
535739 1
536489 1
557363 1
557851 1
565987 1
567820 1
571885 1
572521 1
573569 1
573579 1
585217 1
587067 1
587531 1
599057 1
644986 1
647781 1
648880 1
650321 1
652222 1
663452 1
693981 1
709337 1
718330 1
725194 1
727326 1
754597 1
764858 1
770949 1
771371 1
771629 1
772442 1
780175 1
784811 1
792156 1
811097 1
815040 1
821118 1
823826 1
825721 1
830602 1
848294 1
856202 1
866979 1
871942 1
873094 1
875813 1
881060 1
890850 1
894129 1
894324 1
903188 1
904130 1
911812 1
913756 1
917081 1
918928 1
939314 1
943743 1
944281 1
960162 1
966279 1
970735 1
970735 1
971749 1
975689 1
980618 1
981395 1
987986 1
989938 1
991652 1
998339 1
998938 1
998999 1
999402 1
1007922 1
1008076 1
1017029 1
1027687 1
1031128 1
1044146 1
1046802 1
1051623 1
1054059 1
1057254 1
1059907 1
1063566 1
1065219 1
1069606 1
1074189 1
1077722 1
1078324 1
1079290 1
1081343 1
1092912 1
1096229 1
1096744 1
1098822 1
1099762 1
1105007 1
1106827 1
1117836 1
1124739 1
1127493 1
1131553 1
1133068 1
1133213 1
1135956 1
1145962 1
1147393 1
1149687 1
1153932 1
1163014 1
1168653 1
1174404 1
1179405 1
1179909 1
1185113 1
1192547 1
1195371 1
1195837 1
1197214 1
1203588 1
1204564 1
1208577 1
1221189 1
1225745 1
1228491 1
1228758 1
1229112 1
1229112 1
1229114 1
1230142 1
1259371 1
1259692 1
1259735 1
1266183 1
1269149 1
1287249 1
1289049 1
1290872 1
1299659 1
1300783 1
1302899 1
1306339 1
1318519 1
1321762 1
1322863 1
1326066 1
1331734 1
1332079 1
1334250 1
1335071 1
1342387 1
1344411 1
1345446 1
1356412 1
1359354 1
1367881 1
1379445 1
1381704 1
1385324 1
1394080 1
1394626 1
1396450 1
1400516 1
1404028 1
1404074 1
1412412 1
1418491 1
1424326 1
1429998 1
1434457 1
1437557 1
1437774 1
1439581 1
1442074 1
1444919 1
1445161 1
1447199 1
1447199 1
1450476 1
1453808 1
1454411 1
1470922 1
1475108 1
1475304 1
1492866 1
1494456 1
1497033 1
1503240 1
1510120 1
1510830 1
1513805 1
1514535 1
1519862 1
1529187 1
1532119 1
1541631 1
1543322 1
1544340 1
1548128 1
1563589 1
1569666 1
1573887 1
1576104 1
1580519 1
1586864 1
1592433 1
1593785 1
1599607 1
1602998 1
1604294 1
1604732 1
1607345 1
1607382 1
1609724 1
1609939 1
1611350 1
1615765 1
1621287 1
1621619 1
1625017 1
1626003 1
1626690 1
1643525 1
1647875 1
1651986 1
1656549 1
1657857 1
1662677 1
1663516 1
1666893 1
1667993 1
1673139 1
1674455 1
1699393 1
1703531 1
1704633 1
1704760 1
1706096 1
1707180 1
1743669 1
1745608 1
1748957 1
1756947 1
1763192 1
1764208 1
1766855 1
1771719 1
1781100 1
1782136 1
1786932 1
1788792 1
1790187 1
1796859 1
1797745 1
1806863 1
1824527 1
1826476 1
1828650 1
1829358 1
1837140 1
1845548 1
1854293 1
1868845 1
1869272 1
1871510 1
1876542 1
1876542 1
1877418 1
1881013 1
1882794 1
1885982 1
1891351 1
1894911 1
1900525 1
1904267 1
1912058 1
1912458 1
1912497 1
1919968 1
1920895 1
1921423 1
1942584 1
1949936 1
1951869 1
1953690 1
1954980 1
1973097 1
1978895 1
1993685 1
1994015 1
1997980 1
2007324 1
2007330 1
2007932 1
2014815 1
2015351 1
2016454 1
2016527 1
2018686 1
2018823 1
2022275 1
2023024 1
2025277 1
2027959 1
2041979 1
2042188 1
2042678 1
2043588 1
2047345 1
2056566 1
2056566 1
2061525 1
2063674 1
2067842 1
2069540 1
2072920 1
2073774 1
2084412 1
2087092 1
2093481 1
2093942 1
2094801 1
2100133 1
2102769 1
2105896 1
2123340 1
2127560 1
2131281 1
2132043 1
2135396 1
2138632 1
2139471 1
2144489 1
2146080 1
2163976 1
2175784 1
2187526 1
2192302 1
2196468 1
2197904 1
2198663 1
2201250 1
2204343 1
2216543 1
2220296 1
2230618 1
2234286 1
2250362 1
2251664 1
2256457 1
2261141 1
2264486 1
2268584 1
2269706 1
2270502 1
2273921 1
2276978 1
2286092 1
2289743 1
2294552 1
2298965 1
2315998 1
2332024 1
2336019 1
2347661 1
2352645 1
2357453 1
2371876 1
2374363 1
2378533 1
2381185 1
2382520 1
2383391 1
2388178 1
2398488 1
2403886 1
2405315 1
2410207 1
2418152 1
2423325 1
2424595 1
2430563 1
2433044 1
2439991 1
2444536 1
2444615 1
2458765 1
2465637 1
2476869 1
2500723 1
2505297 1
2506976 1
2512262 1
2513611 1
2518674 1
2523166 1
2524597 1
2526723 1
2527966 1
2529985 1
2531140 1
2534436 1
2537355 1
2538753 1
2541372 1
2546472 1
2549495 1
2552444 1
2554262 1
2556849 1
2559776 1
2565412 1
2567462 1
2584090 1
2587323 1
2589405 1
2603462 1
2615787 1
2618966 1
2620316 1
2621266 1
2621557 1
2622263 1
2633683 1
2635783 1
2645075 1
2654721 1
2655859 1
2661618 1
2662424 1
2666129 1
2676050 1
2680188 1
2695606 1
2696406 1
2696620 1
2696688 1
2710406 1
2720833 1
2727061 1
2732027 1
2740509 1
2746017 1
2749029 1
2764066 1
2770651 1
2772541 1
2773205 1
2776468 1
2783480 1
2783709 1
2801907 1
2808853 1
2810610 1
2813623 1
2813694 1
2815059 1
2816707 1
2817261 1
2817955 1
2827779 1
2833539 1
2834158 1
2839020 1
2842876 1
2850538 1
2852150 1
2858833 1
2859513 1
2860145 1
2861959 1
2878211 1
2889785 1
2894560 1
2903422 1
2912515 1
2915476 1
2916049 1
2916725 1
2922661 1
2923002 1
2929470 1
2933089 1
2936361 1
2936572 1
2947222 1
2953020 1
2956261 1
2969075 1
2976523 1
2979441 1
2985016 1
2986668 1
2990766 1
2993098 1
2998408 1
3008382 1
3010307 1
3011189 1
3020982 1
3026527 1
3030895 1
3035941 1
3037783 1
3041773 1
3054520 1
3076380 1
3077438 1
3078807 1
3079575 1
3093227 1
3094978 1
3100052 1
3105530 1
3106207 1
3108955 1
3109166 1
3115136 1
3123317 1
3124313 1
3125199 1
3136356 1
3139452 1
3140243 1
3142973 1
3145129 1
3145244 1
3146762 1
3156070 1
3164382 1
3178171 1
3178527 1
3178548 1
3180347 1
3183268 1
3191570 1
3193977 1
3195306 1
3205065 1
3205091 1
3211733 1
3212954 1
3212972 1
3238658 1
3245178 1
3256157 1
3260520 1
3261885 1
3264907 1
3266014 1
3267398 1
3283304 1
3286450 1
3293410 1
3298918 1
3301879 1
3302949 1
3305066 1
3305132 1
3307565 1
3308929 1
3312150 1
3328941 1
3331487 1
3334944 1
3335248 1
3337323 1
3340607 1
3343023 1
3348912 1
3361162 1
3366388 1
3376762 1
3378248 1
3378368 1
3381934 1
3389017 1
3389548 1
3392992 1
3394428 1
3399897 1
3410565 1
3414617 1
3415764 1
3418631 1
3426461 1
3428986 1
3433005 1
3435925 1
3445478 1
3450590 1
3451656 1
3452284 1
3455355 1
3472352 1
3472765 1
3487476 1
3491967 1
3493689 1
3508679 1
3512579 1
3512950 1
3512970 1
3513579 1
3518938 1
3523027 1
3525666 1
3528230 1
3538911 1
3539683 1
3541210 1
3542852 1
3548972 1
3566898 1
3570332 1
3574189 1
3581374 1
3581832 1
3582281 1
3583936 1
3584408 1
3589393 1
3590538 1
3592731 1
3594003 1
3597758 1
3600818 1
3613408 1
3620559 1
3621805 1
3629233 1
3631537 1
3632571 1
3640999 1
3655587 1
3660044 1
3660045 1
3662924 1
3664956 1
3674249 1
3675945 1
3686728 1
3689980 1
3692775 1
3697529 1
3698964 1
3701421 1
3710161 1
3710488 1
3712508 1
3715670 1
3716905 1
3718929 1
3718935 1
3721007 1
3723528 1
3727153 1
3740342 1
3743363 1
3750799 1
3752368 1
3756085 1
3756250 1
3758072 1
3775222 1
3778244 1
3783545 1
3799278 1
3804640 1
3806135 1
3807320 1
3807610 1
3817015 1
3818116 1
3819802 1
3821689 1
3837976 1
3838824 1
3839632 1
3846905 1
3851685 1
3858718 1
3874365 1
3880473 1
3894713 1
3896555 1
3898418 1
3901436 1
3919349 1
3921166 1
3927455 1
3932520 1
3938549 1
3941045 1
3942900 1
3944893 1
3952076 1
3954642 1
3956308 1
3972731 1
3990198 1
3996025 1
3996293 1
3999378 1
4009012 1
4009308 1
4009772 1
4016902 1
4021543 1
4028458 1
4034888 1
4037415 1
4046919 1
4062595 1
4062936 1
4063389 1
4065329 1
4066602 1
4067467 1
4070683 1
4071957 1
4072803 1
4086611 1
4087955 1
4089641 1
4092295 1
4095622 1
4127179 1
4127179 1
4137685 1
4145034 1
4157227 1
4157677 1
4160053 1
4162201 1
4174963 1
4181647 1
4190340 1
4193356 1
4195803 1
4196829 1
4199246 1
4201482 1
4207879 1
4213278 1
4217858 1
4218922 1
4221423 1
4222373 1
4224191 1
4224467 1
4226987 1
4227808 1
4236433 1
4241712 1
4252041 1
4252978 1
4254900 1
4257891 1
4258331 1
4258711 1
4259448 1
4259714 1
4259838 1
4260667 1
4273220 1
4288413 1
4294810 1
4300284 1
4315162 1
4319076 1
4325114 1
4325717 1
4326930 1
4328064 1
4332001 1
4332026 1
4340178 1
4340359 1
4340422 1
4341833 1
4345924 1
4349833 1
4349937 1
4350128 1
4353154 1
4355205 1
4361122 1
4373984 1
4385289 1
4386660 1
4402854 1
4414264 1
4447675 1
4454087 1
4459605 1
4463612 1
4465147 1
4470616 1
4479284 1
4480927 1
4488247 1
4488885 1
4488888 1
4490263 1
4491162 1
4491246 1
4501901 1
4502328 1
4502796 1
4504434 1
4512542 1
4523712 1
4531234 1
4533371 1
4535375 1
4536961 1
4551341 1
4551341 1
4553508 1
4557346 1
4572494 1
4589341 1
4601094 1
4608906 1
4614788 1
4620744 1
4631653 1
4632403 1
4632459 1
4633620 1
4651677 1
4655668 1
4656859 1
4659604 1
4660347 1
4663269 1
4681108 1
4681229 1
4681547 1
4682388 1
4694328 1
4695210 1
4695659 1
4701132 1
4713766 1
4715137 1
4721171 1
4725022 1
4727656 1
4735425 1
4744952 1
4749325 1
4759058 1
4761420 1
4763361 1
4764873 1
4770323 1
4772072 1
4772606 1
4778251 1
4785091 1
4799636 1
4800976 1
4801680 1
4805519 1
4813066 1
4814103 1
4815583 1
4820929 1
4824050 1
4825095 1
4834486 1
4841002 1
4851200 1
4860155 1
4864594 1
4864618 1
4869224 1
4881123 1
4885071 1
4899808 1
4903259 1
4911622 1
4917849 1
4921052 1
4930454 1
4938122 1
4948076 1
4949984 1
4960016 1
4966790 1
4966790 1
4966790 1
4972756 1
4993847 1
4999840 1
5000493 1
5017680 1
5020774 1
5030721 1
5031434 1
5033750 1
5036670 1
5037727 1
5040350 1
5046210 1
5053426 1
5054406 1
5057077 1
5072749 1
5073634 1
5077536 1
5079402 1
5085744 1
5121503 1
5127473 1
5133480 1
5136360 1
5136865 1
5138084 1
5151093 1
5152260 1
5153815 1
5156687 1
5156986 1
5162060 1
5165905 1
5175900 1
5186165 1
5186471 1
5187130 1
5191525 1
5208028 1
5217453 1
5219569 1
5220176 1
5225279 1
5228889 1
5241224 1
5241938 1
5242335 1
5244387 1
5244533 1
5244701 1
5261095 1
5262136 1
5262899 1
5267631 1
5269382 1
5271382 1
5271382 1
5273144 1
5274213 1
5278040 1
5293709 1
5293943 1
5309857 1
5313521 1
5322441 1
5328976 1
5331928 1
5335964 1
5338061 1
5348717 1
5348726 1
5376145 1
5393970 1
5394677 1
5423884 1
5428496 1
5442886 1
5443500 1
5444906 1
5461593 1
5468057 1
5471578 1
5478240 1
5494931 1
5508954 1
5516496 1
5517708 1
5522556 1
5536460 1
5543315 1
5544791 1
5553664 1
5571836 1
5572916 1
5579991 1
5589268 1
5591310 1
5592506 1
5593887 1
5595864 1
5614805 1
5617888 1
5626134 1
5626841 1
5626892 1
5637814 1
5644416 1
5647178 1
5651610 1
5652644 1
5657001 1
5662197 1
5669783 1
5669800 1
5682190 1
5686783 1
5687975 1
5699563 1
5701510 1
5707486 1
5709220 1
5709893 1
5716530 1
5723385 1
5732849 1
5746364 1
5748659 1
5751717 1
5775453 1
5776182 1
5782286 1
5789216 1
5793325 1
5809510 1
5821946 1
5836276 1
5861607 1
5862112 1
5874979 1
5879301 1
5879552 1
5880466 1
5882479 1
5886121 1
5886893 1
5888513 1
5893506 1
5894936 1
5895361 1
5905705 1
5907796 1
5921726 1
5924415 1
5938642 1
5938898 1
5948666 1
5951034 1
5961196 1
5964000 1
5968224 1
5968548 1
5970629 1
5974857 1
5976159 1
5977783 1
5978125 1
5979444 1
5984738 1
5986118 1
5991945 1
6001938 1
6007171 1
6010739 1
6017683 1
6020164 1
6022211 1
6022283 1
6028957 1
6030696 1
6033200 1
6040275 1
6042474 1
6045004 1
6046651 1
6054385 1
6055113 1
6075413 1
6087841 1
6097762 1
6101778 1
6110191 1
6112701 1
6116217 1
6120663 1
6126025 1
6138278 1
6139792 1
6140578 1
6143375 1
6152525 1
6163511 1
6166913 1
6171422 1
6176700 1
6178210 1
6182061 1
6187438 1
6187799 1
6191254 1
6198326 1
6225154 1
6228210 1
6228227 1
6231310 1
6237502 1
6238992 1
6253578 1
6253796 1
6266718 1
6269015 1
6283281 1
6290617 1
6293864 1
6294768 1
6304517 1
6306043 1
6319540 1
6319614 1
6323749 1
6333057 1
6340839 1
6348556 1
6366583 1
6374507 1
6374904 1
6382090 1
6385092 1
6386843 1
6389430 1
6390036 1
6395951 1
6399935 1
6401329 1
6401332 1
6408139 1
6410275 1
6421287 1
6421771 1
6428824 1
6434152 1
6440921 1
6449353 1
6450210 1
6466107 1
6475124 1
6477282 1
6487482 1
6488856 1
6489260 1
6492493 1
6499945 1
6500147 1
6501828 1
6502312 1
6506290 1
6506554 1
6512327 1
6512875 1
6519576 1
6528544 1
6529085 1
6543919 1
6546339 1
6560624 1
6564416 1
6570019 1
6573615 1
6574388 1
6578486 1
6580117 1
6586411 1
6591623 1
6601121 1
6604285 1
6606369 1
6623479 1
6623677 1
6625800 1
6627097 1
6627828 1
6628459 1
6633162 1
6637589 1
6644703 1
6649646 1
6651182 1
6665700 1
6667777 1
6669961 1
6673650 1
6678588 1
6680753 1
6681031 1
6686495 1
6689146 1
6690609 1
6698626 1
6703184 1
6704207 1
6704607 1
6704720 1
6708841 1
6711599 1
6716107 1
6717480 1
6718158 1
6720674 1
6726813 1
6733289 1
6739649 1
6747275 1
6754590 1
6762500 1
6764026 1
6770220 1
6770667 1
6773522 1
6774213 1
6778608 1
6779815 1
6780062 1
6781566 1
6782221 1
6795520 1
6804338 1
6810979 1
6821649 1
6824979 1
6833035 1
6837456 1
6844422 1
6847650 1
6848930 1
6849363 1
6852649 1
6852657 1
6853291 1
6864223 1
6867869 1
6870276 1
6878683 1
6885530 1
6906917 1
6909708 1
6913832 1
6925438 1
6926209 1
6928098 1
6930982 1
6933793 1
6952129 1
6956934 1
6963085 1
6963909 1
6967585 1
6985672 1
6991029 1
6994405 1
6999769 1
6999985 1
7007561 1
7021839 1
7024134 1
7033383 1
7039202 1
7041717 1
7047324 1
7049747 1
7057644 1
7057930 1
7059799 1
7063398 1
7064169 1
7066934 1
7070233 1
7073229 1
7080104 1
7086034 1
7113161 1
7125615 1
7126467 1
7131003 1
7133308 1
7139665 1
7154391 1
7157447 1
7166327 1
7170108 1
7170399 1
7174965 1
7182332 1
7187142 1
7187142 1
7191671 1
7214147 1
7215710 1
7219458 1
7219622 1
7222886 1
7225564 1
7232202 1
7239607 1
7249658 1
7252806 1
7256889 1
7259157 1
7263383 1
7266452 1
7271243 1
7272891 1
7276799 1
7283483 1
7291017 1
7293601 1
7299190 1
7301932 1
7311623 1
7312079 1
7312237 1
7318314 1
7322203 1
7329371 1
7330927 1
7333372 1
7333544 1
7333917 1
7336584 1
7337969 1
7344720 1
7349571 1
7374462 1
7376659 1
7383811 1
7384023 1
7385008 1
7392038 1
7394116 1
7398337 1
7407619 1
7409039 1
7416292 1
7420059 1
7420089 1
7420444 1
7431231 1
7439892 1
7447050 1
7447900 1
7447989 1
7463972 1
7464111 1
7473929 1
7474514 1
7476336 1
7481110 1
7487810 1
7508587 1
7511193 1
7511755 1
7512567 1
7513624 1
7513876 1
7515395 1
7518230 1
7520209 1
7525580 1
7533650 1
7534828 1
7536656 1
7540702 1
7541895 1
7542281 1
7543239 1
7548513 1
7550820 1
7551298 1
7553618 1
7553618 1
7576552 1
7578556 1
7579565 1
7591443 1
7593461 1
7594045 1
7605652 1
7621885 1
7644409 1
7645014 1
7652331 1
7652419 1
7661517 1
7670720 1
7677256 1
7677399 1
7677443 1
7679485 1
7685168 1
7693320 1
7703174 1
7704860 1
7706498 1
7707506 1
7711466 1
7717218 1
7717810 1
7726687 1
7737041 1
7741351 1
7744803 1
7747405 1
7760753 1
7764907 1
7768280 1
7772140 1
7776517 1
7790212 1
7790465 1
7803692 1
7810119 1
7813972 1
7817677 1
7833650 1
7833650 1
7844751 1
7869110 1
7870405 1
7872064 1
7892912 1
7895173 1
7899802 1
7910043 1
7919976 1
7930082 1
7933174 1
7935407 1
7940561 1
7943059 1
7946900 1
7952921 1
7954697 1
7957820 1
7959011 1
7961086 1
7961889 1
7963718 1
7965097 1
7966430 1
7969505 1
7977800 1
7989891 1
7996676 1
7998585 1
8002278 1
8003617 1
8004051 1
8004202 1
8004887 1
8018333 1
8020736 1
8025903 1
8033330 1
8033441 1
8034651 1
8035951 1
8044049 1
8044968 1
8045687 1
8047586 1
8048940 1
8052149 1
8055489 1
8058384 1
8062209 1
8066103 1
8066490 1
8066659 1
8071986 1
8076375 1
8078781 1
8078857 1
8084066 1
8092072 1
8095661 1
8100629 1
8100644 1
8100966 1
8105835 1
8110907 1
8117338 1
8132428 1
8133558 1
8141792 1
8143752 1
8146360 1
8155286 1
8157323 1
8161494 1
8182667 1
8185731 1
8187644 1
8187645 1
8190178 1
8195852 1
8203665 1
8208549 1
8219507 1
8225157 1
8232055 1
8233231 1
8242926 1
8245472 1
8248184 1
8258844 1
8265904 1
8277237 1
8293312 1
8294025 1
8298615 1
8299773 1
8302254 1
15608 1
22211 1
26778 1
57448 1
83085 1
88779 1
97669 1
106639 1
129455 1
150336 1
183983 1
186787 1
189202 1
205013 1
212170 1
232006 1
260024 1
299605 1
315620 1
345958 1
346695 1
359794 1
363575 1
392063 1
392063 1
425634 1
441192 1
457026 1
461013 1
462522 1
494179 1
498248 1
535577 1
561400 1
564172 1
571620 1
605285 1
613557 1
628458 1
638064 1
664235 1
685102 1
697053 1
699288 1
716163 1
718909 1
719087 1
728431 1
735366 1
754937 1
764187 1
768491 1
768528 1
774139 1
776064 1
778881 1
778881 1
798166 1
835530 1
838843 1
840345 1
842103 1
847890 1
892261 1
902051 1
912481 1
938453 1
942320 1
947030 1
965169 1
979777 1
995866 1
1050631 1
1051653 1
1055358 1
1079343 1
1080330 1
1086550 1
1093871 1
1097689 1
1099099 1
1099188 1
1103686 1
1108581 1
1114788 1
1118888 1
1136857 1
1167798 1
1175483 1
1184367 1
1189176 1
1192567 1
1198854 1
1205152 1
1210673 1
1217611 1
1242000 1
1242888 1
1250715 1
1251166 1
1263446 1
1264784 1
1265256 1
1271531 1
1274036 1
1274261 1
1274667 1
1301402 1
1304643 1
1305705 1
1306814 1
1313790 1
1329088 1
1341416 1
1380257 1
1384160 1
1387278 1
1391900 1
1404561 1
1408536 1
1413435 1
1421673 1
1424350 1
1450414 1
1454298 1
1479649 1
1482324 1
1511575 1
1512355 1
1539186 1
1542381 1
1542526 1
1555617 1
1563261 1
1571276 1
1577741 1
1604875 1
1609710 1
1644827 1
1646125 1
1661573 1
1663935 1
1666935 1
1686641 1
1694495 1
1700983 1
1713539 1
1719678 1
1721943 1
1763180 1
1771579 1
1775818 1
1780520 1
1803950 1
1809211 1
1817429 1
1842209 1
1842641 1
1842958 1
1866045 1
1869997 1
1881304 1
1885230 1
1889915 1
1902843 1
1903520 1
1920489 1
1922114 1
1932431 1
1933130 1
1933311 1
1934744 1
1952856 1
1956724 1
1969505 1
1973777 1
1997904 1
2009943 1
2019672 1
2043109 1
2055462 1
2061194 1
2062890 1
2063622 1
2066150 1
2074632 1
2102237 1
2118902 1
2133195 1
2139628 1
2144154 1
2152575 1
2198058 1
2221249 1
2224084 1
2228197 1
2230187 1
2249011 1
2251567 1
2260226 1
2275996 1
2329290 1
2337857 1
2361357 1
2370553 1
2383040 1
2404566 1
2431746 1
2432217 1
2433156 1
2439701 1
2441812 1
2448771 1
2453710 1
2453713 1
2456216 1
2476097 1
2516906 1
2528426 1
2542733 1
2569728 1
2588684 1
2591733 1
2643217 1
2645134 1
2697900 1
2728154 1
2731373 1
2731742 1
2740764 1
2749518 1
2771134 1
2775880 1
2782052 1
2789764 1
2790501 1
2792909 1
2809047 1
2813204 1
2838067 1
2882369 1
2890968 1
2901842 1
2913618 1
2918705 1
2932570 1
2938712 1
2960920 1
2961280 1
2964383 1
2973762 1
3030374 1
3053432 1
3062507 1
3088425 1
3105102 1
3105933 1
3126368 1
3149702 1
3156439 1
3163891 1
3174858 1
3176505 1
3179389 1
3196675 1
3200033 1
3204572 1
3210521 1
3229134 1
3285657 1
3291111 1
3296148 1
3296373 1
3305499 1
3318503 1
3323904 1
3332415 1
3366645 1
3383268 1
3391198 1
3402067 1
3406671 1
3416096 1
3419598 1
3422704 1
3434477 1
3468180 1
3501253 1
3501894 1
3504304 1
3509209 1
3511907 1
3539884 1
3553445 1
3554173 1
3561562 1
3561794 1
3567681 1
3574838 1
3578443 1
3589832 1
3601262 1
3619553 1
3623836 1
3648466 1
3670005 1
3695902 1
3697035 1
3706157 1
3714592 1
3742352 1
3744278 1
3757701 1
3771240 1
3777989 1
3778103 1
3788415 1
3788557 1
3813401 1
3817527 1
3840768 1
3851811 1
3853739 1
3853862 1
3870413 1
3902216 1
3913175 1
3913981 1
3920982 1
3949690 1
3954571 1
3975632 1
3982882 1
3992536 1
3996004 1
4002082 1
4022378 1
4024387 1
4028528 1
4030828 1
4033841 1
4038812 1
4045642 1
4067037 1
4072853 1
4074517 1
4093097 1
4101102 1
4105551 1
4116786 1
4138296 1
4178932 1
4193731 1
4194439 1
4196395 1
4205718 1
4229841 1
4262859 1
4272207 1
4273690 1
4280089 1
4283712 1
4294872 1
4301932 1
4325209 1
4327729 1
4329721 1
4330433 1
4339919 1
4346849 1
4348429 1
4355076 1
4358489 1
4367050 1
4373222 1
4386138 1
4391007 1
4423109 1
4423109 1
4428472 1
4428547 1
4429557 1
4430749 1
4439825 1
4444329 1
4513584 1
4516268 1
4520455 1
4534022 1
4538930 1
4579443 1
4586414 1
4591145 1
4605574 1
4608510 1
4669526 1
4674968 1
4677363 1
4726567 1
4726997 1
4727855 1
4728052 1
4729224 1
4736728 1
4738844 1
4770539 1
4773206 1
4777787 1
4795917 1
4802920 1
4885277 1
4892858 1
4893079 1
4936964 1
4937766 1
4937766 1
4946118 1
4954765 1
4957143 1
4960623 1
4968757 1
5001900 1
5032786 1
5046477 1
5055096 1
5109633 1
5112603 1
5117998 1
5118434 1
5119997 1
5141730 1
5164132 1
5170109 1
5183426 1
5209993 1
5237944 1
5254556 1
5255448 1
5259469 1
5260129 1
5265487 1
5268096 1
5289126 1
5289126 1
5291346 1
5307969 1
5321086 1
5321794 1
5325840 1
5345442 1
5351969 1
5355784 1
5363247 1
5437925 1
5448084 1
5459669 1
5468801 1
5487992 1
5525666 1
5543562 1
5552150 1
5555291 1
5592135 1
5608508 1
5609343 1
5616169 1
5630559 1
5641890 1
5646265 1
5665564 1
5675472 1
5680289 1
5681029 1
5686068 1
5688594 1
5704723 1
5743695 1
5782141 1
5791221 1
5812764 1
5829251 1
5830629 1
5847892 1
5850493 1
5868414 1
5881962 1
5889810 1
5894870 1
5953646 1
5962350 1
5965257 1
5965775 1
5969415 1
6004348 1
6008185 1
6011144 1
6032164 1
6034748 1
6037040 1
6054711 1
6057701 1
6061638 1
6065102 1
6099042 1
6104072 1
6105051 1
6119318 1
6121461 1
6126236 1
6141456 1
6146442 1
6151008 1
6153725 1
6184376 1
6190167 1
6208148 1
6236924 1
6254673 1
6254682 1
6275569 1
6279354 1
6280925 1
6291467 1
6301749 1
6305207 1
6308313 1
6321597 1
6344344 1
6345483 1
6359426 1
6362277 1
6372962 1
6382206 1
6385586 1
6390897 1
6395207 1
6397489 1
6398992 1
6409494 1
6410776 1
6416526 1
6434299 1
6435385 1
6477466 1
6492983 1
6492983 1
6497173 1
6509993 1
6518901 1
6538455 1
6557718 1
6558640 1
6560602 1
6578604 1
6603283 1
6620169 1
6625880 1
6647765 1
6648616 1
6692844 1
6694380 1
6694868 1
6707290 1
6711605 1
6718566 1
6721189 1
6728535 1
6779035 1
6793197 1
6817495 1
6834089 1
6837831 1
6841569 1
6842846 1
6844297 1
6847662 1
6851654 1
6852537 1
6858820 1
6860911 1
6870071 1
6870262 1
6872549 1
6881612 1
6899978 1
6902813 1
6920612 1
6928222 1
6932460 1
6963803 1
6965333 1
7022265 1
7025149 1
7031183 1
7036999 1
7042226 1
7043400 1
7060520 1
7104396 1
7106467 1
7109686 1
7113504 1
7117205 1
7129993 1
7160385 1
7168573 1
7207766 1
7214028 1
7226849 1
7229191 1
7230787 1
7232252 1
7237291 1
7242167 1
7253556 1
7266501 1
7267504 1
7273892 1
7274381 1
7289887 1
7289989 1
7293558 1
7311883 1
7322614 1
7337993 1
7352410 1
7358192 1
7360431 1
7364445 1
7374483 1
7379448 1
7384486 1
7413181 1
7416749 1
7428215 1
7428893 1
7440117 1
7460777 1
7491059 1
7491463 1
7511923 1
7520285 1
7546384 1
7559457 1
7584199 1
7603200 1
7607212 1
7633082 1
7643175 1
7648920 1
7668106 1
7675289 1
7677270 1
7708013 1
7714048 1
7786341 1
7803019 1
7849209 1
7868067 1
7884848 1
7889520 1
7918154 1
7928943 1
7935472 1
7950763 1
7961159 1
7994541 1
7998321 1
8001059 1
8007317 1
8008720 1
8011311 1
8018518 1
8028891 1
8036057 1
8049790 1
8054726 1
8060216 1
8066955 1
8070390 1
8074049 1
8076679 1
8083415 1
8086221 1
8088770 1
8089182 1
8098824 1
8107085 1
8108157 1
8136868 1
8152882 1
8157143 1
8159181 1
8159672 1
8166356 1
8202995 1
8220816 1
8221429 1
8242927 1
8245298 1
8249147 1
8258906 1
8259684 1
8269941 1
8274598 1
8277042 1
8301130 1
