17576 1
35647 1
36817 1
45873 1
46554 1
46616 1
47562 1
69114 1
76947 1
77215 1
83356 1
86712 1
88861 1
92408 1
95536 1
95536 1
100800 1
115735 1
117481 1
121656 1
128475 1
130487 1
130593 1
132553 1
133481 1
134996 1
144430 1
150815 1
151131 1
153237 1
154027 1
155458 1
157726 1
163634 1
165973 1
168616 1
168957 1
171537 1
172828 1
173606 1
183223 1
185874 1
191702 1
191753 1
196134 1
212456 1
212456 1
214927 1
217321 1
224362 1
228375 1
230717 1
232910 1
235010 1
238885 1
244011 1
245024 1
246896 1
257858 1
261164 1
270216 1
270560 1
273231 1
274924 1
275133 1
280789 1
280937 1
283849 1
285665 1
289188 1
301437 1
308606 1
321874 1
322108 1
328448 1
328448 1
342418 1
343283 1
352059 1
356866 1
362928 1
366834 1
369266 1
383826 1
401579 1
402704 1
422259 1
432931 1
439947 1
444329 1
449270 1
449772 1
462191 1
465057 1
465447 1
466640 1
467603 1
477337 1
482438 1
492250 1
498660 1
500807 1
503092 1
511462 1
516657 1
518614 1
523329 1
527014 1
533650 1
549551 1
549564 1
555045 1
557399 1
565040 1
565838 1
565900 1
573256 1
573786 1
575993 1
577008 1
589690 1
591448 1
597584 1
599479 1
605915 1
614372 1
615212 1
615212 1
619626 1
646336 1
653706 1
653806 1
664817 1
666667 1
672888 1
679824 1
683278 1
683397 1
687556 1
692300 1
692528 1
705663 1
709625 1
713252 1
715297 1
716308 1
717060 1
719012 1
719228 1
731032 1
731472 1
738042 1
740585 1
742440 1
742789 1
743706 1
747476 1
747525 1
752916 1
773288 1
779003 1
784069 1
785362 1
787439 1
792884 1
793884 1
798370 1
800478 1
820440 1
839511 1
839644 1
850585 1
850585 1
867493 1
874119 1
890158 1
896658 1
903054 1
904181 1
911871 1
914333 1
915359 1
916808 1
922215 1
922217 1
935421 1
937668 1
944226 1
944549 1
946174 1
947471 1
953205 1
954707 1
963715 1
972705 1
972942 1
975957 1
982058 1
998560 1
998748 1
1000397 1
1011305 1
1017913 1
1025317 1
1027392 1
1029019 1
1030877 1
1038904 1
1054005 1
1054583 1
1055621 1
1060031 1
1060629 1
1062218 1
1070146 1
1079379 1
1081892 1
1082395 1
1091941 1
1101485 1
1102913 1
1103284 1
1112210 1
1112877 1
1113992 1
1118588 1
1118719 1
1130199 1
1137574 1
1151010 1
1156850 1
1163341 1
1173315 1
1180030 1
1181318 1
1186667 1
1198281 1
1203533 1
1209493 1
1213419 1
1226253 1
1226301 1
1226390 1
1227193 1
1228155 1
1231497 1
1237847 1
1257192 1
1258382 1
1267581 1
1273823 1
1275608 1
1277043 1
1277387 1
1282364 1
1283061 1
1290242 1
1292793 1
1292840 1
1294393 1
1294986 1
1301753 1
1303005 1
1304582 1
1308222 1
1308755 1
1314086 1
1316319 1
1317130 1
1317210 1
1319977 1
1323819 1
1324555 1
1327410 1
1331915 1
1342947 1
1343443 1
1347764 1
1352288 1
1352405 1
1352613 1
1353915 1
1364368 1
1366264 1
1367489 1
1370760 1
1370760 1
1375136 1
1376509 1
1381521 1
1393675 1
1395806 1
1401220 1
1433236 1
1433281 1
1438619 1
1440073 1
1442972 1
1451671 1
1452887 1
1453679 1
1456324 1
1461469 1
1461823 1
1464652 1
1467389 1
1475125 1
1480429 1
1480696 1
1485195 1
1488142 1
1494705 1
1495185 1
1509931 1
1511900 1
1521926 1
1523819 1
1528552 1
1530402 1
1530553 1
1536162 1
1537038 1
1554226 1
1557024 1
1570451 1
1584439 1
1584580 1
1592760 1
1593058 1
1596813 1
1598493 1
1605939 1
1609046 1
1625452 1
1626147 1
1629917 1
1631889 1
1634485 1
1640935 1
1657376 1
1657704 1
1660079 1
1662605 1
1673326 1
1673328 1
1673637 1
1673897 1
1675759 1
1680190 1
1681874 1
1685588 1
1688996 1
1691854 1
1693821 1
1699411 1
1701331 1
1706405 1
1709340 1
1715593 1
1719055 1
1726413 1
1730231 1
1733110 1
1736089 1
1737834 1
1738698 1
1740923 1
1744094 1
1754802 1
1760918 1
1761809 1
1771597 1
1784646 1
1784683 1
1785786 1
1786634 1
1786634 1
1788024 1
1788254 1
1794619 1
1804302 1
1805153 1
1809322 1
1823206 1
1825111 1
1831493 1
1845059 1
1853431 1
1856968 1
1859196 1
1860011 1
1866158 1
1868297 1
1873452 1
1878470 1
1878541 1
1882045 1
1883611 1
1884009 1
1891219 1
1899658 1
1906213 1
1909639 1
1918879 1
1946432 1
1952150 1
1968854 1
1974382 1
1975411 1
1987487 1
1989821 1
1994485 1
1996855 1
2001565 1
2001875 1
2002516 1
2011255 1
2011896 1
2013303 1
2015534 1
2016759 1
2030821 1
2046183 1
2047649 1
2054015 1
2056362 1
2058200 1
2063295 1
2075078 1
2080485 1
2081557 1
2085234 1
2087296 1
2089583 1
2098906 1
2104644 1
2109638 1
2110990 1
2111146 1
2112250 1
2114322 1
2117825 1
2121325 1
2129175 1
2137195 1
2139701 1
2140450 1
2156334 1
2164327 1
2172729 1
2197896 1
2200868 1
2208016 1
2211395 1
2230001 1
2241901 1
2246100 1
2246410 1
2246677 1
2249150 1
2250956 1
2251491 1
2256376 1
2261449 1
2263321 1
2265488 1
2272039 1
2276840 1
2278660 1
2286757 1
2287541 1
2289007 1
2301884 1
2302532 1
2303651 1
2305001 1
2313922 1
2331332 1
2335486 1
2335803 1
2337206 1
2349661 1
2356160 1
2363310 1
2372093 1
2376187 1
2376706 1
2379333 1
2383143 1
2383207 1
2390019 1
2390732 1
2393445 1
2394171 1
2394764 1
2406266 1
2406474 1
2408867 1
2409316 1
2409531 1
2411650 1
2419818 1
2420018 1
2421567 1
2421650 1
2424948 1
2426066 1
2430786 1
2434708 1
2434884 1
2436397 1
2439530 1
2442814 1
2450562 1
2452621 1
2454957 1
2460282 1
2470737 1
2483273 1
2484173 1
2490864 1
2493113 1
2493850 1
2504440 1
2510451 1
2515597 1
2531669 1
2532088 1
2539200 1
2541881 1
2547489 1
2550764 1
2553717 1
2558465 1
2563951 1
2568067 1
2577132 1
2581634 1
2583780 1
2586780 1
2587951 1
2589721 1
2591104 1
2592194 1
2603460 1
2615167 1
2623436 1
2652122 1
2657095 1
2657624 1
2667119 1
2668871 1
2674028 1
2695345 1
2703377 1
2712197 1
2712595 1
2712595 1
2717896 1
2720857 1
2721201 1
2723186 1
2729012 1
2730087 1
2730837 1
2737312 1
2737312 1
2737431 1
2739228 1
2750167 1
2756250 1
2765893 1
2766852 1
2768357 1
2769895 1
2772032 1
2772186 1
2780182 1
2781699 1
2782724 1
2785479 1
2787294 1
2789949 1
2792862 1
2797392 1
2797593 1
2798362 1
2817574 1
2819782 1
2821075 1
2825738 1
2834227 1
2851136 1
2854916 1
2874691 1
2875489 1
2878864 1
2879896 1
2881651 1
2882758 1
2883437 1
2897989 1
2899376 1
2899682 1
2902287 1
2906951 1
2907771 1
2909213 1
2915116 1
2927940 1
2929047 1
2929904 1
2930512 1
2938664 1
2943425 1
2945644 1
2945647 1
2953146 1
2954688 1
2959745 1
2962832 1
2967571 1
2973581 1
2974989 1
2984316 1
2993378 1
3000118 1
3016756 1
3031992 1
3036389 1
3036903 1
3040947 1
3045107 1
3046189 1
3047457 1
3048418 1
3048534 1
3049982 1
3051546 1
3060879 1
3064511 1
3067895 1
3068008 1
3082998 1
3088703 1
3093612 1
3094802 1
3096555 1
3096662 1
3096865 1
3097841 1
3106370 1
3108659 1
3110715 1
3112527 1
3112614 1
3114978 1
3118245 1
3120800 1
3121254 1
3127421 1
3129907 1
3134482 1
3143762 1
3144393 1
3151226 1
3153995 1
3156532 1
3156832 1
3167076 1
3171514 1
3171877 1
3174642 1
3180840 1
3182687 1
3183655 1
3192348 1
3199934 1
3203039 1
3216132 1
3216986 1
3220222 1
3221723 1
3231602 1
3236605 1
3243339 1
3249386 1
3260965 1
3261717 1
3261789 1
3265244 1
3266445 1
3271250 1
3276969 1
3279344 1
3279775 1
3281696 1
3285873 1
3287122 1
3294833 1
3319422 1
3320161 1
3331312 1
3334356 1
3336010 1
3344865 1
3349128 1
3372267 1
3378765 1
3384743 1
3384837 1
3388448 1
3394938 1
3415080 1
3415898 1
3418119 1
3418119 1
3418506 1
3419815 1
3420044 1
3421112 1
3427130 1
3435576 1
3444208 1
3445256 1
3453787 1
3456064 1
3459127 1
3464586 1
3466938 1
3476023 1
3477068 1
3481177 1
3485654 1
3486963 1
3496908 1
3499577 1
3505445 1
3506322 1
3509542 1
3510558 1
3510994 1
3513041 1
3518581 1
3524322 1
3528381 1
3530556 1
3533391 1
3534169 1
3538836 1
3540748 1
3543275 1
3545155 1
3549488 1
3553019 1
3554500 1
3558309 1
3560153 1
3575378 1
3577182 1
3581308 1
3582541 1
3584205 1
3595500 1
3598065 1
3604865 1
3606309 1
3610736 1
3611578 1
3612315 1
3616301 1
3616326 1
3617812 1
3619275 1
3620802 1
3621243 1
3622506 1
3622998 1
3625688 1
3625811 1
3626728 1
3627727 1
3643613 1
3652264 1
3658140 1
3660682 1
3669027 1
3689881 1
3692189 1
3699607 1
3699927 1
3700604 1
3700604 1
3704152 1
3709187 1
3718875 1
3721274 1
3722189 1
3728239 1
3730269 1
3734714 1
3743243 1
3745389 1
3746609 1
3750912 1
3756894 1
3757644 1
3758174 1
3761352 1
3774732 1
3775013 1
3777132 1
3783990 1
3784225 1
3784397 1
3786949 1
3786949 1
3788509 1
3791075 1
3803848 1
3809103 1
3809729 1
3813154 1
3813895 1
3816405 1
3820171 1
3826035 1
3835077 1
3836593 1
3846522 1
3854853 1
3855260 1
3863078 1
3870322 1
3871542 1
3873133 1
3877302 1
3886678 1
3890261 1
3898369 1
3931856 1
3935561 1
3935732 1
3936353 1
3936940 1
3942377 1
3942482 1
3945823 1
3961829 1
3968253 1
3979267 1
3984268 1
3994840 1
4008259 1
4009009 1
4009443 1
4012653 1
4015590 1
4016731 1
4021462 1
4025958 1
4053924 1
4056430 1
4064924 1
4065885 1
4066732 1
4068700 1
4069643 1
4070203 1
4071795 1
4071968 1
4075547 1
4078867 1
4084082 1
4090741 1
4090829 1
4091628 1
4104836 1
4105357 1
4110423 1
4110687 1
4116696 1
4117311 1
4129557 1
4129615 1
4136565 1
4137612 1
4139781 1
4169833 1
4172798 1
4172910 1
4175980 1
4177308 1
4186685 1
4193381 1
4194058 1
4195477 1
4195489 1
4198407 1
4198785 1
4201341 1
4203953 1
4207252 1
4212196 1
4214607 1
4219517 1
4224859 1
4225944 1
4226163 1
4228176 1
4232909 1
4235653 1
4239876 1
4252920 1
4260609 1
4263207 1
4268085 1
4270023 1
4271573 1
4289020 1
4299659 1
4300479 1
4301375 1
4301631 1
4303053 1
4305891 1
4321076 1
4336058 1
4336268 1
4336866 1
4340394 1
4341516 1
4361370 1
4367224 1
4368624 1
4374456 1
4374736 1
4375424 1
4375793 1
4377105 1
4380384 1
4381297 1
4382002 1
4384917 1
4386283 1
4390525 1
4398593 1
4400703 1
4405473 1
4407394 1
4409634 1
4415669 1
4417162 1
4447081 1
4465371 1
4468412 1
4469309 1
4470221 1
4473439 1
4474310 1
4483650 1
4488303 1
4488468 1
4489955 1
4490338 1
4494627 1
4511607 1
4523106 1
4525288 1
4535074 1
4535885 1
4542445 1
4546360 1
4565974 1
4592154 1
4593552 1
4595174 1
4595613 1
4602901 1
4609328 1
4634413 1
4651626 1
4651636 1
4657064 1
4658853 1
4660125 1
4665456 1
4670241 1
4672161 1
4680571 1
4681274 1
4683681 1
4685325 1
4686177 1
4696823 1
4697016 1
4702710 1
4716787 1
4717669 1
4717773 1
4734542 1
4736608 1
4757110 1
4763968 1
4763969 1
4767989 1
4769574 1
4770767 1
4773605 1
4785306 1
4819347 1
4821766 1
4827525 1
4831489 1
4832991 1
4833725 1
4835742 1
4836286 1
4837001 1
4839181 1
4846995 1
4849934 1
4854134 1
4861904 1
4862531 1
4872761 1
4873856 1
4874210 1
4874750 1
4879079 1
4879383 1
4879974 1
4885726 1
4895749 1
4898164 1
4898767 1
4899886 1
4904696 1
4906144 1
4907511 1
4910715 1
4923408 1
4933015 1
4947554 1
4954232 1
4954378 1
4961079 1
4961721 1
4964435 1
4967270 1
4969435 1
4970302 1
4973907 1
4978611 1
4979647 1
5007363 1
5016176 1
5016628 1
5022723 1
5023456 1
5024054 1
5029354 1
5032461 1
5038648 1
5040052 1
5045738 1
5047059 1
5054595 1
5060370 1
5062457 1
5067037 1
5067108 1
5068886 1
5070368 1
5079376 1
5080378 1
5081543 1
5085710 1
5104182 1
5111622 1
5114581 1
5114818 1
5115954 1
5126364 1
5136665 1
5151237 1
5151989 1
5157507 1
5163921 1
5163921 1
5165726 1
5180783 1
5192736 1
5202270 1
5208834 1
5214349 1
5229876 1
5240613 1
5241862 1
5246254 1
5260070 1
5263640 1
5266423 1
5267048 1
5270907 1
5283690 1
5284006 1
5285540 1
5293742 1
5298468 1
5299624 1
5299849 1
5300242 1
5305937 1
5311006 1
5316574 1
5321003 1
5321849 1
5323293 1
5330716 1
5340382 1
5346996 1
5347073 1
5349431 1
5373659 1
5394204 1
5418834 1
5423663 1
5424978 1
5426764 1
5430376 1
5434875 1
5438584 1
5439664 1
5443043 1
5448138 1
5449897 1
5450663 1
5454792 1
5458130 1
5464389 1
5466671 1
5466839 1
5469032 1
5479383 1
5483624 1
5488899 1
5490498 1
5495626 1
5497270 1
5505145 1
5512877 1
5516967 1
5518656 1
5519076 1
5526344 1
5526344 1
5527291 1
5527291 1
5532656 1
5536424 1
5545053 1
5547256 1
5555389 1
5557619 1
5561041 1
5561322 1
5562272 1
5565790 1
5569403 1
5575636 1
5583518 1
5584195 1
5591383 1
5595630 1
5613882 1
5617360 1
5620727 1
5620727 1
5643739 1
5649163 1
5658273 1
5659620 1
5661864 1
5662342 1
5662948 1
5663722 1
5663911 1
5666671 1
5666935 1
5669911 1
5675928 1
5677352 1
5678312 1
5692585 1
5695689 1
5701383 1
5704529 1
5710131 1
5710610 1
5711284 1
5724821 1
5727406 1
5729999 1
5743333 1
5748064 1
5750774 1
5760953 1
5761128 1
5765432 1
5796881 1
5796920 1
5797302 1
5813580 1
5813919 1
5820233 1
5820603 1
5824401 1
5824740 1
5827594 1
5861379 1
5877604 1
5878869 1
5879268 1
5880729 1
5882085 1
5882085 1
5892696 1
5895340 1
5904760 1
5913597 1
5913818 1
5921355 1
5921508 1
5922414 1
5927083 1
5931884 1
5932963 1
5934452 1
5938219 1
5943509 1
5949599 1
5954187 1
5954753 1
5955559 1
5966292 1
5975958 1
5976066 1
5977476 1
5989520 1
6010096 1
6015056 1
6017598 1
6018095 1
6021374 1
6026071 1
6031662 1
6032248 1
6032248 1
6038471 1
6038515 1
6042762 1
6044830 1
6045769 1
6048060 1
6050390 1
6060724 1
6074640 1
6090196 1
6097135 1
6107971 1
6127336 1
6135673 1
6144126 1
6151285 1
6154913 1
6157922 1
6167690 1
6184860 1
6184867 1
6190694 1
6194355 1
6195476 1
6196131 1
6207116 1
6227501 1
6234307 1
6244081 1
6245102 1
6246170 1
6249815 1
6260672 1
6264651 1
6265071 1
6290850 1
6293921 1
6294449 1
6299802 1
6302024 1
6303044 1
6307586 1
6310953 1
6311257 1
6315797 1
6320913 1
6323833 1
6324486 1
6330538 1
6337369 1
6338324 1
6339192 1
6342969 1
6348725 1
6351911 1
6354562 1
6355596 1
6358512 1
6360942 1
6369669 1
6372100 1
6380319 1
6387302 1
6391514 1
6396013 1
6402796 1
6405115 1
6411560 1
6413905 1
6424445 1
6432756 1
6440506 1
6445758 1
6450678 1
6453911 1
6454486 1
6455166 1
6458227 1
6464926 1
6475800 1
6478276 1
6497058 1
6500843 1
6506483 1
6508047 1
6517704 1
6519460 1
6533802 1
6534195 1
6537678 1
6540028 1
6541420 1
6543567 1
6544093 1
6554864 1
6570659 1
6571651 1
6583571 1
6598595 1
6598953 1
6608359 1
6610686 1
6612219 1
6616960 1
6619484 1
6621354 1
6621931 1
6622936 1
6623377 1
6624270 1
6628337 1
6629043 1
6631660 1
6632017 1
6640385 1
6641109 1
6641736 1
6641968 1
6652667 1
6653737 1
6657232 1
6657364 1
6659743 1
6667056 1
6667383 1
6673993 1
6674937 1
6679019 1
6699515 1
6714992 1
6715941 1
6717877 1
6727435 1
6729927 1
6732728 1
6732822 1
6734535 1
6739128 1
6752974 1
6759958 1
6760036 1
6769171 1
6782929 1
6787187 1
6792582 1
6802713 1
6802866 1
6803942 1
6808831 1
6824871 1
6826604 1
6830622 1
6834797 1
6841778 1
6843533 1
6845072 1
6851318 1
6856980 1
6861848 1
6882550 1
6886469 1
6893326 1
6897670 1
6912698 1
6915097 1
6917441 1
6921100 1
6921726 1
6931108 1
6931316 1
6934707 1
6935658 1
6940650 1
6940885 1
6944216 1
6944345 1
6951746 1
6957403 1
6957423 1
6959431 1
6960357 1
6960357 1
6965752 1
6973209 1
6975025 1
6980769 1
6995123 1
7002838 1
7021649 1
7025709 1
7026770 1
7035551 1
7039122 1
7043013 1
7044184 1
7044955 1
7053607 1
7056090 1
7056576 1
7056802 1
7059040 1
7061860 1
7070597 1
7071799 1
7074154 1
7075762 1
7086259 1
7087411 1
7105508 1
7107832 1
7110208 1
7113896 1
7115577 1
7119477 1
7121507 1
7129086 1
7131044 1
7147095 1
7155318 1
7156811 1
7158662 1
7161181 1
7161336 1
7162540 1
7171346 1
7175486 1
7178309 1
7184896 1
7191889 1
7192729 1
7202755 1
7203737 1
7204918 1
7212234 1
7224473 1
7231416 1
7232705 1
7233731 1
7244412 1
7250519 1
7258031 1
7266578 1
7275233 1
7275233 1
7292917 1
7297975 1
7302540 1
7304799 1
7320087 1
7321410 1
7321908 1
7323926 1
7327225 1
7328933 1
7341208 1
7346307 1
7347412 1
7365829 1
7366894 1
7382947 1
7386428 1
7390391 1
7394070 1
7404192 1
7408480 1
7413214 1
7414510 1
7418697 1
7420330 1
7429190 1
7430403 1
7431250 1
7438807 1
7453111 1
7457943 1
7460962 1
7466377 1
7466857 1
7467149 1
7467149 1
7468695 1
7475452 1
7483372 1
7486023 1
7503228 1
7503867 1
7513848 1
7522441 1
7543081 1
7552292 1
7555165 1
7556447 1
7556540 1
7556923 1
7557085 1
7558134 1
7558672 1
7562207 1
7566659 1
7567946 1
7571920 1
7583464 1
7588586 1
7591141 1
7599928 1
7609941 1
7612591 1
7628370 1
7637981 1
7640267 1
7642340 1
7646565 1
7651280 1
7656378 1
7682381 1
7687607 1
7712563 1
7723407 1
7728480 1
7729555 1
7738470 1
7738630 1
7741251 1
7753881 1
7758160 1
7770416 1
7772457 1
7778147 1
7780657 1
7785873 1
7792896 1
7803526 1
7808312 1
7817927 1
7845119 1
7846884 1
7847306 1
7849505 1
7854252 1
7856696 1
7863904 1
7873150 1
7873199 1
7875684 1
7876292 1
7887978 1
7888073 1
7902283 1
7904950 1
7916174 1
7916453 1
7918837 1
7919570 1
7928388 1
7932001 1
7935530 1
7935770 1
7943342 1
7953358 1
7957298 1
7957369 1
7965293 1
7968233 1
7969515 1
7978908 1
7983401 1
7983491 1
7985566 1
7985566 1
7988796 1
7995878 1
8007142 1
8010921 1
8011658 1
8013908 1
8022532 1
8024315 1
8025586 1
8026818 1
8027546 1
8035039 1
8037730 1
8038779 1
8045968 1
8046584 1
8047943 1
8048227 1
8053081 1
8053527 1
8057146 1
8061581 1
8072302 1
8076822 1
8078714 1
8081501 1
8082691 1
8083609 1
8084035 1
8087939 1
8088240 1
8088981 1
8090600 1
8096465 1
8096558 1
8098956 1
8098961 1
8101115 1
8108117 1
8110871 1
8116627 1
8119461 1
8125493 1
8127413 1
8128454 1
8135038 1
8137482 1
8140204 1
8144130 1
8146517 1
8147797 1
8151697 1
8162509 1
8170373 1
8180964 1
8205379 1
8217969 1
8220596 1
8221082 1
8223824 1
8223993 1
8225645 1
8227918 1
8234799 1
8236188 1
8240025 1
8272368 1
8274975 1
8297430 1
8300798 1
8304130 1
8304742 1
8307097 1
8308691 1
21734 1
29015 1
33218 1
34897 1
36225 1
43000 1
44339 1
44436 1
49231 1
101622 1
106038 1
112100 1
116030 1
116533 1
121628 1
126291 1
132198 1
132860 1
134074 1
134232 1
134713 1
136467 1
142251 1
143022 1
143081 1
143501 1
146626 1
151209 1
157401 1
163051 1
164006 1
164006 1
169634 1
173305 1
174033 1
175859 1
176218 1
185851 1
188466 1
192965 1
203970 1
204248 1
204425 1
205237 1
206432 1
208327 1
209412 1
214758 1
219405 1
221869 1
222639 1
227392 1
241108 1
248349 1
256567 1
258273 1
273758 1
273810 1
304093 1
314282 1
316007 1
321830 1
322516 1
333563 1
348709 1
359062 1
368197 1
373769 1
379928 1
384528 1
404293 1
406783 1
428580 1
434003 1
436484 1
438044 1
449393 1
450221 1
454307 1
455121 1
456405 1
456433 1
462117 1
462598 1
478474 1
486868 1
488577 1
490377 1
496986 1
498224 1
500354 1
500430 1
502511 1
506776 1
509829 1
515056 1
524941 1
538561 1
538872 1
539369 1
546346 1
546956 1
557697 1
563783 1
564008 1
566097 1
568008 1
568815 1
569169 1
573315 1
574246 1
579396 1
583547 1
592564 1
593681 1
605387 1
611199 1
611378 1
619367 1
635994 1
647396 1
647783 1
651431 1
653922 1
659932 1
677887 1
678491 1
679316 1
681350 1
685518 1
711418 1
717296 1
722114 1
725404 1
727732 1
745044 1
755035 1
757478 1
762209 1
763613 1
778652 1
787885 1
789097 1
792575 1
793439 1
794433 1
794957 1
805625 1
811066 1
813344 1
818047 1
818105 1
818113 1
819056 1
825397 1
832418 1
833125 1
834395 1
834945 1
842371 1
865729 1
869788 1
880657 1
887133 1
892147 1
905540 1
911488 1
912368 1
918748 1
922083 1
924769 1
925782 1
932526 1
934425 1
937950 1
944434 1
949539 1
950524 1
956030 1
957574 1
970547 1
972231 1
980969 1
983752 1
984838 1
993274 1
996537 1
1001919 1
1003905 1
1006108 1
1006687 1
1011426 1
1016220 1
1018397 1
1029114 1
1030818 1
1032230 1
1035997 1
1036029 1
1041954 1
1044015 1
1047137 1
1049832 1
1059505 1
1060496 1
1068149 1
1071660 1
1073434 1
1074513 1
1077183 1
1079005 1
1079070 1
1080754 1
1081574 1
1085606 1
1086142 1
1093243 1
1095273 1
1101455 1
1107511 1
1107844 1
1132675 1
1135955 1
1142635 1
1144249 1
1146368 1
1147078 1
1151056 1
1154560 1
1160036 1
1160036 1
1161777 1
1163394 1
1163394 1
1163541 1
1165477 1
1171078 1
1180378 1
1186749 1
1189247 1
1189391 1
1196626 1
1207147 1
1209203 1
1220725 1
1222679 1
1236777 1
1237820 1
1239790 1
1241272 1
1248318 1
1249145 1
1254673 1
1259989 1
1261381 1
1266432 1
1273123 1
1274697 1
1276092 1
1280063 1
1283412 1
1287259 1
1294269 1
1294586 1
1296634 1
1303170 1
1306902 1
1307483 1
1320060 1
1326225 1
1330421 1
1334577 1
1345342 1
1347357 1
1353570 1
1359404 1
1359475 1
1360872 1
1364388 1
1364563 1
1365053 1
1367699 1
1368453 1
1370068 1
1377569 1
1381838 1
1394116 1
1400233 1
1413038 1
1416352 1
1416867 1
1420998 1
1424212 1
1435987 1
1437438 1
1448187 1
1460716 1
1461049 1
1463162 1
1467189 1
1467464 1
1484238 1
1489918 1
1495476 1
1502704 1
1510095 1
1512229 1
1523954 1
1524818 1
1526684 1
1534194 1
1545357 1
1551100 1
1551882 1
1556675 1
1564087 1
1574466 1
1581807 1
1590636 1
1604780 1
1609198 1
1613165 1
1623150 1
1626637 1
1633009 1
1641318 1
1643707 1
1644066 1
1646038 1
1646213 1
1653463 1
1659359 1
1659830 1
1659838 1
1660361 1
1662932 1
1670404 1
1671027 1
1675469 1
1676647 1
1683210 1
1685731 1
1686819 1
1694000 1
1702170 1
1713154 1
1722929 1
1724340 1
1738246 1
1746745 1
1762270 1
1771539 1
1781509 1
1784268 1
1787482 1
1800835 1
1802346 1
1807522 1
1812692 1
1815659 1
1817319 1
1817996 1
1834521 1
1839671 1
1849532 1
1853928 1
1853985 1
1857978 1
1858555 1
1868140 1
1880383 1
1885120 1
1889565 1
1891115 1
1891163 1
1894546 1
1896120 1
1901099 1
1906971 1
1906971 1
1907807 1
1908030 1
1909638 1
1912190 1
1913396 1
1928954 1
1933383 1
1941314 1
1943061 1
1947389 1
1950468 1
1952183 1
1964207 1
1975650 1
1976492 1
1978359 1
1979012 1
1983109 1
1989480 1
1998705 1
2001273 1
2003459 1
2008865 1
2011570 1
2019034 1
2026950 1
2028940 1
2032120 1
2039609 1
2039617 1
2039933 1
2045991 1
2068678 1
2068731 1
2071450 1
2108660 1
2110049 1
2112629 1
2113917 1
2117743 1
2135120 1
2135888 1
2140467 1
2146050 1
2149898 1
2152877 1
2178409 1
2185809 1
2185912 1
2200497 1
2204253 1
2205715 1
2207980 1
2208304 1
2213039 1
2218987 1
2219774 1
2226110 1
2233873 1
2234483 1
2235905 1
2250558 1
2255800 1
2257027 1
2258473 1
2260319 1
2267088 1
2270278 1
2272429 1
2283819 1
2293447 1
2296567 1
2299989 1
2303174 1
2318123 1
2328265 1
2328584 1
2332018 1
2335709 1
2335757 1
2342082 1
2356827 1
2362345 1
2368877 1
2371522 1
2374685 1
2376731 1
2381418 1
2389682 1
2390711 1
2406750 1
2415247 1
2415537 1
2415868 1
2420625 1
2422606 1
2424666 1
2433461 1
2435505 1
2443047 1
2444549 1
2445397 1
2452829 1
2456912 1
2477003 1
2481737 1
2486411 1
2495358 1
2506370 1
2520484 1
2523913 1
2524375 1
2524639 1
2526221 1
2544101 1
2545017 1
2546054 1
2550770 1
2557639 1
2557875 1
2567557 1
2573914 1
2583343 1
2584459 1
2588035 1
2590653 1
2594200 1
2609780 1
2616032 1
2619859 1
2622857 1
2622858 1
2623397 1
2625920 1
2631238 1
2633729 1
2652225 1
2654849 1
2657690 1
2671517 1
2672009 1
2676191 1
2680895 1
2694191 1
2701816 1
2708797 1
2717539 1
2720804 1
2721953 1
2725984 1
2729640 1
2733122 1
2735825 1
2754404 1
2765891 1
2769512 1
2770277 1
2771398 1
2773401 1
2774085 1
2783495 1
2783507 1
2789167 1
2795142 1
2799688 1
2799767 1
2800521 1
2801845 1
2804187 1
2817778 1
2828117 1
2835656 1
2844233 1
2850083 1
2851485 1
2856452 1
2859926 1
2864451 1
2875095 1
2880803 1
2886075 1
2886676 1
2895499 1
2895692 1
2901005 1
2906994 1
2909620 1
2910111 1
2913658 1
2915733 1
2918412 1
2919996 1
2929408 1
2933574 1
2957542 1
2961578 1
2961741 1
2965884 1
2966354 1
2967537 1
2970829 1
2971284 1
2987804 1
2988186 1
2988404 1
2994677 1
2999772 1
3000999 1
3003999 1
3008480 1
3009197 1
3011105 1
3019411 1
3024516 1
3027389 1
3027435 1
3031037 1
3041674 1
3055013 1
3055159 1
3057126 1
3068762 1
3075688 1
3078380 1
3078818 1
3090914 1
3091582 1
3093381 1
3096478 1
3105990 1
3112063 1
3112419 1
3112773 1
3113959 1
3126642 1
3126642 1
3127503 1
3127795 1
3129706 1
3129889 1
3131767 1
3132185 1
3139196 1
3144994 1
3155483 1
3155907 1
3161532 1
3161988 1
3164169 1
3168013 1
3177708 1
3191796 1
3192682 1
3195379 1
3200730 1
3201160 1
3201554 1
3206687 1
3208360 1
3219913 1
3226512 1
3227008 1
3242615 1
3252208 1
3260614 1
3261670 1
3261670 1
3268742 1
3271934 1
3281547 1
3286066 1
3286766 1
3291082 1
3297202 1
3323250 1
3332650 1
3332938 1
3333513 1
3336801 1
3338692 1
3364040 1
3366319 1
3369684 1
3373539 1
3383015 1
3385278 1
3391242 1
3391607 1
3395937 1
3395937 1
3414655 1
3415826 1
3415936 1
3416869 1
3424451 1
3427695 1
3434754 1
3436208 1
3447364 1
3449984 1
3450045 1
3452542 1
3453306 1
3454719 1
3459597 1
3460450 1
3463228 1
3471008 1
3473302 1
3474871 1
3481160 1
3484293 1
3488264 1
3492615 1
3494167 1
3495010 1
3502993 1
3507256 1
3511599 1
3511675 1
3524364 1
3526399 1
3527631 1
3529664 1
3530529 1
3531449 1
3533342 1
3542519 1
3544495 1
3544667 1
3544910 1
3545188 1
3552839 1
3554086 1
3557300 1
3569402 1
3573371 1
3577457 1
3578863 1
3581344 1
3582594 1
3582855 1
3589448 1
3605425 1
3606190 1
3618812 1
3627872 1
3632770 1
3635911 1
3635911 1
3636673 1
3638992 1
3653283 1
3653292 1
3659300 1
3662318 1
3663071 1
3664924 1
3665460 1
3666331 1
3666351 1
3673706 1
3684471 1
3688407 1
3698662 1
3701755 1
3702199 1
3707962 1
3708900 1
3711369 1
3711369 1
3719537 1
3720536 1
3735123 1
3742454 1
3746679 1
3747044 1
3748460 1
3752809 1
3753710 1
3758646 1
3760510 1
3761242 1
3762846 1
3763198 1
3764913 1
3768441 1
3768710 1
3774830 1
3777712 1
3777968 1
3778471 1
3778948 1
3783084 1
3783379 1
3785090 1
3786216 1
3789117 1
3789298 1
3794440 1
3797350 1
3802458 1
3807549 1
3807549 1
3810977 1
3830037 1
3831775 1
3835057 1
3835076 1
3835473 1
3838861 1
3841451 1
3843263 1
3857865 1
3860346 1
3862983 1
3869758 1
3870116 1
3871660 1
3877247 1
3877695 1
3879508 1
3880241 1
3880858 1
3881186 1
3885710 1
3888178 1
3893499 1
3896520 1
3908053 1
3908900 1
3910810 1
3934973 1
3936614 1
3940864 1
3943398 1
3944824 1
3954106 1
3954370 1
3954434 1
3961492 1
3967340 1
3973857 1
3983586 1
3984965 1
3989574 1
4007608 1
4008211 1
4008780 1
4009701 1
4011619 1
4014627 1
4016135 1
4021748 1
4024563 1
4026884 1
4041648 1
4044850 1
4046588 1
4056589 1
4056612 1
4062908 1
4075245 1
4077662 1
4093867 1
4099754 1
4129278 1
4141694 1
4147935 1
4149401 1
4149658 1
4155210 1
4158504 1
4162273 1
4162792 1
4162810 1
4173469 1
4173469 1
4173703 1
4174636 1
4186909 1
4198326 1
4202104 1
4207042 1
4208540 1
4209556 1
4217410 1
4217863 1
4225856 1
4233901 1
4237372 1
4242887 1
4244448 1
4246275 1
4257682 1
4260463 1
4260473 1
4261427 1
4265992 1
4270386 1
4273208 1
4275563 1
4282038 1
4284452 1
4296688 1
4320402 1
4323452 1
4323770 1
4330835 1
4333828 1
4334400 1
4336229 1
4341575 1
4342638 1
4343053 1
4343905 1
4354378 1
4355328 1
4356774 1
4358441 1
4359133 1
4366183 1
4377029 1
4385975 1
4391105 1
4396003 1
4396291 1
4397964 1
4403646 1
4404234 1
4406841 1
4409214 1
4417591 1
4421244 1
4424063 1
4427400 1
4430451 1
4431264 1
4442973 1
4452951 1
4455455 1
4455827 1
4457628 1
4460025 1
4481817 1
4488505 1
4490150 1
4495516 1
4499512 1
4516450 1
4517044 1
4524202 1
4525181 1
4531736 1
4535797 1
4542686 1
4546079 1
4551513 1
4565601 1
4571150 1
4581110 1
4581952 1
4593515 1
4594651 1
4602351 1
4608889 1
4619018 1
4622424 1
4630066 1
4632933 1
4633304 1
4641775 1
4646818 1
4648017 1
4661976 1
4667279 1
4667307 1
4669667 1
4672837 1
4676168 1
4677754 1
4678589 1
4681120 1
4692261 1
4694972 1
4713074 1
4721931 1
4722351 1
4725147 1
4725370 1
4730282 1
4730945 1
4732544 1
4733146 1
4737515 1
4737860 1
4740458 1
4749878 1
4763244 1
4763809 1
4767693 1
4771071 1
4783992 1
4800706 1
4805957 1
4809027 1
4813395 1
4814860 1
4816136 1
4824778 1
4828475 1
4833216 1
4842864 1
4843421 1
4843691 1
4869753 1
4872565 1
4874826 1
4875812 1
4883950 1
4883950 1
4889512 1
4910474 1
4920982 1
4937042 1
4937386 1
4944939 1
4954068 1
4955148 1
4955372 1
4960644 1
4965189 1
4966074 1
4981525 1
4992743 1
4997298 1
4998625 1
4998675 1
4999599 1
5005911 1
5006145 1
5009806 1
5016284 1
5017134 1
5028404 1
5030621 1
5030796 1
5033823 1
5049090 1
5055162 1
5057187 1
5063498 1
5066186 1
5074029 1
5079140 1
5081775 1
5103968 1
5126492 1
5135633 1
5159470 1
5163871 1
5170453 1
5172146 1
5172671 1
5192276 1
5198682 1
5199474 1
5207978 1
5221728 1
5223195 1
5227344 1
5227654 1
5233058 1
5245856 1
5250142 1
5260942 1
5277758 1
5279477 1
5290634 1
5305789 1
5311981 1
5311981 1
5312366 1
5317019 1
5327770 1
5331549 1
5346633 1
5351195 1
5365707 1
5368293 1
5374329 1
5374944 1
5375317 1
5379091 1
5400787 1
5425758 1
5432067 1
5438737 1
5443147 1
5452981 1
5454587 1
5462006 1
5462701 1
5466768 1
5474835 1
5484065 1
5489213 1
5495472 1
5498425 1
5500797 1
5505266 1
5509887 1
5521328 1
5527268 1
5532594 1
5533163 1
5534165 1
5536297 1
5545742 1
5545812 1
5567645 1
5569951 1
5571579 1
5572226 1
5590301 1
5590724 1
5600004 1
5604144 1
5605092 1
5609168 1
5609831 1
5611540 1
5620890 1
5630676 1
5637030 1
5641991 1
5643485 1
5655427 1
5656671 1
5662412 1
5664961 1
5666035 1
5666128 1
5670478 1
5671544 1
5675996 1
5676551 1
5679216 1
5693229 1
5699567 1
5703065 1
5709558 1
5710685 1
5716252 1
5716503 1
5718629 1
5719441 1
5734415 1
5741561 1
5741561 1
5744235 1
5745136 1
5747814 1
5769705 1
5770482 1
5786853 1
5788486 1
5792885 1
5794853 1
5801520 1
5807756 1
5808240 1
5808291 1
5809436 1
5813515 1
5814749 1
5815925 1
5816227 1
5818777 1
5818799 1
5822094 1
5822948 1
5824515 1
5828845 1
5848274 1
5852972 1
5854610 1
5858541 1
5861167 1
5869840 1
5875855 1
5877483 1
5881296 1
5888540 1
5891398 1
5901350 1
5918349 1
5921803 1
5927911 1
5930910 1
5932853 1
5932853 1
5933642 1
5945110 1
5948401 1
5951761 1
5977587 1
5989647 1
5998035 1
6009628 1
6010422 1
6011052 1
6030848 1
6031891 1
6031907 1
6033789 1
6040452 1
6048875 1
6053030 1
6054251 1
6061387 1
6068468 1
6087528 1
6097351 1
6099502 1
6104279 1
6127343 1
6129124 1
6142681 1
6144894 1
6153996 1
6177877 1
6181440 1
6183922 1
6185262 1
6186348 1
6188308 1
6191702 1
6197073 1
6197523 1
6198087 1
6199765 1
6224325 1
6227839 1
6227854 1
6228432 1
6238856 1
6240726 1
6253224 1
6254719 1
6257031 1
6271202 1
6274133 1
6282714 1
6286143 1
6286848 1
6287177 1
6293783 1
6296071 1
6302342 1
6302733 1
6311430 1
6314964 1
6317091 1
6321654 1
6325159 1
6337145 1
6339651 1
6355028 1
6355205 1
6359428 1
6370725 1
6376503 1
6399432 1
6400078 1
6404523 1
6409361 1
6413888 1
6423327 1
6430569 1
6433754 1
6441420 1
6443115 1
6445915 1
6446722 1
6454496 1
6459054 1
6475146 1
6477381 1
6483851 1
6485374 1
6488216 1
6488237 1
6496883 1
6511568 1
6511971 1
6516979 1
6518089 1
6519081 1
6524609 1
6526299 1
6534286 1
6537449 1
6538542 1
6544304 1
6548596 1
6557553 1
6577665 1
6582441 1
6583958 1
6586945 1
6597394 1
6605854 1
6624681 1
6629339 1
6634684 1
6643982 1
6647652 1
6660324 1
6661489 1
6663587 1
6671393 1
6681389 1
6689561 1
6693121 1
6695663 1
6696990 1
6706768 1
6706786 1
6717579 1
6720165 1
6741667 1
6742754 1
6749978 1
6752813 1
6752813 1
6754494 1
6779359 1
6780463 1
6782525 1
6788657 1
6794882 1
6796870 1
6804563 1
6807069 1
6807259 1
6807737 1
6814080 1
6814635 1
6814925 1
6818896 1
6822290 1
6829655 1
6831740 1
6834281 1
6834712 1
6834760 1
6841274 1
6845398 1
6853264 1
6859306 1
6860641 1
6862790 1
6868928 1
6872186 1
6875270 1
6875270 1
6887415 1
6895009 1
6897827 1
6900815 1
6904742 1
6904936 1
6912560 1
6922440 1
6924140 1
6924512 1
6931324 1
6934495 1
6934953 1
6935353 1
6943858 1
6952181 1
6954127 1
6957459 1
6960299 1
6962631 1
6969005 1
6973157 1
6974702 1
6981594 1
6984004 1
6984004 1
6985967 1
6993009 1
7003428 1
7004984 1
7027987 1
7028927 1
7030038 1
7040138 1
7041994 1
7047019 1
7047265 1
7051021 1
7052579 1
7052579 1
7058385 1
7060863 1
7075741 1
7082605 1
7095106 1
7100296 1
7102428 1
7104886 1
7105826 1
7108487 1
7111514 1
7111800 1
7113295 1
7115904 1
7115964 1
7116025 1
7118434 1
7123830 1
7128902 1
7129275 1
7129302 1
7130752 1
7131602 1
7141434 1
7147839 1
7154941 1
7158610 1
7168098 1
7169243 1
7170462 1
7176789 1
7182401 1
7206100 1
7206465 1
7206476 1
7212742 1
7214422 1
7221483 1
7223361 1
7227461 1
7228687 1
7231186 1
7239635 1
7255551 1
7270981 1
7274750 1
7274842 1
7277109 1
7277383 1
7281085 1
7309219 1
7311206 1
7315265 1
7325908 1
7332553 1
7342621 1
7342621 1
7343689 1
7345915 1
7351616 1
7353998 1
7357038 1
7357160 1
7357494 1
7364105 1
7364950 1
7368901 1
7371806 1
7372248 1
7376539 1
7387318 1
7387921 1
7390674 1
7392092 1
7395456 1
7397883 1
7405518 1
7406378 1
7406414 1
7412347 1
7413221 1
7414049 1
7416634 1
7420184 1
7425293 1
7429389 1
7434055 1
7435497 1
7436324 1
7440996 1
7447211 1
7453183 1
7468886 1
7483189 1
7486052 1
7486257 1
7490140 1
7496677 1
7500050 1
7506216 1
7507200 1
7512058 1
7524310 1
7524959 1
7535491 1
7535491 1
7536347 1
7545898 1
7557714 1
7558342 1
7560740 1
7562364 1
7565758 1
7566843 1
7568273 1
7574999 1
7586108 1
7588727 1
7606376 1
7615225 1
7627170 1
7632155 1
7649694 1
7652487 1
7654647 1
7664604 1
7676026 1
7689747 1
7691773 1
7704462 1
7710626 1
7715825 1
7717586 1
7722382 1
7732914 1
7752789 1
7753109 1
7756208 1
7759906 1
7762753 1
7769579 1
7770906 1
7772096 1
7772604 1
7773348 1
7780379 1
7785979 1
7787884 1
7803658 1
7807410 1
7833698 1
7843537 1
7863553 1
7865775 1
7890724 1
7890724 1
7892981 1
7898311 1
7907261 1
7917496 1
7918057 1
7922643 1
7922854 1
7923766 1
7925309 1
7935657 1
7941150 1
7942747 1
7946047 1
7946594 1
7954031 1
7965986 1
7971277 1
7971588 1
7979877 1
7982069 1
7985666 1
7996482 1
8006340 1
8007685 1
8009013 1
8010843 1
8012012 1
8015622 1
8016878 1
8018982 1
8019990 1
8020636 1
8023021 1
8024837 1
8031208 1
8037172 1
8042514 1
8048690 1
8052813 1
8057675 1
8060145 1
8071151 1
8072459 1
8075339 1
8077964 1
8080573 1
8081537 1
8084649 1
8085677 1
8087592 1
8096154 1
8108599 1
8109956 1
8111058 1
8119642 1
8121224 1
8121738 1
8123012 1
8125938 1
8127249 1
8131400 1
8132861 1
8133616 1
8140464 1
8140878 1
8144783 1
8145631 1
8148192 1
8150500 1
8161595 1
8165177 1
8167129 1
8177142 1
8178599 1
8187130 1
8188424 1
8192830 1
8194808 1
8197962 1
8199596 1
8215426 1
8215758 1
8218897 1
8218960 1
8222822 1
8232963 1
8270150 1
8275160 1
8279607 1
8284772 1
8287380 1
8293589 1
8304647 1
4117 1
4327 1
9829 1
9855 1
33670 1
36593 1
38137 1
44610 1
46266 1
48886 1
49364 1
59575 1
62887 1
63211 1
75141 1
85594 1
102987 1
104548 1
105728 1
107078 1
107923 1
109029 1
117678 1
118183 1
120770 1
124375 1
125537 1
126163 1
128619 1
129933 1
130230 1
132594 1
134489 1
150659 1
158014 1
163394 1
165196 1
168049 1
174350 1
174759 1
177494 1
177888 1
177996 1
180394 1
180864 1
181378 1
186549 1
192759 1
194054 1
195429 1
196650 1
198254 1
199186 1
207026 1
213242 1
217710 1
218678 1
218992 1
222608 1
224176 1
224176 1
228305 1
238745 1
240419 1
243798 1
244837 1
249657 1
250232 1
254214 1
261405 1
262602 1
262690 1
264309 1
270793 1
270793 1
271287 1
273754 1
286202 1
291247 1
294645 1
311834 1
313708 1
315246 1
322918 1
326140 1
330986 1
331148 1
339647 1
352130 1
352365 1
353227 1
353929 1
354051 1
357782 1
363745 1
380815 1
424044 1
430241 1
440605 1
450714 1
452141 1
460369 1
474490 1
485706 1
488633 1
491483 1
500193 1
501799 1
503291 1
509126 1
509682 1
509796 1
510716 1
512501 1
519601 1
535739 1
556148 1
556762 1
557363 1
559735 1
560209 1
561165 1
561616 1
564265 1
565312 1
565943 1
566698 1
569609 1
571081 1
571793 1
571885 1
571896 1
572521 1
573569 1
574799 1
574909 1
578450 1
579576 1
583566 1
586472 1
589392 1
599706 1
599855 1
600512 1
600512 1
603086 1
604695 1
610143 1
610972 1
621658 1
640875 1
640875 1
644472 1
648333 1
659206 1
683984 1
688738 1
699524 1
718206 1
719326 1
721155 1
723658 1
726292 1
736895 1
753761 1
759389 1
767056 1
769336 1
769354 1
771606 1
773305 1
779243 1
781762 1
795549 1
810603 1
812165 1
814924 1
819316 1
825409 1
825432 1
827394 1
837005 1
837450 1
842980 1
848814 1
848826 1
854619 1
857515 1
865210 1
867700 1
867914 1
869689 1
870334 1
872726 1
873094 1
874630 1
884741 1
892903 1
894960 1
902559 1
902812 1
903336 1
908454 1
911812 1
913131 1
923578 1
925922 1
928569 1
929543 1
929715 1
935240 1
937728 1
939235 1
941196 1
943957 1
953246 1
953920 1
953951 1
966104 1
983408 1
989911 1
998339 1
999479 1
1003759 1
1004385 1
1014931 1
1020285 1
1025890 1
1031128 1
1038362 1
1041456 1
1042387 1
1049375 1
1051399 1
1060809 1
1062535 1
1066788 1
1070324 1
1078324 1
1080515 1
1091257 1
1093763 1
1094859 1
1097578 1
1100273 1
1103049 1
1104357 1
1104357 1
1106827 1
1108208 1
1111932 1
1128388 1
1131137 1
1131553 1
1133213 1
1138398 1
1146377 1
1157208 1
1157672 1
1173793 1
1174064 1
1174404 1
1178948 1
1184553 1
1192615 1
1203641 1
1206780 1
1207458 1
1211676 1
1214999 1
1215247 1
1216786 1
1222154 1
1224191 1
1225399 1
1225745 1
1227303 1
1228491 1
1234681 1
1239498 1
1242038 1
1259631 1
1259735 1
1278177 1
1285889 1
1294680 1
1307889 1
1308535 1
1319586 1
1320056 1
1326066 1
1341078 1
1341435 1
1342514 1
1343171 1
1343870 1
1347674 1
1350717 1
1351683 1
1352972 1
1353522 1
1355222 1
1356412 1
1364523 1
1368152 1
1371065 1
1379063 1
1382339 1
1382366 1
1397954 1
1402515 1
1402636 1
1409495 1
1412420 1
1416093 1
1420308 1
1442074 1
1450476 1
1452314 1
1461907 1
1466080 1
1473640 1
1475304 1
1475790 1
1476476 1
1501607 1
1502136 1
1503921 1
1506562 1
1509913 1
1510018 1
1514372 1
1522425 1
1522507 1
1529219 1
1530527 1
1540518 1
1543669 1
1547526 1
1554469 1
1558048 1
1560348 1
1560420 1
1564043 1
1575623 1
1577777 1
1578396 1
1586552 1
1589069 1
1598592 1
1598667 1
1599243 1
1599607 1
1602998 1
1616660 1
1624884 1
1624990 1
1630336 1
1630387 1
1630538 1
1644934 1
1648600 1
1649239 1
1668582 1
1670628 1
1672583 1
1673398 1
1677893 1
1683619 1
1699471 1
1703443 1
1704292 1
1707895 1
1716124 1
1718259 1
1720968 1
1724625 1
1725082 1
1726946 1
1729423 1
1730800 1
1731368 1
1743152 1
1744003 1
1745443 1
1757272 1
1759792 1
1766855 1
1771352 1
1773866 1
1780408 1
1780873 1
1781766 1
1785704 1
1790519 1
1790832 1
1792347 1
1792827 1
1798344 1
1798649 1
1798649 1
1802991 1
1817834 1
1828041 1
1834337 1
1849615 1
1852977 1
1852977 1
1856146 1
1857605 1
1857633 1
1858627 1
1858631 1
1873249 1
1880340 1
1880568 1
1881702 1
1885982 1
1889620 1
1894404 1
1901028 1
1906976 1
1918670 1
1927530 1
1929837 1
1936980 1
1938963 1
1943008 1
1947173 1
1951869 1
1953690 1
1958654 1
1958654 1
1975521 1
1976158 1
1976415 1
1991979 1
1996968 1
1999162 1
2012971 1
2016829 1
2017264 1
2024408 1
2033201 1
2039077 1
2049654 1
2049863 1
2055084 1
2055139 1
2069597 1
2069872 1
2078809 1
2081269 1
2082612 1
2085906 1
2087233 1
2093784 1
2094946 1
2097590 1
2102727 1
2102769 1
2103169 1
2106672 1
2107327 1
2113654 1
2122739 1
2130326 1
2130342 1
2135396 1
2139471 1
2143650 1
2152799 1
2158471 1
2159298 1
2166078 1
2171988 1
2172400 1
2175255 1
2178500 1
2184909 1
2185642 1
2186447 1
2189845 1
2191449 1
2210203 1
2211844 1
2216543 1
2220296 1
2225537 1
2227144 1
2236077 1
2253315 1
2253922 1
2256457 1
2258281 1
2260172 1
2261141 1
2262858 1
2264486 1
2266618 1
2278199 1
2283229 1
2289377 1
2292767 1
2300133 1
2300862 1
2304720 1
2305245 1
2308785 1
2309518 1
2313726 1
2316432 1
2320920 1
2323118 1
2324126 1
2334385 1
2339769 1
2347661 1
2356726 1
2356799 1
2358827 1
2362581 1
2365279 1
2377555 1
2385363 1
2386046 1
2393428 1
2417018 1
2418087 1
2421633 1
2422473 1
2423325 1
2423929 1
2424191 1
2429722 1
2431558 1
2434522 1
2438135 1
2438277 1
2439442 1
2443700 1
2446555 1
2449060 1
2455383 1
2461806 1
2461806 1
2462720 1
2469794 1
2472631 1
2476869 1
2476928 1
2478165 1
2484793 1
2487458 1
2488011 1
2498773 1
2506648 1
2508325 1
2512462 1
2513268 1
2520941 1
2522610 1
2527966 1
2535579 1
2537695 1
2542123 1
2543724 1
2547056 1
2549486 1
2550262 1
2555037 1
2556917 1
2560153 1
2570131 1
2578568 1
2583190 1
2591656 1
2592405 1
2594167 1
2599241 1
2607255 1
2607715 1
2610134 1
2613732 1
2622263 1
2626808 1
2629674 1
2635203 1
2651034 1
2657673 1
2660508 1
2665965 1
2670518 1
2676534 1
2684670 1
2685113 1
2700574 1
2712950 1
2717970 1
2723175 1
2723547 1
2724680 1
2727061 1
2733538 1
2737076 1
2741776 1
2755829 1
2760613 1
2765403 1
2768167 1
2769318 1
2769360 1
2781151 1
2783270 1
2789762 1
2801545 1
2804668 1
2806476 1
2815438 1
2817955 1
2820521 1
2820966 1
2826315 1
2836024 1
2839020 1
2848175 1
2850606 1
2851170 1
2862117 1
2871267 1
2874250 1
2881724 1
2885728 1
2886813 1
2907326 1
2907394 1
2912205 1
2919543 1
2923620 1
2924826 1
2928271 1
2931171 1
2932992 1
2936572 1
2937556 1
2940626 1
2946936 1
2954411 1
2955522 1
2964137 1
2964151 1
2966419 1
2972285 1
2985653 1
2989187 1
2991172 1
3002461 1
3004516 1
3005347 1
3023894 1
3026527 1
3028718 1
3035941 1
3038746 1
3041740 1
3043441 1
3046498 1
3051338 1
3054924 1
3066238 1
3068786 1
3068835 1
3071826 1
3073507 1
3075501 1
3077759 1
3079751 1
3084825 1
3086574 1
3089334 1
3092128 1
3097372 1
3098983 1
3102472 1
3105176 1
3107185 1
3108524 1
3108711 1
3113638 1
3114054 1
3114549 1
3116262 1
3118283 1
3124313 1
3126137 1
3141866 1
3142973 1
3144296 1
3146762 1
3149710 1
3167402 1
3173124 1
3175393 1
3177755 1
3178171 1
3188652 1
3191479 1
3191544 1
3197507 1
3197844 1
3204114 1
3213762 1
3221299 1
3224366 1
3224977 1
3227115 1
3235813 1
3257880 1
3260707 1
3263170 1
3270033 1
3270677 1
3281715 1
3282528 1
3284383 1
3287095 1
3289597 1
3289605 1
3293185 1
3293750 1
3301857 1
3302894 1
3305066 1
3312474 1
3319625 1
3320991 1
3330122 1
3333998 1
3334278 1
3338781 1
3338781 1
3339532 1
3357835 1
3360479 1
3360851 1
3370171 1
3374253 1
3375320 1
3382752 1
3393389 1
3394428 1
3395968 1
3403095 1
3408881 1
3413032 1
3414863 1
3416110 1
3418631 1
3422093 1
3433162 1
3435523 1
3435925 1
3443267 1
3445647 1
3446339 1
3446930 1
3460983 1
3463533 1
3472849 1
3478090 1
3488623 1
3488793 1
3492155 1
3496104 1
3496773 1
3496776 1
3501262 1
3503340 1
3512469 1
3512950 1
3517747 1
3518970 1
3519531 1
3521496 1
3524844 1
3525666 1
3530389 1
3533746 1
3533746 1
3534897 1
3535073 1
3542852 1
3543039 1
3547312 1
3548972 1
3553478 1
3558072 1
3559978 1
3563116 1
3563857 1
3564866 1
3577541 1
3581374 1
3583389 1
3584267 1
3589584 1
3593555 1
3603196 1
3620211 1
3621805 1
3622828 1
3623532 1
3624461 1
3629330 1
3629911 1
3630628 1
3636083 1
3640399 1
3641052 1
3641561 1
3642138 1
3648489 1
3652078 1
3652900 1
3657511 1
3663311 1
3664956 1
3666592 1
3667146 1
3673036 1
3675945 1
3678525 1
3679997 1
3680084 1
3684926 1
3693448 1
3699828 1
3701212 1
3710822 1
3721007 1
3741360 1
3741574 1
3743008 1
3745640 1
3750502 1
3758662 1
3774945 1
3777924 1
3782277 1
3782890 1
3788102 1
3788469 1
3792106 1
3796006 1
3797553 1
3803766 1
3817360 1
3820200 1
3823073 1
3824477 1
3824513 1
3824691 1
3845676 1
3845898 1
3846359 1
3850788 1
3860430 1
3862794 1
3872868 1
3873542 1
3874590 1
3888953 1
3894494 1
3900779 1
3914762 1
3915007 1
3931445 1
3943019 1
3943019 1
3943490 1
3943748 1
3948013 1
3955301 1
3955301 1
3962236 1
3966909 1
3983095 1
3983191 1
3985712 1
3987480 1
3988385 1
3988850 1
3991064 1
3996406 1
3998332 1
4002178 1
4004421 1
4007671 1
4016809 1
4019512 1
4021120 1
4026249 1
4028930 1
4029515 1
4031378 1
4034668 1
4037415 1
4051565 1
4063849 1
4066527 1
4067495 1
4068697 1
4068734 1
4075709 1
4078526 1
4087571 1
4087649 1
4087649 1
4095622 1
4096108 1
4102039 1
4134120 1
4136066 1
4139959 1
4151326 1
4156041 1
4157459 1
4161585 1
4163624 1
4169697 1
4170206 1
4170496 1
4172063 1
4179589 1
4183310 1
4190956 1
4191184 1
4191777 1
4191943 1
4192415 1
4192876 1
4193890 1
4194614 1
4195803 1
4197774 1
4198624 1
4199255 1
4202368 1
4207426 1
4211289 1
4212409 1
4213335 1
4213936 1
4218623 1
4218928 1
4224780 1
4229844 1
4229973 1
4234262 1
4239468 1
4250874 1
4255268 1
4260185 1
4260431 1
4262958 1
4266681 1
4271671 1
4272430 1
4273049 1
4286973 1
4293321 1
4296995 1
4296995 1
4298120 1
4300284 1
4301236 1
4315045 1
4325717 1
4326766 1
4331714 1
4334056 1
4334094 1
4334310 1
4352088 1
4356051 1
4356664 1
4357501 1
4357501 1
4361078 1
4361966 1
4375881 1
4377599 1
4382627 1
4384554 1
4390446 1
4391163 1
4395537 1
4399120 1
4401962 1
4414264 1
4414892 1
4423393 1
4423873 1
4430975 1
4442518 1
4442518 1
4453092 1
4460797 1
4480592 1
4481627 1
4486430 1
4488624 1
4490404 1
4495604 1
4497603 1
4500480 1
4501901 1
4508695 1
4512295 1
4512542 1
4514240 1
4514242 1
4518297 1
4524069 1
4524525 1
4525706 1
4531608 1
4534780 1
4536269 1
4536961 1
4542477 1
4542667 1
4549882 1
4551323 1
4553856 1
4564111 1
4569595 1
4569808 1
4573917 1
4582830 1
4587625 1
4589341 1
4593815 1
4607462 1
4619224 1
4622049 1
4622277 1
4632717 1
4633675 1
4642391 1
4651677 1
4660351 1
4662092 1
4681108 1
4681547 1
4684063 1
4685254 1
4696777 1
4698008 1
4703527 1
4707431 1
4716601 1
4719469 1
4722261 1
4722898 1
4728170 1
4735425 1
4739007 1
4739423 1
4747657 1
4750213 1
4752682 1
4760702 1
4761171 1
4781732 1
4792612 1
4797851 1
4799830 1
4799964 1
4800396 1
4807675 1
4813330 1
4816015 1
4816124 1
4819045 1
4823212 1
4826251 1
4826346 1
4844714 1
4847350 1
4870995 1
4871927 1
4874036 1
4874424 1
4874492 1
4874693 1
4874868 1
4879192 1
4881123 1
4881259 1
4883430 1
4888557 1
4895074 1
4913501 1
4915707 1
4917853 1
4924229 1
4927587 1
4953140 1
4954648 1
4958102 1
4959336 1
4959643 1
4960236 1
4980256 1
4980269 1
4994211 1
4994396 1
4996459 1
5003918 1
5004219 1
5012572 1
5012804 1
5013881 1
5017250 1
5018011 1
5021244 1
5023538 1
5024833 1
5027708 1
5028849 1
5029435 1
5029827 1
5032214 1
5039017 1
5043301 1
5044254 1
5049331 1
5053923 1
5063454 1
5068898 1
5068898 1
5079060 1
5079468 1
5089308 1
5101790 1
5101897 1
5107566 1
5117761 1
5119412 1
5131265 1
5135522 1
5136878 1
5139980 1
5147169 1
5160809 1
5163978 1
5177589 1
5186802 1
5190572 1
5197940 1
5227221 1
5228498 1
5229838 1
5238926 1
5244387 1
5247623 1
5259663 1
5262120 1
5269504 1
5275729 1
5286301 1
5324790 1
5324790 1
5330351 1
5332278 1
5340825 1
5343481 1
5345574 1
5350886 1
5351334 1
5374090 1
5377769 1
5385297 1
5406304 1
5417429 1
5418491 1
5423884 1
5427947 1
5428484 1
5430563 1
5433429 1
5437381 1
5441043 1
5449110 1
5450708 1
5506879 1
5520682 1
5521482 1
5549040 1
5558710 1
5558909 1
5560169 1
5563149 1
5567737 1
5578692 1
5593887 1
5599518 1
5601586 1
5602921 1
5604968 1
5605375 1
5607487 1
5608818 1
5622142 1
5636779 1
5642402 1
5653392 1
5657063 1
5661114 1
5664977 1
5672487 1
5674436 1
5675635 1
5679396 1
5681884 1
5683861 1
5687975 1
5691522 1
5692622 1
5693154 1
5695238 1
5695238 1
5697514 1
5697858 1
5698597 1
5698599 1
5701510 1
5704141 1
5711163 1
5718365 1
5718406 1
5722364 1
5723329 1
5727298 1
5730660 1
5736595 1
5740120 1
5744558 1
5759401 1
5761842 1
5767100 1
5767210 1
5774849 1
5779265 1
5788264 1
5789456 1
5799804 1
5816308 1
5818190 1
5819886 1
5824957 1
5827566 1
5830776 1
5848649 1
5857100 1
5877326 1
5880045 1
5880466 1
5880469 1
5885643 1
5886014 1
5886014 1
5890332 1
5890639 1
5893802 1
5900816 1
5904447 1
5921209 1
5948243 1
5948844 1
5949962 1
5954932 1
5958406 1
5958492 1
5971828 1
5972949 1
5973565 1
5984387 1
5984674 1
5988487 1
5997863 1
6004892 1
6005185 1
6005462 1
6019086 1
6027963 1
6028801 1
6039291 1
6040411 1
6042474 1
6044299 1
6045834 1
6052652 1
6053614 1
6058268 1
6064228 1
6078020 1
6082017 1
6088410 1
6098425 1
6098661 1
6098726 1
6099268 1
6107787 1
6108386 1
6126210 1
6129933 1
6134442 1
6134975 1
6151539 1
6159087 1
6159174 1
6166913 1
6176091 1
6176141 1
6182168 1
6185538 1
6199345 1
6227171 1
6241185 1
6247345 1
6255726 1
6260368 1
6287455 1
6294850 1
6297679 1
6300869 1
6315189 1
6318024 1
6323167 1
6325184 1
6327712 1
6333057 1
6336661 1
6339109 1
6339677 1
6341886 1
6343321 1
6345562 1
6347195 1
6351397 1
6353756 1
6362063 1
6368156 1
6373721 1
6378159 1
6379240 1
6382100 1
6385469 1
6386843 1
6402848 1
6404543 1
6404946 1
6408041 1
6409748 1
6414832 1
6419999 1
6427024 1
6431540 1
6435189 1
6437528 1
6444951 1
6453253 1
6481558 1
6482673 1
6492493 1
6497835 1
6500195 1
6500882 1
6500927 1
6505009 1
6520157 1
6525496 1
6526258 1
6532353 1
6532491 1
6533843 1
6540113 1
6542374 1
6543563 1
6546580 1
6548762 1
6549464 1
6551670 1
6555994 1
6558761 1
6562952 1
6567274 1
6573615 1
6578486 1
6584014 1
6584772 1
6585078 1
6586411 1
6598029 1
6600342 1
6603752 1
6605664 1
6611337 1
6611337 1
6617893 1
6623455 1
6623677 1
6629759 1
6638983 1
6643406 1
6653941 1
6673581 1
6674351 1
6700384 1
6703614 1
6709411 1
6709656 1
6712583 1
6717480 1
6718972 1
6726053 1
6726456 1
6729759 1
6737735 1
6741053 1
6743002 1
6745002 1
6747275 1
6754590 1
6755548 1
6762419 1
6769497 1
6772850 1
6781150 1
6800446 1
6804788 1
6806358 1
6806627 1
6818601 1
6830530 1
6831842 1
6834224 1
6835108 1
6837462 1
6845464 1
6847991 1
6848538 1
6849798 1
6860494 1
6863081 1
6878014 1
6879750 1
6883812 1
6883935 1
6886915 1
6891955 1
6893156 1
6893220 1
6894567 1
6900066 1
6900699 1
6908413 1
6921345 1
6924162 1
6934562 1
6934840 1
6935127 1
6938024 1
6940899 1
6945636 1
6951401 1
6951404 1
6952875 1
6963254 1
6966308 1
6967821 1
6990372 1
7005364 1
7007561 1
7009842 1
7020739 1
7023527 1
7027170 1
7027520 1
7027577 1
7029302 1
7029629 1
7030103 1
7034379 1
7034402 1
7035395 1
7038564 1
7048529 1
7048826 1
7054080 1
7057916 1
7057962 1
7059799 1
7061687 1
7086881 1
7086972 1
7087758 1
7103324 1
7104846 1
7106115 1
7109901 1
7111434 1
7113161 1
7113584 1
7116672 1
7120593 1
7127631 1
7131887 1
7146884 1
7158425 1
7161396 1
7166327 1
7167937 1
7173303 1
7173342 1
7176913 1
7181952 1
7182332 1
7187142 1
7187142 1
7188434 1
7191139 1
7206387 1
7212947 1
7223563 1
7230041 1
7241416 1
7247306 1
7252806 1
7257811 1
7258778 1
7258933 1
7260723 1
7261707 1
7266787 1
7269163 1
7273931 1
7274155 1
7276415 1
7280419 1
7283483 1
7291332 1
7304448 1
7308612 1
7312863 1
7315289 1
7315289 1
7315298 1
7344671 1
7347191 1
7349556 1
7353419 1
7356911 1
7357176 1
7359157 1
7369231 1
7370698 1
7371156 1
7377822 1
7379178 1
7385104 1
7387888 1
7389777 1
7396123 1
7405523 1
7411075 1
7412110 1
7416911 1
7418006 1
7419769 1
7443105 1
7443169 1
7444763 1
7452865 1
7454334 1
7459177 1
7459587 1
7473076 1
7475846 1
7494444 1
7511755 1
7512030 1
7518975 1
7525058 1
7531892 1
7534830 1
7540080 1
7540702 1
7541393 1
7541895 1
7545327 1
7551323 1
7553711 1
7555302 1
7562791 1
7571979 1
7572386 1
7576433 1
7579281 1
7581276 1
7594045 1
7594447 1
7594593 1
7595129 1
7596407 1
7598820 1
7602152 1
7604909 1
7604909 1
7606132 1
7606970 1
7612600 1
7623260 1
7624484 1
7634097 1
7642850 1
7642863 1
7644694 1
7645014 1
7645614 1
7654723 1
7665810 1
7670720 1
7671467 1
7677399 1
7695244 1
7698960 1
7704860 1
7707506 1
7709872 1
7717810 1
7726692 1
7730128 1
7755227 1
7756974 1
7777498 1
7790465 1
7803692 1
7805615 1
7805817 1
7809273 1
7811294 1
7822009 1
7824932 1
7838123 1
7842171 1
7842546 1
7844751 1
7847234 1
7850725 1
7850935 1
7859341 1
7861055 1
7865731 1
7868376 1
7876374 1
7881330 1
7888360 1
7897455 1
7899802 1
7901008 1
7904656 1
7910847 1
7922508 1
7928212 1
7940002 1
7957820 1
7963699 1
7963718 1
7965464 1
7965464 1
7972716 1
7975218 1
7975402 1
7981381 1
7983320 1
7985210 1
7993500 1
7993724 1
7994694 1
7994727 1
8001182 1
8007846 1
8012162 1
8012906 1
8017637 1
8017872 1
8018714 1
8020661 1
8022781 1
8024976 1
8028051 1
8032374 1
8041559 1
8042694 1
8044049 1
8046567 1
8052015 1
8053411 1
8060952 1
8061687 1
8070186 1
8070642 1
8076541 1
8080990 1
8086586 1
8089063 1
8094136 1
8095500 1
8095661 1
8100629 1
8101539 1
8103345 1
8103876 1
8105625 1
8108515 1
8111918 1
8115166 1
8116423 1
8117467 1
8123575 1
8124120 1
8129538 1
8135828 1
8136422 1
8137980 1
8144443 1
8144668 1
8153183 1
8158755 1
8161916 1
8167148 1
8170214 1
8175195 1
8177812 1
8182667 1
8184881 1
8191345 1
8192190 1
8192868 1
8193026 1
8209155 1
8212890 1
8214976 1
8215708 1
8220332 1
8222462 1
8224629 1
8236515 1
8245472 1
8248226 1
8255187 1
8271240 1
8283736 1
8293312 1
8300254 1
8304119 1
15608 1
26778 1
39368 1
41549 1
52177 1
59375 1
68408 1
120929 1
131442 1
137205 1
141503 1
145446 1
157742 1
168899 1
180378 1
185986 1
186787 1
192504 1
201816 1
215736 1
231925 1
236826 1
291654 1
300146 1
318837 1
331355 1
351297 1
359885 1
361010 1
363950 1
373894 1
390411 1
443916 1
454253 1
456495 1
460705 1
478582 1
499084 1
524345 1
557527 1
560346 1
560555 1
563432 1
574515 1
577341 1
587926 1
596571 1
600148 1
653097 1
676752 1
690344 1
704920 1
720739 1
726487 1
728282 1
751476 1
765276 1
779110 1
779307 1
803383 1
816440 1
824951 1
835530 1
837283 1
838843 1
840262 1
869617 1
879195 1
881040 1
882102 1
902677 1
902677 1
912481 1
923240 1
928698 1
929704 1
940408 1
942086 1
945494 1
952723 1
952903 1
952903 1
957132 1
980517 1
983047 1
985799 1
986179 1
1000673 1
1022014 1
1030837 1
1030866 1
1042739 1
1080153 1
1081302 1
1083311 1
1088788 1
1103686 1
1107498 1
1165026 1
1166862 1
1201861 1
1206096 1
1208293 1
1210110 1
1222149 1
1222416 1
1224342 1
1236515 1
1260693 1
1271531 1
1274036 1
1293391 1
1303070 1
1304643 1
1313160 1
1314056 1
1330877 1
1332972 1
1337011 1
1351544 1
1358169 1
1371492 1
1380897 1
1382373 1
1382373 1
1428793 1
1461965 1
1464734 1
1476731 1
1477790 1
1479649 1
1496348 1
1510093 1
1510922 1
1528439 1
1543054 1
1558457 1
1561212 1
1577741 1
1587257 1
1620351 1
1648688 1
1671017 1
1676006 1
1687528 1
1692005 1
1746129 1
1748681 1
1752307 1
1761290 1
1770140 1
1778550 1
1788297 1
1804639 1
1805653 1
1808270 1
1842641 1
1842958 1
1854564 1
1887483 1
1887483 1
1899832 1
1906173 1
1916781 1
1934744 1
1944813 1
1952218 1
1964406 1
1997214 1
2001944 1
2016848 1
2044457 1
2055462 1
2062890 1
2074632 1
2095522 1
2101906 1
2170594 1
2174538 1
2176804 1
2196622 1
2200463 1
2205100 1
2211381 1
2224253 1
2258835 1
2269207 1
2270034 1
2280634 1
2293489 1
2308152 1
2331555 1
2333075 1
2357573 1
2370553 1
2374420 1
2377481 1
2406178 1
2424951 1
2439701 1
2441378 1
2441711 1
2441818 1
2446429 1
2472486 1
2495991 1
2509942 1
2531070 1
2549945 1
2551654 1
2555187 1
2562039 1
2565465 1
2569728 1
2576544 1
2585765 1
2589277 1
2664811 1
2665074 1
2674644 1
2684136 1
2704027 1
2774361 1
2782185 1
2789258 1
2789764 1
2796009 1
2798437 1
2804756 1
2811664 1
2813737 1
2860916 1
2878492 1
2879029 1
2890821 1
2893647 1
2932570 1
2950575 1
2953914 1
2955133 1
2964383 1
2991277 1
3005921 1
3009728 1
3010060 1
3011288 1
3016583 1
3027782 1
3053601 1
3093709 1
3105197 1
3105343 1
3126368 1
3130459 1
3130992 1
3146938 1
3155054 1
3162208 1
3190611 1
3235429 1
3267107 1
3267313 1
3278573 1
3287986 1
3304423 1
3331853 1
3334681 1
3335015 1
3335437 1
3338600 1
3389680 1
3416547 1
3422704 1
3433081 1
3433326 1
3466913 1
3515185 1
3521183 1
3521449 1
3530478 1
3531244 1
3537741 1
3558317 1
3560269 1
3561865 1
3573005 1
3601027 1
3620564 1
3623885 1
3623904 1
3624621 1
3648466 1
3677400 1
3680459 1
3685396 1
3704355 1
3756628 1
3760908 1
3771240 1
3774846 1
3784888 1
3789461 1
3808625 1
3818119 1
3819807 1
3834348 1
3837602 1
3839993 1
3840343 1
3861008 1
3865571 1
3877086 1
3890520 1
3895133 1
3912828 1
3913981 1
3932320 1
3949690 1
3952297 1
3965942 1
3970637 1
3970766 1
3976760 1
3979186 1
3982882 1
4006897 1
4012666 1
4017686 1
4033334 1
4041234 1
4075124 1
4083980 1
4102681 1
4152965 1
4162986 1
4168156 1
4168156 1
4192222 1
4197110 1
4197766 1
4205718 1
4211601 1
4213942 1
4226690 1
4229841 1
4237406 1
4238353 1
4245152 1
4253710 1
4266677 1
4277554 1
4291235 1
4311758 1
4324756 1
4329552 1
4348273 1
4372037 1
4398538 1
4401773 1
4411985 1
4424869 1
4426899 1
4440766 1
4460960 1
4485158 1
4485818 1
4487402 1
4489918 1
4490245 1
4519903 1
4524473 1
4527086 1
4530854 1
4573787 1
4581144 1
4582765 1
4586414 1
4591971 1
4610242 1
4613785 1
4615366 1
4629143 1
4639085 1
4640933 1
4647087 1
4652281 1
4655246 1
4679396 1
4682518 1
4688946 1
4731858 1
4767027 1
4789279 1
4802920 1
4809269 1
4813229 1
4816636 1
4833646 1
4837613 1
4850778 1
4871084 1
4872777 1
4873682 1
4881962 1
4884401 1
4891576 1
4899542 1
4922306 1
4922874 1
4946007 1
4955159 1
4956153 1
4956854 1
4980582 1
4999736 1
4999736 1
5010130 1
5016471 1
5028369 1
5030603 1
5036693 1
5037083 1
5041185 1
5046643 1
5048949 1
5050612 1
5081261 1
5089326 1
5112603 1
5117998 1
5119602 1
5158404 1
5159485 1
5163756 1
5164282 1
5169089 1
5213614 1
5229935 1
5260129 1
5268096 1
5279503 1
5306588 1
5317402 1
5340917 1
5350222 1
5368484 1
5369096 1
5376329 1
5433388 1
5463874 1
5485713 1
5490880 1
5491213 1
5499733 1
5535031 1
5568730 1
5586045 1
5591852 1
5612860 1
5636066 1
5641890 1
5647975 1
5664203 1
5666253 1
5685016 1
5686068 1
5688808 1
5691704 1
5696211 1
5716705 1
5726017 1
5729987 1
5768522 1
5782393 1
5790647 1
5814892 1
5821393 1
5822821 1
5829092 1
5830629 1
5835641 1
5848241 1
5856979 1
5877476 1
5877476 1
5885804 1
5886612 1
5894870 1
5920174 1
5922398 1
5969415 1
6000273 1
6004712 1
6009442 1
6015520 1
6022578 1
6029512 1
6037040 1
6037262 1
6037271 1
6065635 1
6108516 1
6109919 1
6138950 1
6144908 1
6148556 1
6184376 1
6207618 1
6225134 1
6226371 1
6264333 1
6306584 1
6329145 1
6331760 1
6331850 1
6343814 1
6346533 1
6349225 1
6357329 1
6381096 1
6402527 1
6411345 1
6422929 1
6457580 1
6458191 1
6509993 1
6510731 1
6519597 1
6548612 1
6582398 1
6583480 1
6584955 1
6591485 1
6594226 1
6600545 1
6617971 1
6622466 1
6623022 1
6661009 1
6694868 1
6695286 1
6705969 1
6728537 1
6729612 1
6737396 1
6746073 1
6754421 1
6757049 1
6770597 1
6775508 1
6783781 1
6804302 1
6807782 1
6811639 1
6851654 1
6859321 1
6871113 1
6881612 1
6881962 1
6886812 1
6889189 1
6917771 1
6921358 1
6927339 1
6935645 1
6941030 1
6961669 1
6969668 1
6977529 1
6993284 1
7024833 1
7028640 1
7032251 1
7046636 1
7047867 1
7065867 1
7083475 1
7104970 1
7115873 1
7117205 1
7119314 1
7119694 1
7129993 1
7152283 1
7156296 1
7175473 1
7220577 1
7231501 1
7242630 1
7249883 1
7267253 1
7273892 1
7291495 1
7337993 1
7338347 1
7339483 1
7351936 1
7356071 1
7383529 1
7411503 1
7420940 1
7427059 1
7433018 1
7455185 1
7456191 1
7469840 1
7473143 1
7477010 1
7491463 1
7538390 1
7546111 1
7548462 1
7552368 1
7553599 1
7572496 1
7584199 1
7588359 1
7592032 1
7592561 1
7593208 1
7605047 1
7617236 1
7625946 1
7648916 1
7660713 1
7667843 1
7677270 1
7681875 1
7691088 1
7709574 1
7745562 1
7755901 1
7765162 1
7828830 1
7836195 1
7841796 1
7842058 1
7849591 1
7852872 1
7868755 1
7881290 1
7895146 1
7915826 1
7918969 1
7924558 1
7933215 1
7935472 1
7939843 1
7941818 1
7950249 1
7956897 1
7967344 1
8000593 1
8000832 1
8001059 1
8005343 1
8013135 1
8027997 1
8032832 1
8036948 1
8044688 1
8044800 1
8058561 1
8066955 1
8070390 1
8073230 1
8083415 1
8093909 1
8103533 1
8114395 1
8116514 1
8124745 1
8135514 1
8138511 1
8142282 1
8150759 1
8152882 1
8156082 1
8156430 1
8157143 1
8161323 1
8170887 1
8223042 1
8230058 1
8246627 1
8284811 1
8311643 1
8311800 1
