11024 1
16176 1
30296 1
34202 1
41875 1
56109 1
56221 1
69143 1
70618 1
71367 1
82184 1
104829 1
124331 1
133553 1
142661 1
144229 1
146257 1
151137 1
155958 1
166654 1
167423 1
174226 1
183944 1
188507 1
225049 1
229076 1
229433 1
236696 1
238885 1
243498 1
248140 1
257172 1
259138 1
261571 1
264516 1
264688 1
265579 1
268085 1
273296 1
278420 1
283409 1
283568 1
289440 1
301437 1
301672 1
308803 1
316555 1
317927 1
321395 1
322859 1
330708 1
332340 1
333545 1
336603 1
341171 1
351142 1
355629 1
357494 1
358423 1
360615 1
362219 1
362324 1
367821 1
368968 1
369364 1
383061 1
383826 1
384017 1
384470 1
388105 1
412240 1
419972 1
445440 1
451235 1
459421 1
473800 1
480288 1
485179 1
486727 1
488085 1
492979 1
497112 1
497749 1
500388 1
502992 1
504056 1
507455 1
507854 1
512065 1
513572 1
531992 1
542443 1
547537 1
553964 1
563256 1
565838 1
573256 1
574925 1
575992 1
589690 1
589985 1
590436 1
597784 1
599971 1
605601 1
618429 1
624079 1
628580 1
646448 1
660027 1
661074 1
664817 1
664909 1
666667 1
669978 1
670588 1
674800 1
675087 1
675840 1
675884 1
677785 1
681674 1
682290 1
682445 1
684399 1
684688 1
685224 1
685231 1
686883 1
688283 1
694612 1
697584 1
697715 1
698653 1
709625 1
713423 1
713432 1
713773 1
717812 1
721307 1
723520 1
727283 1
727379 1
727529 1
727635 1
727817 1
737517 1
737983 1
739620 1
740126 1
743030 1
743799 1
749498 1
751938 1
752187 1
752653 1
759652 1
771338 1
774325 1
776650 1
778387 1
778873 1
778942 1
779619 1
780288 1
781978 1
783217 1
802696 1
807021 1
812845 1
813191 1
813361 1
813516 1
827318 1
831417 1
831862 1
855362 1
857005 1
857183 1
868862 1
871540 1
875083 1
885423 1
885633 1
888369 1
896658 1
901095 1
914333 1
916808 1
925876 1
926820 1
946195 1
954065 1
954312 1
955042 1
955053 1
959971 1
962154 1
966157 1
967918 1
971403 1
971819 1
978801 1
985484 1
985889 1
993139 1
996722 1
1003485 1
1004555 1
1004885 1
1015328 1
1023934 1
1030848 1
1037650 1
1038622 1
1044098 1
1046289 1
1048078 1
1056982 1
1058347 1
1059360 1
1059993 1
1060031 1
1063583 1
1063794 1
1071858 1
1073373 1
1074701 1
1076723 1
1082971 1
1083478 1
1093439 1
1093837 1
1099626 1
1100743 1
1102721 1
1103066 1
1110693 1
1111627 1
1121857 1
1123259 1
1124847 1
1126675 1
1127166 1
1136703 1
1137286 1
1138378 1
1142146 1
1142900 1
1143218 1
1143309 1
1143626 1
1145351 1
1151010 1
1163411 1
1172880 1
1182066 1
1190594 1
1199404 1
1201205 1
1205649 1
1208356 1
1228877 1
1233858 1
1256507 1
1259813 1
1264573 1
1266017 1
1298742 1
1307187 1
1315250 1
1317157 1
1318989 1
1324553 1
1338984 1
1346610 1
1347764 1
1353761 1
1357288 1
1358841 1
1373369 1
1374833 1
1379269 1
1380170 1
1389838 1
1393668 1
1393675 1
1395808 1
1397696 1
1398335 1
1399829 1
1400868 1
1401232 1
1404045 1
1404139 1
1405376 1
1406393 1
1413868 1
1414115 1
1416436 1
1419340 1
1422530 1
1425627 1
1430464 1
1430858 1
1431690 1
1432783 1
1433281 1
1449177 1
1452846 1
1473498 1
1479357 1
1480451 1
1483214 1
1486400 1
1488142 1
1493083 1
1495185 1
1496940 1
1500145 1
1514096 1
1521926 1
1530365 1
1532547 1
1533715 1
1536162 1
1549748 1
1551127 1
1552691 1
1558387 1
1559231 1
1560278 1
1561185 1
1562703 1
1568367 1
1572572 1
1573573 1
1585135 1
1592967 1
1619941 1
1626588 1
1627507 1
1629425 1
1631048 1
1633986 1
1634648 1
1634657 1
1634786 1
1636487 1
1637798 1
1646378 1
1650586 1
1652749 1
1657417 1
1658336 1
1659232 1
1663755 1
1673330 1
1673637 1
1674294 1
1675212 1
1675545 1
1675875 1
1685093 1
1688767 1
1689023 1
1693162 1
1693634 1
1696055 1
1698820 1
1702148 1
1704235 1
1706405 1
1714794 1
1721882 1
1724923 1
1726031 1
1730231 1
1739837 1
1741508 1
1744487 1
1765199 1
1768023 1
1777512 1
1782795 1
1783606 1
1791166 1
1795063 1
1801019 1
1801446 1
1810365 1
1813282 1
1814023 1
1818605 1
1821166 1
1823062 1
1825999 1
1826014 1
1826128 1
1826360 1
1828871 1
1829259 1
1829295 1
1830172 1
1835320 1
1836512 1
1836738 1
1836814 1
1837056 1
1841738 1
1845823 1
1853431 1
1855055 1
1855818 1
1861864 1
1865828 1
1865987 1
1871499 1
1872270 1
1889114 1
1891315 1
1891988 1
1895949 1
1898226 1
1899658 1
1900398 1
1900518 1
1900535 1
1900721 1
1903140 1
1904055 1
1906334 1
1907884 1
1908219 1
1908512 1
1908512 1
1910240 1
1913544 1
1915231 1
1919138 1
1920151 1
1929739 1
1934690 1
1934690 1
1939146 1
1940721 1
1952864 1
1953477 1
1955353 1
1956938 1
1958589 1
1960224 1
1962970 1
1965445 1
1969643 1
1969989 1
1982103 1
1984810 1
1995319 1
1996201 1
2003724 1
2006369 1
2006978 1
2015213 1
2019633 1
2023407 1
2030821 1
2038625 1
2042803 1
2044478 1
2047711 1
2054394 1
2058310 1
2071834 1
2077671 1
2077671 1
2080390 1
2082053 1
2088352 1
2093350 1
2094272 1
2094616 1
2095076 1
2096707 1
2098539 1
2098760 1
2099563 1
2102641 1
2105100 1
2110213 1
2110527 1
2121513 1
2122312 1
2131842 1
2139702 1
2143019 1
2146599 1
2156391 1
2159430 1
2160183 1
2160644 1
2163094 1
2164332 1
2174477 1
2175265 1
2177763 1
2196908 1
2198511 1
2205591 1
2207012 1
2210708 1
2211926 1
2222325 1
2227744 1
2233109 1
2240447 1
2241913 1
2259354 1
2267204 1
2270496 1
2272039 1
2273152 1
2276722 1
2277734 1
2278133 1
2286637 1
2293840 1
2299354 1
2309419 1
2313625 1
2313747 1
2320892 1
2321499 1
2322169 1
2322465 1
2324922 1
2335088 1
2345867 1
2349784 1
2362351 1
2362933 1
2366699 1
2370336 1
2370957 1
2383173 1
2384075 1
2384655 1
2389871 1
2393501 1
2398075 1
2403282 1
2405194 1
2407956 1
2411650 1
2421603 1
2423253 1
2423478 1
2424697 1
2425925 1
2428818 1
2430786 1
2436804 1
2442035 1
2442687 1
2451576 1
2452613 1
2452872 1
2453533 1
2453731 1
2454063 1
2454957 1
2464516 1
2472080 1
2483271 1
2489009 1
2489836 1
2491543 1
2492803 1
2492902 1
2493850 1
2495393 1
2495633 1
2496330 1
2497590 1
2498780 1
2501346 1
2502168 1
2502722 1
2503380 1
2510451 1
2511592 1
2516792 1
2517797 1
2517887 1
2523519 1
2526517 1
2529165 1
2532435 1
2534100 1
2542159 1
2544193 1
2549737 1
2552022 1
2557008 1
2560685 1
2563951 1
2569882 1
2584965 1
2586985 1
2587243 1
2592844 1
2593825 1
2605854 1
2615167 1
2625657 1
2633143 1
2644169 1
2644714 1
2649583 1
2656564 1
2658446 1
2671373 1
2675300 1
2675817 1
2687065 1
2692140 1
2696733 1
2709214 1
2709214 1
2712197 1
2715146 1
2715923 1
2716087 1
2725162 1
2733753 1
2752456 1
2766852 1
2767006 1
2776704 1
2781699 1
2790194 1
2792668 1
2800477 1
2801787 1
2805499 1
2806161 1
2808252 1
2817919 1
2823414 1
2829121 1
2846007 1
2849856 1
2849866 1
2851136 1
2854916 1
2855787 1
2868709 1
2870669 1
2871835 1
2880719 1
2882235 1
2882758 1
2886650 1
2889975 1
2891021 1
2891080 1
2891865 1
2896259 1
2903561 1
2903617 1
2911785 1
2914599 1
2926127 1
2926830 1
2927940 1
2946469 1
2949532 1
2951102 1
2955992 1
2965452 1
2980799 1
2986510 1
2987189 1
2993066 1
2993462 1
3004136 1
3010180 1
3015146 1
3022781 1
3032988 1
3040347 1
3041219 1
3043199 1
3048415 1
3048534 1
3057484 1
3058223 1
3058781 1
3063809 1
3074269 1
3074855 1
3080747 1
3082104 1
3082987 1
3089852 1
3090536 1
3095745 1
3111148 1
3112909 1
3114494 1
3115252 1
3116226 1
3119365 1
3136783 1
3144294 1
3148368 1
3158722 1
3159511 1
3163632 1
3171877 1
3175872 1
3178260 1
3180860 1
3189359 1
3189780 1
3209250 1
3211699 1
3216298 1
3216467 1
3222460 1
3224174 1
3224421 1
3238554 1
3245722 1
3252548 1
3267625 1
3268535 1
3273126 1
3275354 1
3275500 1
3275683 1
3284194 1
3289310 1
3296977 1
3301070 1
3306467 1
3306951 1
3308941 1
3311001 1
3319859 1
3323024 1
3328121 1
3328300 1
3329605 1
3329626 1
3330398 1
3341635 1
3342623 1
3344865 1
3347423 1
3350490 1
3358122 1
3366238 1
3369083 1
3369666 1
3370447 1
3370645 1
3374687 1
3379413 1
3385557 1
3396090 1
3397977 1
3411521 1
3432628 1
3435208 1
3435609 1
3437486 1
3437500 1
3438828 1
3440722 1
3442577 1
3445759 1
3450875 1
3462471 1
3463142 1
3467307 1
3468499 1
3468637 1
3472838 1
3473063 1
3473596 1
3492828 1
3494679 1
3504057 1
3505299 1
3506027 1
3506397 1
3518567 1
3525813 1
3527144 1
3539342 1
3542367 1
3544831 1
3547649 1
3548865 1
3558010 1
3559354 1
3560300 1
3560303 1
3565290 1
3566712 1
3570599 1
3576547 1
3580386 1
3599030 1
3611642 1
3612010 1
3612121 1
3614698 1
3623216 1
3633692 1
3638650 1
3638974 1
3643817 1
3644567 1
3648851 1
3650318 1
3650605 1
3652441 1
3655468 1
3658332 1
3683889 1
3684381 1
3684938 1
3686896 1
3689032 1
3690179 1
3693139 1
3697803 1
3697888 1
3700997 1
3718611 1
3724631 1
3725802 1
3725944 1
3729159 1
3731715 1
3731919 1
3732359 1
3732786 1
3737683 1
3742834 1
3758021 1
3758174 1
3760376 1
3760560 1
3761168 1
3764291 1
3767298 1
3769972 1
3770337 1
3771555 1
3771923 1
3774585 1
3775792 1
3778122 1
3779347 1
3779730 1
3792153 1
3797938 1
3801754 1
3803077 1
3810003 1
3810003 1
3814732 1
3815287 1
3822499 1
3832093 1
3835965 1
3852680 1
3852763 1
3856650 1
3858178 1
3865301 1
3868591 1
3877302 1
3885214 1
3885331 1
3888462 1
3900087 1
3901016 1
3904574 1
3912443 1
3925010 1
3948578 1
3952556 1
3956924 1
3963288 1
3966969 1
3969272 1
3979213 1
3980673 1
3987588 1
3987598 1
3988324 1
3990447 1
3991438 1
3991674 1
4012418 1
4014539 1
4015587 1
4018741 1
4021799 1
4023230 1
4023232 1
4023977 1
4024348 1
4025346 1
4025829 1
4026793 1
4028098 1
4029389 1
4033656 1
4039756 1
4045145 1
4047970 1
4054260 1
4054260 1
4055898 1
4058765 1
4065433 1
4074776 1
4075767 1
4084082 1
4115377 1
4130420 1
4138601 1
4150444 1
4153724 1
4160244 1
4161816 1
4175672 1
4179520 1
4189161 1
4195489 1
4203274 1
4206205 1
4206842 1
4214607 1
4229647 1
4230820 1
4230892 1
4232410 1
4235653 1
4236734 1
4238131 1
4249160 1
4256746 1
4258972 1
4260171 1
4261645 1
4271573 1
4272231 1
4291772 1
4295921 1
4296400 1
4298505 1
4301987 1
4302282 1
4308906 1
4309547 1
4312996 1
4326780 1
4331587 1
4339480 1
4346371 1
4352859 1
4357750 1
4369449 1
4370649 1
4374506 1
4382974 1
4385144 1
4391974 1
4397363 1
4397698 1
4413753 1
4417176 1
4418123 1
4418544 1
4420332 1
4430937 1
4432763 1
4435150 1
4439540 1
4453900 1
4459104 1
4460154 1
4462231 1
4464748 1
4465310 1
4465371 1
4475641 1
4477885 1
4479056 1
4480104 1
4484911 1
4488303 1
4489464 1
4491532 1
4494981 1
4510254 1
4514357 1
4517175 1
4518970 1
4522766 1
4539074 1
4544265 1
4544575 1
4546360 1
4552700 1
4553320 1
4560461 1
4562977 1
4564329 1
4591373 1
4596226 1
4601069 1
4602776 1
4604390 1
4605237 1
4605834 1
4617389 1
4619157 1
4633016 1
4633021 1
4647143 1
4668294 1
4671205 1
4675539 1
4677582 1
4684199 1
4697016 1
4705592 1
4708903 1
4710554 1
4712752 1
4714706 1
4723334 1
4732358 1
4736981 1
4739231 1
4743684 1
4743733 1
4754544 1
4762241 1
4763363 1
4773866 1
4775624 1
4778157 1
4782032 1
4785306 1
4785469 1
4791640 1
4803367 1
4812031 1
4813140 1
4815443 1
4816588 1
4825067 1
4825360 1
4834762 1
4843926 1
4846995 1
4851553 1
4851839 1
4855046 1
4862531 1
4865501 1
4874111 1
4879505 1
4883190 1
4891454 1
4895387 1
4895586 1
4896117 1
4897046 1
4898265 1
4899191 1
4899300 1
4900056 1
4900400 1
4900448 1
4900975 1
4905219 1
4905781 1
4905781 1
4906644 1
4909668 1
4914777 1
4919173 1
4928993 1
4940540 1
4946235 1
4948476 1
4964847 1
4974268 1
4980638 1
4986626 1
4991153 1
4994151 1
4994575 1
5003289 1
5008337 1
5017132 1
5021595 1
5023087 1
5023363 1
5025060 1
5025795 1
5026281 1
5031689 1
5039554 1
5040052 1
5044026 1
5044235 1
5047059 1
5047098 1
5047680 1
5047717 1
5055928 1
5057513 1
5063586 1
5067108 1
5070368 1
5073480 1
5080378 1
5080512 1
5084785 1
5088068 1
5089403 1
5090705 1
5090934 1
5107200 1
5118636 1
5133666 1
5138176 1
5143294 1
5144246 1
5146323 1
5151013 1
5151328 1
5152609 1
5153072 1
5153368 1
5157429 1
5159051 1
5160600 1
5161149 1
5161646 1
5165391 1
5169143 1
5169287 1
5185103 1
5196399 1
5202417 1
5208647 1
5208666 1
5208907 1
5211520 1
5212836 1
5216359 1
5228365 1
5233464 1
5234629 1
5239337 1
5241862 1
5258438 1
5258696 1
5263759 1
5272129 1
5277619 1
5280127 1
5280852 1
5281875 1
5310965 1
5316466 1
5324519 1
5330503 1
5330936 1
5333239 1
5333931 1
5354253 1
5355946 1
5358327 1
5359899 1
5412376 1
5416326 1
5422102 1
5437149 1
5442457 1
5443558 1
5444256 1
5450166 1
5454366 1
5460599 1
5460599 1
5465269 1
5468195 1
5469427 1
5471740 1
5473148 1
5475400 1
5477607 1
5479732 1
5479967 1
5486774 1
5495100 1
5510999 1
5521185 1
5528665 1
5528665 1
5529201 1
5529293 1
5529315 1
5535896 1
5537043 1
5538328 1
5547197 1
5557619 1
5561552 1
5576451 1
5591916 1
5605271 1
5607020 1
5607038 1
5619135 1
5619685 1
5628858 1
5635824 1
5637566 1
5638081 1
5638183 1
5639087 1
5639273 1
5641076 1
5643424 1
5643739 1
5648164 1
5650164 1
5651484 1
5652648 1
5656122 1
5657717 1
5660481 1
5663175 1
5665003 1
5670500 1
5683723 1
5684946 1
5690908 1
5693386 1
5698726 1
5700697 1
5701412 1
5705327 1
5713432 1
5714124 1
5715959 1
5716168 1
5718926 1
5730096 1
5730457 1
5739046 1
5751542 1
5757071 1
5758293 1
5760953 1
5778308 1
5786235 1
5788524 1
5795233 1
5798159 1
5807195 1
5810341 1
5810816 1
5816758 1
5820147 1
5823510 1
5824842 1
5827693 1
5828491 1
5839143 1
5842823 1
5844627 1
5852128 1
5858175 1
5864434 1
5868723 1
5868871 1
5874717 1
5878316 1
5889907 1
5890152 1
5893841 1
5894309 1
5894801 1
5901988 1
5913605 1
5919275 1
5920768 1
5923108 1
5923646 1
5924112 1
5930891 1
5931144 1
5932228 1
5933659 1
5933873 1
5935553 1
5946822 1
5961200 1
5963196 1
5968610 1
5971374 1
5972277 1
5972428 1
5973526 1
5982384 1
5982815 1
5989255 1
5990242 1
5993091 1
5994883 1
5998474 1
6001777 1
6002051 1
6002882 1
6003964 1
6004372 1
6004556 1
6004759 1
6005259 1
6015062 1
6020918 1
6024295 1
6031997 1
6037546 1
6039505 1
6041611 1
6043768 1
6047794 1
6049282 1
6061790 1
6071826 1
6074004 1
6074784 1
6074899 1
6075360 1
6088065 1
6091112 1
6093783 1
6099747 1
6100051 1
6101132 1
6113589 1
6115177 1
6117929 1
6119953 1
6123145 1
6126453 1
6129862 1
6130128 1
6144920 1
6147516 1
6148204 1
6160838 1
6163455 1
6177604 1
6183973 1
6184177 1
6186918 1
6188306 1
6190694 1
6192842 1
6195476 1
6201622 1
6203295 1
6227476 1
6235224 1
6241614 1
6244081 1
6244440 1
6254640 1
6255023 1
6258841 1
6259988 1
6262206 1
6268074 1
6269677 1
6271049 1
6272438 1
6275107 1
6283734 1
6284854 1
6289148 1
6290358 1
6290850 1
6293730 1
6313767 1
6320209 1
6323833 1
6323847 1
6332455 1
6333921 1
6336146 1
6348725 1
6348728 1
6353730 1
6357144 1
6357531 1
6363143 1
6363904 1
6369862 1
6377845 1
6380080 1
6383025 1
6383201 1
6384840 1
6385931 1
6392996 1
6394364 1
6394484 1
6394798 1
6398003 1
6399292 1
6402134 1
6402968 1
6403334 1
6403435 1
6409946 1
6412091 1
6417041 1
6423071 1
6429963 1
6432416 1
6434539 1
6435430 1
6435698 1
6438800 1
6440506 1
6445499 1
6448264 1
6452114 1
6455435 1
6455496 1
6455667 1
6459868 1
6459887 1
6459911 1
6459911 1
6465121 1
6466800 1
6466918 1
6467516 1
6471668 1
6478271 1
6478923 1
6483234 1
6489534 1
6490115 1
6491279 1
6493326 1
6498260 1
6500941 1
6502378 1
6503510 1
6504523 1
6505524 1
6506080 1
6506133 1
6508269 1
6509285 1
6509971 1
6519152 1
6520087 1
6525717 1
6530010 1
6533474 1
6540028 1
6541301 1
6544087 1
6551301 1
6551666 1
6560393 1
6561751 1
6569446 1
6572455 1
6574453 1
6575228 1
6578808 1
6582139 1
6590938 1
6591079 1
6593865 1
6594705 1
6600304 1
6608799 1
6609220 1
6611020 1
6616728 1
6621354 1
6621624 1
6626155 1
6628749 1
6628950 1
6630629 1
6630634 1
6632017 1
6641116 1
6646443 1
6650740 1
6654156 1
6655006 1
6655105 1
6662179 1
6666202 1
6667415 1
6668772 1
6682178 1
6690220 1
6690360 1
6693841 1
6694443 1
6695435 1
6697232 1
6697236 1
6697964 1
6711338 1
6714536 1
6714596 1
6716084 1
6724070 1
6727435 1
6729466 1
6732427 1
6736595 1
6746729 1
6757710 1
6758157 1
6760762 1
6761940 1
6765462 1
6768441 1
6784145 1
6789033 1
6790412 1
6791117 1
6793988 1
6796641 1
6797427 1
6800709 1
6802181 1
6802867 1
6805244 1
6809197 1
6815998 1
6816608 1
6830666 1
6831417 1
6832194 1
6840200 1
6841896 1
6844635 1
6845513 1
6849452 1
6856401 1
6856409 1
6859213 1
6865866 1
6866107 1
6867433 1
6879109 1
6880623 1
6881958 1
6883150 1
6883367 1
6885347 1
6891329 1
6895032 1
6897171 1
6898548 1
6899771 1
6899801 1
6900910 1
6910741 1
6918060 1
6922613 1
6926627 1
6931436 1
6931583 1
6936674 1
6938426 1
6944731 1
6950099 1
6953823 1
6953836 1
6959978 1
6960127 1
6970443 1
6985658 1
6985694 1
6989797 1
6990402 1
6993441 1
6995065 1
6996429 1
6999868 1
7018707 1
7022862 1
7032802 1
7037123 1
7057102 1
7057845 1
7069287 1
7075305 1
7080465 1
7080982 1
7087411 1
7099099 1
7102432 1
7103295 1
7110205 1
7132825 1
7133622 1
7136163 1
7136505 1
7138798 1
7139003 1
7139386 1
7142624 1
7151631 1
7151654 1
7155962 1
7156811 1
7157313 1
7157452 1
7157454 1
7158283 1
7158662 1
7161189 1
7168157 1
7168309 1
7168374 1
7168599 1
7172953 1
7178309 1
7182235 1
7182484 1
7189202 1
7189787 1
7205806 1
7206447 1
7210040 1
7218674 1
7223014 1
7225129 1
7225129 1
7227653 1
7236731 1
7237215 1
7237230 1
7237536 1
7239653 1
7243456 1
7245513 1
7250614 1
7252099 1
7254855 1
7254857 1
7261571 1
7273089 1
7285520 1
7286715 1
7292917 1
7293029 1
7300407 1
7302093 1
7302427 1
7302427 1
7303186 1
7306105 1
7307411 1
7310014 1
7311288 1
7314001 1
7318176 1
7318269 1
7322450 1
7333303 1
7337873 1
7338572 1
7349676 1
7366612 1
7366803 1
7371895 1
7373392 1
7376841 1
7377025 1
7386428 1
7400430 1
7400805 1
7404379 1
7404574 1
7409110 1
7410519 1
7419707 1
7420868 1
7428027 1
7428487 1
7445096 1
7445180 1
7445618 1
7446019 1
7453058 1
7455804 1
7462273 1
7468683 1
7478587 1
7481469 1
7488597 1
7492731 1
7502303 1
7508943 1
7514297 1
7517427 1
7524743 1
7529828 1
7531852 1
7535555 1
7536535 1
7544143 1
7552310 1
7562959 1
7563329 1
7574265 1
7578095 1
7584604 1
7589756 1
7589782 1
7590098 1
7596844 1
7598622 1
7604209 1
7604756 1
7608580 1
7629346 1
7629991 1
7634914 1
7648263 1
7649272 1
7650216 1
7650324 1
7650533 1
7655017 1
7666466 1
7668469 1
7673853 1
7679958 1
7680283 1
7683020 1
7683445 1
7693053 1
7696455 1
7696985 1
7698036 1
7701166 1
7701346 1
7701839 1
7703693 1
7704337 1
7705173 1
7705774 1
7706020 1
7706896 1
7708104 1
7708329 1
7708913 1
7716426 1
7717423 1
7717979 1
7718289 1
7718851 1
7720568 1
7722958 1
7724844 1
7731930 1
7735866 1
7737519 1
7739186 1
7740185 1
7741367 1
7741898 1
7742161 1
7749177 1
7764946 1
7777601 1
7785933 1
7792280 1
7797853 1
7798842 1
7803703 1
7805920 1
7810414 1
7829549 1
7831667 1
7835445 1
7837598 1
7845119 1
7855265 1
7855265 1
7855370 1
7856695 1
7862113 1
7864928 1
7865136 1
7866358 1
7867270 1
7871425 1
7873617 1
7878019 1
7878019 1
7879425 1
7884134 1
7884361 1
7889994 1
7890590 1
7897846 1
7899758 1
7901997 1
7902650 1
7903424 1
7904225 1
7906614 1
7915218 1
7919659 1
7923422 1
7928566 1
7935770 1
7937986 1
7939009 1
7944259 1
7944411 1
7953358 1
7953957 1
7959873 1
7960304 1
7969100 1
7971033 1
7971062 1
7971515 1
7971547 1
7974104 1
7975205 1
7983716 1
7983737 1
7983802 1
7983810 1
7983820 1
7989366 1
8003743 1
8014691 1
8026070 1
8027546 1
8029156 1
8029755 1
8035145 1
8044915 1
8046529 1
8049831 1
8052053 1
8052683 1
8053075 1
8066432 1
8069600 1
8070493 1
8074053 1
8075452 1
8078714 1
8097700 1
8123269 1
8142153 1
8147020 1
8147896 1
8150894 1
8151947 1
8153157 1
8175056 1
8175631 1
8182288 1
8188797 1
8188797 1
8196107 1
8229575 1
8235719 1
8253123 1
8255158 1
8261719 1
8264403 1
8266539 1
8274082 1
8275063 1
8275279 1
8275490 1
8288048 1
8288159 1
8288687 1
8291112 1
8291629 1
8294626 1
8296745 1
8301302 1
8306072 1
8306752 1
1920 1
7353 1
26833 1
29685 1
38797 1
50367 1
54109 1
54372 1
56535 1
58687 1
69191 1
71594 1
72232 1
111807 1
117963 1
133834 1
137257 1
139880 1
140813 1
142696 1
143676 1
148207 1
155290 1
162326 1
164828 1
171339 1
178279 1
183659 1
203292 1
209385 1
215875 1
217233 1
220844 1
221434 1
221869 1
225549 1
236317 1
255231 1
256901 1
264639 1
264694 1
264899 1
265684 1
268009 1
270611 1
270663 1
282841 1
285625 1
286564 1
287378 1
288732 1
294285 1
296947 1
299995 1
299995 1
306155 1
309762 1
311150 1
316377 1
317144 1
317216 1
317685 1
321830 1
321846 1
327762 1
333563 1
333823 1
345907 1
345907 1
346814 1
348354 1
357794 1
358017 1
375978 1
380143 1
384030 1
384532 1
389841 1
407788 1
422570 1
423496 1
434003 1
438518 1
439647 1
447260 1
459758 1
462237 1
462598 1
463281 1
464132 1
467976 1
479495 1
482566 1
485943 1
488348 1
488373 1
489561 1
494456 1
494706 1
497905 1
499906 1
500354 1
506776 1
512292 1
515451 1
529189 1
530082 1
533860 1
535250 1
535646 1
535755 1
567134 1
567206 1
571373 1
572030 1
572576 1
572998 1
581627 1
584383 1
589154 1
603676 1
614632 1
626267 1
635994 1
645564 1
649787 1
650642 1
661352 1
662031 1
665547 1
666758 1
667490 1
670078 1
670747 1
671087 1
671499 1
675165 1
675753 1
678491 1
680406 1
682156 1
684362 1
688404 1
699207 1
699634 1
701462 1
706533 1
710048 1
710305 1
719814 1
721598 1
725441 1
735115 1
737866 1
744711 1
748163 1
753011 1
753515 1
753515 1
766779 1
771061 1
772897 1
773812 1
777797 1
779791 1
785077 1
801618 1
801833 1
802761 1
803569 1
804158 1
807631 1
823267 1
844227 1
850822 1
865729 1
869752 1
874901 1
881998 1
882739 1
883453 1
887133 1
893012 1
897468 1
897837 1
900482 1
909202 1
916988 1
917774 1
918102 1
918858 1
919509 1
920336 1
922560 1
926027 1
930179 1
932412 1
937950 1
938420 1
938938 1
941881 1
943656 1
953438 1
953751 1
977587 1
981469 1
983752 1
984303 1
986198 1
993319 1
1008484 1
1018397 1
1021640 1
1021841 1
1023066 1
1037717 1
1039167 1
1042849 1
1044002 1
1055257 1
1063422 1
1063658 1
1063658 1
1066354 1
1071747 1
1084059 1
1085606 1
1089169 1
1091755 1
1095703 1
1096123 1
1103762 1
1104707 1
1117694 1
1123426 1
1133635 1
1135955 1
1142575 1
1144163 1
1144173 1
1144249 1
1150277 1
1152808 1
1179338 1
1184268 1
1184704 1
1187760 1
1196181 1
1198585 1
1199536 1
1214036 1
1214107 1
1215400 1
1216977 1
1226540 1
1231974 1
1235072 1
1235917 1
1241322 1
1242277 1
1243006 1
1244361 1
1248318 1
1254331 1
1255687 1
1255687 1
1262133 1
1262659 1
1264904 1
1266538 1
1273123 1
1275925 1
1281924 1
1296665 1
1297475 1
1300594 1
1304497 1
1307313 1
1307483 1
1310500 1
1311003 1
1313813 1
1314488 1
1314509 1
1319840 1
1319840 1
1319956 1
1320744 1
1323021 1
1329865 1
1332656 1
1334924 1
1335522 1
1336339 1
1351529 1
1353529 1
1367787 1
1369484 1
1370966 1
1372038 1
1374672 1
1376398 1
1383141 1
1390546 1
1395148 1
1395158 1
1397492 1
1399026 1
1399967 1
1404953 1
1407621 1
1408387 1
1409321 1
1409773 1
1411141 1
1415617 1
1415719 1
1418950 1
1420888 1
1422822 1
1423247 1
1424212 1
1427831 1
1437195 1
1437230 1
1461836 1
1463649 1
1467486 1
1467587 1
1469742 1
1470717 1
1476492 1
1480411 1
1480727 1
1480986 1
1488651 1
1491307 1
1494193 1
1503594 1
1514671 1
1515445 1
1521618 1
1523383 1
1525043 1
1526617 1
1527902 1
1534467 1
1535315 1
1535405 1
1545352 1
1554865 1
1555013 1
1570991 1
1575677 1
1576872 1
1579198 1
1593525 1
1598604 1
1609198 1
1616714 1
1619331 1
1626035 1
1630161 1
1632005 1
1638310 1
1641442 1
1647317 1
1649956 1
1662346 1
1666547 1
1667193 1
1683210 1
1685611 1
1701228 1
1704298 1
1705673 1
1712082 1
1723320 1
1723345 1
1723740 1
1731326 1
1747249 1
1747656 1
1752619 1
1755701 1
1758089 1
1758089 1
1765999 1
1766357 1
1774675 1
1776092 1
1781320 1
1792332 1
1809934 1
1810015 1
1814558 1
1817319 1
1817525 1
1818877 1
1823654 1
1824616 1
1825049 1
1826794 1
1830116 1
1830121 1
1830569 1
1831171 1
1832260 1
1837777 1
1842280 1
1843301 1
1846950 1
1848832 1
1858230 1
1861320 1
1863055 1
1865741 1
1866279 1
1868270 1
1870980 1
1880515 1
1883870 1
1884047 1
1888337 1
1891682 1
1891890 1
1894813 1
1895585 1
1897498 1
1898589 1
1904779 1
1908030 1
1909638 1
1910387 1
1917482 1
1918204 1
1918656 1
1919729 1
1928000 1
1932971 1
1933383 1
1935859 1
1936088 1
1939166 1
1939753 1
1947871 1
1950122 1
1951244 1
1952451 1
1965807 1
1969302 1
1976721 1
1978246 1
1979012 1
1979106 1
1979313 1
1979452 1
1980097 1
1983109 1
1990362 1
1994225 1
2007140 1
2016124 1
2019248 1
2030569 1
2035949 1
2035967 1
2036151 1
2039484 1
2039490 1
2039543 1
2040436 1
2054185 1
2072255 1
2072399 1
2086764 1
2088968 1
2089546 1
2090060 1
2096567 1
2098942 1
2099720 1
2099939 1
2100557 1
2103448 1
2107375 1
2111414 1
2112629 1
2113795 1
2115405 1
2116652 1
2116689 1
2127519 1
2134653 1
2140233 1
2141910 1
2155531 1
2157249 1
2168359 1
2174404 1
2175100 1
2187099 1
2187487 1
2187585 1
2190911 1
2193363 1
2197208 1
2203891 1
2209896 1
2211755 1
2220186 1
2222844 1
2227900 1
2228487 1
2234075 1
2235127 1
2235646 1
2236275 1
2236674 1
2241682 1
2247423 1
2247617 1
2248233 1
2248287 1
2248548 1
2248697 1
2256224 1
2256698 1
2256712 1
2258916 1
2266202 1
2267095 1
2269965 1
2270229 1
2272197 1
2275602 1
2277822 1
2286758 1
2288129 1
2298527 1
2304294 1
2304819 1
2308630 1
2311477 1
2313281 1
2319596 1
2320278 1
2322284 1
2324708 1
2325406 1
2325562 1
2325575 1
2327968 1
2340377 1
2343885 1
2345735 1
2349483 1
2351345 1
2355860 1
2357702 1
2358249 1
2358513 1
2360793 1
2370317 1
2376911 1
2377015 1
2382975 1
2383904 1
2387325 1
2390025 1
2393643 1
2394209 1
2400207 1
2400829 1
2404080 1
2407054 1
2408918 1
2411804 1
2422805 1
2424467 1
2424666 1
2424830 1
2425258 1
2425312 1
2431440 1
2431823 1
2436440 1
2438568 1
2440848 1
2449918 1
2453438 1
2453438 1
2455452 1
2457147 1
2464334 1
2465711 1
2465813 1
2486411 1
2490120 1
2491784 1
2493989 1
2496406 1
2497891 1
2498420 1
2498582 1
2498583 1
2498713 1
2499219 1
2502491 1
2502702 1
2506256 1
2514074 1
2514409 1
2521898 1
2522909 1
2528325 1
2529942 1
2538470 1
2538931 1
2546054 1
2548223 1
2548344 1
2550424 1
2566209 1
2566378 1
2575439 1
2581362 1
2583578 1
2594222 1
2605789 1
2615828 1
2618787 1
2619446 1
2620220 1
2620593 1
2623974 1
2627445 1
2630906 1
2636706 1
2638062 1
2645699 1
2648545 1
2665453 1
2669288 1
2673870 1
2677704 1
2684120 1
2687172 1
2697266 1
2700265 1
2703208 1
2704088 1
2709014 1
2719566 1
2722670 1
2725319 1
2726252 1
2729109 1
2730729 1
2731038 1
2733973 1
2734987 1
2738397 1
2742249 1
2746099 1
2764973 1
2772786 1
2779031 1
2782536 1
2783530 1
2786138 1
2790213 1
2792108 1
2796585 1
2801077 1
2809854 1
2809899 1
2814793 1
2820138 1
2820255 1
2830698 1
2832663 1
2841113 1
2845268 1
2849357 1
2853164 1
2856681 1
2860100 1
2869931 1
2870529 1
2877369 1
2878880 1
2880508 1
2880582 1
2883476 1
2886075 1
2886878 1
2888344 1
2891114 1
2891833 1
2892654 1
2893887 1
2894192 1
2895499 1
2897837 1
2901005 1
2901619 1
2903512 1
2906123 1
2907445 1
2910111 1
2924726 1
2937514 1
2938632 1
2947438 1
2949434 1
2957599 1
2961564 1
2961890 1
2965389 1
2966236 1
2966354 1
2973478 1
2975976 1
2978547 1
2979428 1
2981726 1
2982350 1
2989563 1
2996535 1
2998819 1
3002128 1
3005075 1
3009021 1
3010095 1
3012475 1
3013501 1
3020250 1
3020965 1
3023684 1
3025777 1
3026925 1
3036203 1
3037018 1
3040820 1
3045673 1
3054146 1
3058956 1
3064362 1
3070716 1
3072894 1
3078674 1
3079573 1
3082815 1
3086423 1
3088402 1
3098242 1
3101251 1
3107860 1
3129706 1
3130954 1
3134011 1
3156991 1
3159846 1
3161460 1
3161988 1
3165682 1
3168039 1
3169032 1
3173229 1
3187421 1
3207643 1
3208360 1
3216143 1
3217340 1
3220103 1
3225629 1
3242623 1
3255005 1
3259339 1
3267239 1
3275842 1
3288642 1
3293089 1
3294876 1
3296603 1
3298145 1
3298660 1
3299284 1
3299617 1
3300832 1
3306972 1
3307414 1
3307614 1
3308024 1
3310509 1
3318971 1
3329606 1
3340965 1
3343498 1
3345466 1
3348774 1
3349487 1
3350995 1
3352756 1
3366319 1
3373213 1
3388355 1
3394566 1
3395343 1
3403552 1
3415826 1
3416922 1
3418544 1
3433388 1
3436090 1
3438479 1
3439860 1
3440416 1
3441804 1
3454340 1
3454719 1
3462474 1
3474757 1
3477170 1
3477227 1
3478817 1
3492067 1
3505225 1
3513153 1
3516131 1
3517247 1
3520188 1
3536682 1
3536938 1
3542274 1
3542833 1
3544667 1
3552992 1
3563985 1
3583578 1
3622888 1
3624024 1
3625713 1
3628230 1
3647966 1
3648588 1
3650882 1
3650892 1
3662305 1
3662452 1
3662846 1
3663071 1
3666779 1
3672472 1
3676393 1
3683700 1
3684430 1
3686140 1
3688086 1
3688138 1
3691787 1
3691787 1
3697691 1
3698553 1
3707323 1
3707588 1
3708759 1
3714448 1
3719386 1
3720510 1
3722957 1
3727372 1
3733232 1
3740634 1
3745545 1
3751938 1
3752365 1
3756226 1
3756589 1
3757691 1
3759925 1
3763673 1
3766364 1
3766978 1
3768710 1
3776202 1
3782904 1
3784314 1
3784567 1
3785827 1
3789115 1
3789875 1
3791119 1
3794741 1
3795934 1
3797548 1
3800971 1
3805897 1
3810131 1
3813341 1
3814323 1
3814566 1
3820266 1
3828004 1
3846140 1
3846458 1
3852878 1
3854445 1
3856813 1
3860280 1
3864772 1
3865307 1
3866268 1
3867123 1
3868223 1
3869247 1
3869908 1
3873421 1
3875075 1
3892642 1
3895102 1
3897309 1
3903816 1
3910900 1
3917173 1
3924115 1
3926983 1
3938803 1
3939227 1
3939478 1
3955407 1
3956632 1
3967150 1
3973857 1
3988130 1
3991170 1
3991283 1
3995851 1
3998815 1
4001370 1
4002400 1
4007925 1
4008211 1
4009355 1
4014088 1
4014200 1
4015467 1
4018380 1
4019385 1
4020147 1
4020823 1
4026430 1
4026744 1
4027093 1
4031145 1
4032011 1
4033161 1
4033560 1
4037128 1
4041246 1
4048669 1
4062229 1
4062538 1
4062538 1
4065939 1
4073908 1
4075000 1
4083860 1
4086096 1
4087785 1
4089334 1
4092222 1
4098459 1
4101629 1
4103848 1
4111694 1
4112566 1
4115332 1
4116245 1
4120845 1
4121785 1
4122181 1
4129386 1
4137737 1
4140351 1
4143890 1
4144747 1
4154512 1
4156849 1
4157334 1
4160098 1
4160218 1
4160529 1
4165857 1
4167414 1
4177615 1
4189178 1
4191806 1
4192907 1
4193059 1
4200998 1
4202659 1
4206828 1
4228313 1
4228313 1
4231450 1
4239139 1
4239438 1
4248334 1
4250267 1
4254105 1
4254670 1
4255808 1
4256580 1
4257320 1
4257386 1
4261336 1
4262058 1
4267130 1
4270263 1
4271329 1
4275833 1
4277639 1
4278548 1
4287365 1
4308803 1
4309599 1
4310482 1
4310654 1
4316918 1
4316935 1
4325527 1
4326950 1
4329289 1
4329951 1
4330493 1
4330752 1
4331498 1
4332142 1
4332717 1
4333570 1
4334441 1
4335770 1
4340535 1
4342915 1
4343053 1
4343631 1
4346708 1
4348885 1
4350937 1
4351107 1
4367083 1
4375319 1
4375869 1
4381264 1
4390536 1
4396585 1
4410830 1
4415156 1
4417538 1
4417950 1
4419796 1
4431238 1
4432001 1
4435028 1
4437861 1
4440636 1
4448544 1
4450039 1
4457628 1
4458927 1
4478206 1
4481780 1
4488206 1
4488505 1
4491450 1
4493243 1
4496037 1
4501373 1
4502189 1
4505303 1
4514517 1
4518969 1
4532647 1
4532649 1
4533658 1
4534301 1
4535494 1
4541059 1
4546319 1
4558642 1
4558742 1
4562747 1
4564194 1
4566701 1
4570801 1
4580832 1
4585939 1
4585995 1
4587959 1
4592356 1
4593829 1
4593956 1
4595751 1
4604299 1
4612819 1
4614576 1
4616172 1
4626191 1
4630820 1
4632661 1
4634662 1
4638641 1
4639117 1
4654263 1
4655916 1
4661219 1
4668703 1
4671740 1
4681954 1
4685295 1
4685763 1
4686475 1
4699295 1
4700758 1
4702761 1
4705666 1
4708574 1
4723569 1
4724589 1
4733191 1
4734992 1
4737997 1
4740155 1
4741329 1
4742684 1
4745255 1
4747807 1
4756620 1
4764285 1
4775317 1
4776317 1
4781234 1
4781915 1
4785415 1
4785530 1
4785938 1
4786009 1
4791342 1
4802156 1
4805010 1
4823946 1
4823954 1
4825085 1
4825747 1
4829157 1
4840418 1
4841299 1
4845848 1
4849834 1
4852799 1
4854079 1
4864538 1
4866427 1
4869884 1
4874294 1
4881692 1
4882609 1
4883073 1
4883271 1
4894537 1
4895799 1
4897169 1
4897771 1
4898565 1
4898915 1
4900605 1
4905711 1
4910322 1
4912063 1
4912091 1
4912410 1
4916385 1
4917403 1
4924371 1
4926545 1
4928494 1
4930621 1
4930655 1
4935121 1
4936556 1
4945704 1
4948619 1
4950893 1
4969022 1
4971599 1
4976545 1
4980233 1
4983770 1
4994386 1
4994462 1
5000126 1
5000195 1
5008510 1
5009806 1
5032874 1
5033099 1
5035243 1
5046292 1
5048909 1
5049090 1
5049871 1
5055782 1
5065557 1
5071498 1
5071499 1
5072489 1
5073294 1
5078968 1
5081212 1
5081544 1
5089834 1
5091288 1
5105583 1
5110529 1
5116648 1
5121255 1
5125801 1
5126459 1
5140119 1
5141018 1
5144969 1
5146316 1
5152146 1
5153426 1
5153441 1
5163912 1
5169970 1
5170068 1
5170453 1
5172671 1
5186075 1
5187789 1
5190163 1
5197399 1
5199579 1
5199974 1
5203931 1
5204955 1
5211379 1
5212830 1
5213925 1
5216038 1
5228478 1
5232237 1
5234833 1
5240160 1
5240169 1
5250614 1
5262207 1
5262669 1
5266369 1
5270961 1
5287193 1
5288573 1
5302424 1
5307877 1
5328283 1
5332172 1
5333353 1
5334627 1
5336635 1
5344165 1
5345340 1
5347001 1
5347955 1
5361776 1
5393419 1
5415676 1
5421744 1
5424005 1
5429066 1
5434593 1
5439412 1
5442559 1
5452947 1
5459051 1
5466257 1
5472646 1
5483880 1
5494862 1
5499171 1
5499281 1
5501734 1
5505259 1
5506358 1
5506722 1
5507691 1
5509098 1
5528577 1
5531496 1
5531891 1
5548437 1
5549548 1
5550586 1
5553043 1
5562092 1
5563339 1
5566669 1
5571322 1
5571579 1
5572226 1
5575608 1
5580900 1
5580900 1
5603154 1
5605092 1
5607500 1
5610072 1
5617990 1
5619224 1
5620103 1
5626143 1
5626700 1
5627062 1
5639979 1
5642214 1
5648383 1
5650747 1
5650752 1
5651305 1
5669443 1
5671993 1
5672666 1
5677891 1
5677891 1
5679526 1
5699567 1
5701450 1
5702449 1
5707132 1
5707912 1
5707933 1
5708539 1
5709059 1
5709318 1
5710053 1
5711951 1
5713825 1
5719983 1
5725547 1
5731551 1
5735706 1
5743057 1
5755893 1
5760688 1
5782172 1
5783572 1
5786686 1
5788063 1
5793998 1
5796395 1
5809436 1
5810268 1
5810875 1
5820301 1
5823527 1
5823548 1
5848441 1
5854743 1
5855667 1
5860395 1
5873167 1
5874498 1
5879075 1
5886316 1
5887964 1
5889771 1
5893266 1
5897558 1
5899558 1
5904045 1
5905104 1
5919659 1
5920845 1
5932324 1
5932324 1
5937529 1
5948401 1
5949684 1
5960367 1
5961890 1
5973401 1
5974308 1
5976212 1
5976346 1
5976715 1
5978068 1
5980427 1
5982796 1
5985088 1
5985799 1
5986184 1
5989647 1
6000960 1
6001809 1
6003366 1
6003772 1
6005035 1
6005035 1
6009628 1
6012167 1
6019382 1
6020518 1
6020991 1
6021098 1
6021788 1
6025475 1
6027121 1
6027268 1
6029377 1
6030700 1
6031291 1
6037497 1
6039586 1
6040452 1
6047691 1
6052002 1
6053039 1
6061511 1
6082536 1
6088898 1
6097351 1
6097811 1
6106175 1
6114468 1
6120620 1
6128812 1
6133323 1
6148505 1
6163624 1
6177877 1
6181440 1
6188795 1
6195344 1
6202483 1
6208689 1
6217746 1
6225685 1
6227854 1
6230522 1
6251696 1
6258961 1
6261351 1
6271548 1
6271557 1
6272422 1
6282714 1
6282990 1
6286075 1
6286376 1
6287177 1
6293783 1
6296071 1
6302157 1
6302378 1
6307421 1
6313108 1
6313556 1
6313572 1
6317278 1
6318161 1
6321654 1
6323957 1
6324019 1
6333934 1
6335184 1
6338264 1
6344118 1
6344383 1
6352410 1
6353705 1
6360493 1
6361073 1
6363911 1
6370725 1
6378765 1
6379327 1
6379629 1
6380892 1
6387358 1
6395111 1
6397936 1
6397986 1
6399088 1
6400078 1
6415080 1
6415858 1
6420040 1
6423726 1
6428401 1
6431106 1
6432005 1
6435341 1
6435742 1
6438444 1
6441605 1
6444081 1
6444633 1
6452750 1
6455129 1
6455441 1
6470406 1
6484739 1
6485121 1
6487207 1
6490877 1
6501343 1
6502228 1
6502407 1
6503607 1
6504377 1
6504505 1
6505537 1
6515803 1
6530177 1
6532510 1
6533562 1
6538484 1
6540155 1
6542998 1
6543614 1
6552957 1
6556555 1
6562273 1
6562537 1
6565269 1
6567938 1
6569193 1
6569803 1
6576965 1
6588256 1
6600199 1
6605854 1
6607337 1
6608620 1
6609974 1
6612336 1
6615824 1
6623343 1
6627120 1
6628059 1
6632277 1
6634628 1
6639623 1
6649618 1
6650909 1
6652100 1
6655677 1
6673270 1
6675998 1
6679232 1
6690593 1
6695596 1
6696760 1
6700838 1
6706768 1
6706807 1
6709060 1
6711290 1
6714068 1
6714561 1
6717736 1
6720861 1
6732219 1
6735071 1
6743103 1
6749978 1
6750713 1
6760652 1
6765880 1
6767087 1
6767878 1
6779085 1
6789693 1
6793326 1
6793950 1
6802845 1
6807744 1
6809327 1
6818329 1
6828934 1
6834563 1
6835847 1
6848112 1
6849317 1
6852603 1
6853850 1
6854288 1
6859108 1
6865003 1
6871532 1
6874649 1
6876135 1
6877502 1
6878649 1
6881166 1
6884164 1
6885309 1
6894532 1
6896518 1
6896649 1
6902678 1
6910631 1
6915430 1
6918961 1
6920328 1
6925694 1
6927509 1
6937930 1
6940282 1
6947962 1
6948796 1
6955305 1
6958870 1
6966294 1
6976953 1
6979833 1
6982298 1
6985796 1
6985967 1
6986084 1
6987654 1
6990451 1
7018211 1
7026653 1
7026653 1
7034128 1
7039263 1
7045037 1
7051348 1
7073146 1
7080179 1
7080313 1
7080313 1
7081482 1
7082847 1
7087729 1
7097058 1
7116436 1
7118274 1
7127302 1
7129013 1
7129302 1
7129796 1
7135117 1
7135643 1
7138429 1
7141151 1
7143506 1
7157398 1
7159863 1
7168098 1
7169925 1
7172889 1
7173938 1
7174369 1
7181431 1
7182329 1
7192930 1
7193139 1
7196972 1
7200701 1
7208220 1
7209644 1
7213222 1
7214131 1
7236691 1
7238050 1
7240893 1
7242943 1
7247389 1
7271235 1
7271438 1
7273098 1
7282151 1
7285144 1
7288541 1
7289984 1
7290091 1
7290987 1
7291604 1
7292948 1
7300400 1
7312618 1
7314476 1
7315265 1
7321098 1
7321133 1
7321836 1
7321895 1
7324572 1
7325565 1
7325765 1
7326655 1
7327899 1
7334571 1
7339253 1
7346026 1
7346929 1
7350519 1
7350691 1
7351270 1
7359662 1
7359766 1
7361892 1
7362798 1
7369291 1
7369329 1
7374609 1
7378183 1
7385270 1
7399051 1
7401649 1
7404644 1
7404644 1
7404644 1
7404644 1
7404644 1
7404644 1
7404644 1
7404945 1
7410378 1
7414031 1
7419852 1
7425770 1
7427350 1
7434621 1
7439597 1
7445527 1
7450465 1
7450957 1
7463494 1
7465911 1
7466268 1
7469887 1
7472654 1
7476450 1
7481142 1
7486998 1
7489648 1
7492077 1
7502453 1
7502457 1
7504848 1
7518692 1
7524512 1
7525923 1
7536819 1
7546391 1
7546980 1
7548058 1
7558077 1
7564192 1
7564558 1
7567484 1
7573524 1
7582140 1
7586108 1
7586579 1
7588247 1
7589499 1
7590006 1
7592978 1
7596456 1
7599304 1
7602271 1
7604790 1
7604796 1
7606774 1
7607163 1
7607772 1
7608367 1
7608448 1
7613938 1
7625837 1
7626325 1
7629239 1
7629721 1
7631443 1
7632346 1
7635773 1
7650998 1
7655910 1
7656921 1
7658523 1
7658948 1
7671150 1
7671867 1
7681545 1
7693271 1
7694073 1
7694128 1
7695279 1
7700281 1
7700283 1
7701252 1
7704628 1
7705025 1
7705739 1
7706823 1
7710626 1
7713186 1
7715363 1
7728157 1
7733218 1
7733623 1
7735506 1
7740012 1
7742170 1
7743124 1
7748001 1
7754832 1
7760875 1
7764101 1
7767905 1
7768865 1
7769519 1
7776579 1
7778326 1
7792915 1
7793485 1
7803267 1
7804471 1
7812088 1
7825385 1
7828926 1
7833770 1
7833993 1
7835582 1
7839726 1
7839789 1
7840492 1
7842992 1
7853907 1
7854483 1
7855278 1
7860879 1
7864423 1
7867112 1
7868218 1
7879395 1
7881173 1
7881245 1
7881788 1
7882479 1
7882479 1
7887539 1
7905567 1
7906810 1
7907306 1
7917314 1
7917495 1
7918021 1
7918494 1
7922854 1
7923529 1
7927454 1
7928159 1
7930616 1
7931126 1
7936464 1
7936670 1
7938803 1
7946119 1
7954298 1
7972193 1
7974210 1
7975954 1
7982069 1
7982804 1
7983386 1
7983832 1
7984091 1
7984600 1
7984789 1
7986480 1
7990095 1
7993307 1
7994523 1
7995259 1
8012375 1
8016103 1
8016633 1
8025620 1
8027427 1
8029891 1
8064599 1
8064599 1
8068502 1
8071822 1
8072459 1
8075210 1
8115186 1
8115186 1
8118550 1
8122686 1
8122742 1
8123653 1
8127249 1
8130427 1
8136522 1
8140858 1
8143950 1
8145004 1
8155496 1
8179885 1
8183930 1
8190415 1
8193915 1
8197768 1
8198022 1
8199952 1
8201446 1
8208520 1
8220707 1
8227549 1
8229380 1
8238429 1
8240219 1
8254827 1
8259898 1
8265944 1
8266726 1
8267736 1
8269725 1
8270613 1
8270871 1
8272474 1
8280208 1
8310556 1
8311963 1
6379 1
28491 1
45320 1
45925 1
49364 1
53209 1
92020 1
92588 1
100547 1
109546 1
117538 1
117747 1
124798 1
129969 1
142992 1
145200 1
152517 1
152517 1
154362 1
161138 1
164088 1
167451 1
170159 1
174295 1
180991 1
185142 1
190112 1
192165 1
196857 1
197358 1
209737 1
218678 1
227780 1
231276 1
247761 1
262390 1
262581 1
264439 1
276316 1
283289 1
286323 1
288190 1
290781 1
298970 1
302682 1
309805 1
311613 1
311763 1
312049 1
312224 1
313554 1
316051 1
316688 1
316818 1
316828 1
317715 1
318116 1
321905 1
322198 1
327912 1
347134 1
348238 1
358942 1
363420 1
363422 1
364874 1
379767 1
380948 1
392599 1
419889 1
421285 1
424838 1
437521 1
440159 1
444806 1
448237 1
452141 1
459436 1
461271 1
462820 1
464557 1
465224 1
468380 1
478313 1
481698 1
490973 1
494515 1
495780 1
497880 1
499611 1
500193 1
500542 1
508309 1
509804 1
516519 1
519601 1
521486 1
521585 1
522028 1
525267 1
529168 1
530809 1
531090 1
549605 1
553173 1
553378 1
557837 1
557851 1
560203 1
565415 1
573308 1
577067 1
577763 1
582407 1
584645 1
586472 1
590429 1
600512 1
600512 1
608349 1
617414 1
619077 1
619535 1
624415 1
624945 1
633837 1
639536 1
640871 1
648333 1
649952 1
650794 1
660187 1
661366 1
662958 1
674774 1
693845 1
695327 1
696932 1
699149 1
702031 1
703223 1
708819 1
709896 1
719923 1
721748 1
722145 1
737977 1
738477 1
741780 1
743334 1
743946 1
752275 1
753031 1
753859 1
766827 1
767400 1
768241 1
768518 1
770949 1
771095 1
771606 1
773661 1
779358 1
781631 1
781756 1
782963 1
786687 1
799772 1
803807 1
811531 1
815566 1
816032 1
816341 1
845224 1
847987 1
848166 1
848814 1
849537 1
857515 1
860003 1
865028 1
865750 1
871339 1
874650 1
892466 1
892903 1
893719 1
894324 1
897135 1
897549 1
906556 1
911253 1
912244 1
917980 1
920904 1
921127 1
921986 1
924479 1
928779 1
929543 1
937728 1
942962 1
950122 1
960850 1
966204 1
966420 1
966549 1
967281 1
967414 1
973303 1
979472 1
983551 1
983882 1
986278 1
987059 1
996647 1
997246 1
998339 1
1016092 1
1022976 1
1024461 1
1028717 1
1030518 1
1032773 1
1039428 1
1040109 1
1043949 1
1044599 1
1046802 1
1049369 1
1049855 1
1050348 1
1050540 1
1050818 1
1054453 1
1060256 1
1060256 1
1060668 1
1064981 1
1072236 1
1083397 1
1088849 1
1089964 1
1091679 1
1092432 1
1097637 1
1100806 1
1107413 1
1107852 1
1111425 1
1117134 1
1121922 1
1122629 1
1127493 1
1132154 1
1137007 1
1142187 1
1145962 1
1149687 1
1149764 1
1161535 1
1163000 1
1170043 1
1200235 1
1201634 1
1203115 1
1212274 1
1216270 1
1218392 1
1219554 1
1221610 1
1222965 1
1225532 1
1230718 1
1230868 1
1238349 1
1241646 1
1249392 1
1259082 1
1259341 1
1273774 1
1275043 1
1295768 1
1297228 1
1297374 1
1299659 1
1300929 1
1301370 1
1304546 1
1306030 1
1309930 1
1313918 1
1319639 1
1326066 1
1330557 1
1334250 1
1336283 1
1338689 1
1339763 1
1347129 1
1349201 1
1349631 1
1354136 1
1354365 1
1359825 1
1360692 1
1361475 1
1376065 1
1377054 1
1377364 1
1378799 1
1380865 1
1385934 1
1387085 1
1393596 1
1395203 1
1396450 1
1396516 1
1400090 1
1400762 1
1405770 1
1414024 1
1423862 1
1431416 1
1433321 1
1442051 1
1464785 1
1466822 1
1467811 1
1468488 1
1468635 1
1470148 1
1471574 1
1476317 1
1478783 1
1480393 1
1482750 1
1484911 1
1490254 1
1492290 1
1495371 1
1495556 1
1499327 1
1507403 1
1509789 1
1515767 1
1521425 1
1521472 1
1526939 1
1529219 1
1533326 1
1534630 1
1540684 1
1549361 1
1557432 1
1558461 1
1563589 1
1564548 1
1586776 1
1587422 1
1587432 1
1594779 1
1597762 1
1602998 1
1605951 1
1613008 1
1624445 1
1625754 1
1626806 1
1640494 1
1661852 1
1667072 1
1670628 1
1674537 1
1679137 1
1688484 1
1690582 1
1696651 1
1701247 1
1702554 1
1704176 1
1705609 1
1711828 1
1712127 1
1712442 1
1723574 1
1739309 1
1741130 1
1741185 1
1743669 1
1752396 1
1755576 1
1765416 1
1773188 1
1773384 1
1774683 1
1776142 1
1776662 1
1777783 1
1778124 1
1781545 1
1788161 1
1788767 1
1791907 1
1797543 1
1811531 1
1814725 1
1814905 1
1815516 1
1816217 1
1821541 1
1821984 1
1822099 1
1822395 1
1824527 1
1824920 1
1826204 1
1826205 1
1829707 1
1830404 1
1830411 1
1831508 1
1832043 1
1832882 1
1832972 1
1833265 1
1834337 1
1836579 1
1837213 1
1838727 1
1839843 1
1841317 1
1846095 1
1848874 1
1852711 1
1853053 1
1871081 1
1874906 1
1878321 1
1881096 1
1887097 1
1896248 1
1897420 1
1906159 1
1911931 1
1914508 1
1918292 1
1918903 1
1920123 1
1922391 1
1934653 1
1934899 1
1940776 1
1940776 1
1941678 1
1942718 1
1948451 1
1949936 1
1951869 1
1960047 1
1960536 1
1963577 1
1967671 1
1975460 1
1978757 1
1978823 1
1979110 1
1982871 1
1983291 1
1991194 1
1993866 1
1994191 1
1996045 1
2000517 1
2009715 1
2020942 1
2022686 1
2025116 1
2033669 1
2039500 1
2044358 1
2061014 1
2067202 1
2070059 1
2073148 1
2084231 1
2093183 1
2093256 1
2094138 1
2095730 1
2096337 1
2100133 1
2100351 1
2100620 1
2101188 1
2101691 1
2103555 1
2104910 1
2106302 1
2106672 1
2110185 1
2114746 1
2115401 1
2116091 1
2119526 1
2119685 1
2123263 1
2128261 1
2140124 1
2147689 1
2147740 1
2163852 1
2168744 1
2175794 1
2177339 1
2178495 1
2185340 1
2196878 1
2197904 1
2198834 1
2222905 1
2224108 1
2224860 1
2234071 1
2236588 1
2237118 1
2239570 1
2248448 1
2249106 1
2249300 1
2249538 1
2256457 1
2260146 1
2264430 1
2264672 1
2267954 1
2269949 1
2275877 1
2279037 1
2284327 1
2295225 1
2295910 1
2299240 1
2305646 1
2306846 1
2312615 1
2320807 1
2328715 1
2329600 1
2330209 1
2331453 1
2332713 1
2351163 1
2355386 1
2356799 1
2358471 1
2361585 1
2364082 1
2365636 1
2371318 1
2371876 1
2373599 1
2382648 1
2386547 1
2391695 1
2417303 1
2423594 1
2424191 1
2424878 1
2425238 1
2425372 1
2428975 1
2430208 1
2431211 1
2431286 1
2431303 1
2431390 1
2436019 1
2436039 1
2443863 1
2444606 1
2445742 1
2450516 1
2450827 1
2452743 1
2453140 1
2454039 1
2459248 1
2461833 1
2465405 1
2465637 1
2472174 1
2475949 1
2476313 1
2476869 1
2476888 1
2483981 1
2487251 1
2488664 1
2490479 1
2491859 1
2494634 1
2494647 1
2497653 1
2500723 1
2502996 1
2505257 1
2511194 1
2514926 1
2519659 1
2529985 1
2532273 1
2533753 1
2534980 1
2541372 1
2544446 1
2551782 1
2552553 1
2553219 1
2563098 1
2563098 1
2565401 1
2566599 1
2577627 1
2580861 1
2586214 1
2591656 1
2603496 1
2608166 1
2609859 1
2617185 1
2620324 1
2621557 1
2622263 1
2632471 1
2635595 1
2637880 1
2650379 1
2651072 1
2652671 1
2677525 1
2678938 1
2679198 1
2684670 1
2689617 1
2689882 1
2698844 1
2699615 1
2699924 1
2715113 1
2715113 1
2716156 1
2717970 1
2718616 1
2721603 1
2727943 1
2731525 1
2731771 1
2732296 1
2734823 1
2734976 1
2741804 1
2742104 1
2743164 1
2746180 1
2754187 1
2763127 1
2764650 1
2764683 1
2767941 1
2769318 1
2781141 1
2783270 1
2794934 1
2795956 1
2796360 1
2804749 1
2810916 1
2817651 1
2820870 1
2825784 1
2827309 1
2832274 1
2845041 1
2845095 1
2849884 1
2850173 1
2862082 1
2866384 1
2868233 1
2879470 1
2880775 1
2889785 1
2900403 1
2911877 1
2917928 1
2925196 1
2925623 1
2926931 1
2926961 1
2927081 1
2929304 1
2929392 1
2929393 1
2937555 1
2939809 1
2954151 1
2956029 1
2962405 1
2971585 1
2971771 1
2974265 1
2975101 1
2976398 1
2979399 1
2980163 1
2981143 1
2985007 1
2986478 1
2989061 1
2992208 1
2992340 1
2993083 1
2996874 1
3001177 1
3002222 1
3005347 1
3010307 1
3012767 1
3022736 1
3025004 1
3033480 1
3056635 1
3061040 1
3071050 1
3073507 1
3074334 1
3074569 1
3075753 1
3076619 1
3077468 1
3077745 1
3077847 1
3079850 1
3080965 1
3098372 1
3098983 1
3099152 1
3108275 1
3114554 1
3118179 1
3119672 1
3122657 1
3124313 1
3131016 1
3131540 1
3144296 1
3145427 1
3146815 1
3147245 1
3159491 1
3176013 1
3191358 1
3191479 1
3208011 1
3214367 1
3224977 1
3226397 1
3231867 1
3242818 1
3244160 1
3253830 1
3255275 1
3257880 1
3285436 1
3290786 1
3293410 1
3293798 1
3296568 1
3301879 1
3302949 1
3303740 1
3304416 1
3304434 1
3306775 1
3315537 1
3320435 1
3320435 1
3323632 1
3327786 1
3328904 1
3347556 1
3358074 1
3361514 1
3361544 1
3361896 1
3364093 1
3370572 1
3378248 1
3394401 1
3403792 1
3406700 1
3411178 1
3423486 1
3434397 1
3434449 1
3435651 1
3442079 1
3444967 1
3445529 1
3450171 1
3450367 1
3452409 1
3461102 1
3462728 1
3463452 1
3463516 1
3464612 1
3465668 1
3468797 1
3469650 1
3469656 1
3472849 1
3475475 1
3476197 1
3479662 1
3492265 1
3495152 1
3507906 1
3509191 1
3515521 1
3525666 1
3540066 1
3559978 1
3560809 1
3564866 1
3574901 1
3576431 1
3590538 1
3593524 1
3595345 1
3596690 1
3597375 1
3597521 1
3597784 1
3603196 1
3603220 1
3607756 1
3615581 1
3623532 1
3626941 1
3630628 1
3650652 1
3654159 1
3655485 1
3655520 1
3656945 1
3662916 1
3675393 1
3678321 1
3679997 1
3680920 1
3681860 1
3683766 1
3689804 1
3690375 1
3691569 1
3693554 1
3694974 1
3701249 1
3701777 1
3703965 1
3710161 1
3710632 1
3717160 1
3718929 1
3721236 1
3727694 1
3729116 1
3731935 1
3736432 1
3740342 1
3748597 1
3752368 1
3756085 1
3756250 1
3756527 1
3756653 1
3760859 1
3770033 1
3771259 1
3772869 1
3775299 1
3775814 1
3775864 1
3776616 1
3778244 1
3778952 1
3779672 1
3780011 1
3789776 1
3792366 1
3794615 1
3797844 1
3800574 1
3802012 1
3805447 1
3811513 1
3814542 1
3815723 1
3822998 1
3832381 1
3833391 1
3834666 1
3836492 1
3846774 1
3846905 1
3850303 1
3852290 1
3852739 1
3865620 1
3867732 1
3868531 1
3868769 1
3869000 1
3873891 1
3874878 1
3879907 1
3884007 1
3885759 1
3891973 1
3892381 1
3895015 1
3895626 1
3903967 1
3906332 1
3909001 1
3910962 1
3912990 1
3920527 1
3921166 1
3925456 1
3927138 1
3927210 1
3931445 1
3943019 1
3943019 1
3958626 1
3970057 1
3970602 1
3971059 1
3972731 1
3982225 1
3988850 1
3988952 1
3989552 1
3991764 1
3991803 1
4004962 1
4005645 1
4007909 1
4009308 1
4014042 1
4014266 1
4015480 1
4016902 1
4017742 1
4020388 1
4023293 1
4024445 1
4025752 1
4025758 1
4027134 1
4029203 1
4031726 1
4040828 1
4041132 1
4055913 1
4056472 1
4058319 1
4060533 1
4062158 1
4068082 1
4080937 1
4081716 1
4086425 1
4086557 1
4092295 1
4092584 1
4103313 1
4107471 1
4108790 1
4109754 1
4121379 1
4144494 1
4148441 1
4149467 1
4149666 1
4161290 1
4170763 1
4178633 1
4180314 1
4180809 1
4184736 1
4189539 1
4191779 1
4193238 1
4202951 1
4204170 1
4205350 1
4217070 1
4217721 1
4222482 1
4224642 1
4227809 1
4230686 1
4249465 1
4252524 1
4255199 1
4258711 1
4262958 1
4280630 1
4284343 1
4286973 1
4289581 1
4290555 1
4295146 1
4302097 1
4302848 1
4308173 1
4313961 1
4316369 1
4324089 1
4329451 1
4330522 1
4331628 1
4332117 1
4339020 1
4341833 1
4345924 1
4349148 1
4349750 1
4349833 1
4351437 1
4351905 1
4353154 1
4365444 1
4400708 1
4405788 1
4410438 1
4413256 1
4414743 1
4420986 1
4431754 1
4431874 1
4432099 1
4436127 1
4444029 1
4445848 1
4445921 1
4446042 1
4466562 1
4469438 1
4471203 1
4471298 1
4471384 1
4477535 1
4478460 1
4479899 1
4484835 1
4486464 1
4487642 1
4487847 1
4490473 1
4491246 1
4493786 1
4494204 1
4497273 1
4501901 1
4503339 1
4512410 1
4512436 1
4516609 1
4536302 1
4537052 1
4541852 1
4554520 1
4565595 1
4575587 1
4575595 1
4589540 1
4612921 1
4620514 1
4621890 1
4628686 1
4629944 1
4635115 1
4639832 1
4649258 1
4654160 1
4656222 1
4679601 1
4679700 1
4692462 1
4698187 1
4701063 1
4738140 1
4740469 1
4742122 1
4748250 1
4754001 1
4764873 1
4771149 1
4773936 1
4775807 1
4776253 1
4785091 1
4786233 1
4786544 1
4788943 1
4789691 1
4790631 1
4801680 1
4807675 1
4810242 1
4814467 1
4824656 1
4825095 1
4827020 1
4827402 1
4828922 1
4836950 1
4837445 1
4863675 1
4873238 1
4876200 1
4878140 1
4883861 1
4886905 1
4886905 1
4892131 1
4895520 1
4896346 1
4896551 1
4896817 1
4896925 1
4899808 1
4911263 1
4915479 1
4916392 1
4917853 1
4923997 1
4937606 1
4945450 1
4954648 1
4954741 1
4960220 1
4962215 1
4967778 1
4969894 1
4971712 1
4986007 1
4986277 1
4990240 1
4990924 1
4994211 1
4994509 1
5000315 1
5007299 1
5021247 1
5024833 1
5030721 1
5032685 1
5040350 1
5040912 1
5044077 1
5045042 1
5046210 1
5046911 1
5047090 1
5048355 1
5048564 1
5057957 1
5079060 1
5083550 1
5083822 1
5084000 1
5085106 1
5085823 1
5087246 1
5089125 1
5090135 1
5090812 1
5118685 1
5118941 1
5133155 1
5136360 1
5139198 1
5139922 1
5152414 1
5152675 1
5152762 1
5154466 1
5156986 1
5158380 1
5160423 1
5160498 1
5162922 1
5163593 1
5163593 1
5168986 1
5185190 1
5192627 1
5199767 1
5203689 1
5208014 1
5211135 1
5212157 1
5212915 1
5214556 1
5219569 1
5227221 1
5228234 1
5228498 1
5233818 1
5239775 1
5248698 1
5256900 1
5258452 1
5258452 1
5282206 1
5318967 1
5321887 1
5329019 1
5332812 1
5333464 1
5340825 1
5343166 1
5344964 1
5351334 1
5353732 1
5363061 1
5380096 1
5387105 1
5414768 1
5418783 1
5420934 1
5424321 1
5424618 1
5424870 1
5425210 1
5427099 1
5437308 1
5449110 1
5449117 1
5449117 1
5452732 1
5463451 1
5463458 1
5464048 1
5467859 1
5472459 1
5474853 1
5476036 1
5477103 1
5477482 1
5480841 1
5485798 1
5490346 1
5490346 1
5490445 1
5490445 1
5520602 1
5520682 1
5521111 1
5521482 1
5536649 1
5537309 1
5538382 1
5538880 1
5542978 1
5550153 1
5554799 1
5558201 1
5561504 1
5566335 1
5566736 1
5575494 1
5576287 1
5579416 1
5584069 1
5589459 1
5606898 1
5608337 1
5608337 1
5611258 1
5615341 1
5622345 1
5624509 1
5637814 1
5638211 1
5641959 1
5642580 1
5643050 1
5651613 1
5657854 1
5665391 1
5670676 1
5672242 1
5679876 1
5691522 1
5691658 1
5694197 1
5694280 1
5702926 1
5708821 1
5716293 1
5719751 1
5727298 1
5729121 1
5731382 1
5731574 1
5736402 1
5736595 1
5743074 1
5751717 1
5752230 1
5770213 1
5770642 1
5773449 1
5775860 1
5779265 1
5779274 1
5786678 1
5787460 1
5788029 1
5790615 1
5807969 1
5811736 1
5816274 1
5817064 1
5823609 1
5836766 1
5843240 1
5851224 1
5853606 1
5854948 1
5855836 1
5859855 1
5870017 1
5870827 1
5871767 1
5875695 1
5886121 1
5890639 1
5891701 1
5892426 1
5893977 1
5895361 1
5903169 1
5903959 1
5906085 1
5909285 1
5914123 1
5916598 1
5917296 1
5917425 1
5919066 1
5922269 1
5927215 1
5928804 1
5930877 1
5931241 1
5938642 1
5943783 1
5944444 1
5945033 1
5953621 1
5958406 1
5959755 1
5963635 1
5964000 1
5964670 1
5970169 1
5972459 1
5972949 1
5976357 1
5976362 1
5976406 1
5978408 1
5982219 1
5982986 1
5984121 1
5984738 1
5988240 1
5989370 1
5995287 1
5997863 1
5999030 1
5999379 1
6000416 1
6001061 1
6002582 1
6003175 1
6003461 1
6003906 1
6011303 1
6013979 1
6014762 1
6015394 1
6016242 1
6026110 1
6027079 1
6031851 1
6038044 1
6040022 1
6040275 1
6040490 1
6049906 1
6067429 1
6068083 1
6069429 1
6071238 1
6071618 1
6075413 1
6095754 1
6097065 1
6110191 1
6111185 1
6115110 1
6115940 1
6119777 1
6130413 1
6140174 1
6141907 1
6156563 1
6166143 1
6170935 1
6182640 1
6187799 1
6188098 1
6188406 1
6191254 1
6195773 1
6195952 1
6198083 1
6201696 1
6226237 1
6231254 1
6233293 1
6234068 1
6254369 1
6258832 1
6260177 1
6264993 1
6270562 1
6278206 1
6279891 1
6282115 1
6282242 1
6284822 1
6294085 1
6305599 1
6318307 1
6323749 1
6324144 1
6325099 1
6325277 1
6329904 1
6331770 1
6332412 1
6333884 1
6339225 1
6341540 1
6345628 1
6353756 1
6355065 1
6356265 1
6357457 1
6367701 1
6375556 1
6378605 1
6379240 1
6385092 1
6388266 1
6394268 1
6396625 1
6399935 1
6406805 1
6409558 1
6414677 1
6415925 1
6421153 1
6426781 1
6426981 1
6427385 1
6430362 1
6434152 1
6434877 1
6435189 1
6436060 1
6449353 1
6453405 1
6457338 1
6464079 1
6465333 1
6467457 1
6468166 1
6471151 1
6473633 1
6476463 1
6477131 1
6483676 1
6485740 1
6498626 1
6500927 1
6502312 1
6502811 1
6503655 1
6503760 1
6505321 1
6506290 1
6506672 1
6506966 1
6508151 1
6519576 1
6522983 1
6524127 1
6525146 1
6528106 1
6528699 1
6539375 1
6539379 1
6546704 1
6559089 1
6561483 1
6562952 1
6565422 1
6565679 1
6569679 1
6586270 1
6591623 1
6598172 1
6602199 1
6604042 1
6612378 1
6613599 1
6618862 1
6622117 1
6622416 1
6622724 1
6626112 1
6628308 1
6630557 1
6631068 1
6638873 1
6644023 1
6645987 1
6657216 1
6658856 1
6659048 1
6660433 1
6666748 1
6678588 1
6682740 1
6695346 1
6696234 1
6710469 1
6711581 1
6720674 1
6740094 1
6743334 1
6746526 1
6752843 1
6760788 1
6764026 1
6769497 1
6790753 1
6792842 1
6793696 1
6805761 1
6806681 1
6808232 1
6821649 1
6841621 1
6845439 1
6847671 1
6848647 1
6851370 1
6863599 1
6865965 1
6867802 1
6868350 1
6868563 1
6868771 1
6869293 1
6869495 1
6870276 1
6879391 1
6882075 1
6883511 1
6894818 1
6904991 1
6905263 1
6906713 1
6909144 1
6913832 1
6922777 1
6923174 1
6926817 1
6930982 1
6933826 1
6934197 1
6938024 1
6940023 1
6941007 1
6949490 1
6950803 1
6954501 1
6959355 1
6960614 1
6962197 1
6963085 1
6963405 1
6979918 1
6980613 1
6981686 1
6987491 1
6987958 1
6988110 1
6996468 1
7005636 1
7006312 1
7007561 1
7012375 1
7016305 1
7024916 1
7027905 1
7033065 1
7035395 1
7042480 1
7047533 1
7052485 1
7065769 1
7073229 1
7080104 1
7082467 1
7099105 1
7106849 1
7109901 1
7110143 1
7111139 1
7117636 1
7130444 1
7135251 1
7135503 1
7136058 1
7141193 1
7146884 1
7148193 1
7154391 1
7157447 1
7158425 1
7158683 1
7160910 1
7161312 1
7161396 1
7168533 1
7170861 1
7172607 1
7180618 1
7216715 1
7219458 1
7222886 1
7224012 1
7227903 1
7233760 1
7235694 1
7240087 1
7240289 1
7245270 1
7252235 1
7252806 1
7253075 1
7253798 1
7255498 1
7256738 1
7256972 1
7257138 1
7257348 1
7258933 1
7265411 1
7268775 1
7272891 1
7273670 1
7273931 1
7280419 1
7283901 1
7293835 1
7294421 1
7294421 1
7294815 1
7295581 1
7304188 1
7307286 1
7318111 1
7319998 1
7325930 1
7326008 1
7327802 1
7333544 1
7338719 1
7340548 1
7344720 1
7345981 1
7348890 1
7352921 1
7353419 1
7361500 1
7370556 1
7375576 1
7377383 1
7377383 1
7381593 1
7384023 1
7388310 1
7396756 1
7400845 1
7404614 1
7411920 1
7412961 1
7416778 1
7417560 1
7422371 1
7427887 1
7428955 1
7429540 1
7429788 1
7435516 1
7439786 1
7440411 1
7445923 1
7447050 1
7447989 1
7452865 1
7452926 1
7461145 1
7473929 1
7475846 1
7494444 1
7503981 1
7505652 1
7510496 1
7514326 1
7525449 1
7526439 1
7527539 1
7534487 1
7535402 1
7535486 1
7536173 1
7536889 1
7539450 1
7539601 1
7540702 1
7541068 1
7541895 1
7544075 1
7544278 1
7551298 1
7575262 1
7577989 1
7581104 1
7584839 1
7594332 1
7613548 1
7617655 1
7619824 1
7623315 1
7626327 1
7634839 1
7634867 1
7642608 1
7647856 1
7651718 1
7654723 1
7659978 1
7663340 1
7664348 1
7670279 1
7670720 1
7677256 1
7679841 1
7685907 1
7685944 1
7686355 1
7688876 1
7689401 1
7693320 1
7693874 1
7694613 1
7700932 1
7700934 1
7701926 1
7703822 1
7704161 1
7705632 1
7706864 1
7708985 1
7714250 1
7717204 1
7722220 1
7725205 1
7730327 1
7732514 1
7733451 1
7735742 1
7735786 1
7735786 1
7739107 1
7743234 1
7744884 1
7761745 1
7762997 1
7764907 1
7780120 1
7792500 1
7799718 1
7800358 1
7802238 1
7805191 1
7830899 1
7832537 1
7833846 1
7837769 1
7839277 1
7847520 1
7848130 1
7851728 1
7859345 1
7862588 1
7881261 1
7889241 1
7889932 1
7894160 1
7897800 1
7902957 1
7912978 1
7917446 1
7918679 1
7919036 1
7919270 1
7919530 1
7922508 1
7923930 1
7924770 1
7929238 1
7931149 1
7931375 1
7933170 1
7933498 1
7933923 1
7934175 1
7936078 1
7941893 1
7946654 1
7950310 1
7951377 1
7953016 1
7958348 1
7958716 1
7961086 1
7962063 1
7962079 1
7962223 1
7962223 1
7962308 1
7962781 1
7963718 1
7964923 1
7965396 1
7967701 1
7969063 1
7969063 1
7972178 1
7974361 1
7974775 1
7983662 1
7987546 1
7989262 1
7993724 1
8014462 1
8015782 1
8022493 1
8023641 1
8024712 1
8029827 1
8029883 1
8030208 1
8037476 1
8043006 1
8043218 1
8044636 1
8044968 1
8046567 1
8058384 1
8065390 1
8079771 1
8119950 1
8127924 1
8131304 1
8136422 1
8153111 1
8154050 1
8156692 1
8160027 1
8160768 1
8182667 1
8183925 1
8199274 1
8206049 1
8208549 1
8225203 1
8230666 1
8233387 1
8236386 1
8236703 1
8241610 1
8243380 1
8255187 1
8255228 1
8258564 1
8259184 1
8260455 1
8260734 1
8264790 1
8271842 1
8272183 1
8273810 1
8279674 1
8281937 1
8282808 1
8285248 1
8286726 1
8287280 1
8288179 1
8295958 1
8301295 1
26778 1
36627 1
129455 1
153209 1
202119 1
207342 1
220155 1
232006 1
236821 1
258857 1
266758 1
270010 1
275141 1
285330 1
285987 1
313792 1
314008 1
315726 1
316243 1
322927 1
326266 1
334407 1
353041 1
353531 1
355966 1
356899 1
376956 1
380559 1
384106 1
441192 1
446426 1
452757 1
477284 1
482054 1
488095 1
501843 1
510272 1
546395 1
560926 1
563432 1
571527 1
584321 1
585723 1
601199 1
611598 1
619725 1
632301 1
638064 1
648782 1
661657 1
664235 1
669845 1
670718 1
673785 1
674881 1
690344 1
699429 1
718909 1
743823 1
747054 1
749747 1
750461 1
768491 1
774139 1
781879 1
847185 1
850265 1
894841 1
927717 1
937437 1
950386 1
966085 1
982735 1
995866 1
1045842 1
1050631 1
1052845 1
1052845 1
1072054 1
1078028 1
1083311 1
1088076 1
1092318 1
1093874 1
1108312 1
1110398 1
1141340 1
1143318 1
1143318 1
1143874 1
1182617 1
1190266 1
1201861 1
1212820 1
1214740 1
1258998 1
1259663 1
1271418 1
1281986 1
1293693 1
1295169 1
1297507 1
1298654 1
1300389 1
1306811 1
1314917 1
1321453 1
1333251 1
1339892 1
1347109 1
1368073 1
1369731 1
1380707 1
1397353 1
1406752 1
1411238 1
1425704 1
1429292 1
1432694 1
1432703 1
1471311 1
1473396 1
1474443 1
1478576 1
1485164 1
1488039 1
1488324 1
1499630 1
1502424 1
1510922 1
1514425 1
1574392 1
1576799 1
1582271 1
1600870 1
1604875 1
1611703 1
1611703 1
1616161 1
1636503 1
1636623 1
1636809 1
1638925 1
1641092 1
1641204 1
1656280 1
1659667 1
1671709 1
1690283 1
1721943 1
1731542 1
1738572 1
1747156 1
1755761 1
1780251 1
1806846 1
1815607 1
1820467 1
1820535 1
1822750 1
1823838 1
1824426 1
1825509 1
1828570 1
1832180 1
1837418 1
1842209 1
1844737 1
1862566 1
1909538 1
1910199 1
1926401 1
1960016 1
1970241 1
1981747 1
1982589 1
1986769 1
2019088 1
2047498 1
2050049 1
2066150 1
2074929 1
2095522 1
2098453 1
2098510 1
2100117 1
2100414 1
2101643 1
2101937 1
2105712 1
2106418 1
2106528 1
2119835 1
2146352 1
2150030 1
2158704 1
2160994 1
2161407 1
2180909 1
2181601 1
2187279 1
2193976 1
2197189 1
2200116 1
2214246 1
2224084 1
2228882 1
2240713 1
2247216 1
2247219 1
2250830 1
2258615 1
2263442 1
2280634 1
2298362 1
2299017 1
2300638 1
2317662 1
2318998 1
2319141 1
2319642 1
2319941 1
2319975 1
2333719 1
2340915 1
2341293 1
2343394 1
2355849 1
2358320 1
2364041 1
2383040 1
2387932 1
2406508 1
2406519 1
2436364 1
2453710 1
2453961 1
2456216 1
2480846 1
2485190 1
2487322 1
2493374 1
2495135 1
2497001 1
2500647 1
2509947 1
2513251 1
2515420 1
2526058 1
2551654 1
2555967 1
2557446 1
2570896 1
2584895 1
2587121 1
2604133 1
2606973 1
2607712 1
2640965 1
2648789 1
2675598 1
2678740 1
2680761 1
2682450 1
2687076 1
2707918 1
2725699 1
2731334 1
2735535 1
2739095 1
2743144 1
2771371 1
2775880 1
2781248 1
2783567 1
2807839 1
2808033 1
2815748 1
2828944 1
2849479 1
2871513 1
2877433 1
2886670 1
2890821 1
2900325 1
2901842 1
2903697 1
2910758 1
2929301 1
2945942 1
2961280 1
2973762 1
2974369 1
2982290 1
3004898 1
3008052 1
3028955 1
3029860 1
3082776 1
3118376 1
3133403 1
3144292 1
3158507 1
3160370 1
3196699 1
3199635 1
3207594 1
3211931 1
3213089 1
3223903 1
3259886 1
3284280 1
3319220 1
3319319 1
3320749 1
3328944 1
3362241 1
3367734 1
3370871 1
3371771 1
3371777 1
3407996 1
3414088 1
3434477 1
3464445 1
3471257 1
3476965 1
3485769 1
3507905 1
3530478 1
3548631 1
3549964 1
3560269 1
3570195 1
3589832 1
3601027 1
3613949 1
3628300 1
3630508 1
3634724 1
3650946 1
3661968 1
3671634 1
3688920 1
3702389 1
3712574 1
3752486 1
3756628 1
3758656 1
3766620 1
3778622 1
3808625 1
3810557 1
3821439 1
3829052 1
3834348 1
3856179 1
3865571 1
3875884 1
3885015 1
3902534 1
3913175 1
3917184 1
3926939 1
3934771 1
3938291 1
3943546 1
3952795 1
3954571 1
3972727 1
3973983 1
3975632 1
4003740 1
4005959 1
4016332 1
4017401 1
4024380 1
4029393 1
4030828 1
4034003 1
4046000 1
4047464 1
4065460 1
4071611 1
4103083 1
4138637 1
4140972 1
4141245 1
4159640 1
4162973 1
4162986 1
4197766 1
4203125 1
4214955 1
4221415 1
4230356 1
4241047 1
4249510 1
4253275 1
4254354 1
4257150 1
4259627 1
4292032 1
4297985 1
4298770 1
4334512 1
4339403 1
4353362 1
4392051 1
4394879 1
4396792 1
4411638 1
4415740 1
4416377 1
4442236 1
4469436 1
4476936 1
4477607 1
4478268 1
4480823 1
4482234 1
4512445 1
4513033 1
4513584 1
4531914 1
4539532 1
4541507 1
4541730 1
4550061 1
4572835 1
4572835 1
4573174 1
4601122 1
4612420 1
4627908 1
4640045 1
4642863 1
4652208 1
4657846 1
4677363 1
4687039 1
4696874 1
4720424 1
4728052 1
4731726 1
4754418 1
4767027 1
4772274 1
4783387 1
4806903 1
4808840 1
4830549 1
4852804 1
4901089 1
4905799 1
4908813 1
4922624 1
4923192 1
4928319 1
4929388 1
4929747 1
4929996 1
4940081 1
4941464 1
4946118 1
4972927 1
4977473 1
4979918 1
5001217 1
5005651 1
5015035 1
5016649 1
5044123 1
5046477 1
5046957 1
5047867 1
5091357 1
5112603 1
5156207 1
5167350 1
5172767 1
5208755 1
5219875 1
5220327 1
5247523 1
5258349 1
5276055 1
5296943 1
5306588 1
5310874 1
5342180 1
5364211 1
5366692 1
5420218 1
5421794 1
5431862 1
5437925 1
5453161 1
5506686 1
5519155 1
5520524 1
5535274 1
5550240 1
5559269 1
5568890 1
5605415 1
5622156 1
5639746 1
5646239 1
5650940 1
5658695 1
5665502 1
5681029 1
5694521 1
5701293 1
5704788 1
5743695 1
5750565 1
5782141 1
5791221 1
5804696 1
5814859 1
5814892 1
5838231 1
5853109 1
5860911 1
5872476 1
5882355 1
5900012 1
5905996 1
5921140 1
5942012 1
5945447 1
5946839 1
5955394 1
5965530 1
5971242 1
5984404 1
5987987 1
5991799 1
5995650 1
6003659 1
6004348 1
6029512 1
6032164 1
6045864 1
6046647 1
6057701 1
6101078 1
6114321 1
6118890 1
6119657 1
6128878 1
6148238 1
6158022 1
6163653 1
6166277 1
6172384 1
6225972 1
6239274 1
6259631 1
6260286 1
6282393 1
6283056 1
6291347 1
6295718 1
6314293 1
6321597 1
6344344 1
6345483 1
6357329 1
6362510 1
6366306 1
6379517 1
6394374 1
6407288 1
6419710 1
6434299 1
6445552 1
6467541 1
6474224 1
6477466 1
6480470 1
6494480 1
6505634 1
6506586 1
6507094 1
6507838 1
6520045 1
6539753 1
6543587 1
6548647 1
6555981 1
6558432 1
6560744 1
6560744 1
6563486 1
6570977 1
6600542 1
6609625 1
6612014 1
6617971 1
6634307 1
6638522 1
6646321 1
6658211 1
6661009 1
6692203 1
6693784 1
6693784 1
6695996 1
6698257 1
6715899 1
6726298 1
6727037 1
6732890 1
6744269 1
6751551 1
6756500 1
6760224 1
6770054 1
6807782 1
6810600 1
6811639 1
6812303 1
6832356 1
6844297 1
6851386 1
6869305 1
6869955 1
6887789 1
6892449 1
6894172 1
6916648 1
6918953 1
6932095 1
6934291 1
6935460 1
6940531 1
6951589 1
6951589 1
6962362 1
6979875 1
6981070 1
6991530 1
7008796 1
7010828 1
7025149 1
7082532 1
7095679 1
7100958 1
7122523 1
7153262 1
7153507 1
7156707 1
7157659 1
7160385 1
7160406 1
7162165 1
7166789 1
7169799 1
7175621 1
7178890 1
7184423 1
7203809 1
7207766 1
7229191 1
7231501 1
7233253 1
7239247 1
7248989 1
7261291 1
7267266 1
7273145 1
7273892 1
7282394 1
7289887 1
7307866 1
7323843 1
7328343 1
7329142 1
7333797 1
7340224 1
7341949 1
7346035 1
7358192 1
7358463 1
7363799 1
7390058 1
7396574 1
7400708 1
7401140 1
7416749 1
7420940 1
7422341 1
7446008 1
7452858 1
7489363 1
7491808 1
7501765 1
7509893 1
7511923 1
7512367 1
7520285 1
7526846 1
7546327 1
7556266 1
7559307 1
7587356 1
7587811 1
7595022 1
7595549 1
7596896 1
7620109 1
7625946 1
7648916 1
7651063 1
7669569 1
7681038 1
7683138 1
7686062 1
7696581 1
7726548 1
7734014 1
7745308 1
7749507 1
7754695 1
7786341 1
7787722 1
7803778 1
7841614 1
7850546 1
7855793 1
7855862 1
7856310 1
7876621 1
7894312 1
7918154 1
7923207 1
7925159 1
7934833 1
7935992 1
7953501 1
7959668 1
7959915 1
7960782 1
7970938 1
7971888 1
8007317 1
8014337 1
8027997 1
8032977 1
8034210 1
8050263 1
8052072 1
8056243 1
8074049 1
8083804 1
8164669 1
8172606 1
8179595 1
8198121 1
8202995 1
8211781 1
8216336 1
8233459 1
8250460 1
8255363 1
8276318 1
