6674 1
16878 1
17155 1
17329 1
26327 1
26566 1
27077 1
34202 1
35571 1
40598 1
47506 1
48333 1
49389 1
56109 1
59612 1
76659 1
77693 1
81178 1
82417 1
88480 1
89960 1
97166 1
113138 1
116668 1
119567 1
127142 1
127176 1
130477 1
137660 1
137661 1
147076 1
154622 1
159966 1
161383 1
166641 1
169831 1
181097 1
181167 1
183015 1
185874 1
189336 1
197468 1
199854 1
201233 1
201826 1
204997 1
209203 1
210064 1
216148 1
218911 1
224726 1
232445 1
241233 1
242433 1
243498 1
249935 1
250551 1
250987 1
252452 1
259138 1
260227 1
260347 1
261571 1
265579 1
273402 1
276001 1
281337 1
289440 1
293871 1
294215 1
308178 1
317311 1
317318 1
321096 1
321395 1
322070 1
323806 1
325102 1
328838 1
347377 1
347782 1
353077 1
358250 1
361125 1
362210 1
362219 1
365458 1
365705 1
366248 1
367077 1
367162 1
369364 1
370695 1
372023 1
372728 1
376543 1
376760 1
376891 1
379425 1
380416 1
389533 1
408819 1
412583 1
425787 1
429601 1
435883 1
445814 1
458875 1
459342 1
459421 1
466321 1
477893 1
478792 1
488197 1
495751 1
497640 1
497749 1
500260 1
500422 1
502921 1
502992 1
504597 1
506478 1
507183 1
517856 1
518618 1
521197 1
522236 1
530270 1
546940 1
567585 1
573256 1
574586 1
576053 1
579792 1
583155 1
585049 1
585050 1
585437 1
585568 1
585790 1
585993 1
586285 1
586290 1
588237 1
589690 1
590061 1
590436 1
591448 1
610153 1
614452 1
618429 1
625279 1
628046 1
633760 1
635795 1
651845 1
661712 1
667812 1
670588 1
674800 1
677697 1
681413 1
682660 1
684399 1
684688 1
685224 1
685231 1
686883 1
696702 1
699171 1
699543 1
708233 1
708614 1
712464 1
713014 1
718879 1
721282 1
721329 1
723520 1
727379 1
728098 1
728680 1
730936 1
740126 1
741183 1
747271 1
749498 1
752755 1
752866 1
759652 1
772742 1
776525 1
776996 1
778873 1
781978 1
783056 1
797797 1
798189 1
800371 1
800523 1
800705 1
801426 1
801844 1
804644 1
805166 1
807021 1
810647 1
811399 1
812593 1
813240 1
815841 1
831331 1
831417 1
837079 1
845617 1
855293 1
855362 1
855707 1
856205 1
857183 1
857792 1
871380 1
872451 1
880012 1
884189 1
896480 1
898229 1
901902 1
904153 1
920837 1
935020 1
943489 1
946008 1
946195 1
950633 1
953205 1
959140 1
965764 1
966157 1
981611 1
983442 1
986934 1
993139 1
996500 1
1004555 1
1024504 1
1024865 1
1024869 1
1025073 1
1025227 1
1038185 1
1040929 1
1043104 1
1044068 1
1050489 1
1051706 1
1059993 1
1060031 1
1072246 1
1074489 1
1081462 1
1082971 1
1085448 1
1087993 1
1093439 1
1093647 1
1098462 1
1100740 1
1101666 1
1102721 1
1107682 1
1109403 1
1110238 1
1110693 1
1111518 1
1113036 1
1132258 1
1136706 1
1138632 1
1141887 1
1143309 1
1144794 1
1147259 1
1161310 1
1172880 1
1174722 1
1175904 1
1183668 1
1184652 1
1193301 1
1196652 1
1200421 1
1224116 1
1232672 1
1236145 1
1259813 1
1260030 1
1265744 1
1271313 1
1271313 1
1279995 1
1281341 1
1282425 1
1282428 1
1294855 1
1295279 1
1307187 1
1311897 1
1317215 1
1323653 1
1326499 1
1328444 1
1330650 1
1338142 1
1338142 1
1339563 1
1340600 1
1344390 1
1351494 1
1354307 1
1355573 1
1356574 1
1361982 1
1367396 1
1374833 1
1377275 1
1379039 1
1379528 1
1395072 1
1397179 1
1398316 1
1398546 1
1406393 1
1407791 1
1411087 1
1411403 1
1414115 1
1414666 1
1421828 1
1422538 1
1422771 1
1422923 1
1424009 1
1424779 1
1437513 1
1441165 1
1441231 1
1449177 1
1450363 1
1462651 1
1469468 1
1469537 1
1469697 1
1470109 1
1471040 1
1471547 1
1471559 1
1478204 1
1478945 1
1479357 1
1480451 1
1481258 1
1483214 1
1485183 1
1485195 1
1490218 1
1490317 1
1491691 1
1493512 1
1493963 1
1494494 1
1494705 1
1496296 1
1500968 1
1512818 1
1512871 1
1513971 1
1513971 1
1520776 1
1522743 1
1523739 1
1525677 1
1531566 1
1532637 1
1533715 1
1535877 1
1539975 1
1543214 1
1544002 1
1544005 1
1549372 1
1552025 1
1552691 1
1552692 1
1553957 1
1554226 1
1557165 1
1562703 1
1563706 1
1566184 1
1568567 1
1582949 1
1586819 1
1605659 1
1616855 1
1619749 1
1619941 1
1620471 1
1620982 1
1626834 1
1627205 1
1630760 1
1632570 1
1634657 1
1637798 1
1647077 1
1647593 1
1653415 1
1653630 1
1657417 1
1661539 1
1667727 1
1670469 1
1670512 1
1672227 1
1674409 1
1675759 1
1676665 1
1679764 1
1680689 1
1685766 1
1689023 1
1692129 1
1693162 1
1694072 1
1700321 1
1702671 1
1702674 1
1703657 1
1704679 1
1704747 1
1705633 1
1705855 1
1706838 1
1708726 1
1721563 1
1723150 1
1730231 1
1738156 1
1738777 1
1739639 1
1740583 1
1744487 1
1744667 1
1744877 1
1745948 1
1754092 1
1754802 1
1755638 1
1768027 1
1771404 1
1780641 1
1781966 1
1801651 1
1808111 1
1813054 1
1813644 1
1814294 1
1816024 1
1817918 1
1817934 1
1821166 1
1825111 1
1825999 1
1826014 1
1827174 1
1827859 1
1829295 1
1830172 1
1831000 1
1831304 1
1831493 1
1831890 1
1845059 1
1845826 1
1855468 1
1856821 1
1868783 1
1869956 1
1872977 1
1874620 1
1882286 1
1885221 1
1885245 1
1890452 1
1891102 1
1892462 1
1895381 1
1900535 1
1901808 1
1903140 1
1904904 1
1905379 1
1907040 1
1907330 1
1911474 1
1916796 1
1918305 1
1918494 1
1919451 1
1919779 1
1926646 1
1934851 1
1940925 1
1947171 1
1949707 1
1949903 1
1953477 1
1962223 1
1963241 1
1964004 1
1970669 1
1977737 1
1992635 1
1995319 1
2000012 1
2003724 1
2004744 1
2008887 1
2015213 1
2016367 1
2019809 1
2025146 1
2032449 1
2037035 1
2037037 1
2037258 1
2047663 1
2049496 1
2050347 1
2055816 1
2069371 1
2078764 1
2084205 1
2084207 1
2096172 1
2096825 1
2098906 1
2100750 1
2107491 1
2108779 1
2110202 1
2119361 1
2132924 1
2148769 1
2160183 1
2160572 1
2163094 1
2169074 1
2173655 1
2173655 1
2174953 1
2175084 1
2177763 1
2182902 1
2185152 1
2190051 1
2190433 1
2193967 1
2198786 1
2198806 1
2200665 1
2204417 1
2211068 1
2213645 1
2213645 1
2221202 1
2222878 1
2223402 1
2224730 1
2231187 1
2237233 1
2240038 1
2248393 1
2248481 1
2251491 1
2258248 1
2258600 1
2261711 1
2263310 1
2267758 1
2268609 1
2268965 1
2270836 1
2271844 1
2275923 1
2276722 1
2277734 1
2284248 1
2284665 1
2288579 1
2292789 1
2294773 1
2299144 1
2302588 1
2302588 1
2307070 1
2315729 1
2320892 1
2321499 1
2333845 1
2333940 1
2346020 1
2349762 1
2349784 1
2351049 1
2352909 1
2358879 1
2365270 1
2369329 1
2370827 1
2381903 1
2382954 1
2383207 1
2383421 1
2386430 1
2386430 1
2394113 1
2394113 1
2404279 1
2408814 1
2419818 1
2420911 1
2423478 1
2425196 1
2430834 1
2431001 1
2431437 1
2431895 1
2433731 1
2433737 1
2438962 1
2447476 1
2448732 1
2450000 1
2451235 1
2452613 1
2453435 1
2453537 1
2453990 1
2454957 1
2456102 1
2464516 1
2467862 1
2468047 1
2472080 1
2482903 1
2485905 1
2489009 1
2495713 1
2496330 1
2502287 1
2510049 1
2518659 1
2526513 1
2526517 1
2528178 1
2528757 1
2531398 1
2534312 1
2534316 1
2536932 1
2542317 1
2542902 1
2548629 1
2548632 1
2549429 1
2552022 1
2555998 1
2557114 1
2558174 1
2564006 1
2570536 1
2571404 1
2579771 1
2584965 1
2588273 1
2589093 1
2593053 1
2595587 1
2602504 1
2605773 1
2607370 1
2610365 1
2618840 1
2630791 1
2631424 1
2649583 1
2650271 1
2651608 1
2651957 1
2655351 1
2660448 1
2664530 1
2665758 1
2666840 1
2669050 1
2669292 1
2674520 1
2679705 1
2680414 1
2680962 1
2683472 1
2687065 1
2693680 1
2698793 1
2707664 1
2707665 1
2708072 1
2713391 1
2716087 1
2720339 1
2720345 1
2720383 1
2722334 1
2728125 1
2728871 1
2729679 1
2736211 1
2736604 1
2740486 1
2741057 1
2742035 1
2747245 1
2756953 1
2761982 1
2763498 1
2764842 1
2767006 1
2768070 1
2772695 1
2775764 1
2776419 1
2776439 1
2778435 1
2780289 1
2783284 1
2790931 1
2795902 1
2799986 1
2800470 1
2801090 1
2805499 1
2806999 1
2808155 1
2811821 1
2814550 1
2819782 1
2820674 1
2825236 1
2849782 1
2850090 1
2850561 1
2850896 1
2854638 1
2855787 1
2855932 1
2861366 1
2866999 1
2868998 1
2869062 1
2870567 1
2875846 1
2876915 1
2887982 1
2888029 1
2888711 1
2898129 1
2900162 1
2904415 1
2907725 1
2911345 1
2934828 1
2938482 1
2938491 1
2939882 1
2939914 1
2942419 1
2942985 1
2943211 1
2943418 1
2946469 1
2948744 1
2951241 1
2954212 1
2957382 1
2965452 1
2978935 1
2981505 1
2985906 1
2986510 1
2987871 1
2989877 1
3004136 1
3004758 1
3011445 1
3015146 1
3015891 1
3024624 1
3025983 1
3026460 1
3030202 1
3032988 1
3035468 1
3037194 1
3041587 1
3046444 1
3048174 1
3048415 1
3059867 1
3060879 1
3064906 1
3065129 1
3065206 1
3065279 1
3068728 1
3074844 1
3086642 1
3090536 1
3092026 1
3105568 1
3108865 1
3119418 1
3119559 1
3119710 1
3120029 1
3121806 1
3125211 1
3129667 1
3137686 1
3141988 1
3146301 1
3151357 1
3159236 1
3159510 1
3181741 1
3182075 1
3200195 1
3204126 1
3206373 1
3208580 1
3208629 1
3208855 1
3208992 1
3209082 1
3209269 1
3211867 1
3212375 1
3213145 1
3214974 1
3218630 1
3218903 1
3221400 1
3222460 1
3228948 1
3229734 1
3234638 1
3236456 1
3243536 1
3245661 1
3254234 1
3265081 1
3273126 1
3275133 1
3279337 1
3279515 1
3284232 1
3284903 1
3290376 1
3294811 1
3300243 1
3301070 1
3307057 1
3309714 1
3312884 1
3319631 1
3320179 1
3322984 1
3323024 1
3323243 1
3325108 1
3326466 1
3327347 1
3327865 1
3328121 1
3328300 1
3329502 1
3332790 1
3334171 1
3342013 1
3342014 1
3342623 1
3343104 1
3347423 1
3358122 1
3360985 1
3361097 1
3363817 1
3375546 1
3376368 1
3384454 1
3388655 1
3401993 1
3402606 1
3402991 1
3405646 1
3409577 1
3409971 1
3411955 1
3412483 1
3420788 1
3430220 1
3430229 1
3432469 1
3432628 1
3433316 1
3435609 1
3440283 1
3440722 1
3447888 1
3449697 1
3450488 1
3461778 1
3462190 1
3462421 1
3462471 1
3463142 1
3464500 1
3465381 1
3465467 1
3467307 1
3469549 1
3471763 1
3473069 1
3475140 1
3481177 1
3486628 1
3491734 1
3492115 1
3492828 1
3494044 1
3500460 1
3500964 1
3501612 1
3502967 1
3503808 1
3505299 1
3506397 1
3510915 1
3517596 1
3524088 1
3524322 1
3525813 1
3526894 1
3539532 1
3540748 1
3540783 1
3541351 1
3548143 1
3552429 1
3553803 1
3553803 1
3555107 1
3559755 1
3560297 1
3560303 1
3560636 1
3561871 1
3564634 1
3572497 1
3594007 1
3606309 1
3612010 1
3621012 1
3621659 1
3633664 1
3635740 1
3638306 1
3643817 1
3647693 1
3648851 1
3650402 1
3650959 1
3651384 1
3658547 1
3666865 1
3673717 1
3681675 1
3681983 1
3683868 1
3684255 1
3684381 1
3684482 1
3685627 1
3686942 1
3688525 1
3688801 1
3690033 1
3690179 1
3690277 1
3690318 1
3692512 1
3693110 1
3695854 1
3697090 1
3697155 1
3699607 1
3700690 1
3704986 1
3711531 1
3711709 1
3711909 1
3721336 1
3721727 1
3724607 1
3725198 1
3727304 1
3728347 1
3728396 1
3731919 1
3731926 1
3740189 1
3745632 1
3751262 1
3751745 1
3758021 1
3758091 1
3758882 1
3760376 1
3766137 1
3767543 1
3771555 1
3771923 1
3772217 1
3774585 1
3779347 1
3780119 1
3780603 1
3794758 1
3797511 1
3798519 1
3798770 1
3801754 1
3801949 1
3810598 1
3813413 1
3813627 1
3814732 1
3824439 1
3827877 1
3835755 1
3835842 1
3835965 1
3846120 1
3846365 1
3847571 1
3848150 1
3850880 1
3851134 1
3851295 1
3852763 1
3855203 1
3855270 1
3855768 1
3856650 1
3856898 1
3864993 1
3865544 1
3865708 1
3866937 1
3868592 1
3868817 1
3868903 1
3869070 1
3869885 1
3871855 1
3871945 1
3871949 1
3873463 1
3876364 1
3876972 1
3895421 1
3904778 1
3910234 1
3912070 1
3914484 1
3919429 1
3920946 1
3932133 1
3943861 1
3945564 1
3948578 1
3949326 1
3952556 1
3955833 1
3967726 1
3970229 1
3972899 1
3973126 1
3973590 1
3973808 1
3973829 1
3974643 1
3974725 1
3975829 1
3975998 1
3977208 1
3978155 1
3979213 1
3983449 1
3985881 1
3988471 1
3988804 1
3989027 1
3991674 1
3991727 1
3992322 1
3992629 1
3995731 1
3995905 1
3997975 1
4009678 1
4009910 1
4012418 1
4014539 1
4015587 1
4016320 1
4016595 1
4019082 1
4019350 1
4023232 1
4027504 1
4028753 1
4029863 1
4033656 1
4037773 1
4046112 1
4048011 1
4059394 1
4060795 1
4074741 1
4075548 1
4077605 1
4080993 1
4081516 1
4082483 1
4083115 1
4083447 1
4089016 1
4097678 1
4098027 1
4098250 1
4098719 1
4100434 1
4103228 1
4106833 1
4106950 1
4108727 1
4111179 1
4111941 1
4124311 1
4137603 1
4149279 1
4151236 1
4153993 1
4155096 1
4168736 1
4173528 1
4175117 1
4181182 1
4189161 1
4192354 1
4196034 1
4201341 1
4202848 1
4202895 1
4203005 1
4222946 1
4229343 1
4230421 1
4232410 1
4234251 1
4238131 1
4250128 1
4261645 1
4263263 1
4270915 1
4272231 1
4272354 1
4273413 1
4275640 1
4278310 1
4281133 1
4281637 1
4284676 1
4292853 1
4297642 1
4298356 1
4298505 1
4298594 1
4305891 1
4307683 1
4309121 1
4326780 1
4327138 1
4330135 1
4331682 1
4331835 1
4341516 1
4356215 1
4357330 1
4366666 1
4369535 1
4385808 1
4392741 1
4394170 1
4397363 1
4402706 1
4403373 1
4410722 1
4411761 1
4412284 1
4412619 1
4413865 1
4413879 1
4415644 1
4415985 1
4417096 1
4417176 1
4420332 1
4425933 1
4428116 1
4432763 1
4435189 1
4437096 1
4437549 1
4445160 1
4445850 1
4453370 1
4453948 1
4458875 1
4459104 1
4460293 1
4463997 1
4464748 1
4466849 1
4467485 1
4471197 1
4481464 1
4481496 1
4488303 1
4491532 1
4492546 1
4493577 1
4494733 1
4495076 1
4509144 1
4509768 1
4510128 1
4511558 1
4512386 1
4518028 1
4518970 1
4528938 1
4534433 1
4536745 1
4536838 1
4536946 1
4537185 1
4537185 1
4537225 1
4537575 1
4538316 1
4544575 1
4546360 1
4550733 1
4558783 1
4579637 1
4583052 1
4589218 1
4589458 1
4596586 1
4605220 1
4605834 1
4608370 1
4608796 1
4612572 1
4629505 1
4630029 1
4630159 1
4632296 1
4633514 1
4634593 1
4636037 1
4647012 1
4651767 1
4658120 1
4666624 1
4666627 1
4667162 1
4671205 1
4672342 1
4672407 1
4673005 1
4677071 1
4677709 1
4689489 1
4689749 1
4692651 1
4697016 1
4697621 1
4701049 1
4702277 1
4702974 1
4707419 1
4709247 1
4714032 1
4715507 1
4723334 1
4724297 1
4724502 1
4728787 1
4731393 1
4739231 1
4740691 1
4745662 1
4746982 1
4754965 1
4755814 1
4756851 1
4760458 1
4761399 1
4762091 1
4763248 1
4763363 1
4765799 1
4767578 1
4767605 1
4767612 1
4767624 1
4767869 1
4775624 1
4775822 1
4778157 1
4785469 1
4786535 1
4786600 1
4787228 1
4790157 1
4790741 1
4801090 1
4803899 1
4805735 1
4808581 1
4815443 1
4828505 1
4830519 1
4830993 1
4834535 1
4834743 1
4835165 1
4835289 1
4837001 1
4837093 1
4843905 1
4847968 1
4875566 1
4876364 1
4883305 1
4883685 1
4887482 1
4890004 1
4894015 1
4894312 1
4895387 1
4897046 1
4897319 1
4898338 1
4898767 1
4900085 1
4900400 1
4900822 1
4900829 1
4904693 1
4905219 1
4906144 1
4910188 1
4913472 1
4917332 1
4926942 1
4928564 1
4929387 1
4931394 1
4932019 1
4932158 1
4964336 1
4964435 1
4964847 1
4981912 1
4986716 1
4988722 1
4995151 1
5000549 1
5005647 1
5008337 1
5022365 1
5025043 1
5039554 1
5044235 1
5051059 1
5055281 1
5057776 1
5069850 1
5071576 1
5072659 1
5074292 1
5075810 1
5078353 1
5079231 1
5080384 1
5083263 1
5087599 1
5087932 1
5089429 1
5089508 1
5091448 1
5091481 1
5091740 1
5092346 1
5094408 1
5098763 1
5115946 1
5122834 1
5133813 1
5135470 1
5143294 1
5143401 1
5143865 1
5143941 1
5144547 1
5144733 1
5145022 1
5147257 1
5151237 1
5151989 1
5153072 1
5153730 1
5156265 1
5159051 1
5163671 1
5174142 1
5186083 1
5187637 1
5191280 1
5196399 1
5197674 1
5208907 1
5210076 1
5212415 1
5213569 1
5220290 1
5220799 1
5222167 1
5223184 1
5233250 1
5234544 1
5236817 1
5238655 1
5239337 1
5242217 1
5242928 1
5245745 1
5258696 1
5260539 1
5263303 1
5266878 1
5266878 1
5267048 1
5275434 1
5276166 1
5277619 1
5277987 1
5280852 1
5281856 1
5295128 1
5296524 1
5310965 1
5316021 1
5316873 1
5327337 1
5330608 1
5331117 1
5332956 1
5334371 1
5335554 1
5340291 1
5342568 1
5346527 1
5348016 1
5355393 1
5355946 1
5358569 1
5361145 1
5365092 1
5368454 1
5386313 1
5416679 1
5421902 1
5422102 1
5432503 1
5434955 1
5435268 1
5437149 1
5437390 1
5437697 1
5441558 1
5443230 1
5444123 1
5453443 1
5454366 1
5456318 1
5466082 1
5467876 1
5468008 1
5470773 1
5470993 1
5474727 1
5478966 1
5483548 1
5483552 1
5483624 1
5490015 1
5499085 1
5510333 1
5515350 1
5516298 1
5524779 1
5526724 1
5535336 1
5535896 1
5538800 1
5540853 1
5543872 1
5549834 1
5550371 1
5550396 1
5553342 1
5555653 1
5556202 1
5562257 1
5563950 1
5569102 1
5572337 1
5572666 1
5576679 1
5579273 1
5585014 1
5589304 1
5591916 1
5593918 1
5594731 1
5596883 1
5601625 1
5605341 1
5608124 1
5615429 1
5617968 1
5620786 1
5623073 1
5639273 1
5639661 1
5640961 1
5645407 1
5650164 1
5651306 1
5651484 1
5656952 1
5661585 1
5663175 1
5666552 1
5670500 1
5676262 1
5677619 1
5679260 1
5683215 1
5684946 1
5690512 1
5697044 1
5700697 1
5702085 1
5706098 1
5710775 1
5715959 1
5724704 1
5732154 1
5738275 1
5742302 1
5746833 1
5748670 1
5749495 1
5761247 1
5762386 1
5765987 1
5773282 1
5781327 1
5785096 1
5788524 1
5803223 1
5818707 1
5819594 1
5828425 1
5831232 1
5833826 1
5838166 1
5841808 1
5844627 1
5848582 1
5854782 1
5856513 1
5858353 1
5859939 1
5861379 1
5862582 1
5863174 1
5874717 1
5883047 1
5889907 1
5895494 1
5901286 1
5905480 1
5907564 1
5916085 1
5921993 1
5922285 1
5924112 1
5928051 1
5929896 1
5932963 1
5940047 1
5946560 1
5949599 1
5959868 1
5960687 1
5966569 1
5968610 1
5969488 1
5969488 1
5971191 1
5972265 1
5974227 1
5974830 1
5982384 1
5989876 1
5990242 1
5990354 1
5999954 1
6001794 1
6002051 1
6002831 1
6003118 1
6004694 1
6004767 1
6005498 1
6006347 1
6014789 1
6020918 1
6023715 1
6024295 1
6027481 1
6034334 1
6039505 1
6044422 1
6047794 1
6060825 1
6061790 1
6062634 1
6070509 1
6074572 1
6074899 1
6082366 1
6087966 1
6089695 1
6090196 1
6094958 1
6099802 1
6104294 1
6106634 1
6112679 1
6112679 1
6112737 1
6113589 1
6114089 1
6115476 1
6117929 1
6117930 1
6118618 1
6119953 1
6120691 1
6123145 1
6125390 1
6126453 1
6130080 1
6133054 1
6143733 1
6152973 1
6155697 1
6160838 1
6163012 1
6164422 1
6175866 1
6177313 1
6177604 1
6182943 1
6184261 1
6189012 1
6195476 1
6200869 1
6201740 1
6228009 1
6228031 1
6229451 1
6229728 1
6229728 1
6233350 1
6233463 1
6233569 1
6251492 1
6259988 1
6260672 1
6260676 1
6260694 1
6262127 1
6262235 1
6262711 1
6270874 1
6271049 1
6272246 1
6272255 1
6272438 1
6277070 1
6277702 1
6282915 1
6284902 1
6286782 1
6288109 1
6291415 1
6291916 1
6292772 1
6293162 1
6293503 1
6293730 1
6293813 1
6293868 1
6293921 1
6293999 1
6294071 1
6294071 1
6294313 1
6294449 1
6294510 1
6296357 1
6296874 1
6299805 1
6303488 1
6318929 1
6323833 1
6323847 1
6326016 1
6340852 1
6342969 1
6346216 1
6347066 1
6348725 1
6355847 1
6359648 1
6360768 1
6368069 1
6376488 1
6376768 1
6377137 1
6377845 1
6380953 1
6382414 1
6385931 1
6394364 1
6394484 1
6394798 1
6402134 1
6403435 1
6405115 1
6406657 1
6408569 1
6409845 1
6411860 1
6412091 1
6435698 1
6435920 1
6436509 1
6445438 1
6445758 1
6447267 1
6447396 1
6448264 1
6450860 1
6452114 1
6452785 1
6455313 1
6455387 1
6455645 1
6455667 1
6458098 1
6459868 1
6464926 1
6464994 1
6466918 1
6470006 1
6471668 1
6478923 1
6483956 1
6493021 1
6501810 1
6502757 1
6503361 1
6506483 1
6507554 1
6507989 1
6508026 1
6508643 1
6509608 1
6512302 1
6519152 1
6519476 1
6520419 1
6520978 1
6538293 1
6539745 1
6545074 1
6545253 1
6545643 1
6547933 1
6551301 1
6551323 1
6552138 1
6553212 1
6555585 1
6556247 1
6556513 1
6558122 1
6560067 1
6560393 1
6561617 1
6561751 1
6561887 1
6562361 1
6563908 1
6564184 1
6566404 1
6566601 1
6570260 1
6572455 1
6574453 1
6575228 1
6581149 1
6581602 1
6584289 1
6585617 1
6586661 1
6586674 1
6589061 1
6594338 1
6598595 1
6598953 1
6602674 1
6614398 1
6615775 1
6621019 1
6621529 1
6627035 1
6627689 1
6628188 1
6628749 1
6628950 1
6633033 1
6633035 1
6636840 1
6638541 1
6639286 1
6639870 1
6646319 1
6649369 1
6655009 1
6657445 1
6659831 1
6661158 1
6661556 1
6664010 1
6664332 1
6666132 1
6673166 1
6680537 1
6680718 1
6680988 1
6688170 1
6690618 1
6697236 1
6698228 1
6708907 1
6710892 1
6711508 1
6714536 1
6714596 1
6718174 1
6730595 1
6733381 1
6741131 1
6748169 1
6759499 1
6761348 1
6761478 1
6761940 1
6764048 1
6764132 1
6765032 1
6765462 1
6766628 1
6766720 1
6767467 1
6769469 1
6780678 1
6783362 1
6790412 1
6793517 1
6793988 1
6797817 1
6798541 1
6798627 1
6801769 1
6805244 1
6805807 1
6805976 1
6808012 1
6811236 1
6812776 1
6816163 1
6818265 1
6824849 1
6827652 1
6830062 1
6832959 1
6834922 1
6835474 1
6835994 1
6837582 1
6842629 1
6845968 1
6849452 1
6849677 1
6853095 1
6856095 1
6861151 1
6869862 1
6871948 1
6874524 1
6876535 1
6877418 1
6877449 1
6879109 1
6883127 1
6885345 1
6886004 1
6888416 1
6890266 1
6890901 1
6891329 1
6894102 1
6894283 1
6898548 1
6905542 1
6924293 1
6924293 1
6924346 1
6927718 1
6929819 1
6931436 1
6937859 1
6939348 1
6944351 1
6950099 1
6953836 1
6955171 1
6970890 1
6976601 1
6976759 1
6987926 1
6993263 1
6993441 1
6995065 1
7006885 1
7011901 1
7013768 1
7015620 1
7015716 1
7016099 1
7016402 1
7021640 1
7025229 1
7026527 1
7031410 1
7034971 1
7035750 1
7037007 1
7037581 1
7053527 1
7058224 1
7058833 1
7062490 1
7069287 1
7071737 1
7075762 1
7080705 1
7082626 1
7082645 1
7087399 1
7087411 1
7110205 1
7122003 1
7123708 1
7133584 1
7136163 1
7137170 1
7137485 1
7140089 1
7143234 1
7149224 1
7151688 1
7155975 1
7157452 1
7158430 1
7159263 1
7162283 1
7162820 1
7169456 1
7174050 1
7174509 1
7178472 1
7179328 1
7179657 1
7180208 1
7181053 1
7183894 1
7189202 1
7189381 1
7193380 1
7193490 1
7193494 1
7193921 1
7195279 1
7195857 1
7196167 1
7214860 1
7223014 1
7228452 1
7232281 1
7236731 1
7237391 1
7237536 1
7238283 1
7239872 1
7246510 1
7247486 1
7247565 1
7247566 1
7249365 1
7249452 1
7250614 1
7251450 1
7251565 1
7254181 1
7259734 1
7260683 1
7265923 1
7268917 1
7275313 1
7277350 1
7277592 1
7284606 1
7284980 1
7286715 1
7289124 1
7290710 1
7291680 1
7296009 1
7296643 1
7298456 1
7303186 1
7304226 1
7311191 1
7312645 1
7318176 1
7323923 1
7330856 1
7331511 1
7333303 1
7340663 1
7346457 1
7347215 1
7351047 1
7355122 1
7355400 1
7356903 1
7365481 1
7366612 1
7376301 1
7402346 1
7407643 1
7418996 1
7419707 1
7420868 1
7425363 1
7431047 1
7440872 1
7446803 1
7448247 1
7449575 1
7465929 1
7466618 1
7468683 1
7468695 1
7468708 1
7474032 1
7474348 1
7477036 1
7479534 1
7479985 1
7489558 1
7489629 1
7496849 1
7506087 1
7513586 1
7524891 1
7531852 1
7533814 1
7538463 1
7555587 1
7561896 1
7562074 1
7562318 1
7562959 1
7563329 1
7563418 1
7564344 1
7578095 1
7578948 1
7579024 1
7584866 1
7588586 1
7589351 1
7594711 1
7596236 1
7600327 1
7607103 1
7617546 1
7624727 1
7627507 1
7635255 1
7636315 1
7642506 1
7645069 1
7650533 1
7651280 1
7652261 1
7655129 1
7662189 1
7664970 1
7668469 1
7672926 1
7675145 1
7679958 1
7680592 1
7681940 1
7683469 1
7685192 1
7685377 1
7686341 1
7690534 1
7701264 1
7702819 1
7705747 1
7705860 1
7706020 1
7706830 1
7711735 1
7717090 1
7717423 1
7717979 1
7720568 1
7735866 1
7737557 1
7737759 1
7738705 1
7738829 1
7741011 1
7749177 1
7751421 1
7760457 1
7763371 1
7767774 1
7771004 1
7771100 1
7775017 1
7775186 1
7775220 1
7778240 1
7779135 1
7782370 1
7785190 1
7793576 1
7801105 1
7802640 1
7802641 1
7827545 1
7831044 1
7831929 1
7847459 1
7849253 1
7861167 1
7861336 1
7866358 1
7867270 1
7869123 1
7869575 1
7875238 1
7879425 1
7891171 1
7892848 1
7910635 1
7912042 1
7918914 1
7923603 1
7926702 1
7930910 1
7935767 1
7935770 1
7936121 1
7937986 1
7938287 1
7939042 1
7939148 1
7941059 1
7941396 1
7945477 1
7948530 1
7952316 1
7953358 1
7953957 1
7959085 1
7959194 1
7960775 1
7962359 1
7965403 1
7971062 1
7971547 1
7974475 1
7981544 1
7989365 1
8005408 1
8008197 1
8014616 1
8021169 1
8026070 1
8040751 1
8042667 1
8053531 1
8060177 1
8062154 1
8063592 1
8065134 1
8066376 1
8075452 1
8080153 1
8118446 1
8121340 1
8123368 1
8126550 1
8135686 1
8140201 1
8143311 1
8145316 1
8147020 1
8147896 1
8151393 1
8151395 1
8155820 1
8163306 1
8167354 1
8174458 1
8174859 1
8175056 1
8175345 1
8175631 1
8175837 1
8179578 1
8179731 1
8179942 1
8193821 1
8199564 1
8201384 1
8202771 1
8205783 1
8207856 1
8211415 1
8220371 1
8228486 1
8228931 1
8229019 1
8230703 1
8231496 1
8232271 1
8235719 1
8235780 1
8235913 1
8235969 1
8236188 1
8240025 1
8240735 1
8242214 1
8242214 1
8242556 1
8244907 1
8245977 1
8253123 1
8253660 1
8253680 1
8256736 1
8258751 1
8260109 1
8261719 1
8263640 1
8268687 1
8269760 1
8270027 1
8270164 1
8272088 1
8275490 1
8276379 1
8281319 1
8286456 1
8287059 1
8288159 1
8288687 1
8291080 1
8291112 1
8297282 1
8304004 1
8306076 1
8306594 1
8310467 1
8312315 1
952 1
7123 1
10072 1
19191 1
19208 1
27808 1
28146 1
44168 1
49889 1
59264 1
62426 1
69191 1
73269 1
75334 1
75812 1
76690 1
77262 1
96251 1
97915 1
99079 1
102199 1
114442 1
115836 1
121635 1
131766 1
133834 1
137343 1
137684 1
142696 1
144625 1
144757 1
145029 1
148207 1
152491 1
157437 1
169504 1
173028 1
174055 1
178279 1
182023 1
183537 1
183659 1
186795 1
193436 1
193832 1
195335 1
195483 1
196921 1
214432 1
228995 1
229125 1
233996 1
239598 1
246147 1
251407 1
255231 1
255302 1
255881 1
268574 1
275264 1
278039 1
279776 1
282840 1
282841 1
285499 1
294378 1
296947 1
301486 1
304636 1
306431 1
306809 1
309181 1
312631 1
314838 1
316204 1
317187 1
318016 1
322303 1
328043 1
328645 1
335289 1
337221 1
342876 1
344924 1
347087 1
347587 1
350042 1
351990 1
352074 1
355221 1
357789 1
358608 1
366415 1
368446 1
369444 1
369793 1
370267 1
370354 1
371031 1
371209 1
371438 1
376728 1
377021 1
381742 1
382878 1
386476 1
386594 1
387955 1
388236 1
392179 1
398798 1
399085 1
400270 1
403578 1
416151 1
427200 1
433532 1
434003 1
439073 1
439647 1
447260 1
452117 1
454186 1
454562 1
456939 1
462117 1
464591 1
465698 1
466398 1
469744 1
485943 1
488373 1
492428 1
494456 1
495736 1
499906 1
500294 1
502006 1
505027 1
506193 1
506585 1
507792 1
510373 1
511700 1
514272 1
514489 1
520475 1
529051 1
529116 1
529189 1
530082 1
531849 1
535064 1
535646 1
551624 1
551753 1
554123 1
567134 1
568970 1
569124 1
571373 1
572030 1
572467 1
573651 1
574246 1
574956 1
576947 1
579396 1
581627 1
582826 1
583537 1
584383 1
584438 1
584590 1
584990 1
585009 1
585046 1
585168 1
585445 1
586495 1
593681 1
597309 1
603503 1
612019 1
631928 1
644137 1
645179 1
658189 1
659784 1
664264 1
666783 1
669659 1
670078 1
672828 1
673774 1
675169 1
675868 1
677418 1
680329 1
682156 1
682786 1
682875 1
685085 1
686749 1
688662 1
690490 1
693314 1
699634 1
701754 1
703041 1
703948 1
710048 1
716753 1
717517 1
719294 1
725318 1
729873 1
730161 1
736624 1
742519 1
751448 1
753011 1
756083 1
770262 1
779768 1
781815 1
783149 1
788998 1
789568 1
800178 1
800331 1
803025 1
804158 1
804252 1
804800 1
805332 1
807940 1
809245 1
813187 1
813874 1
828332 1
838949 1
856266 1
857669 1
869007 1
871736 1
875186 1
893012 1
893755 1
897468 1
903268 1
905690 1
907346 1
909132 1
918314 1
920785 1
923600 1
932412 1
940569 1
945323 1
950524 1
953438 1
965493 1
967599 1
968435 1
981040 1
981469 1
986153 1
989905 1
994297 1
1005677 1
1024876 1
1027160 1
1027577 1
1027807 1
1028261 1
1042599 1
1044773 1
1045594 1
1045964 1
1046049 1
1049291 1
1051521 1
1052657 1
1054091 1
1057778 1
1060496 1
1066035 1
1072535 1
1074632 1
1080076 1
1080076 1
1084648 1
1086807 1
1087976 1
1088270 1
1088291 1
1089169 1
1091122 1
1092996 1
1094209 1
1094623 1
1095703 1
1096052 1
1098143 1
1103753 1
1108873 1
1110672 1
1112240 1
1114595 1
1118520 1
1122670 1
1144249 1
1150971 1
1153737 1
1154331 1
1159738 1
1160780 1
1167925 1
1187760 1
1189645 1
1199536 1
1202444 1
1210046 1
1212405 1
1214466 1
1216977 1
1226540 1
1257936 1
1258551 1
1259587 1
1261756 1
1264631 1
1265726 1
1266538 1
1266790 1
1268725 1
1275925 1
1282320 1
1283139 1
1286467 1
1290565 1
1291985 1
1296667 1
1297049 1
1307313 1
1307320 1
1314488 1
1315814 1
1323763 1
1328241 1
1328835 1
1329733 1
1335527 1
1336339 1
1337932 1
1344948 1
1345334 1
1346975 1
1349110 1
1350749 1
1365308 1
1367768 1
1370389 1
1370657 1
1370783 1
1371270 1
1372038 1
1373796 1
1373796 1
1382033 1
1397848 1
1397848 1
1400755 1
1400864 1
1404953 1
1405580 1
1407621 1
1408213 1
1409773 1
1410835 1
1413913 1
1415617 1
1417583 1
1418950 1
1422822 1
1432099 1
1433048 1
1435122 1
1435332 1
1437230 1
1441834 1
1451676 1
1452287 1
1452697 1
1455887 1
1458966 1
1462186 1
1463649 1
1466788 1
1469742 1
1471355 1
1471689 1
1478588 1
1480411 1
1480727 1
1484238 1
1486627 1
1488827 1
1490510 1
1493569 1
1494193 1
1500109 1
1501142 1
1503724 1
1512657 1
1513595 1
1513655 1
1513655 1
1513924 1
1515445 1
1520752 1
1523383 1
1526601 1
1530425 1
1538741 1
1542115 1
1545471 1
1549898 1
1550056 1
1554348 1
1559247 1
1563303 1
1563774 1
1566650 1
1573491 1
1573915 1
1575677 1
1576872 1
1579198 1
1579694 1
1593415 1
1601820 1
1603856 1
1604328 1
1606128 1
1607671 1
1612670 1
1628039 1
1637830 1
1647317 1
1660907 1
1674828 1
1676357 1
1678299 1
1683156 1
1683210 1
1686903 1
1687134 1
1689077 1
1689664 1
1692113 1
1693096 1
1694193 1
1696606 1
1697815 1
1703178 1
1706562 1
1711740 1
1713673 1
1719633 1
1721391 1
1721802 1
1730130 1
1731326 1
1738868 1
1745015 1
1746370 1
1748839 1
1750926 1
1753218 1
1763682 1
1764784 1
1766357 1
1773021 1
1773098 1
1776092 1
1778457 1
1797153 1
1799630 1
1816479 1
1817175 1
1817604 1
1818877 1
1822965 1
1825049 1
1826667 1
1827208 1
1829819 1
1830116 1
1830621 1
1848943 1
1854684 1
1858230 1
1859455 1
1861398 1
1869096 1
1869623 1
1873184 1
1876004 1
1886377 1
1890347 1
1894817 1
1896920 1
1906668 1
1912867 1
1914101 1
1914677 1
1916064 1
1917482 1
1918204 1
1918627 1
1919401 1
1919866 1
1927544 1
1932971 1
1933916 1
1934379 1
1935843 1
1939009 1
1942989 1
1944081 1
1944081 1
1944086 1
1947327 1
1947392 1
1948354 1
1950122 1
1954562 1
1974692 1
1975356 1
1977640 1
1977688 1
1979062 1
1979106 1
1984982 1
1993514 1
1996509 1
2001904 1
2007140 1
2008160 1
2011458 1
2014532 1
2023464 1
2027712 1
2030679 1
2033651 1
2039353 1
2056053 1
2058206 1
2061058 1
2067978 1
2069985 1
2070005 1
2070290 1
2071301 1
2073955 1
2074671 1
2079778 1
2082138 1
2085237 1
2092016 1
2093187 1
2094974 1
2096428 1
2096833 1
2098167 1
2098650 1
2099373 1
2111797 1
2112629 1
2115405 1
2122810 1
2126101 1
2126730 1
2134255 1
2136154 1
2141910 1
2147058 1
2147690 1
2148626 1
2160766 1
2166192 1
2170716 1
2171088 1
2171644 1
2173603 1
2175228 1
2175736 1
2177176 1
2187585 1
2190911 1
2192752 1
2192823 1
2195653 1
2200022 1
2205096 1
2216474 1
2220940 1
2220951 1
2227900 1
2228487 1
2230240 1
2231324 1
2235737 1
2240823 1
2241091 1
2248233 1
2248840 1
2252900 1
2258751 1
2266202 1
2267376 1
2268613 1
2270229 1
2272197 1
2277838 1
2277903 1
2279483 1
2293646 1
2294525 1
2297246 1
2298527 1
2299276 1
2299344 1
2299989 1
2303369 1
2304319 1
2315985 1
2317457 1
2319690 1
2324153 1
2325406 1
2326686 1
2328741 1
2330506 1
2333741 1
2333770 1
2337723 1
2340377 1
2352509 1
2356947 1
2357269 1
2357936 1
2358249 1
2358513 1
2359007 1
2359831 1
2362339 1
2363212 1
2376216 1
2376911 1
2377015 1
2377561 1
2382975 1
2383477 1
2383789 1
2383904 1
2387325 1
2390516 1
2396730 1
2404432 1
2422873 1
2423101 1
2423282 1
2423722 1
2424467 1
2430912 1
2434874 1
2435851 1
2436440 1
2440025 1
2447705 1
2452829 1
2457147 1
2471627 1
2472509 1
2480899 1
2484059 1
2490282 1
2497573 1
2497891 1
2498583 1
2499822 1
2500196 1
2509418 1
2522817 1
2528090 1
2530534 1
2536602 1
2536602 1
2542755 1
2544019 1
2545912 1
2547076 1
2549488 1
2550424 1
2557371 1
2561248 1
2566041 1
2568271 1
2571467 1
2571663 1
2580223 1
2594652 1
2595702 1
2603661 1
2603983 1
2608189 1
2609388 1
2619446 1
2622194 1
2635896 1
2636706 1
2638062 1
2639723 1
2639828 1
2646967 1
2650718 1
2652495 1
2654155 1
2657564 1
2665453 1
2666630 1
2666708 1
2668925 1
2669990 1
2674798 1
2677143 1
2678491 1
2678491 1
2679654 1
2680460 1
2680626 1
2683450 1
2683464 1
2687172 1
2694229 1
2697330 1
2700262 1
2700907 1
2708297 1
2709170 1
2709646 1
2717451 1
2725319 1
2726013 1
2728822 1
2730729 1
2731371 1
2733813 1
2733973 1
2735914 1
2740935 1
2741094 1
2742249 1
2743003 1
2744703 1
2751458 1
2754055 1
2770073 1
2773988 1
2774848 1
2777036 1
2777363 1
2790213 1
2795436 1
2800380 1
2804197 1
2806418 1
2808342 1
2817254 1
2824844 1
2830829 1
2832663 1
2843049 1
2848103 1
2855728 1
2864403 1
2873847 1
2874097 1
2875999 1
2882811 1
2886075 1
2890647 1
2905981 1
2915566 1
2915991 1
2918379 1
2925590 1
2927477 1
2933404 1
2939128 1
2946118 1
2950509 1
2954205 1
2954206 1
2959454 1
2961890 1
2962472 1
2963588 1
2966638 1
2979006 1
2979014 1
2979233 1
2979428 1
2979483 1
2979484 1
2981238 1
2982086 1
2983016 1
2987852 1
2991467 1
2993193 1
3002128 1
3008486 1
3012675 1
3017464 1
3018221 1
3019088 1
3019525 1
3019606 1
3020965 1
3023501 1
3030462 1
3035433 1
3035499 1
3037185 1
3037703 1
3046741 1
3058956 1
3064345 1
3064362 1
3065098 1
3065116 1
3065247 1
3065331 1
3065459 1
3065479 1
3065881 1
3069728 1
3070386 1
3074145 1
3074628 1
3074681 1
3076113 1
3078674 1
3078675 1
3078675 1
3079573 1
3080956 1
3081952 1
3083721 1
3086319 1
3087093 1
3089727 1
3089728 1
3107860 1
3119915 1
3119935 1
3120000 1
3127323 1
3129506 1
3130793 1
3131764 1
3157461 1
3159002 1
3161460 1
3161988 1
3180370 1
3198760 1
3201554 1
3204463 1
3206834 1
3208217 1
3208360 1
3208876 1
3208899 1
3210000 1
3216143 1
3217437 1
3225396 1
3229348 1
3243777 1
3245008 1
3245582 1
3252485 1
3269495 1
3281778 1
3289182 1
3295100 1
3299193 1
3299283 1
3299284 1
3299747 1
3307164 1
3308244 1
3308244 1
3311433 1
3314025 1
3318574 1
3326190 1
3339463 1
3340139 1
3342024 1
3342077 1
3342105 1
3342318 1
3343003 1
3345466 1
3352756 1
3355394 1
3363941 1
3374541 1
3380620 1
3394186 1
3395717 1
3395747 1
3402249 1
3409713 1
3411871 1
3412498 1
3416031 1
3416922 1
3424323 1
3425058 1
3432199 1
3436617 1
3437038 1
3438479 1
3438790 1
3440416 1
3444971 1
3453844 1
3462078 1
3462469 1
3470403 1
3471802 1
3477227 1
3483345 1
3484249 1
3495889 1
3497992 1
3508919 1
3516320 1
3517451 1
3519198 1
3520738 1
3527370 1
3531457 1
3531646 1
3541415 1
3542274 1
3542833 1
3545503 1
3549631 1
3558738 1
3559796 1
3560094 1
3560325 1
3567513 1
3571349 1
3577667 1
3582178 1
3582855 1
3594080 1
3612668 1
3615062 1
3616281 1
3618693 1
3627816 1
3628233 1
3628596 1
3628738 1
3633429 1
3640241 1
3643395 1
3647966 1
3657017 1
3657189 1
3683700 1
3684430 1
3686140 1
3687898 1
3688086 1
3688138 1
3689427 1
3689626 1
3690016 1
3690480 1
3695642 1
3696086 1
3698150 1
3702927 1
3705375 1
3707323 1
3707588 1
3708216 1
3710191 1
3711910 1
3712051 1
3712149 1
3712653 1
3719771 1
3720481 1
3720510 1
3720607 1
3722957 1
3724931 1
3725131 1
3755893 1
3756226 1
3757604 1
3757691 1
3758010 1
3758564 1
3758646 1
3759028 1
3762272 1
3765570 1
3766567 1
3766817 1
3767459 1
3768149 1
3772599 1
3775280 1
3778881 1
3779088 1
3779498 1
3779627 1
3780570 1
3781421 1
3790017 1
3790902 1
3794076 1
3794465 1
3796303 1
3797641 1
3810131 1
3810175 1
3811408 1
3814566 1
3814646 1
3821629 1
3822235 1
3822284 1
3822830 1
3822962 1
3825132 1
3828612 1
3830267 1
3835057 1
3835076 1
3836134 1
3836232 1
3838141 1
3839262 1
3845442 1
3845789 1
3847610 1
3847694 1
3848767 1
3850612 1
3851945 1
3852202 1
3852266 1
3852433 1
3855055 1
3856392 1
3860286 1
3864916 1
3867228 1
3869247 1
3869606 1
3872226 1
3872227 1
3872296 1
3873421 1
3873703 1
3873721 1
3878827 1
3878844 1
3896893 1
3905251 1
3905256 1
3905725 1
3905782 1
3905782 1
3910900 1
3910907 1
3910963 1
3912273 1
3915446 1
3920851 1
3926296 1
3926983 1
3927679 1
3939227 1
3946072 1
3972636 1
3972958 1
3973102 1
3973470 1
3973857 1
3974123 1
3974420 1
3974602 1
3974996 1
3975388 1
3975690 1
3975762 1
3976227 1
3983872 1
3988784 1
3989240 1
3989714 1
3989814 1
3990977 1
3991046 1
3991194 1
3993034 1
3995899 1
3996270 1
3998815 1
4001370 1
4001840 1
4003324 1
4005229 1
4014591 1
4016135 1
4017768 1
4017891 1
4018030 1
4018065 1
4019006 1
4026463 1
4029407 1
4032496 1
4041580 1
4041667 1
4046934 1
4047820 1
4055368 1
4062769 1
4064720 1
4064784 1
4078508 1
4083355 1
4083860 1
4089266 1
4092259 1
4099643 1
4100364 1
4101927 1
4103848 1
4121785 1
4132655 1
4133079 1
4138641 1
4144358 1
4156228 1
4160218 1
4162792 1
4163250 1
4177788 1
4179558 1
4181002 1
4185978 1
4189610 1
4191806 1
4192907 1
4193059 1
4194054 1
4200823 1
4202764 1
4203244 1
4207022 1
4210619 1
4218165 1
4218562 1
4220580 1
4224355 1
4234750 1
4237212 1
4237800 1
4239139 1
4240163 1
4241101 1
4248334 1
4250047 1
4250156 1
4252198 1
4254105 1
4255630 1
4255808 1
4255889 1
4256683 1
4261454 1
4261711 1
4262324 1
4273477 1
4281092 1
4293811 1
4297890 1
4297942 1
4300097 1
4306617 1
4308582 1
4308803 1
4325056 1
4328045 1
4328720 1
4330493 1
4331498 1
4331508 1
4332717 1
4335671 1
4341575 1
4341633 1
4343522 1
4343903 1
4346708 1
4355283 1
4374903 1
4385599 1
4397250 1
4404852 1
4410830 1
4412999 1
4413663 1
4416933 1
4417214 1
4417843 1
4417950 1
4420559 1
4421105 1
4424063 1
4430036 1
4433092 1
4435028 1
4439087 1
4439559 1
4442748 1
4451469 1
4458764 1
4458929 1
4467460 1
4471343 1
4480283 1
4483577 1
4484854 1
4485224 1
4488505 1
4492045 1
4495568 1
4496037 1
4496846 1
4500983 1
4501373 1
4516956 1
4518926 1
4535494 1
4536014 1
4537183 1
4546319 1
4546594 1
4547574 1
4566394 1
4567250 1
4579587 1
4580248 1
4580832 1
4592356 1
4593753 1
4597655 1
4600365 1
4610511 1
4610843 1
4612781 1
4621109 1
4627952 1
4630820 1
4633006 1
4648192 1
4650432 1
4651561 1
4654263 1
4655086 1
4655456 1
4660926 1
4663861 1
4669198 1
4671740 1
4672837 1
4675974 1
4679992 1
4681446 1
4683017 1
4687184 1
4692261 1
4693314 1
4693842 1
4696241 1
4698738 1
4700317 1
4703879 1
4705483 1
4707334 1
4710865 1
4722649 1
4725274 1
4730860 1
4730969 1
4731445 1
4737014 1
4737758 1
4740669 1
4742503 1
4742684 1
4744961 1
4745255 1
4747245 1
4747807 1
4750269 1
4763659 1
4764188 1
4766220 1
4766302 1
4766941 1
4767693 1
4767821 1
4770228 1
4774730 1
4775098 1
4775370 1
4775856 1
4775893 1
4779815 1
4783423 1
4784820 1
4785415 1
4791342 1
4794415 1
4797834 1
4804156 1
4812386 1
4817809 1
4825544 1
4825938 1
4830484 1
4832087 1
4834575 1
4835736 1
4835973 1
4844844 1
4845078 1
4849834 1
4850758 1
4852052 1
4855414 1
4866592 1
4866942 1
4867071 1
4875979 1
4876016 1
4877764 1
4883271 1
4883957 1
4895624 1
4895799 1
4897771 1
4898246 1
4898565 1
4899863 1
4901120 1
4909932 1
4910322 1
4910685 1
4924458 1
4926545 1
4928494 1
4933040 1
4936623 1
4937888 1
4952023 1
4966711 1
4970166 1
4979716 1
4979794 1
4981602 1
4984427 1
4988486 1
4989703 1
4990143 1
4995765 1
4997932 1
5005150 1
5007213 1
5010646 1
5010646 1
5017276 1
5020681 1
5025542 1
5029637 1
5030770 1
5030835 1
5044040 1
5044691 1
5055693 1
5055782 1
5062774 1
5070362 1
5071499 1
5074695 1
5076017 1
5079140 1
5079350 1
5081140 1
5081212 1
5081219 1
5082901 1
5091546 1
5091616 1
5103242 1
5117832 1
5123393 1
5123963 1
5130485 1
5135543 1
5139663 1
5140119 1
5141077 1
5143569 1
5144253 1
5144397 1
5144969 1
5145046 1
5145699 1
5146224 1
5146316 1
5153426 1
5153441 1
5155261 1
5156724 1
5157699 1
5159327 1
5168774 1
5169817 1
5176769 1
5191341 1
5194253 1
5195487 1
5199974 1
5204554 1
5206453 1
5210322 1
5210848 1
5211379 1
5212973 1
5213102 1
5213925 1
5213948 1
5220630 1
5226082 1
5230947 1
5232783 1
5233363 1
5234833 1
5235246 1
5239180 1
5242645 1
5256844 1
5258546 1
5259410 1
5260540 1
5262669 1
5263130 1
5267276 1
5270162 1
5270961 1
5276298 1
5277793 1
5280916 1
5297298 1
5298477 1
5306775 1
5307355 1
5307877 1
5308308 1
5313758 1
5315420 1
5315420 1
5316080 1
5316790 1
5325869 1
5327481 1
5328283 1
5331544 1
5337500 1
5340795 1
5341794 1
5344165 1
5349698 1
5352348 1
5357542 1
5365858 1
5370105 1
5379306 1
5384950 1
5384954 1
5392000 1
5406197 1
5415530 1
5422346 1
5424005 1
5431515 1
5434593 1
5434936 1
5437530 1
5437787 1
5441571 1
5444022 1
5446963 1
5447054 1
5447882 1
5449204 1
5452981 1
5467907 1
5470509 1
5470827 1
5473062 1
5474352 1
5478442 1
5478948 1
5483640 1
5483673 1
5483754 1
5483880 1
5483920 1
5483945 1
5483991 1
5489775 1
5495574 1
5498425 1
5498751 1
5506150 1
5509097 1
5510815 1
5512782 1
5523625 1
5523829 1
5523829 1
5531496 1
5538040 1
5538272 1
5546726 1
5549208 1
5550586 1
5553318 1
5560265 1
5564540 1
5566669 1
5568970 1
5568973 1
5573097 1
5577775 1
5587511 1
5595485 1
5599795 1
5603553 1
5605092 1
5605398 1
5605825 1
5606690 1
5611198 1
5612114 1
5619224 1
5620103 1
5621111 1
5624675 1
5626700 1
5630093 1
5633727 1
5636602 1
5637270 1
5637906 1
5638055 1
5638715 1
5650752 1
5651305 1
5656287 1
5657760 1
5660501 1
5665752 1
5667711 1
5669335 1
5669443 1
5671993 1
5676758 1
5683270 1
5690299 1
5695348 1
5699326 1
5708351 1
5718035 1
5720850 1
5727149 1
5737280 1
5738367 1
5745110 1
5745385 1
5746242 1
5749292 1
5752124 1
5763206 1
5780444 1
5782172 1
5790817 1
5795362 1
5796732 1
5807875 1
5813824 1
5813951 1
5816701 1
5819898 1
5821866 1
5823527 1
5837858 1
5839076 1
5841988 1
5859769 1
5863191 1
5867685 1
5868637 1
5868770 1
5870228 1
5871944 1
5879651 1
5886316 1
5888100 1
5888354 1
5888544 1
5904330 1
5905795 1
5905923 1
5914206 1
5914690 1
5918911 1
5925886 1
5929632 1
5934731 1
5944885 1
5945089 1
5952620 1
5955898 1
5956217 1
5960801 1
5961890 1
5964036 1
5965903 1
5966623 1
5966748 1
5967829 1
5972509 1
5973603 1
5973620 1
5973832 1
5978278 1
5980505 1
5980950 1
5981408 1
5983756 1
5983756 1
5985035 1
5985725 1
5985799 1
5987539 1
5989181 1
5994237 1
6002777 1
6005291 1
6008462 1
6020518 1
6036175 1
6036525 1
6037400 1
6037516 1
6038460 1
6042951 1
6043226 1
6049246 1
6055166 1
6060553 1
6060903 1
6061515 1
6061916 1
6062163 1
6063095 1
6063421 1
6067150 1
6068263 1
6069133 1
6091719 1
6091754 1
6108195 1
6112930 1
6114420 1
6114468 1
6114752 1
6117419 1
6118914 1
6120620 1
6133323 1
6145773 1
6150055 1
6153595 1
6163624 1
6164510 1
6165867 1
6167611 1
6177638 1
6178516 1
6184562 1
6186361 1
6186726 1
6188795 1
6192379 1
6196038 1
6199563 1
6202311 1
6202577 1
6228657 1
6229508 1
6230366 1
6230366 1
6230522 1
6230531 1
6233257 1
6233271 1
6233535 1
6235349 1
6235395 1
6241553 1
6249795 1
6254199 1
6257994 1
6258961 1
6260318 1
6260661 1
6261351 1
6261821 1
6262952 1
6268006 1
6271145 1
6276909 1
6277260 1
6279625 1
6280412 1
6282506 1
6285440 1
6286107 1
6286376 1
6287015 1
6287177 1
6287420 1
6289949 1
6292398 1
6292814 1
6292966 1
6293647 1
6293653 1
6293783 1
6293950 1
6294232 1
6294405 1
6306316 1
6308655 1
6313027 1
6314919 1
6316991 1
6321798 1
6329996 1
6331735 1
6333934 1
6334093 1
6341349 1
6343806 1
6344383 1
6344958 1
6347440 1
6352202 1
6360493 1
6379415 1
6381557 1
6383180 1
6383868 1
6383885 1
6388492 1
6397936 1
6400078 1
6406362 1
6415858 1
6417237 1
6431106 1
6433841 1
6435341 1
6438444 1
6441908 1
6447221 1
6447345 1
6448810 1
6449258 1
6449318 1
6452662 1
6452738 1
6455952 1
6459985 1
6465493 1
6469616 1
6470253 1
6470401 1
6472864 1
6477014 1
6485248 1
6490865 1
6495303 1
6500426 1
6501343 1
6502915 1
6502963 1
6503718 1
6504505 1
6506464 1
6514999 1
6515749 1
6520742 1
6529005 1
6538547 1
6539855 1
6543614 1
6544932 1
6555826 1
6556373 1
6557455 1
6557553 1
6558168 1
6558175 1
6558249 1
6558274 1
6558634 1
6561973 1
6562698 1
6563069 1
6564097 1
6564097 1
6565195 1
6565269 1
6565321 1
6566226 1
6567092 1
6567205 1
6567938 1
6568041 1
6569193 1
6569666 1
6569803 1
6570412 1
6577219 1
6580465 1
6586609 1
6594341 1
6594442 1
6594751 1
6601805 1
6605137 1
6605854 1
6609974 1
6613083 1
6613978 1
6616837 1
6621898 1
6626610 1
6626637 1
6627135 1
6629533 1
6631352 1
6632277 1
6633187 1
6643132 1
6651488 1
6652713 1
6653956 1
6657429 1
6658448 1
6658890 1
6663849 1
6666536 1
6668075 1
6668295 1
6669275 1
6697588 1
6699080 1
6699763 1
6701021 1
6701511 1
6704064 1
6714068 1
6714660 1
6730095 1
6732704 1
6735800 1
6748111 1
6755998 1
6765733 1
6765880 1
6767087 1
6772897 1
6775060 1
6781133 1
6781735 1
6781903 1
6793019 1
6793326 1
6797536 1
6805079 1
6811404 1
6813717 1
6821637 1
6822060 1
6822060 1
6826944 1
6829996 1
6830041 1
6834401 1
6834908 1
6835057 1
6835847 1
6838865 1
6849317 1
6854288 1
6876191 1
6883824 1
6889821 1
6892112 1
6894851 1
6897212 1
6900556 1
6903612 1
6905628 1
6912655 1
6918896 1
6925694 1
6926285 1
6928205 1
6929662 1
6930472 1
6938091 1
6950196 1
6955305 1
6970776 1
6974992 1
6976526 1
6987309 1
6994067 1
6994967 1
6995802 1
6995896 1
7019855 1
7026653 1
7026653 1
7030255 1
7034845 1
7035185 1
7038989 1
7041281 1
7044466 1
7051348 1
7056327 1
7057036 1
7058889 1
7074529 1
7081868 1
7082107 1
7082636 1
7082638 1
7084653 1
7085097 1
7097058 1
7099058 1
7099279 1
7105939 1
7107234 1
7114944 1
7117119 1
7119065 1
7126440 1
7127302 1
7133804 1
7136890 1
7157568 1
7158781 1
7163020 1
7165896 1
7166959 1
7169925 1
7172889 1
7175374 1
7176227 1
7184600 1
7195119 1
7200701 1
7200721 1
7205215 1
7212854 1
7214227 1
7220296 1
7227881 1
7233575 1
7235254 1
7235838 1
7236691 1
7238050 1
7246918 1
7247385 1
7249102 1
7249441 1
7251895 1
7252346 1
7255076 1
7257280 1
7262028 1
7268954 1
7277383 1
7298405 1
7300400 1
7301091 1
7306616 1
7310418 1
7311610 1
7312618 1
7317342 1
7317548 1
7321133 1
7327153 1
7334571 1
7335839 1
7336488 1
7337591 1
7337853 1
7342808 1
7344091 1
7347121 1
7351935 1
7355951 1
7361609 1
7369168 1
7369291 1
7372241 1
7376089 1
7378183 1
7394600 1
7403301 1
7405704 1
7424380 1
7425553 1
7425685 1
7435741 1
7447440 1
7448306 1
7454760 1
7465098 1
7465911 1
7471986 1
7475196 1
7476711 1
7492077 1
7502448 1
7502457 1
7503391 1
7503404 1
7507636 1
7513833 1
7517419 1
7518549 1
7518859 1
7524512 1
7525987 1
7526830 1
7534979 1
7534996 1
7536710 1
7536819 1
7539161 1
7545158 1
7561994 1
7562133 1
7563118 1
7563270 1
7563823 1
7564016 1
7564192 1
7564296 1
7564558 1
7567484 1
7581811 1
7582670 1
7585821 1
7589675 1
7589938 1
7590006 1
7592978 1
7596456 1
7597967 1
7599794 1
7602271 1
7602724 1
7606774 1
7607664 1
7609606 1
7612768 1
7613759 1
7621000 1
7624707 1
7632155 1
7632346 1
7637543 1
7637675 1
7638631 1
7638845 1
7643980 1
7650998 1
7651330 1
7663698 1
7668475 1
7679101 1
7679289 1
7681702 1
7685846 1
7687550 1
7691357 1
7696277 1
7697483 1
7703296 1
7703370 1
7704628 1
7704877 1
7706473 1
7710626 1
7713001 1
7713186 1
7724293 1
7728157 1
7728751 1
7731437 1
7731897 1
7733218 1
7741087 1
7741235 1
7743124 1
7746563 1
7746633 1
7750317 1
7751313 1
7755648 1
7756618 1
7759813 1
7767122 1
7767905 1
7768865 1
7768888 1
7768888 1
7771637 1
7777296 1
7778326 1
7778950 1
7781766 1
7785479 1
7803880 1
7811212 1
7812841 1
7816685 1
7820028 1
7829687 1
7832065 1
7842066 1
7850528 1
7854586 1
7855278 1
7855892 1
7866997 1
7881240 1
7881245 1
7882706 1
7883161 1
7908734 1
7917314 1
7918854 1
7920217 1
7921672 1
7929571 1
7930616 1
7931084 1
7933958 1
7934350 1
7934971 1
7936670 1
7937400 1
7938163 1
7941197 1
7942629 1
7950641 1
7954677 1
7965982 1
7969263 1
7969321 1
7972193 1
7980157 1
7982804 1
7986480 1
7987904 1
7989757 1
7993307 1
7995208 1
8000017 1
8007407 1
8012375 1
8013024 1
8013170 1
8017732 1
8017951 1
8022142 1
8024769 1
8031236 1
8031828 1
8036421 1
8036436 1
8043592 1
8044098 1
8048441 1
8051565 1
8055596 1
8058978 1
8061888 1
8062571 1
8066108 1
8067350 1
8070926 1
8071952 1
8080749 1
8082476 1
8084386 1
8097815 1
8100797 1
8104764 1
8106838 1
8109725 1
8116070 1
8119308 1
8125776 1
8132721 1
8133572 1
8136651 1
8141782 1
8145758 1
8153537 1
8154433 1
8154504 1
8156889 1
8162642 1
8165796 1
8165916 1
8171230 1
8174757 1
8175461 1
8176786 1
8179596 1
8179667 1
8179855 1
8179885 1
8179945 1
8180378 1
8190392 1
8190415 1
8197894 1
8198245 1
8199952 1
8201446 1
8208775 1
8209918 1
8211717 1
8220012 1
8229094 1
8232016 1
8232289 1
8233618 1
8234732 1
8236409 1
8238429 1
8238488 1
8239065 1
8239549 1
8241115 1
8241714 1
8242409 1
8244417 1
8247243 1
8249425 1
8252133 1
8254827 1
8256850 1
8268610 1
8269742 1
8270150 1
8272384 1
8275658 1
8276738 1
8277793 1
8280208 1
8286372 1
8289077 1
8297474 1
8300825 1
8300831 1
8301330 1
8305476 1
8310556 1
828 1
6832 1
28618 1
38733 1
46534 1
48581 1
53209 1
53239 1
53263 1
79774 1
81862 1
88737 1
97113 1
117538 1
124798 1
129969 1
132490 1
134057 1
142238 1
147275 1
157858 1
160057 1
162932 1
167451 1
179268 1
180991 1
182860 1
182880 1
183568 1
189064 1
189068 1
196857 1
203298 1
203450 1
207410 1
208120 1
208815 1
209737 1
213069 1
213462 1
214167 1
221580 1
237363 1
240419 1
241734 1
245890 1
248422 1
248705 1
262390 1
276316 1
276864 1
277096 1
277096 1
277123 1
280687 1
283289 1
283297 1
289630 1
293422 1
302484 1
304927 1
309050 1
309805 1
312224 1
315748 1
317612 1
317784 1
318116 1
318653 1
322022 1
322313 1
332696 1
342109 1
343754 1
350736 1
357622 1
357822 1
364874 1
368532 1
370728 1
371904 1
372798 1
373044 1
376512 1
380948 1
382152 1
383776 1
387960 1
387986 1
405795 1
416934 1
417952 1
420675 1
447354 1
459907 1
461271 1
467028 1
469353 1
469353 1
480602 1
480846 1
485706 1
487177 1
491864 1
493663 1
495860 1
496229 1
497880 1
500542 1
501492 1
504998 1
512832 1
516573 1
518819 1
521486 1
523164 1
526387 1
530809 1
530843 1
531090 1
532598 1
535554 1
553418 1
557837 1
560613 1
561778 1
561905 1
566124 1
566130 1
573308 1
573393 1
574901 1
577067 1
579825 1
580927 1
582407 1
583422 1
584343 1
584916 1
585007 1
585552 1
585566 1
585583 1
585665 1
585752 1
585873 1
586314 1
586472 1
586534 1
586898 1
589501 1
590625 1
601319 1
607338 1
610434 1
613793 1
633813 1
640875 1
640875 1
641632 1
643309 1
649952 1
650968 1
659479 1
660187 1
663522 1
666527 1
671326 1
673811 1
674774 1
677047 1
681313 1
681835 1
685568 1
693892 1
699145 1
701135 1
703749 1
708503 1
709896 1
712618 1
719513 1
719672 1
719923 1
720397 1
720696 1
737977 1
741131 1
741780 1
744175 1
744204 1
748360 1
753177 1
757583 1
759384 1
759953 1
764235 1
766827 1
767339 1
773026 1
773954 1
781852 1
797142 1
798109 1
800204 1
800232 1
806068 1
806241 1
809816 1
811531 1
812165 1
813208 1
815566 1
816341 1
837476 1
837798 1
848814 1
855746 1
856011 1
861966 1
865028 1
884652 1
896124 1
897449 1
897549 1
897567 1
907000 1
915637 1
920353 1
923578 1
924708 1
928936 1
930312 1
942962 1
944479 1
953951 1
966204 1
966420 1
972116 1
972116 1
972220 1
973303 1
978430 1
981395 1
997246 1
1019328 1
1024407 1
1024494 1
1029464 1
1030580 1
1035984 1
1041910 1
1044355 1
1047285 1
1049369 1
1050348 1
1053211 1
1053393 1
1054721 1
1055307 1
1061539 1
1063575 1
1071123 1
1076626 1
1083709 1
1084624 1
1084691 1
1089964 1
1092432 1
1097949 1
1101928 1
1105042 1
1106403 1
1110585 1
1120776 1
1129157 1
1132804 1
1145674 1
1145962 1
1155786 1
1163000 1
1163799 1
1179901 1
1181286 1
1182830 1
1198991 1
1204564 1
1206398 1
1214540 1
1218311 1
1230868 1
1241646 1
1255958 1
1256803 1
1258460 1
1259082 1
1259915 1
1264057 1
1268892 1
1275043 1
1276115 1
1278239 1
1286588 1
1288548 1
1294349 1
1295768 1
1308991 1
1311198 1
1322863 1
1330557 1
1331486 1
1339731 1
1347129 1
1349201 1
1349578 1
1349631 1
1354244 1
1367881 1
1371382 1
1376065 1
1377054 1
1381205 1
1387972 1
1389187 1
1390306 1
1404409 1
1405770 1
1406365 1
1414024 1
1417513 1
1418453 1
1419941 1
1422106 1
1422106 1
1423744 1
1425121 1
1426703 1
1427445 1
1429489 1
1439581 1
1445161 1
1460170 1
1461008 1
1462631 1
1462734 1
1465721 1
1468488 1
1468635 1
1469584 1
1469595 1
1470077 1
1470679 1
1470922 1
1471195 1
1471366 1
1471374 1
1471429 1
1471659 1
1473897 1
1474004 1
1475790 1
1477255 1
1477821 1
1478160 1
1478783 1
1480021 1
1483597 1
1484911 1
1488298 1
1490254 1
1492764 1
1493645 1
1499906 1
1502499 1
1504524 1
1520149 1
1533577 1
1540684 1
1542165 1
1543669 1
1544019 1
1548666 1
1548972 1
1558461 1
1558737 1
1560223 1
1562700 1
1563246 1
1563266 1
1576565 1
1579757 1
1579795 1
1580667 1
1591244 1
1593791 1
1596784 1
1597762 1
1599973 1
1604118 1
1609724 1
1613137 1
1617778 1
1622455 1
1635860 1
1648403 1
1648889 1
1650280 1
1650364 1
1653820 1
1653896 1
1663270 1
1664646 1
1666530 1
1674537 1
1675459 1
1680641 1
1684716 1
1686260 1
1691268 1
1694059 1
1696634 1
1696651 1
1699317 1
1701074 1
1701290 1
1704718 1
1705227 1
1708311 1
1710205 1
1711828 1
1715751 1
1718541 1
1720652 1
1737129 1
1737940 1
1740512 1
1741040 1
1741309 1
1744459 1
1747231 1
1750813 1
1750907 1
1760517 1
1760826 1
1763192 1
1764208 1
1767385 1
1769985 1
1776662 1
1780153 1
1784013 1
1788135 1
1790448 1
1792211 1
1795879 1
1797543 1
1800842 1
1814725 1
1814905 1
1816049 1
1817826 1
1821541 1
1822395 1
1824550 1
1824920 1
1826629 1
1827964 1
1829869 1
1830404 1
1830411 1
1832043 1
1833265 1
1834337 1
1834812 1
1840808 1
1842204 1
1851767 1
1852711 1
1853053 1
1870722 1
1872421 1
1874825 1
1881600 1
1890754 1
1898649 1
1904267 1
1905788 1
1905809 1
1919044 1
1920647 1
1921423 1
1925430 1
1934881 1
1934899 1
1941182 1
1945773 1
1947663 1
1949936 1
1951869 1
1956620 1
1960047 1
1960887 1
1961038 1
1963577 1
1978960 1
1992260 1
1993866 1
2010153 1
2011024 1
2021048 1
2028952 1
2032264 1
2033669 1
2036189 1
2037087 1
2046420 1
2053575 1
2054074 1
2056774 1
2058307 1
2061014 1
2065223 1
2065511 1
2066481 1
2070059 1
2070096 1
2073317 1
2089187 1
2093093 1
2093169 1
2095730 1
2096536 1
2097590 1
2098407 1
2099045 1
2100133 1
2103911 1
2106353 1
2106645 1
2108477 1
2110354 1
2112978 1
2113966 1
2114746 1
2115145 1
2115401 1
2120773 1
2130342 1
2150194 1
2163823 1
2167254 1
2169899 1
2170277 1
2175794 1
2176947 1
2184692 1
2185029 1
2195304 1
2197157 1
2201250 1
2201268 1
2209029 1
2221025 1
2232591 1
2233152 1
2238101 1
2239570 1
2241318 1
2249106 1
2257632 1
2263960 1
2266662 1
2267954 1
2269949 1
2273921 1
2276440 1
2280513 1
2291189 1
2295910 1
2295966 1
2299372 1
2302915 1
2303670 1
2304148 1
2306357 1
2309518 1
2311328 1
2312715 1
2314277 1
2315654 1
2319189 1
2319654 1
2320920 1
2321979 1
2323386 1
2329600 1
2331453 1
2336123 1
2344712 1
2346468 1
2347050 1
2352651 1
2355904 1
2357491 1
2358471 1
2358770 1
2365279 1
2368315 1
2368598 1
2374062 1
2374363 1
2375325 1
2382056 1
2382520 1
2382766 1
2383095 1
2385357 1
2385776 1
2401510 1
2401696 1
2413632 1
2423594 1
2428935 1
2428975 1
2429708 1
2437605 1
2438135 1
2438299 1
2439102 1
2439991 1
2444536 1
2449609 1
2449943 1
2450498 1
2450516 1
2468294 1
2472174 1
2477801 1
2479040 1
2488664 1
2490288 1
2491859 1
2497653 1
2497705 1
2501009 1
2504400 1
2512500 1
2514671 1
2516643 1
2519219 1
2521274 1
2521363 1
2521445 1
2521967 1
2523379 1
2526546 1
2526643 1
2531140 1
2533344 1
2534980 1
2537421 1
2540000 1
2542139 1
2551782 1
2558977 1
2560153 1
2561333 1
2563843 1
2564147 1
2568856 1
2569342 1
2574762 1
2581001 1
2581435 1
2585062 1
2588256 1
2591446 1
2591802 1
2593037 1
2593354 1
2605045 1
2606438 1
2607715 1
2608766 1
2611186 1
2620324 1
2621557 1
2632734 1
2642597 1
2646305 1
2654598 1
2654721 1
2655216 1
2658782 1
2658859 1
2664531 1
2664971 1
2671880 1
2680117 1
2683305 1
2687590 1
2693393 1
2697134 1
2699058 1
2699058 1
2699847 1
2699924 1
2701088 1
2701153 1
2709784 1
2717970 1
2718616 1
2723008 1
2725269 1
2732027 1
2732296 1
2734338 1
2734460 1
2737718 1
2742096 1
2742155 1
2742343 1
2747726 1
2751773 1
2754492 1
2759599 1
2763707 1
2764683 1
2766301 1
2778380 1
2779798 1
2780447 1
2782200 1
2783270 1
2795773 1
2795956 1
2805717 1
2819109 1
2820870 1
2821599 1
2821794 1
2832225 1
2834158 1
2850326 1
2850538 1
2850920 1
2852162 1
2853441 1
2855456 1
2866709 1
2867235 1
2876241 1
2877037 1
2889785 1
2894519 1
2895876 1
2900403 1
2912205 1
2916500 1
2926014 1
2935079 1
2935658 1
2936031 1
2936031 1
2939809 1
2940137 1
2942588 1
2942885 1
2944901 1
2947971 1
2950441 1
2954099 1
2960656 1
2960808 1
2962405 1
2965129 1
2968812 1
2971585 1
2972451 1
2975101 1
2976398 1
2977875 1
2978971 1
2979049 1
2979389 1
2979399 1
2981842 1
2985007 1
2989495 1
3001006 1
3002222 1
3004067 1
3010406 1
3012434 1
3019304 1
3020063 1
3020312 1
3022731 1
3025004 1
3032757 1
3033652 1
3035307 1
3035314 1
3035551 1
3037252 1
3041971 1
3047773 1
3056529 1
3056574 1
3060251 1
3061340 1
3064896 1
3065366 1
3068678 1
3068714 1
3069800 1
3070891 1
3070973 1
3074980 1
3075986 1
3078660 1
3079570 1
3079850 1
3080273 1
3097896 1
3098983 1
3106692 1
3108275 1
3108551 1
3119881 1
3122657 1
3131016 1
3132051 1
3134677 1
3134699 1
3136356 1
3137259 1
3138767 1
3145244 1
3151545 1
3153893 1
3156386 1
3159463 1
3162185 1
3163237 1
3169813 1
3178744 1
3195558 1
3197507 1
3205091 1
3207422 1
3208435 1
3209049 1
3211733 1
3220417 1
3222706 1
3232112 1
3235813 1
3244160 1
3244403 1
3252049 1
3253811 1
3254658 1
3255670 1
3284631 1
3293798 1
3298025 1
3301879 1
3302949 1
3304434 1
3305707 1
3315537 1
3327117 1
3327117 1
3327918 1
3335152 1
3336436 1
3342047 1
3342414 1
3343023 1
3358074 1
3371867 1
3382084 1
3385064 1
3385625 1
3395358 1
3397147 1
3412514 1
3412541 1
3414006 1
3417283 1
3423480 1
3423955 1
3425952 1
3426834 1
3427953 1
3433005 1
3435439 1
3445478 1
3446930 1
3450367 1
3451725 1
3457138 1
3461746 1
3461902 1
3462202 1
3462309 1
3463066 1
3467413 1
3490920 1
3491925 1
3495152 1
3500884 1
3502735 1
3503046 1
3509191 1
3509535 1
3516507 1
3519531 1
3525666 1
3526630 1
3528344 1
3537799 1
3540066 1
3543701 1
3547175 1
3548132 1
3560062 1
3587165 1
3587444 1
3587822 1
3606643 1
3618516 1
3621321 1
3626941 1
3648819 1
3648991 1
3649923 1
3650652 1
3651524 1
3655520 1
3656993 1
3662571 1
3664956 1
3665162 1
3668093 1
3670448 1
3674558 1
3675297 1
3676928 1
3683224 1
3683825 1
3687805 1
3689814 1
3691407 1
3692130 1
3692316 1
3692707 1
3693265 1
3694479 1
3694974 1
3696320 1
3696659 1
3698740 1
3700251 1
3701777 1
3703965 1
3704167 1
3705759 1
3705966 1
3706898 1
3711420 1
3711806 1
3713412 1
3714986 1
3715692 1
3720032 1
3727185 1
3727455 1
3728623 1
3733261 1
3741574 1
3751853 1
3751885 1
3752368 1
3756653 1
3757597 1
3757853 1
3757906 1
3758034 1
3758586 1
3759320 1
3764167 1
3766415 1
3766672 1
3768088 1
3768125 1
3776616 1
3778241 1
3778244 1
3778952 1
3778967 1
3779709 1
3780136 1
3781288 1
3782513 1
3785163 1
3786404 1
3789643 1
3794948 1
3805741 1
3809748 1
3818586 1
3821689 1
3821833 1
3824299 1
3826145 1
3828037 1
3838824 1
3842783 1
3849091 1
3851235 1
3852232 1
3852251 1
3852739 1
3856463 1
3856557 1
3857052 1
3865934 1
3867140 1
3868531 1
3868662 1
3869000 1
3869104 1
3872399 1
3872764 1
3873658 1
3873891 1
3874192 1
3874878 1
3875822 1
3878170 1
3888705 1
3891973 1
3892381 1
3895626 1
3903967 1
3905397 1
3909001 1
3909168 1
3910392 1
3910858 1
3910962 1
3912017 1
3916451 1
3921166 1
3926033 1
3926041 1
3927210 1
3927222 1
3928390 1
3932520 1
3969726 1
3969926 1
3970105 1
3972269 1
3972510 1
3972627 1
3972813 1
3972987 1
3973163 1
3974695 1
3974950 1
3975421 1
3976026 1
3976741 1
3977554 1
3977697 1
3984421 1
3987015 1
3988850 1
3989552 1
3991636 1
3991803 1
3992017 1
3998731 1
4000238 1
4001820 1
4004962 1
4005645 1
4007140 1
4008147 1
4011656 1
4014376 1
4015074 1
4016414 1
4016613 1
4016809 1
4016902 1
4018631 1
4019674 1
4020090 1
4020347 1
4020388 1
4024284 1
4028930 1
4029203 1
4029311 1
4031029 1
4037844 1
4040272 1
4040529 1
4041130 1
4043915 1
4047649 1
4057171 1
4063307 1
4065329 1
4068082 1
4083144 1
4086425 1
4087468 1
4091137 1
4106965 1
4107755 1
4108790 1
4116284 1
4120281 1
4123195 1
4124540 1
4126328 1
4136508 1
4144517 1
4148441 1
4154137 1
4155805 1
4161574 1
4180314 1
4180809 1
4188786 1
4191196 1
4191469 1
4192415 1
4193356 1
4194614 1
4194621 1
4199259 1
4202121 1
4206366 1
4214776 1
4218355 1
4220144 1
4222903 1
4223709 1
4223935 1
4227030 1
4230624 1
4239365 1
4246282 1
4248624 1
4250173 1
4252524 1
4255621 1
4258441 1
4259473 1
4262886 1
4262959 1
4266526 1
4288031 1
4288413 1
4304091 1
4305437 1
4306805 1
4316133 1
4317598 1
4324906 1
4326930 1
4327880 1
4328406 1
4332026 1
4332117 1
4335622 1
4335784 1
4339944 1
4341825 1
4345928 1
4348386 1
4349148 1
4361613 1
4366899 1
4367356 1
4368326 1
4369078 1
4375704 1
4391527 1
4393824 1
4399801 1
4404817 1
4405626 1
4408279 1
4409899 1
4413135 1
4413256 1
4413472 1
4415207 1
4418237 1
4418348 1
4421980 1
4422301 1
4423381 1
4424084 1
4427116 1
4430516 1
4431874 1
4432099 1
4435200 1
4446041 1
4446042 1
4447057 1
4450809 1
4453328 1
4457657 1
4463700 1
4464082 1
4467775 1
4468477 1
4471298 1
4475550 1
4477535 1
4477680 1
4488440 1
4489642 1
4494910 1
4495299 1
4497940 1
4502385 1
4503339 1
4504520 1
4509954 1
4516880 1
4528929 1
4536961 1
4537030 1
4537052 1
4537136 1
4544916 1
4550451 1
4552859 1
4553688 1
4562177 1
4565595 1
4572421 1
4583111 1
4589522 1
4597519 1
4606505 1
4607227 1
4612921 1
4618053 1
4621890 1
4622148 1
4626401 1
4628156 1
4628686 1
4630374 1
4633089 1
4633679 1
4633778 1
4636073 1
4639832 1
4641628 1
4645311 1
4646064 1
4651677 1
4659725 1
4663269 1
4666817 1
4667637 1
4670407 1
4671959 1
4673165 1
4673990 1
4673992 1
4678391 1
4685980 1
4686719 1
4687980 1
4692815 1
4695002 1
4699135 1
4701483 1
4707217 1
4711455 1
4711651 1
4715112 1
4717568 1
4725022 1
4731696 1
4737216 1
4737400 1
4738788 1
4739377 1
4754913 1
4759182 1
4773118 1
4776290 1
4783299 1
4786935 1
4787159 1
4789419 1
4789517 1
4795621 1
4797122 1
4800396 1
4810052 1
4810242 1
4811975 1
4812829 1
4813066 1
4813110 1
4824584 1
4824708 1
4824970 1
4825646 1
4826807 1
4827020 1
4829089 1
4831777 1
4835099 1
4835362 1
4861635 1
4873158 1
4875066 1
4875636 1
4875795 1
4876200 1
4885698 1
4886518 1
4887251 1
4889032 1
4893038 1
4894920 1
4895554 1
4896326 1
4899613 1
4901112 1
4901254 1
4901356 1
4903259 1
4906503 1
4907043 1
4917853 1
4927000 1
4954648 1
4955837 1
4960220 1
4965581 1
4967778 1
4971712 1
4973521 1
4980420 1
4984503 1
4988081 1
4988623 1
4988770 1
4992381 1
4994396 1
4996187 1
4999391 1
5003160 1
5005429 1
5005598 1
5007294 1
5016454 1
5021247 1
5029591 1
5030400 1
5041478 1
5044071 1
5046210 1
5051388 1
5057351 1
5059767 1
5061465 1
5069900 1
5073874 1
5075501 1
5079102 1
5080261 1
5080268 1
5082748 1
5083043 1
5083822 1
5083827 1
5085106 1
5091409 1
5091535 1
5091538 1
5106874 1
5114037 1
5114411 1
5128769 1
5133480 1
5136360 1
5139758 1
5139922 1
5143573 1
5143616 1
5143798 1
5144651 1
5144954 1
5144993 1
5152950 1
5153617 1
5153702 1
5154880 1
5156687 1
5158380 1
5160809 1
5167774 1
5167774 1
5178491 1
5180285 1
5185160 1
5185190 1
5186165 1
5187388 1
5188701 1
5190779 1
5193395 1
5193570 1
5206958 1
5208028 1
5210860 1
5226381 1
5227083 1
5228234 1
5234370 1
5234611 1
5235442 1
5237829 1
5239147 1
5247623 1
5255989 1
5271459 1
5271940 1
5274518 1
5275839 1
5285189 1
5295484 1
5298248 1
5303759 1
5307366 1
5316090 1
5316241 1
5321887 1
5323561 1
5326842 1
5329019 1
5329140 1
5343332 1
5344964 1
5346816 1
5348726 1
5349587 1
5360237 1
5368360 1
5372651 1
5381986 1
5385235 1
5390465 1
5394463 1
5406304 1
5414768 1
5415295 1
5424090 1
5430563 1
5433883 1
5438360 1
5446152 1
5449110 1
5452519 1
5463451 1
5469437 1
5470245 1
5475328 1
5477482 1
5477502 1
5477576 1
5479772 1
5482914 1
5483466 1
5483549 1
5483555 1
5486720 1
5490722 1
5500373 1
5513060 1
5513101 1
5520606 1
5520901 1
5525912 1
5526273 1
5532409 1
5535834 1
5535928 1
5536649 1
5536747 1
5538880 1
5542978 1
5546354 1
5547492 1
5550153 1
5555158 1
5568876 1
5577910 1
5579416 1
5587446 1
5595405 1
5596077 1
5596750 1
5605680 1
5606898 1
5608337 1
5608337 1
5608695 1
5608813 1
5615341 1
5616449 1
5618304 1
5622486 1
5625606 1
5634063 1
5637814 1
5638382 1
5639295 1
5649325 1
5653616 1
5657854 1
5659466 1
5669044 1
5671166 1
5672242 1
5681837 1
5682222 1
5689026 1
5690490 1
5691450 1
5691929 1
5694608 1
5696382 1
5697407 1
5702926 1
5709716 1
5711576 1
5719360 1
5719856 1
5719887 1
5729121 1
5731574 1
5734924 1
5736402 1
5736595 1
5737253 1
5737801 1
5743610 1
5745622 1
5747986 1
5749645 1
5751727 1
5752230 1
5757497 1
5764027 1
5765974 1
5767100 1
5775860 1
5779297 1
5786080 1
5788264 1
5798749 1
5805015 1
5807969 1
5818428 1
5821110 1
5822380 1
5851661 1
5853262 1
5855466 1
5861614 1
5862112 1
5863013 1
5866102 1
5870827 1
5875762 1
5877118 1
5878148 1
5884375 1
5889789 1
5890351 1
5903169 1
5905705 1
5909312 1
5916429 1
5924415 1
5938642 1
5942366 1
5944444 1
5944995 1
5946615 1
5951406 1
5953823 1
5959829 1
5960913 1
5964638 1
5965026 1
5975983 1
5976406 1
5977178 1
5977783 1
5979444 1
5982986 1
5986118 1
5987802 1
5989884 1
5991914 1
5992566 1
5993923 1
5996217 1
6002582 1
6004408 1
6005362 1
6009657 1
6013329 1
6013979 1
6014329 1
6015325 1
6019030 1
6020164 1
6024259 1
6032919 1
6039458 1
6048961 1
6049776 1
6050854 1
6051598 1
6053596 1
6054385 1
6059163 1
6062528 1
6063251 1
6069493 1
6070794 1
6072350 1
6073395 1
6080585 1
6089499 1
6092508 1
6097915 1
6098661 1
6108052 1
6110191 1
6112720 1
6113543 1
6114185 1
6116839 1
6117119 1
6117835 1
6119140 1
6120135 1
6120921 1
6122921 1
6124872 1
6128542 1
6129508 1
6130637 1
6132326 1
6136742 1
6142880 1
6156563 1
6172668 1
6177097 1
6182630 1
6184699 1
6187202 1
6187438 1
6190616 1
6191254 1
6202544 1
6205756 1
6218725 1
6226198 1
6226237 1
6231310 1
6233199 1
6233203 1
6236601 1
6236712 1
6251412 1
6253934 1
6260177 1
6260190 1
6260559 1
6260578 1
6262534 1
6262621 1
6269170 1
6270562 1
6271120 1
6273555 1
6278206 1
6279540 1
6282296 1
6286303 1
6287279 1
6287449 1
6287455 1
6288101 1
6290204 1
6290593 1
6290835 1
6292059 1
6292340 1
6293472 1
6293891 1
6294085 1
6294328 1
6294551 1
6299119 1
6300957 1
6305599 1
6314821 1
6316085 1
6317037 1
6318307 1
6330019 1
6331770 1
6331988 1
6333057 1
6333961 1
6341540 1
6343196 1
6343414 1
6345234 1
6345628 1
6345875 1
6346052 1
6348580 1
6355768 1
6355918 1
6356000 1
6369016 1
6371324 1
6371330 1
6373981 1
6375453 1
6378605 1
6379240 1
6382073 1
6382534 1
6385092 1
6406805 1
6407387 1
6409558 1
6410116 1
6423854 1
6426781 1
6427326 1
6427385 1
6434152 1
6434476 1
6434476 1
6435445 1
6435875 1
6436741 1
6440776 1
6449353 1
6450291 1
6453023 1
6467255 1
6468166 1
6477131 1
6491358 1
6502489 1
6503655 1
6503769 1
6504040 1
6506023 1
6506554 1
6506672 1
6509188 1
6517194 1
6523072 1
6528699 1
6533615 1
6539379 1
6539916 1
6545025 1
6545246 1
6551620 1
6553396 1
6554204 1
6555811 1
6556057 1
6556098 1
6557022 1
6557526 1
6558280 1
6558761 1
6559852 1
6561046 1
6561483 1
6561609 1
6561709 1
6561752 1
6563258 1
6565679 1
6566233 1
6567137 1
6567202 1
6568937 1
6568979 1
6570320 1
6571949 1
6572077 1
6574262 1
6576419 1
6580990 1
6586270 1
6586643 1
6586648 1
6589662 1
6595740 1
6599069 1
6599230 1
6600642 1
6605257 1
6610546 1
6612378 1
6613990 1
6615434 1
6618567 1
6620816 1
6624366 1
6626302 1
6626696 1
6627097 1
6627279 1
6627725 1
6628308 1
6631068 1
6631933 1
6635234 1
6639268 1
6640333 1
6641695 1
6641756 1
6646889 1
6650806 1
6650810 1
6650828 1
6651182 1
6653205 1
6654725 1
6656972 1
6657275 1
6658856 1
6667438 1
6677775 1
6680151 1
6680753 1
6681020 1
6693205 1
6694303 1
6700047 1
6703614 1
6704207 1
6710469 1
6712583 1
6718424 1
6727941 1
6727966 1
6729144 1
6770293 1
6789971 1
6792027 1
6792842 1
6796925 1
6797941 1
6805761 1
6808232 1
6809190 1
6821649 1
6822129 1
6825013 1
6828748 1
6829106 1
6833035 1
6838331 1
6841074 1
6841621 1
6845147 1
6845788 1
6851544 1
6856553 1
6861479 1
6863599 1
6868350 1
6873121 1
6875506 1
6875795 1
6879750 1
6883882 1
6883933 1
6885397 1
6885530 1
6893144 1
6901557 1
6902701 1
6905413 1
6906917 1
6911115 1
6913832 1
6924321 1
6925438 1
6926026 1
6926817 1
6929245 1
6933731 1
6946726 1
6946729 1
6948442 1
6963909 1
6969401 1
6971005 1
6971021 1
6983984 1
6996468 1
7005063 1
7006942 1
7007561 1
7015178 1
7020285 1
7028308 1
7031043 1
7033806 1
7035135 1
7035876 1
7039865 1
7041717 1
7057930 1
7062695 1
7065753 1
7065872 1
7066833 1
7071078 1
7082170 1
7082467 1
7086075 1
7091429 1
7106849 1
7122799 1
7128457 1
7132389 1
7141344 1
7157447 1
7158302 1
7158683 1
7160175 1
7160910 1
7161104 1
7162618 1
7166162 1
7166281 1
7166894 1
7167690 1
7167752 1
7167764 1
7174490 1
7174570 1
7175362 1
7176326 1
7176989 1
7178657 1
7183633 1
7185605 1
7199706 1
7200451 1
7205247 1
7212948 1
7213030 1
7222886 1
7224531 1
7227903 1
7232324 1
7235498 1
7235831 1
7236058 1
7236976 1
7242356 1
7242874 1
7245027 1
7247569 1
7248165 1
7248863 1
7252153 1
7254471 1
7254659 1
7260216 1
7262201 1
7270471 1
7272891 1
7273931 1
7279505 1
7281343 1
7290349 1
7300844 1
7304188 1
7309898 1
7311915 1
7312583 1
7333055 1
7335107 1
7336901 1
7337969 1
7338719 1
7340548 1
7342264 1
7342264 1
7343708 1
7345981 1
7347711 1
7348890 1
7349556 1
7351459 1
7352107 1
7352330 1
7353419 1
7367752 1
7367970 1
7377822 1
7399105 1
7400576 1
7411920 1
7415293 1
7420059 1
7424247 1
7434423 1
7439484 1
7446451 1
7447989 1
7452865 1
7461145 1
7462840 1
7465108 1
7466369 1
7467601 1
7474222 1
7476139 1
7477670 1
7483590 1
7486948 1
7493527 1
7493768 1
7495731 1
7496895 1
7497732 1
7498514 1
7500579 1
7505907 1
7506094 1
7513539 1
7521765 1
7523385 1
7525580 1
7528762 1
7533854 1
7534487 1
7536173 1
7536656 1
7537751 1
7541068 1
7542282 1
7547140 1
7549134 1
7562791 1
7563014 1
7563147 1
7563974 1
7569188 1
7576292 1
7578594 1
7579374 1
7584839 1
7587485 1
7588452 1
7590236 1
7592387 1
7594964 1
7595302 1
7599830 1
7600340 1
7618938 1
7619639 1
7622696 1
7634867 1
7638884 1
7644928 1
7646327 1
7659978 1
7669054 1
7670271 1
7675341 1
7675417 1
7677256 1
7681692 1
7682630 1
7685907 1
7690830 1
7691659 1
7697093 1
7704655 1
7724042 1
7732514 1
7733451 1
7733789 1
7741644 1
7744802 1
7756527 1
7763755 1
7767424 1
7769938 1
7774088 1
7774683 1
7780120 1
7784665 1
7791095 1
7797772 1
7804459 1
7822362 1
7822767 1
7825895 1
7828606 1
7832537 1
7832584 1
7841670 1
7850402 1
7850578 1
7853849 1
7853851 1
7857419 1
7861151 1
7869680 1
7870339 1
7887124 1
7889241 1
7892223 1
7897704 1
7908179 1
7909441 1
7911034 1
7917446 1
7917773 1
7920480 1
7926561 1
7928085 1
7934474 1
7937711 1
7938246 1
7950844 1
7952507 1
7955243 1
7962308 1
7962781 1
7970345 1
7977800 1
7979550 1
7982002 1
7985699 1
7989891 1
7997194 1
8003617 1
8003685 1
8011517 1
8013336 1
8014462 1
8015903 1
8016998 1
8018069 1
8018932 1
8023461 1
8023753 1
8030208 1
8032491 1
8034651 1
8034827 1
8036173 1
8037370 1
8037477 1
8038547 1
8043006 1
8043793 1
8044636 1
8044968 1
8046567 1
8050103 1
8062644 1
8065601 1
8067451 1
8072220 1
8083961 1
8085957 1
8097870 1
8102257 1
8107784 1
8107788 1
8110239 1
8110717 1
8113066 1
8119950 1
8124572 1
8124861 1
8125414 1
8131314 1
8135420 1
8136422 1
8137723 1
8145070 1
8145629 1
8149856 1
8153111 1
8153607 1
8159295 1
8160027 1
8160039 1
8160388 1
8160816 1
8161184 1
8161359 1
8162080 1
8164602 1
8175136 1
8175195 1
8176202 1
8179797 1
8179909 1
8180098 1
8180285 1
8182667 1
8182786 1
8183925 1
8183972 1
8184731 1
8185527 1
8190494 1
8194066 1
8195740 1
8198221 1
8204879 1
8205159 1
8207912 1
8207915 1
8208094 1
8208549 1
8213387 1
8226811 1
8231030 1
8231031 1
8231317 1
8231331 1
8231386 1
8231452 1
8232475 1
8233123 1
8236386 1
8236519 1
8236561 1
8237337 1
8240094 1
8241610 1
8242320 1
8243380 1
8246490 1
8248184 1
8258536 1
8258844 1
8259536 1
8260455 1
8264790 1
8265918 1
8267204 1
8267558 1
8271698 1
8275791 1
8276919 1
8276951 1
8276978 1
8279674 1
8281937 1
8284788 1
8293312 1
8294799 1
8295274 1
8295514 1
8298370 1
25241 1
26778 1
47481 1
53225 1
56941 1
70704 1
78715 1
81859 1
120865 1
124271 1
142016 1
150336 1
150898 1
153209 1
155252 1
155253 1
181655 1
219071 1
220725 1
262494 1
262494 1
272647 1
285330 1
285359 1
310687 1
316560 1
329279 1
330266 1
338241 1
353531 1
356899 1
358645 1
359436 1
359794 1
359885 1
366273 1
370850 1
370984 1
376956 1
378740 1
387362 1
388618 1
389307 1
407430 1
446426 1
446780 1
452785 1
465199 1
467507 1
488335 1
496157 1
500076 1
506263 1
515738 1
517041 1
573542 1
583172 1
584321 1
584930 1
585183 1
585723 1
585729 1
585942 1
586032 1
586037 1
586882 1
596571 1
604415 1
613732 1
615477 1
615930 1
619725 1
634204 1
638064 1
645283 1
664235 1
669845 1
682582 1
682820 1
682954 1
699429 1
719087 1
721475 1
728384 1
728431 1
728435 1
737557 1
744237 1
745355 1
745557 1
747054 1
750461 1
752359 1
772359 1
778881 1
778881 1
797862 1
804466 1
804656 1
813072 1
813130 1
855526 1
856016 1
872074 1
894841 1
904710 1
915667 1
927635 1
929220 1
944101 1
953735 1
960419 1
995866 1
1039495 1
1040020 1
1045085 1
1061504 1
1071588 1
1083312 1
1093358 1
1093874 1
1115068 1
1150508 1
1160894 1
1165026 1
1173325 1
1200234 1
1201861 1
1281986 1
1298533 1
1299080 1
1300166 1
1314917 1
1347109 1
1367310 1
1380707 1
1389175 1
1397353 1
1409340 1
1412809 1
1424350 1
1431826 1
1432694 1
1440576 1
1446794 1
1453293 1
1469835 1
1470834 1
1470837 1
1471165 1
1471311 1
1471782 1
1478816 1
1483272 1
1486724 1
1488033 1
1488039 1
1488324 1
1494275 1
1504123 1
1524160 1
1533502 1
1557118 1
1563261 1
1576799 1
1580832 1
1584072 1
1593739 1
1604875 1
1606175 1
1646125 1
1654254 1
1667133 1
1671709 1
1686641 1
1696208 1
1755761 1
1763257 1
1767661 1
1770140 1
1772064 1
1780251 1
1796537 1
1820838 1
1822374 1
1823827 1
1832670 1
1836234 1
1837418 1
1842209 1
1860083 1
1869580 1
1881014 1
1883827 1
1884104 1
1889804 1
1891043 1
1895092 1
1918274 1
1947581 1
1947581 1
1948615 1
1948615 1
1961792 1
1977750 1
1979288 1
1992258 1
2003073 1
2019975 1
2049005 1
2074554 1
2094504 1
2095522 1
2101166 1
2101166 1
2105834 1
2106528 1
2110912 1
2111186 1
2117916 1
2119835 1
2123379 1
2142685 1
2156003 1
2169994 1
2173361 1
2181601 1
2192702 1
2220623 1
2222358 1
2230187 1
2240713 1
2247341 1
2276624 1
2298362 1
2299017 1
2316353 1
2318998 1
2319941 1
2323230 1
2323232 1
2323674 1
2343482 1
2344537 1
2374420 1
2382081 1
2387528 1
2394959 1
2400697 1
2406519 1
2410002 1
2418710 1
2418710 1
2420644 1
2422419 1
2431557 1
2436885 1
2441812 1
2451221 1
2453710 1
2465361 1
2466229 1
2476115 1
2499507 1
2515871 1
2525627 1
2526058 1
2526740 1
2557078 1
2560613 1
2562039 1
2594371 1
2604133 1
2611930 1
2647019 1
2665074 1
2666877 1
2668187 1
2668662 1
2678056 1
2683417 1
2684091 1
2684382 1
2695274 1
2697318 1
2720238 1
2725699 1
2731334 1
2789764 1
2790501 1
2792573 1
2809047 1
2815748 1
2822553 1
2824568 1
2840362 1
2850201 1
2867207 1
2868906 1
2888254 1
2892483 1
2901800 1
2917710 1
2925176 1
2926987 1
2927407 1
2936253 1
2936283 1
2937349 1
2938506 1
2947781 1
2949199 1
2953851 1
2953890 1
2953897 1
2962526 1
2963791 1
2963940 1
2968775 1
2974837 1
2990425 1
3015020 1
3018031 1
3020087 1
3030181 1
3030297 1
3030374 1
3036655 1
3046802 1
3047246 1
3049098 1
3060413 1
3064747 1
3068957 1
3069242 1
3074173 1
3076680 1
3078632 1
3085769 1
3090622 1
3119795 1
3122282 1
3160370 1
3165248 1
3219558 1
3220691 1
3239994 1
3254642 1
3254657 1
3255099 1
3259886 1
3272630 1
3276296 1
3296146 1
3298419 1
3299681 1
3311012 1
3328944 1
3332374 1
3335015 1
3339792 1
3340430 1
3342163 1
3342179 1
3342726 1
3370871 1
3378029 1
3378029 1
3378100 1
3379409 1
3385606 1
3391198 1
3402982 1
3412550 1
3412550 1
3420742 1
3433081 1
3437228 1
3490778 1
3500484 1
3504662 1
3529025 1
3539884 1
3549964 1
3551631 1
3560269 1
3578028 1
3590715 1
3599942 1
3609425 1
3620336 1
3621258 1
3642529 1
3648861 1
3649551 1
3670056 1
3673367 1
3674873 1
3679258 1
3695941 1
3696351 1
3697035 1
3699908 1
3701141 1
3703024 1
3705620 1
3707010 1
3707233 1
3712574 1
3720659 1
3721891 1
3758510 1
3779504 1
3779661 1
3779845 1
3781443 1
3797032 1
3798572 1
3814398 1
3821439 1
3823097 1
3824340 1
3848093 1
3848965 1
3856179 1
3863822 1
3870413 1
3873273 1
3875607 1
3875884 1
3884645 1
3902534 1
3913214 1
3921356 1
3923926 1
3943546 1
3972727 1
3973983 1
3975723 1
3988090 1
3988844 1
3989247 1
3995696 1
3996004 1
4004232 1
4005959 1
4016332 1
4017686 1
4019648 1
4022378 1
4030828 1
4045827 1
4046000 1
4062026 1
4075143 1
4081785 1
4101623 1
4105551 1
4129758 1
4141245 1
4159640 1
4179375 1
4197766 1
4202908 1
4203125 1
4205937 1
4213263 1
4223346 1
4229299 1
4229611 1
4255001 1
4259627 1
4262859 1
4264400 1
4272207 1
4282657 1
4292032 1
4329721 1
4330428 1
4330767 1
4339403 1
4339919 1
4347893 1
4353362 1
4356720 1
4369473 1
4386566 1
4392051 1
4404561 1
4412615 1
4419873 1
4425358 1
4429444 1
4440173 1
4443176 1
4460960 1
4465831 1
4470340 1
4473605 1
4484912 1
4487402 1
4508456 1
4536735 1
4536935 1
4539532 1
4541507 1
4557460 1
4565685 1
4573174 1
4592763 1
4594230 1
4597407 1
4599491 1
4601122 1
4603442 1
4606694 1
4610942 1
4622771 1
4654389 1
4672409 1
4673858 1
4674396 1
4687039 1
4690522 1
4697854 1
4707474 1
4715128 1
4723674 1
4731516 1
4731726 1
4738374 1
4739690 1
4739830 1
4746034 1
4752385 1
4760123 1
4760834 1
4765746 1
4771199 1
4779061 1
4779201 1
4780712 1
4785145 1
4785578 1
4786826 1
4787542 1
4792112 1
4796206 1
4806903 1
4825508 1
4830486 1
4830549 1
4835020 1
4847524 1
4857266 1
4868419 1
4875850 1
4884907 1
4884923 1
4898568 1
4900189 1
4908813 1
4911931 1
4912844 1
4916276 1
4928319 1
4940081 1
4963182 1
4984080 1
5026980 1
5027318 1
5029756 1
5046477 1
5047867 1
5057739 1
5077411 1
5085769 1
5086235 1
5091004 1
5091357 1
5091614 1
5112603 1
5119903 1
5122407 1
5132622 1
5148420 1
5151732 1
5159011 1
5160855 1
5172767 1
5182997 1
5186102 1
5190621 1
5196501 1
5209583 1
5209723 1
5220542 1
5224945 1
5226303 1
5235726 1
5238607 1
5241899 1
5258676 1
5268032 1
5277950 1
5286479 1
5289126 1
5289126 1
5313959 1
5323776 1
5327458 1
5345515 1
5346329 1
5351873 1
5356079 1
5364211 1
5379454 1
5437925 1
5441885 1
5449078 1
5459669 1
5463058 1
5468801 1
5469159 1
5476747 1
5478362 1
5480616 1
5483453 1
5483632 1
5483893 1
5490763 1
5492469 1
5494133 1
5502557 1
5502557 1
5506686 1
5535497 1
5543358 1
5543562 1
5552150 1
5568730 1
5591852 1
5629697 1
5636115 1
5637231 1
5650126 1
5650940 1
5681830 1
5694698 1
5696105 1
5708921 1
5717950 1
5729987 1
5745635 1
5771403 1
5775827 1
5782141 1
5788652 1
5791221 1
5819738 1
5820585 1
5838232 1
5853109 1
5854940 1
5893590 1
5904333 1
5904466 1
5905165 1
5921226 1
5924594 1
5930556 1
5938188 1
5940050 1
5940764 1
5942012 1
5945447 1
5955394 1
5964093 1
5965198 1
5967449 1
5971242 1
5978893 1
5979933 1
5982129 1
5982687 1
5990010 1
5991799 1
5995650 1
5996123 1
6003659 1
6010318 1
6028710 1
6032164 1
6034194 1
6061478 1
6061830 1
6061906 1
6093196 1
6101078 1
6102639 1
6102748 1
6114487 1
6119657 1
6137910 1
6148301 1
6154710 1
6163653 1
6164669 1
6184389 1
6187915 1
6202601 1
6224173 1
6225972 1
6260231 1
6260286 1
6262799 1
6274457 1
6286827 1
6291980 1
6292764 1
6292969 1
6293239 1
6293366 1
6293533 1
6294045 1
6319583 1
6327061 1
6329834 1
6331760 1
6357613 1
6359908 1
6360699 1
6362277 1
6362510 1
6362511 1
6379517 1
6388722 1
6395191 1
6398313 1
6410979 1
6434052 1
6434299 1
6445372 1
6445552 1
6450984 1
6453038 1
6454505 1
6470148 1
6472819 1
6492135 1
6497573 1
6504331 1
6509005 1
6510553 1
6521315 1
6522890 1
6527906 1
6547481 1
6553314 1
6554313 1
6558432 1
6561346 1
6563486 1
6564580 1
6568184 1
6572099 1
6576393 1
6576489 1
6579506 1
6587125 1
6590404 1
6592449 1
6609625 1
6617971 1
6621389 1
6629417 1
6629596 1
6632179 1
6660576 1
6664714 1
6674683 1
6687159 1
6693784 1
6693784 1
6700315 1
6726298 1
6753279 1
6756500 1
6776969 1
6777910 1
6793197 1
6797683 1
6801839 1
6807782 1
6810059 1
6811639 1
6822198 1
6830040 1
6831798 1
6835067 1
6861583 1
6870251 1
6872820 1
6884474 1
6896151 1
6914491 1
6916566 1
6917422 1
6924526 1
6948537 1
6973352 1
6983005 1
6991530 1
7005004 1
7009949 1
7010930 1
7014477 1
7014994 1
7018916 1
7020409 1
7025149 1
7026919 1
7035438 1
7047421 1
7052313 1
7056478 1
7082532 1
7117205 1
7118146 1
7121480 1
7145428 1
7153507 1
7156707 1
7158623 1
7160385 1
7160853 1
7161196 1
7166789 1
7175621 1
7178890 1
7184525 1
7206005 1
7207766 1
7236333 1
7260610 1
7288852 1
7289061 1
7306614 1
7313573 1
7315342 1
7317275 1
7341949 1
7344341 1
7344812 1
7352410 1
7358463 1
7370042 1
7388386 1
7401140 1
7411078 1
7414024 1
7416749 1
7428893 1
7453126 1
7459856 1
7468682 1
7484772 1
7511981 1
7516991 1
7518272 1
7521528 1
7524611 1
7561935 1
7563173 1
7573276 1
7584878 1
7591348 1
7595022 1
7603200 1
7615916 1
7643852 1
7648916 1
7662756 1
7668106 1
7675360 1
7682550 1
7706968 1
7706968 1
7709574 1
7710094 1
7726147 1
7737314 1
7740167 1
7745562 1
7760439 1
7761315 1
7763320 1
7776406 1
7780002 1
7785385 1
7786212 1
7806817 1
7841614 1
7850450 1
7855224 1
7868067 1
7917174 1
7918960 1
7934833 1
7938550 1
7949058 1
7959915 1
7970802 1
7990767 1
7995732 1
8026821 1
8032977 1
8044762 1
8044800 1
8049789 1
8049790 1
8051473 1
8052294 1
8104603 1
8107394 1
8149948 1
8152709 1
8159498 1
8170889 1
8177646 1
8179581 1
8179581 1
8179595 1
8179684 1
8185594 1
8190916 1
8197036 1
8198121 1
8202995 1
8206071 1
8208056 1
8221429 1
8223833 1
8225751 1
8230902 1
8232277 1
8233459 1
8236505 1
8242259 1
8242927 1
8255363 1
8272003 1
8273155 1
8274182 1
8276318 1
8305754 1
8305907 1
8307490 1
8309424 1
