8130 1
18763 1
18813 1
23860 1
28666 1
38876 1
40336 1
40635 1
46616 1
48196 1
49339 1
55625 1
58115 1
63745 1
77839 1
86400 1
105592 1
116412 1
130062 1
130477 1
133553 1
137910 1
140021 1
141385 1
145446 1
151137 1
153497 1
156065 1
170887 1
174255 1
178194 1
183944 1
186425 1
191104 1
194113 1
194954 1
198830 1
200994 1
209028 1
214535 1
217115 1
230606 1
237832 1
238824 1
238885 1
240318 1
245024 1
250551 1
256381 1
257065 1
257093 1
257172 1
257461 1
257858 1
264247 1
264688 1
266879 1
273231 1
274440 1
275299 1
275474 1
282291 1
282375 1
283568 1
284487 1
289188 1
295369 1
303734 1
311434 1
313554 1
316870 1
317995 1
318516 1
321395 1
321493 1
322303 1
331227 1
332943 1
333563 1
344066 1
348709 1
356609 1
365760 1
371864 1
374632 1
382452 1
383225 1
385213 1
387151 1
398631 1
400450 1
404293 1
408283 1
412583 1
424483 1
425036 1
427819 1
428860 1
430274 1
432931 1
449589 1
451274 1
451653 1
455429 1
458716 1
459019 1
461077 1
462867 1
466640 1
467269 1
473800 1
474063 1
488085 1
495892 1
495899 1
497855 1
502239 1
507313 1
509829 1
510324 1
511235 1
513058 1
514489 1
519128 1
521981 1
524409 1
530708 1
531699 1
533650 1
536581 1
537336 1
538127 1
546295 1
549551 1
552025 1
556177 1
565838 1
567585 1
570051 1
570671 1
573786 1
582033 1
591448 1
597584 1
602501 1
603576 1
605601 1
606539 1
609234 1
614452 1
619140 1
624079 1
624415 1
627071 1
627361 1
628524 1
633689 1
644391 1
651062 1
659428 1
664817 1
670160 1
672093 1
672731 1
675840 1
681660 1
682282 1
688106 1
692300 1
695194 1
699171 1
701892 1
702880 1
703274 1
708840 1
713611 1
716308 1
718879 1
719550 1
719771 1
720609 1
721643 1
726641 1
727529 1
731472 1
734086 1
736978 1
737517 1
741183 1
742789 1
742873 1
743788 1
744933 1
750900 1
753279 1
758447 1
764254 1
768787 1
775267 1
776064 1
781978 1
782862 1
784538 1
787439 1
790757 1
792430 1
795144 1
796430 1
800379 1
801844 1
807021 1
807840 1
810317 1
813636 1
814564 1
816935 1
819347 1
825103 1
837079 1
837360 1
839511 1
840109 1
842606 1
846050 1
846533 1
846935 1
848814 1
857005 1
857009 1
859410 1
862533 1
862873 1
863702 1
864667 1
865498 1
867176 1
871387 1
878164 1
880012 1
880682 1
890158 1
893525 1
905515 1
917261 1
919035 1
921105 1
925876 1
927951 1
935276 1
937668 1
937950 1
938553 1
938681 1
941155 1
942812 1
944879 1
947471 1
950633 1
951357 1
953438 1
953609 1
953735 1
954312 1
957359 1
962743 1
963826 1
964120 1
971043 1
971819 1
974780 1
978350 1
978801 1
979940 1
980314 1
983442 1
984653 1
985012 1
985484 1
985765 1
987229 1
995155 1
1005303 1
1007916 1
1009004 1
1011305 1
1013066 1
1018781 1
1021333 1
1027392 1
1028891 1
1029019 1
1030208 1
1030247 1
1031029 1
1031434 1
1041001 1
1052608 1
1052729 1
1054569 1
1061465 1
1064725 1
1068821 1
1072052 1
1073373 1
1079379 1
1080541 1
1081892 1
1085124 1
1090772 1
1091715 1
1093269 1
1099742 1
1105862 1
1107399 1
1110238 1
1112674 1
1113036 1
1113992 1
1117898 1
1125558 1
1143110 1
1145344 1
1151010 1
1151438 1
1165109 1
1165241 1
1179933 1
1187298 1
1189333 1
1191313 1
1193073 1
1200786 1
1200799 1
1205088 1
1206138 1
1211986 1
1221304 1
1222815 1
1224116 1
1224401 1
1224817 1
1225811 1
1231444 1
1233858 1
1242004 1
1258119 1
1259069 1
1264455 1
1266019 1
1273670 1
1274344 1
1277387 1
1282040 1
1284730 1
1290477 1
1292793 1
1296427 1
1297401 1
1297994 1
1301246 1
1301754 1
1303205 1
1307187 1
1307694 1
1308755 1
1314454 1
1314509 1
1315495 1
1316873 1
1317371 1
1319151 1
1322015 1
1322336 1
1327639 1
1331590 1
1333939 1
1339540 1
1341177 1
1342130 1
1343766 1
1355030 1
1355864 1
1356217 1
1359155 1
1361684 1
1365308 1
1366264 1
1367959 1
1370542 1
1371762 1
1373225 1
1375870 1
1378726 1
1381521 1
1383141 1
1385921 1
1389109 1
1389267 1
1389838 1
1393668 1
1393675 1
1397406 1
1400282 1
1400572 1
1405998 1
1406469 1
1407428 1
1409597 1
1411153 1
1419967 1
1420340 1
1432571 1
1435531 1
1437513 1
1438619 1
1443556 1
1447386 1
1456540 1
1469697 1
1471547 1
1473836 1
1474849 1
1475285 1
1478204 1
1480477 1
1484446 1
1493377 1
1493963 1
1500363 1
1504955 1
1506063 1
1506800 1
1507882 1
1514096 1
1520772 1
1523739 1
1525244 1
1528074 1
1528713 1
1531252 1
1533715 1
1539467 1
1539670 1
1548574 1
1549372 1
1552040 1
1552176 1
1552212 1
1557118 1
1560489 1
1566208 1
1568395 1
1568584 1
1569204 1
1571187 1
1573573 1
1588072 1
1588697 1
1590697 1
1590978 1
1591097 1
1600737 1
1602367 1
1602411 1
1604294 1
1606806 1
1608812 1
1611376 1
1619872 1
1619941 1
1620145 1
1625821 1
1627507 1
1629546 1
1629821 1
1630145 1
1633086 1
1634648 1
1637408 1
1637776 1
1640935 1
1643254 1
1645355 1
1645622 1
1645684 1
1647816 1
1649956 1
1651656 1
1656276 1
1657376 1
1661824 1
1663417 1
1664658 1
1673897 1
1674568 1
1675212 1
1675759 1
1682585 1
1685093 1
1690742 1
1694495 1
1700023 1
1700315 1
1701331 1
1705609 1
1705633 1
1706405 1
1713065 1
1716334 1
1716405 1
1717385 1
1717570 1
1717598 1
1721563 1
1724028 1
1725349 1
1729474 1
1730109 1
1730308 1
1733197 1
1740140 1
1744877 1
1747656 1
1747961 1
1754043 1
1756454 1
1759873 1
1761140 1
1761889 1
1762663 1
1772532 1
1773040 1
1775544 1
1780959 1
1782765 1
1784318 1
1787492 1
1792332 1
1797660 1
1801019 1
1808111 1
1810365 1
1815394 1
1815554 1
1820461 1
1825197 1
1826128 1
1826360 1
1829186 1
1829259 1
1833396 1
1833622 1
1844729 1
1849640 1
1849884 1
1853257 1
1855806 1
1856821 1
1861925 1
1880538 1
1882530 1
1885142 1
1888172 1
1889106 1
1891219 1
1897013 1
1897666 1
1899479 1
1899674 1
1901595 1
1905100 1
1910955 1
1912726 1
1914817 1
1917710 1
1918494 1
1920151 1
1920876 1
1934789 1
1935542 1
1938200 1
1940733 1
1941957 1
1944086 1
1947375 1
1947807 1
1952343 1
1956744 1
1958589 1
1964943 1
1969643 1
1973280 1
1978236 1
1982955 1
1992102 1
1994117 1
1996855 1
1999536 1
2001304 1
2001565 1
2005932 1
2006369 1
2008124 1
2009318 1
2010571 1
2012823 1
2016578 1
2016759 1
2022974 1
2025359 1
2025826 1
2033628 1
2034200 1
2037037 1
2040358 1
2044461 1
2048155 1
2048634 1
2048726 1
2052269 1
2052924 1
2055683 1
2058152 1
2058200 1
2058310 1
2060515 1
2062643 1
2068939 1
2069975 1
2073182 1
2073271 1
2073317 1
2075539 1
2078809 1
2085650 1
2085695 1
2087296 1
2088141 1
2090156 1
2094272 1
2094894 1
2095210 1
2096172 1
2097402 1
2097590 1
2100615 1
2107235 1
2111270 1
2112250 1
2112356 1
2112877 1
2137603 1
2140450 1
2143650 1
2149023 1
2152222 1
2155322 1
2155603 1
2156038 1
2158384 1
2158936 1
2160166 1
2164332 1
2167495 1
2167683 1
2169527 1
2170285 1
2176901 1
2178487 1
2183687 1
2187780 1
2189922 1
2198511 1
2198806 1
2200248 1
2201476 1
2203628 1
2203891 1
2204294 1
2213353 1
2231891 1
2232833 1
2233347 1
2233719 1
2234088 1
2239214 1
2240540 1
2246197 1
2246695 1
2249150 1
2256298 1
2256432 1
2257766 1
2257800 1
2259158 1
2259354 1
2262373 1
2263161 1
2267376 1
2273991 1
2274075 1
2274761 1
2285020 1
2285979 1
2288386 1
2290314 1
2291085 1
2294645 1
2298572 1
2301172 1
2303256 1
2305001 1
2306674 1
2307524 1
2307777 1
2310275 1
2314244 1
2314364 1
2315998 1
2334738 1
2339919 1
2346002 1
2346020 1
2349960 1
2358864 1
2358879 1
2360853 1
2360986 1
2361049 1
2373380 1
2375639 1
2377412 1
2382603 1
2383143 1
2383207 1
2389878 1
2390019 1
2393445 1
2394764 1
2396681 1
2398728 1
2402680 1
2403439 1
2407184 1
2408475 1
2409531 1
2412332 1
2412863 1
2418616 1
2418834 1
2419376 1
2421465 1
2423352 1
2423835 1
2430786 1
2433508 1
2435083 1
2436397 1
2444790 1
2446980 1
2457045 1
2457902 1
2458085 1
2462023 1
2470351 1
2470737 1
2483720 1
2485376 1
2485897 1
2489606 1
2491543 1
2493113 1
2498610 1
2501035 1
2501346 1
2502168 1
2506834 1
2507977 1
2509958 1
2518163 1
2519998 1
2520393 1
2522845 1
2529301 1
2534100 1
2536658 1
2536927 1
2537596 1
2539158 1
2539775 1
2541388 1
2542159 1
2550644 1
2557446 1
2560296 1
2560966 1
2561552 1
2563318 1
2563953 1
2565771 1
2568067 1
2568449 1
2568694 1
2568696 1
2569141 1
2569622 1
2570162 1
2579067 1
2579492 1
2579730 1
2579771 1
2579930 1
2582892 1
2583780 1
2583963 1
2586186 1
2587243 1
2588088 1
2589327 1
2591603 1
2593193 1
2595248 1
2599107 1
2602513 1
2605627 1
2611691 1
2612592 1
2615074 1
2615956 1
2617186 1
2619984 1
2634583 1
2637677 1
2639904 1
2648789 1
2649583 1
2650096 1
2651957 1
2655119 1
2658446 1
2666615 1
2679732 1
2684958 1
2685018 1
2685122 1
2685256 1
2686153 1
2692510 1
2695345 1
2695564 1
2697499 1
2699799 1
2703407 1
2703880 1
2706857 1
2711813 1
2715683 1
2715719 1
2716087 1
2719073 1
2722164 1
2722334 1
2725162 1
2726848 1
2729708 1
2730087 1
2731033 1
2731478 1
2734034 1
2735360 1
2736211 1
2747093 1
2748449 1
2759582 1
2760966 1
2769973 1
2783884 1
2785814 1
2788587 1
2789185 1
2801269 1
2803114 1
2803632 1
2804474 1
2804915 1
2810451 1
2817592 1
2817919 1
2823144 1
2833571 1
2834051 1
2834952 1
2835712 1
2839808 1
2849691 1
2852713 1
2852728 1
2855567 1
2859151 1
2859493 1
2861493 1
2863786 1
2867157 1
2867622 1
2870669 1
2873145 1
2876241 1
2879514 1
2879632 1
2880943 1
2881465 1
2883258 1
2886586 1
2888112 1
2888254 1
2895876 1
2896259 1
2899761 1
2900005 1
2900745 1
2903561 1
2905324 1
2921930 1
2927094 1
2927535 1
2929042 1
2929575 1
2935407 1
2936049 1
2939418 1
2939914 1
2943425 1
2944202 1
2946466 1
2946936 1
2949411 1
2954023 1
2966332 1
2966776 1
2966933 1
2971966 1
2972782 1
2978064 1
2978512 1
2979686 1
2983666 1
2984850 1
2986156 1
2987984 1
2989877 1
2990746 1
2991403 1
2992202 1
2992209 1
2993378 1
3000118 1
3000673 1
3003946 1
3004755 1
3015146 1
3015728 1
3019298 1
3024007 1
3026527 1
3031462 1
3033921 1
3036389 1
3037367 1
3040092 1
3043435 1
3048534 1
3049444 1
3052897 1
3053163 1
3059685 1
3065279 1
3065450 1
3068008 1
3069783 1
3074083 1
3074284 1
3074418 1
3074844 1
3075772 1
3078226 1
3078848 1
3090874 1
3092489 1
3093335 1
3093638 1
3096001 1
3096685 1
3097066 1
3098372 1
3103560 1
3112408 1
3112527 1
3112751 1
3119191 1
3119710 1
3120503 1
3124481 1
3124574 1
3125034 1
3128296 1
3140683 1
3141988 1
3143840 1
3148018 1
3151357 1
3152778 1
3153893 1
3157385 1
3161988 1
3162004 1
3163164 1
3166147 1
3167181 1
3168238 1
3170357 1
3171514 1
3171877 1
3192353 1
3192846 1
3201888 1
3204823 1
3209250 1
3214974 1
3221691 1
3223491 1
3234027 1
3242901 1
3246956 1
3252351 1
3254223 1
3254791 1
3261297 1
3275216 1
3275512 1
3276034 1
3276650 1
3278178 1
3284709 1
3292349 1
3299724 1
3305312 1
3305369 1
3306467 1
3308855 1
3308941 1
3309024 1
3310493 1
3319414 1
3319422 1
3320299 1
3321521 1
3321521 1
3323931 1
3336093 1
3361805 1
3364303 1
3374434 1
3376159 1
3384180 1
3384837 1
3388655 1
3391936 1
3404127 1
3405651 1
3409577 1
3416085 1
3418061 1
3427250 1
3430220 1
3430229 1
3433092 1
3433519 1
3433798 1
3436639 1
3437037 1
3438326 1
3439255 1
3442577 1
3442826 1
3443939 1
3446446 1
3448895 1
3452327 1
3458791 1
3463488 1
3463751 1
3464586 1
3468421 1
3469549 1
3470569 1
3471019 1
3471179 1
3472547 1
3473848 1
3474653 1
3477902 1
3479041 1
3479766 1
3484433 1
3493505 1
3496873 1
3498827 1
3506322 1
3506568 1
3507905 1
3507972 1
3512672 1
3523993 1
3525256 1
3538637 1
3538700 1
3542558 1
3544770 1
3544992 1
3545155 1
3547642 1
3547664 1
3550125 1
3552992 1
3559755 1
3563044 1
3564026 1
3564465 1
3567286 1
3567705 1
3569905 1
3571826 1
3581374 1
3583275 1
3584200 1
3584213 1
3584536 1
3591427 1
3595057 1
3595835 1
3595939 1
3598134 1
3599112 1
3599401 1
3600145 1
3603889 1
3606309 1
3613859 1
3614698 1
3615213 1
3615788 1
3618545 1
3619155 1
3622828 1
3625811 1
3625959 1
3626289 1
3626728 1
3632309 1
3636006 1
3638306 1
3640705 1
3648515 1
3650514 1
3659637 1
3669626 1
3671634 1
3673654 1
3678447 1
3684381 1
3687547 1
3692426 1
3698336 1
3699694 1
3699809 1
3700025 1
3700607 1
3700700 1
3700997 1
3705734 1
3707825 1
3712025 1
3712357 1
3712662 1
3718459 1
3718654 1
3723271 1
3724607 1
3726297 1
3727372 1
3729246 1
3730149 1
3730269 1
3736360 1
3739283 1
3740342 1
3742831 1
3745003 1
3746180 1
3746609 1
3750130 1
3751268 1
3753500 1
3758628 1
3759743 1
3761352 1
3767298 1
3770366 1
3774603 1
3775203 1
3777132 1
3777960 1
3778374 1
3779504 1
3780193 1
3782338 1
3784079 1
3795179 1
3797666 1
3801094 1
3806389 1
3813898 1
3814511 1
3819714 1
3823518 1
3836687 1
3838731 1
3839186 1
3839262 1
3852266 1
3852763 1
3853862 1
3858024 1
3863078 1
3865708 1
3868374 1
3869700 1
3874331 1
3877986 1
3878674 1
3879762 1
3880991 1
3884801 1
3887411 1
3890825 1
3895693 1
3896078 1
3899004 1
3900891 1
3911408 1
3913187 1
3920946 1
3932342 1
3932345 1
3937713 1
3951526 1
3952076 1
3954937 1
3955085 1
3960252 1
3961342 1
3962253 1
3969757 1
3970229 1
3970377 1
3973829 1
3975066 1
3983249 1
3983821 1
3985885 1
3994285 1
4001419 1
4008259 1
4013058 1
4013314 1
4013469 1
4015844 1
4017130 1
4017891 1
4021748 1
4022391 1
4023140 1
4023751 1
4025958 1
4027010 1
4027692 1
4028203 1
4032074 1
4036243 1
4037415 1
4039091 1
4039756 1
4049620 1
4050538 1
4053924 1
4054763 1
4055322 1
4055898 1
4056783 1
4058765 1
4062985 1
4068603 1
4068672 1
4069765 1
4069794 1
4073478 1
4075548 1
4076041 1
4082005 1
4084220 1
4087777 1
4089641 1
4090377 1
4090829 1
4094418 1
4103453 1
4104857 1
4105413 1
4110687 1
4115369 1
4116993 1
4118218 1
4123662 1
4140647 1
4153993 1
4160252 1
4162412 1
4163659 1
4164058 1
4166704 1
4169379 1
4170763 1
4178579 1
4179691 1
4181172 1
4186909 1
4195401 1
4196881 1
4203005 1
4203216 1
4206842 1
4211933 1
4215733 1
4216137 1
4218607 1
4219502 1
4219517 1
4229647 1
4239435 1
4241073 1
4242222 1
4250465 1
4254294 1
4263207 1
4264602 1
4264620 1
4271573 1
4284676 1
4285254 1
4289999 1
4293811 1
4297043 1
4298358 1
4298505 1
4299659 1
4300284 1
4304538 1
4308803 1
4313068 1
4315891 1
4325056 1
4326803 1
4327877 1
4340147 1
4346708 1
4350389 1
4351311 1
4353560 1
4361917 1
4372538 1
4379492 1
4382003 1
4383776 1
4390525 1
4393839 1
4394991 1
4396291 1
4398350 1
4400013 1
4404852 1
4404868 1
4409093 1
4412765 1
4415404 1
4416741 1
4417176 1
4418123 1
4420417 1
4424808 1
4425933 1
4438274 1
4441897 1
4441940 1
4442834 1
4446633 1
4448881 1
4449253 1
4453900 1
4461945 1
4462514 1
4463193 1
4465997 1
4470120 1
4471197 1
4473655 1
4476723 1
4477999 1
4479713 1
4481464 1
4483656 1
4483797 1
4483834 1
4484911 1
4485406 1
4490301 1
4491455 1
4493577 1
4496409 1
4497791 1
4498179 1
4500480 1
4501463 1
4501901 1
4505901 1
4517644 1
4522754 1
4523106 1
4525288 1
4528013 1
4531323 1
4534275 1
4535156 1
4537575 1
4537984 1
4539900 1
4541329 1
4546360 1
4547512 1
4553309 1
4553320 1
4557050 1
4576972 1
4582127 1
4584169 1
4587933 1
4591373 1
4593307 1
4596586 1
4606580 1
4611200 1
4616532 1
4619157 1
4620636 1
4624069 1
4629898 1
4632943 1
4634413 1
4636674 1
4639007 1
4641738 1
4644737 1
4647143 1
4649388 1
4649794 1
4658120 1
4658752 1
4659208 1
4659604 1
4667298 1
4670650 1
4671210 1
4677582 1
4679739 1
4681419 1
4684068 1
4688970 1
4691730 1
4696563 1
4696992 1
4697100 1
4698173 1
4698900 1
4699295 1
4704927 1
4706890 1
4709752 1
4715567 1
4720209 1
4729994 1
4730424 1
4731776 1
4736981 1
4743451 1
4745433 1
4750057 1
4757653 1
4761479 1
4765778 1
4767578 1
4767616 1
4776389 1
4785306 1
4790989 1
4791841 1
4794391 1
4794415 1
4795862 1
4797214 1
4797760 1
4798243 1
4798442 1
4805588 1
4805957 1
4810619 1
4812022 1
4812219 1
4812310 1
4813779 1
4813857 1
4816520 1
4817809 1
4818171 1
4822302 1
4831489 1
4832402 1
4839642 1
4840945 1
4844578 1
4849242 1
4849934 1
4852427 1
4855250 1
4861817 1
4862066 1
4863033 1
4865406 1
4866481 1
4867375 1
4870391 1
4870995 1
4871938 1
4873856 1
4874100 1
4874492 1
4875566 1
4879079 1
4879383 1
4880832 1
4881123 1
4881893 1
4883305 1
4889062 1
4893297 1
4899447 1
4900040 1
4900264 1
4900400 1
4900448 1
4900674 1
4901139 1
4903700 1
4905781 1
4906144 1
4906644 1
4909427 1
4909683 1
4913922 1
4914777 1
4915752 1
4920847 1
4923408 1
4925702 1
4927891 1
4928201 1
4928993 1
4929134 1
4930706 1
4945724 1
4945951 1
4946235 1
4948140 1
4952027 1
4956653 1
4960733 1
4961079 1
4962952 1
4963673 1
4964622 1
4965581 1
4967843 1
4969205 1
4970302 1
4974501 1
4974887 1
4978611 1
4979698 1
4984497 1
4985053 1
4985502 1
4986716 1
4988715 1
4990240 1
4997255 1
4999138 1
5002291 1
5002466 1
5002531 1
5002681 1
5006191 1
5008320 1
5011531 1
5024529 1
5030115 1
5042200 1
5047212 1
5048011 1
5048336 1
5050582 1
5051021 1
5072262 1
5075810 1
5078551 1
5080378 1
5082246 1
5088068 1
5090338 1
5110713 1
5114344 1
5116637 1
5116644 1
5120172 1
5120952 1
5138176 1
5138335 1
5140180 1
5141612 1
5145284 1
5146278 1
5149601 1
5153368 1
5158796 1
5159463 1
5164469 1
5168462 1
5174344 1
5177730 1
5178380 1
5179098 1
5184429 1
5184722 1
5186075 1
5188296 1
5192150 1
5194477 1
5203931 1
5204072 1
5208850 1
5211868 1
5212853 1
5216359 1
5216436 1
5217364 1
5221672 1
5223499 1
5227344 1
5229876 1
5235439 1
5239660 1
5240613 1
5241370 1
5241862 1
5242711 1
5243831 1
5246360 1
5247072 1
5252696 1
5252981 1
5253707 1
5256866 1
5258519 1
5260224 1
5261056 1
5266878 1
5268158 1
5268798 1
5271263 1
5280127 1
5281188 1
5293742 1
5293925 1
5299787 1
5303530 1
5317056 1
5318553 1
5319132 1
5320493 1
5323830 1
5328476 1
5330102 1
5330264 1
5330936 1
5331928 1
5344234 1
5346093 1
5347073 1
5354806 1
5356427 1
5358410 1
5361145 1
5363597 1
5363607 1
5364171 1
5364211 1
5366065 1
5367291 1
5371392 1
5371458 1
5374554 1
5376971 1
5384888 1
5391641 1
5393440 1
5394933 1
5403358 1
5408992 1
5418529 1
5421912 1
5422102 1
5423479 1
5426764 1
5430376 1
5430554 1
5432889 1
5434129 1
5434572 1
5440559 1
5441130 1
5441558 1
5444833 1
5445315 1
5449203 1
5450594 1
5455600 1
5458591 1
5465173 1
5467881 1
5470993 1
5474715 1
5476983 1
5479772 1
5483626 1
5485338 1
5495626 1
5497270 1
5505145 1
5516653 1
5516743 1
5518576 1
5529315 1
5533623 1
5535031 1
5536288 1
5537872 1
5538040 1
5538544 1
5538896 1
5540042 1
5544981 1
5549732 1
5550371 1
5550396 1
5553342 1
5553615 1
5554690 1
5555389 1
5556458 1
5557046 1
5558896 1
5565325 1
5565790 1
5569558 1
5570599 1
5570683 1
5570823 1
5571322 1
5572654 1
5575298 1
5575358 1
5575636 1
5576220 1
5576497 1
5590008 1
5593441 1
5594953 1
5595968 1
5601515 1
5602838 1
5602977 1
5603373 1
5607104 1
5607865 1
5609349 1
5612211 1
5618253 1
5621539 1
5634643 1
5637168 1
5637729 1
5638085 1
5638251 1
5639273 1
5641959 1
5647285 1
5648020 1
5649161 1
5651008 1
5651696 1
5656599 1
5659870 1
5662036 1
5666128 1
5674476 1
5679385 1
5681578 1
5682418 1
5683068 1
5684348 1
5690489 1
5692630 1
5698061 1
5712418 1
5714124 1
5714421 1
5716168 1
5725168 1
5726845 1
5732633 1
5733262 1
5734557 1
5738745 1
5743695 1
5748670 1
5758225 1
5762797 1
5765067 1
5765304 1
5769032 1
5769234 1
5769647 1
5769705 1
5769850 1
5773422 1
5776112 1
5776207 1
5781901 1
5783518 1
5788264 1
5790028 1
5791073 1
5804651 1
5804967 1
5805648 1
5810341 1
5819469 1
5819654 1
5820149 1
5821068 1
5824941 1
5825357 1
5826969 1
5830732 1
5831936 1
5851930 1
5852128 1
5854677 1
5868288 1
5868771 1
5868862 1
5868872 1
5869019 1
5887379 1
5887379 1
5887964 1
5890773 1
5891398 1
5891619 1
5893579 1
5895340 1
5896344 1
5902268 1
5903591 1
5906365 1
5906561 1
5913598 1
5916592 1
5921355 1
5921508 1
5922222 1
5929778 1
5930608 1
5935054 1
5938887 1
5939832 1
5946054 1
5946236 1
5948049 1
5948362 1
5954753 1
5955353 1
5955394 1
5957118 1
5961150 1
5962082 1
5967289 1
5969499 1
5970012 1
5974227 1
5974824 1
5979193 1
5980025 1
5980496 1
5980618 1
5982045 1
5984463 1
5986659 1
5986715 1
5994989 1
5995311 1
5998284 1
5999471 1
6011423 1
6012755 1
6015297 1
6016701 1
6017969 1
6018094 1
6020164 1
6023394 1
6026605 1
6027622 1
6028542 1
6033557 1
6034857 1
6038971 1
6043895 1
6044279 1
6049285 1
6050390 1
6050743 1
6053614 1
6056560 1
6059182 1
6060826 1
6061446 1
6064863 1
6066014 1
6066682 1
6067813 1
6070509 1
6070767 1
6071826 1
6074784 1
6082803 1
6085307 1
6086321 1
6086644 1
6092285 1
6097556 1
6097663 1
6098661 1
6107004 1
6107106 1
6107971 1
6113589 1
6119795 1
6120133 1
6120553 1
6122478 1
6123057 1
6125390 1
6129327 1
6129876 1
6134893 1
6135673 1
6138594 1
6148688 1
6149318 1
6151285 1
6151686 1
6153240 1
6153251 1
6160501 1
6160609 1
6162234 1
6165051 1
6177623 1
6180538 1
6182687 1
6182943 1
6186918 1
6191979 1
6193424 1
6194610 1
6198528 1
6198550 1
6208160 1
6224998 1
6227874 1
6228602 1
6231147 1
6231850 1
6233463 1
6240327 1
6240479 1
6249244 1
6255689 1
6260045 1
6260676 1
6263742 1
6265375 1
6265595 1
6270986 1
6271048 1
6271548 1
6279322 1
6280743 1
6282147 1
6282624 1
6286053 1
6293921 1
6294949 1
6299593 1
6300808 1
6302024 1
6303057 1
6303488 1
6305353 1
6306506 1
6310573 1
6311435 1
6315524 1
6315927 1
6316099 1
6323833 1
6324144 1
6326776 1
6326813 1
6330538 1
6330608 1
6336142 1
6337786 1
6338324 1
6338810 1
6339752 1
6339753 1
6341660 1
6342969 1
6353110 1
6353730 1
6354246 1
6354562 1
6361089 1
6361465 1
6363143 1
6370787 1
6375164 1
6376258 1
6378563 1
6386031 1
6390243 1
6394798 1
6396027 1
6396351 1
6396860 1
6397503 1
6398531 1
6399907 1
6402140 1
6412092 1
6416071 1
6421168 1
6422063 1
6423771 1
6424445 1
6425811 1
6428667 1
6429762 1
6430924 1
6434067 1
6435920 1
6440506 1
6440788 1
6447310 1
6448667 1
6455435 1
6458569 1
6459500 1
6459912 1
6471023 1
6471403 1
6473423 1
6474481 1
6475399 1
6478038 1
6481960 1
6485798 1
6493929 1
6497766 1
6500941 1
6502133 1
6504563 1
6510731 1
6511354 1
6512261 1
6529200 1
6533474 1
6534548 1
6537017 1
6538293 1
6542374 1
6544221 1
6547806 1
6554864 1
6558119 1
6561483 1
6563690 1
6572926 1
6581543 1
6586577 1
6590524 1
6591079 1
6591623 1
6598953 1
6605854 1
6606578 1
6608620 1
6613212 1
6620143 1
6621624 1
6623791 1
6624270 1
6626112 1
6626429 1
6627035 1
6631364 1
6633033 1
6633100 1
6635080 1
6635090 1
6635784 1
6636511 1
6641109 1
6645344 1
6648274 1
6650079 1
6652942 1
6653737 1
6662656 1
6663528 1
6663911 1
6666060 1
6667261 1
6667475 1
6673581 1
6673993 1
6675154 1
6675973 1
6683701 1
6684514 1
6688376 1
6691734 1
6696990 1
6697236 1
6709072 1
6712864 1
6714536 1
6721168 1
6722803 1
6723897 1
6729466 1
6733095 1
6733606 1
6738833 1
6741502 1
6742592 1
6750873 1
6752756 1
6754443 1
6755151 1
6756518 1
6761478 1
6763441 1
6765337 1
6768375 1
6769020 1
6769872 1
6783331 1
6784145 1
6792863 1
6801919 1
6802559 1
6802713 1
6806887 1
6807288 1
6810529 1
6810757 1
6812025 1
6819466 1
6822862 1
6828875 1
6829962 1
6834797 1
6841143 1
6841896 1
6846620 1
6849452 1
6850246 1
6851593 1
6856117 1
6858813 1
6859651 1
6860093 1
6864775 1
6869706 1
6870333 1
6876535 1
6878992 1
6879844 1
6881441 1
6883380 1
6883821 1
6883998 1
6884360 1
6884722 1
6885193 1
6890046 1
6896143 1
6897171 1
6897194 1
6898030 1
6899771 1
6900910 1
6902622 1
6908413 1
6909116 1
6911801 1
6912457 1
6914591 1
6924293 1
6925195 1
6926073 1
6927682 1
6928842 1
6929331 1
6930511 1
6930834 1
6931436 1
6934495 1
6940922 1
6943746 1
6945053 1
6953940 1
6954685 1
6956372 1
6965704 1
6966288 1
6973209 1
6973958 1
6975628 1
6976601 1
6977466 1
6981696 1
6991189 1
6992173 1
6998189 1
7002478 1
7005004 1
7006974 1
7008793 1
7009960 1
7016402 1
7020966 1
7025362 1
7028121 1
7030762 1
7039122 1
7049178 1
7055328 1
7065023 1
7068130 1
7068889 1
7070597 1
7073847 1
7075762 1
7079148 1
7083533 1
7095252 1
7099381 1
7099635 1
7106834 1
7111339 1
7113504 1
7117448 1
7118274 1
7119117 1
7119929 1
7123538 1
7126142 1
7129773 1
7132528 1
7134420 1
7135549 1
7137170 1
7137182 1
7138243 1
7139386 1
7140083 1
7142646 1
7143332 1
7143506 1
7150840 1
7154530 1
7163909 1
7168910 1
7171346 1
7174865 1
7175054 1
7175195 1
7175362 1
7179657 1
7180480 1
7192729 1
7195856 1
7203082 1
7203737 1
7205806 1
7205820 1
7209115 1
7212854 1
7214107 1
7217046 1
7225280 1
7226280 1
7226531 1
7226577 1
7229119 1
7235871 1
7243083 1
7244412 1
7244952 1
7249854 1
7256829 1
7257018 1
7265923 1
7266578 1
7266630 1
7267149 1
7268908 1
7276180 1
7276851 1
7278169 1
7289878 1
7290710 1
7292140 1
7292917 1
7294629 1
7296643 1
7303186 1
7304188 1
7311915 1
7315265 1
7321836 1
7323856 1
7329529 1
7330197 1
7330785 1
7334824 1
7336119 1
7337798 1
7341173 1
7341403 1
7342233 1
7345004 1
7349676 1
7357494 1
7357713 1
7360754 1
7362934 1
7364014 1
7369321 1
7373839 1
7373877 1
7375620 1
7375916 1
7387935 1
7389459 1
7394049 1
7394968 1
7398053 1
7400896 1
7400950 1
7403533 1
7404008 1
7406828 1
7409572 1
7419194 1
7419650 1
7420330 1
7420868 1
7426157 1
7426841 1
7435106 1
7443805 1
7444678 1
7449064 1
7454778 1
7456164 1
7460962 1
7461708 1
7463562 1
7464501 1
7474032 1
7474039 1
7475846 1
7476788 1
7486664 1
7492304 1
7492731 1
7493062 1
7501855 1
7504321 1
7506749 1
7509343 1
7510496 1
7510521 1
7510774 1
7513842 1
7521070 1
7523197 1
7524071 1
7530702 1
7531852 1
7533923 1
7535555 1
7536485 1
7540220 1
7541524 1
7541815 1
7542006 1
7542703 1
7543081 1
7544278 1
7563822 1
7563823 1
7568679 1
7571915 1
7574265 1
7578095 1
7579708 1
7579991 1
7582702 1
7589965 1
7590098 1
7591708 1
7595319 1
7595985 1
7596740 1
7597501 1
7598108 1
7600957 1
7601113 1
7607960 1
7608580 1
7613526 1
7617274 1
7637055 1
7648341 1
7657431 1
7657431 1
7659629 1
7668644 1
7669113 1
7675461 1
7680994 1
7683445 1
7688646 1
7692769 1
7696985 1
7699840 1
7701346 1
7702626 1
7703693 1
7705774 1
7707643 1
7710233 1
7711290 1
7713912 1
7715825 1
7715826 1
7716455 1
7727632 1
7727738 1
7728910 1
7729326 1
7736839 1
7742161 1
7745654 1
7749116 1
7750621 1
7750922 1
7755271 1
7759307 1
7759669 1
7764946 1
7768789 1
7770815 1
7772457 1
7774849 1
7776090 1
7780695 1
7783867 1
7784007 1
7786314 1
7788264 1
7811083 1
7811656 1
7824062 1
7829549 1
7830294 1
7831929 1
7837223 1
7840301 1
7842992 1
7845119 1
7847219 1
7854114 1
7854331 1
7856131 1
7857318 1
7859745 1
7863719 1
7865136 1
7866460 1
7867270 1
7867712 1
7869575 1
7870771 1
7871131 1
7874505 1
7876619 1
7884216 1
7884762 1
7889325 1
7891387 1
7891933 1
7892031 1
7893865 1
7902572 1
7902585 1
7904951 1
7911266 1
7911838 1
7914875 1
7914909 1
7916639 1
7917988 1
7918138 1
7925048 1
7925050 1
7930438 1
7930794 1
7936148 1
7938936 1
7940561 1
7941318 1
7946874 1
7951446 1
7956645 1
7958742 1
7961401 1
7963954 1
7971062 1
7971223 1
7973112 1
7979877 1
7981897 1
7983401 1
7984853 1
7987228 1
7991727 1
7993116 1
7993992 1
7994310 1
7994339 1
7997923 1
8017637 1
8021295 1
8021923 1
8022532 1
8025056 1
8027014 1
8027546 1
8046158 1
8052053 1
8053001 1
8053081 1
8053984 1
8057146 1
8067500 1
8074053 1
8076832 1
8082025 1
8084035 1
8096745 1
8103706 1
8106186 1
8107235 1
8107653 1
8114700 1
8116070 1
8129240 1
8142581 1
8142760 1
8153018 1
8154604 1
8155674 1
8162706 1
8163653 1
8172087 1
8174109 1
8175631 1
8180964 1
8181807 1
8185301 1
8186273 1
8194877 1
8197944 1
8202744 1
8206345 1
8209511 1
8211250 1
8215484 1
8217969 1
8227659 1
8229986 1
8230221 1
8230719 1
8237337 1
8244488 1
8248970 1
8262071 1
8264403 1
8268687 1
8270027 1
8270765 1
8270843 1
8270922 1
8278491 1
8288856 1
8289372 1
8299020 1
8299806 1
8300798 1
8310467 1
2726 1
8151 1
11705 1
29004 1
29221 1
29812 1
32647 1
39940 1
40980 1
42570 1
45873 1
48487 1
50851 1
53605 1
54567 1
68494 1
68698 1
76690 1
95641 1
100227 1
109198 1
110798 1
113691 1
117764 1
120677 1
122508 1
126163 1
138425 1
142016 1
142992 1
144430 1
152482 1
154258 1
155717 1
169659 1
170520 1
174055 1
179748 1
184575 1
195483 1
202839 1
205718 1
208254 1
210511 1
212192 1
218105 1
218202 1
219790 1
222440 1
226581 1
227011 1
229054 1
236303 1
239680 1
240341 1
249460 1
251711 1
252286 1
256207 1
258082 1
266889 1
274523 1
281408 1
282740 1
290021 1
291404 1
292971 1
293926 1
294040 1
294378 1
296604 1
297524 1
297742 1
311880 1
317140 1
317144 1
318016 1
318018 1
320266 1
320839 1
321190 1
321403 1
321948 1
328448 1
330548 1
331148 1
333823 1
341733 1
343872 1
347883 1
351686 1
352074 1
354122 1
357794 1
359062 1
363050 1
364518 1
365771 1
366213 1
374268 1
377372 1
379928 1
381745 1
382108 1
384252 1
386379 1
403646 1
407788 1
421871 1
425712 1
425953 1
430451 1
434003 1
436497 1
450190 1
454321 1
455201 1
457275 1
457911 1
461188 1
461195 1
462933 1
463281 1
463467 1
473793 1
475761 1
479588 1
482085 1
487652 1
489561 1
492602 1
493717 1
494456 1
497905 1
500354 1
506180 1
506193 1
511700 1
512628 1
517113 1
519470 1
519601 1
522896 1
527432 1
529251 1
531428 1
544337 1
554123 1
558913 1
562728 1
566918 1
568575 1
572030 1
572467 1
575520 1
580710 1
584708 1
590520 1
590934 1
596391 1
598359 1
600512 1
600662 1
614938 1
618764 1
622942 1
627986 1
633384 1
633837 1
640099 1
641025 1
642232 1
645379 1
645564 1
647160 1
648871 1
650307 1
653922 1
663041 1
671301 1
675256 1
679316 1
679405 1
681350 1
684090 1
684706 1
685518 1
689408 1
695933 1
700744 1
704590 1
709451 1
709688 1
711638 1
715127 1
715892 1
716419 1
717296 1
717497 1
720406 1
725404 1
728947 1
733405 1
734653 1
741380 1
744060 1
751448 1
757097 1
759390 1
761057 1
763783 1
766325 1
766809 1
768528 1
769341 1
769354 1
775953 1
779278 1
787426 1
792575 1
794837 1
801618 1
806805 1
806933 1
807519 1
810578 1
814647 1
818105 1
823119 1
834395 1
839952 1
841878 1
844280 1
845814 1
854237 1
856831 1
863622 1
868995 1
872074 1
873258 1
880046 1
884189 1
884741 1
891369 1
900493 1
907936 1
910110 1
914664 1
917697 1
924479 1
924967 1
926551 1
926690 1
927822 1
928537 1
929380 1
930179 1
933763 1
938244 1
938938 1
943500 1
945111 1
947513 1
950521 1
953751 1
960693 1
962154 1
966248 1
981497 1
984172 1
984919 1
985827 1
986092 1
997577 1
1001482 1
1016580 1
1018397 1
1020048 1
1021841 1
1024775 1
1030970 1
1032290 1
1032773 1
1042302 1
1042848 1
1042849 1
1044002 1
1052571 1
1055248 1
1067486 1
1068270 1
1071660 1
1071805 1
1073766 1
1074252 1
1077182 1
1080754 1
1080895 1
1086142 1
1088297 1
1090843 1
1095947 1
1096123 1
1097979 1
1098390 1
1099477 1
1099775 1
1104503 1
1105414 1
1106982 1
1107816 1
1108155 1
1112640 1
1116845 1
1117694 1
1118372 1
1124739 1
1132886 1
1135504 1
1136742 1
1136942 1
1138492 1
1138733 1
1138833 1
1139176 1
1144249 1
1144843 1
1173288 1
1174042 1
1186082 1
1191065 1
1193750 1
1199074 1
1199205 1
1200389 1
1216211 1
1219387 1
1220725 1
1227291 1
1228004 1
1233760 1
1235799 1
1237153 1
1240474 1
1240671 1
1240928 1
1241646 1
1242392 1
1246456 1
1257715 1
1257868 1
1257936 1
1258686 1
1261663 1
1262722 1
1264721 1
1264904 1
1267668 1
1268081 1
1269941 1
1273923 1
1275328 1
1275925 1
1276092 1
1284322 1
1289997 1
1290893 1
1293096 1
1294269 1
1301667 1
1304347 1
1307483 1
1311003 1
1315454 1
1315485 1
1318722 1
1320244 1
1320578 1
1323775 1
1324530 1
1327079 1
1329112 1
1331641 1
1334242 1
1336370 1
1336397 1
1337715 1
1344566 1
1348669 1
1349087 1
1351544 1
1357863 1
1364388 1
1365444 1
1365740 1
1370068 1
1376645 1
1377237 1
1377569 1
1377949 1
1380417 1
1382007 1
1393492 1
1397328 1
1397520 1
1399484 1
1400740 1
1400864 1
1407684 1
1411141 1
1412972 1
1415215 1
1416118 1
1416777 1
1422271 1
1422541 1
1422822 1
1428640 1
1429378 1
1433321 1
1435509 1
1439041 1
1439423 1
1440797 1
1444978 1
1445738 1
1445955 1
1446979 1
1447088 1
1447453 1
1451998 1
1452287 1
1457986 1
1463177 1
1463555 1
1466745 1
1472014 1
1472208 1
1473676 1
1474607 1
1480315 1
1480411 1
1484925 1
1490510 1
1491464 1
1492744 1
1495425 1
1497023 1
1497687 1
1501142 1
1501767 1
1502704 1
1503594 1
1508769 1
1510095 1
1516505 1
1516903 1
1516904 1
1519687 1
1523954 1
1525043 1
1525155 1
1526267 1
1527070 1
1527478 1
1532708 1
1546080 1
1547198 1
1553272 1
1554362 1
1554668 1
1555013 1
1563231 1
1568242 1
1569919 1
1570991 1
1578033 1
1578645 1
1581764 1
1582226 1
1593525 1
1598287 1
1602998 1
1604807 1
1610107 1
1615005 1
1619802 1
1619900 1
1622352 1
1623164 1
1624170 1
1624380 1
1624445 1
1625418 1
1630033 1
1630295 1
1631048 1
1633745 1
1635891 1
1640140 1
1641816 1
1642159 1
1647776 1
1649616 1
1651259 1
1657786 1
1659830 1
1662951 1
1664423 1
1666935 1
1667727 1
1676753 1
1683210 1
1683749 1
1685611 1
1687312 1
1687472 1
1688484 1
1689611 1
1689639 1
1689664 1
1692005 1
1694501 1
1695200 1
1703586 1
1712874 1
1716104 1
1727655 1
1729765 1
1730231 1
1737834 1
1739302 1
1744864 1
1745941 1
1761066 1
1768649 1
1768749 1
1769653 1
1769967 1
1770204 1
1770885 1
1773579 1
1779072 1
1782712 1
1782712 1
1784268 1
1785804 1
1788322 1
1790666 1
1792180 1
1793463 1
1793856 1
1795338 1
1796029 1
1798270 1
1799449 1
1803973 1
1804774 1
1806464 1
1807522 1
1808517 1
1809168 1
1809659 1
1814110 1
1815463 1
1818395 1
1828399 1
1828516 1
1830121 1
1830569 1
1832630 1
1832972 1
1833476 1
1846921 1
1847492 1
1847669 1
1850830 1
1853874 1
1853884 1
1853985 1
1858237 1
1860450 1
1861893 1
1863055 1
1865538 1
1872559 1
1874625 1
1875814 1
1878930 1
1891163 1
1891370 1
1895685 1
1896975 1
1899658 1
1900398 1
1900692 1
1905334 1
1906142 1
1906452 1
1906976 1
1907807 1
1909149 1
1910387 1
1911118 1
1911335 1
1913396 1
1919401 1
1922899 1
1924146 1
1933922 1
1934737 1
1937110 1
1937536 1
1942206 1
1946703 1
1947287 1
1953574 1
1960224 1
1966363 1
1978757 1
1980097 1
1980332 1
1994024 1
1995624 1
2001904 1
2008410 1
2014106 1
2014532 1
2015764 1
2015774 1
2015812 1
2016549 1
2017326 1
2017968 1
2031531 1
2032378 1
2039579 1
2042516 1
2044435 1
2051023 1
2051491 1
2057040 1
2070005 1
2070168 1
2074474 1
2076265 1
2084645 1
2091413 1
2092459 1
2093784 1
2103610 1
2103713 1
2108481 1
2110436 1
2110766 1
2113456 1
2113485 1
2113663 1
2115405 1
2117941 1
2124655 1
2126654 1
2126790 1
2130016 1
2139679 1
2142598 1
2149960 1
2150267 1
2151160 1
2152278 1
2160994 1
2165422 1
2168912 1
2173154 1
2174040 1
2178539 1
2178707 1
2179078 1
2183679 1
2183760 1
2185912 1
2188318 1
2189828 1
2190505 1
2196685 1
2202368 1
2203366 1
2204604 1
2210708 1
2212221 1
2213563 1
2220186 1
2221255 1
2225290 1
2227144 1
2227250 1
2229204 1
2230244 1
2233152 1
2236263 1
2237848 1
2238162 1
2239371 1
2239925 1
2248081 1
2250419 1
2250922 1
2251567 1
2256150 1
2256560 1
2258467 1
2258751 1
2264672 1
2271602 1
2272269 1
2272970 1
2274231 1
2275602 1
2282310 1
2283229 1
2283791 1
2287031 1
2288073 1
2292328 1
2296567 1
2301645 1
2310102 1
2310281 1
2313281 1
2319023 1
2321499 1
2321574 1
2323611 1
2326709 1
2337833 1
2359608 1
2359846 1
2359969 1
2360435 1
2364285 1
2366203 1
2369126 1
2376909 1
2377086 1
2377756 1
2382766 1
2383684 1
2383904 1
2384862 1
2386490 1
2390087 1
2391823 1
2392262 1
2393479 1
2397706 1
2404060 1
2405194 1
2406998 1
2409159 1
2415868 1
2423238 1
2423929 1
2424467 1
2429340 1
2430286 1
2430376 1
2432890 1
2439909 1
2444199 1
2451383 1
2452829 1
2454902 1
2456089 1
2456909 1
2465334 1
2465905 1
2469715 1
2470461 1
2476713 1
2476934 1
2477003 1
2477631 1
2478325 1
2478651 1
2480801 1
2496042 1
2497142 1
2498420 1
2502839 1
2504511 1
2509045 1
2521898 1
2528738 1
2531536 1
2532048 1
2532581 1
2536081 1
2543922 1
2544018 1
2544233 1
2545017 1
2547789 1
2548017 1
2548366 1
2550770 1
2551214 1
2551373 1
2561197 1
2563831 1
2564851 1
2566569 1
2569312 1
2577040 1
2579529 1
2579958 1
2582628 1
2587443 1
2588035 1
2588984 1
2592858 1
2604018 1
2605789 1
2608436 1
2609147 1
2609780 1
2611070 1
2612669 1
2615828 1
2616032 1
2622858 1
2625157 1
2635735 1
2637042 1
2640852 1
2643070 1
2651530 1
2653918 1
2654155 1
2654849 1
2676897 1
2679556 1
2680895 1
2684670 1
2687596 1
2694580 1
2694693 1
2697219 1
2701816 1
2702545 1
2707063 1
2718878 1
2719731 1
2721850 1
2721953 1
2722670 1
2728114 1
2730362 1
2730716 1
2731373 1
2731374 1
2731515 1
2733813 1
2736924 1
2737026 1
2741094 1
2750338 1
2761941 1
2769180 1
2769560 1
2772786 1
2777268 1
2781300 1
2783785 1
2784871 1
2789167 1
2791927 1
2797593 1
2800385 1
2800824 1
2801133 1
2807929 1
2810997 1
2813878 1
2818139 1
2823834 1
2829825 1
2836480 1
2837917 1
2839954 1
2840005 1
2843119 1
2843669 1
2846943 1
2848103 1
2849357 1
2851170 1
2851621 1
2852904 1
2859926 1
2861666 1
2864375 1
2870442 1
2877714 1
2878576 1
2878670 1
2880350 1
2882220 1
2882758 1
2883315 1
2886135 1
2887653 1
2888362 1
2888829 1
2893773 1
2896200 1
2903839 1
2912535 1
2913462 1
2916282 1
2922989 1
2924105 1
2926482 1
2928562 1
2939882 1
2941694 1
2942684 1
2943526 1
2944302 1
2945757 1
2947202 1
2957593 1
2957915 1
2961741 1
2962472 1
2962651 1
2964137 1
2965452 1
2965846 1
2967537 1
2969183 1
2969998 1
2971287 1
2974848 1
2975284 1
2976251 1
2990458 1
2992549 1
2994413 1
2995399 1
2995627 1
2996535 1
3006388 1
3009021 1
3009197 1
3009551 1
3014073 1
3015665 1
3015692 1
3022667 1
3024183 1
3024307 1
3024957 1
3030313 1
3037705 1
3040820 1
3041182 1
3041277 1
3044218 1
3045807 1
3054541 1
3056830 1
3068678 1
3074321 1
3077756 1
3079806 1
3081464 1
3082264 1
3084091 1
3086725 1
3087096 1
3090820 1
3113435 1
3115136 1
3115252 1
3117008 1
3120244 1
3123075 1
3125069 1
3127323 1
3140625 1
3144084 1
3146979 1
3151505 1
3159880 1
3161969 1
3171859 1
3176837 1
3179331 1
3180472 1
3183763 1
3202870 1
3203104 1
3211699 1
3220103 1
3221299 1
3221892 1
3243546 1
3248767 1
3250290 1
3260054 1
3260055 1
3267050 1
3273634 1
3277311 1
3284194 1
3285030 1
3296283 1
3299284 1
3300375 1
3300832 1
3301854 1
3301857 1
3304003 1
3304323 1
3304349 1
3305523 1
3306371 1
3306379 1
3306421 1
3316743 1
3318911 1
3339463 1
3341020 1
3342056 1
3343498 1
3345466 1
3347731 1
3349487 1
3353939 1
3354057 1
3358699 1
3360809 1
3364026 1
3364546 1
3373213 1
3373499 1
3374540 1
3382393 1
3383316 1
3392425 1
3394428 1
3402568 1
3409635 1
3419837 1
3429977 1
3436208 1
3437162 1
3439860 1
3440915 1
3441572 1
3441657 1
3445188 1
3445928 1
3448822 1
3450488 1
3451506 1
3451784 1
3452081 1
3453436 1
3454719 1
3460450 1
3474849 1
3477227 1
3478683 1
3481472 1
3484652 1
3487218 1
3491421 1
3494044 1
3494167 1
3495721 1
3498133 1
3498487 1
3502262 1
3505239 1
3509535 1
3510452 1
3511524 1
3513663 1
3514400 1
3518581 1
3520227 1
3522590 1
3530848 1
3531901 1
3533739 1
3537035 1
3540015 1
3542684 1
3542833 1
3544667 1
3544910 1
3545117 1
3546642 1
3550097 1
3552839 1
3555616 1
3559414 1
3574549 1
3577182 1
3577999 1
3579381 1
3582594 1
3582946 1
3583744 1
3589262 1
3603640 1
3603966 1
3613746 1
3615151 1
3616358 1
3616377 1
3616761 1
3618693 1
3628230 1
3628786 1
3630628 1
3633219 1
3640163 1
3640692 1
3641566 1
3646621 1
3646897 1
3647679 1
3648819 1
3650440 1
3654997 1
3657217 1
3660701 1
3662846 1
3666689 1
3666931 1
3675477 1
3676728 1
3680309 1
3687435 1
3691461 1
3698553 1
3698662 1
3699638 1
3701249 1
3701421 1
3702854 1
3703965 1
3707323 1
3708031 1
3714448 1
3716630 1
3719286 1
3719588 1
3721734 1
3727014 1
3728478 1
3729319 1
3731292 1
3731874 1
3732268 1
3732941 1
3733232 1
3735893 1
3740692 1
3740921 1
3743113 1
3748460 1
3749276 1
3749276 1
3751066 1
3751578 1
3751641 1
3755893 1
3757440 1
3759063 1
3759925 1
3760079 1
3761448 1
3762272 1
3764039 1
3764165 1
3764167 1
3768710 1
3771124 1
3774278 1
3789165 1
3789298 1
3789875 1
3790415 1
3790902 1
3790944 1
3791498 1
3795107 1
3799082 1
3802245 1
3804919 1
3806174 1
3807886 1
3810788 1
3813012 1
3814022 1
3824661 1
3828233 1
3828964 1
3835257 1
3836232 1
3838097 1
3838371 1
3842868 1
3847694 1
3851308 1
3857429 1
3858802 1
3859356 1
3863470 1
3863531 1
3867960 1
3869922 1
3870461 1
3871660 1
3872296 1
3872496 1
3880944 1
3891892 1
3892463 1
3893499 1
3895015 1
3895527 1
3896765 1
3908526 1
3908730 1
3908900 1
3911465 1
3912084 1
3913806 1
3914235 1
3917726 1
3918782 1
3920116 1
3920851 1
3931445 1
3932878 1
3937748 1
3939239 1
3941733 1
3944670 1
3948343 1
3949384 1
3965464 1
3975876 1
3983095 1
3991283 1
4006686 1
4014206 1
4014755 1
4016731 1
4017152 1
4018464 1
4020421 1
4023923 1
4024432 1
4024760 1
4025111 1
4026049 1
4027134 1
4029110 1
4030613 1
4031558 1
4032011 1
4041246 1
4044020 1
4046804 1
4058270 1
4062904 1
4064155 1
4067856 1
4068281 1
4068570 1
4069945 1
4070295 1
4070409 1
4070864 1
4075529 1
4076051 1
4076134 1
4077642 1
4078924 1
4085030 1
4086647 1
4087785 1
4089334 1
4092097 1
4096004 1
4100005 1
4107125 1
4108571 1
4111875 1
4115036 1
4121785 1
4133425 1
4136918 1
4140636 1
4141694 1
4143129 1
4150500 1
4154512 1
4158570 1
4159116 1
4159575 1
4160807 1
4160916 1
4162792 1
4163250 1
4166024 1
4166652 1
4173703 1
4177615 1
4179589 1
4183877 1
4190309 1
4192222 1
4193059 1
4196269 1
4202304 1
4202634 1
4203244 1
4203268 1
4206828 1
4209109 1
4209556 1
4214607 1
4217533 1
4220530 1
4223281 1
4226086 1
4231848 1
4234193 1
4247173 1
4249041 1
4249987 1
4250156 1
4252158 1
4254105 1
4254659 1
4258794 1
4259483 1
4260451 1
4260458 1
4261427 1
4262388 1
4263167 1
4266526 1
4270386 1
4272911 1
4275563 1
4278446 1
4278548 1
4279977 1
4281223 1
4282038 1
4283851 1
4284276 1
4287027 1
4289993 1
4292166 1
4302170 1
4303986 1
4317371 1
4318922 1
4319742 1
4324880 1
4325237 1
4329537 1
4332026 1
4332717 1
4332762 1
4333237 1
4333828 1
4333843 1
4334602 1
4335055 1
4338142 1
4339977 1
4346849 1
4351107 1
4357538 1
4361359 1
4363993 1
4365054 1
4366183 1
4380217 1
4381489 1
4382724 1
4383013 1
4383116 1
4388298 1
4394686 1
4396452 1
4399224 1
4401698 1
4412257 1
4412802 1
4413323 1
4416064 1
4418171 1
4422846 1
4422932 1
4424063 1
4426175 1
4427150 1
4429636 1
4439087 1
4439559 1
4440638 1
4443321 1
4445098 1
4445697 1
4455431 1
4462978 1
4464003 1
4467151 1
4467485 1
4483344 1
4486681 1
4488247 1
4488468 1
4492273 1
4493258 1
4494733 1
4499584 1
4502846 1
4503623 1
4512581 1
4512965 1
4514517 1
4518753 1
4518926 1
4520455 1
4523616 1
4524663 1
4524745 1
4525479 1
4526704 1
4533498 1
4533770 1
4534052 1
4542667 1
4552181 1
4553136 1
4555527 1
4557177 1
4559720 1
4578742 1
4579587 1
4584891 1
4589458 1
4591169 1
4593829 1
4595289 1
4599492 1
4604299 1
4613970 1
4617316 1
4620062 1
4620461 1
4627952 1
4629363 1
4629866 1
4630820 1
4632661 1
4643538 1
4649911 1
4656715 1
4660274 1
4661766 1
4663269 1
4663603 1
4664440 1
4666117 1
4667279 1
4668362 1
4675974 1
4678589 1
4678640 1
4685763 1
4686353 1
4687005 1
4687932 1
4700317 1
4700751 1
4701199 1
4702631 1
4704134 1
4706769 1
4709472 1
4713074 1
4719634 1
4724098 1
4735065 1
4738855 1
4740799 1
4741327 1
4743644 1
4754486 1
4754590 1
4756622 1
4757110 1
4767046 1
4769631 1
4769853 1
4776906 1
4777198 1
4781426 1
4783992 1
4785469 1
4786589 1
4790414 1
4790741 1
4792264 1
4795849 1
4801232 1
4801680 1
4801836 1
4807093 1
4807558 1
4809113 1
4809680 1
4811300 1
4812386 1
4816015 1
4818154 1
4821487 1
4823598 1
4824992 1
4825890 1
4827438 1
4828337 1
4837012 1
4840232 1
4845084 1
4845378 1
4845848 1
4852957 1
4856311 1
4865871 1
4869753 1
4870285 1
4872197 1
4873239 1
4874720 1
4875260 1
4875707 1
4876559 1
4878017 1
4878572 1
4879036 1
4882022 1
4882609 1
4883063 1
4883478 1
4885498 1
4892328 1
4894899 1
4899708 1
4900785 1
4901075 1
4901111 1
4908120 1
4910368 1
4910482 1
4913690 1
4917315 1
4917933 1
4926545 1
4936365 1
4936623 1
4943860 1
4945120 1
4945470 1
4951016 1
4955372 1
4957791 1
4959749 1
4960644 1
4960754 1
4965236 1
4965364 1
4966074 1
4966715 1
4966896 1
4967539 1
4967997 1
4969216 1
4969338 1
4972562 1
4973948 1
4974623 1
4975655 1
4979623 1
4981525 1
4981602 1
4989844 1
4996384 1
4996833 1
4998813 1
5000697 1
5000697 1
5002979 1
5003289 1
5004466 1
5005010 1
5009935 1
5020925 1
5021368 1
5025033 1
5030056 1
5032088 1
5033823 1
5034343 1
5035522 1
5039891 1
5041157 1
5044691 1
5046817 1
5053579 1
5053923 1
5056980 1
5059272 1
5059424 1
5063498 1
5070768 1
5075204 1
5079140 1
5080433 1
5081140 1
5082328 1
5082607 1
5096675 1
5101897 1
5110529 1
5114818 1
5116376 1
5120719 1
5130329 1
5132675 1
5138890 1
5141755 1
5153216 1
5157398 1
5157699 1
5158912 1
5160072 1
5163690 1
5163908 1
5172146 1
5178080 1
5180741 1
5194915 1
5198857 1
5200106 1
5202125 1
5202398 1
5207978 1
5220319 1
5227654 1
5232237 1
5232563 1
5240463 1
5241938 1
5243965 1
5246609 1
5250142 1
5251431 1
5252399 1
5262669 1
5263303 1
5264312 1
5265344 1
5265820 1
5267923 1
5272135 1
5277758 1
5278843 1
5280398 1
5287394 1
5287461 1
5291688 1
5295670 1
5297278 1
5311725 1
5313341 1
5313799 1
5313886 1
5317460 1
5323252 1
5327770 1
5331586 1
5331906 1
5341479 1
5345340 1
5346564 1
5347831 1
5351078 1
5351334 1
5351493 1
5354831 1
5360143 1
5361022 1
5366408 1
5367713 1
5375952 1
5390786 1
5392816 1
5393859 1
5400787 1
5401041 1
5416044 1
5420974 1
5422346 1
5431174 1
5432793 1
5437530 1
5442484 1
5446101 1
5452981 1
5453069 1
5455510 1
5456498 1
5456537 1
5459051 1
5462701 1
5464240 1
5464326 1
5466770 1
5470912 1
5472887 1
5477502 1
5485713 1
5488899 1
5489775 1
5489848 1
5493118 1
5498751 1
5501916 1
5506722 1
5518656 1
5520057 1
5520824 1
5531950 1
5532397 1
5532747 1
5534770 1
5534809 1
5538627 1
5538998 1
5548854 1
5553095 1
5556791 1
5556943 1
5557803 1
5558744 1
5565699 1
5572226 1
5577775 1
5588094 1
5590707 1
5593094 1
5594220 1
5595486 1
5596467 1
5605075 1
5605092 1
5607295 1
5607487 1
5609216 1
5611199 1
5611540 1
5613263 1
5613428 1
5619227 1
5620486 1
5622345 1
5626700 1
5643946 1
5646185 1
5650439 1
5651987 1
5657766 1
5667111 1
5670890 1
5673822 1
5676758 1
5679035 1
5683744 1
5688786 1
5690190 1
5701450 1
5706454 1
5706713 1
5707561 1
5710053 1
5710685 1
5720340 1
5726787 1
5729121 1
5733748 1
5735706 1
5736248 1
5736454 1
5737097 1
5738368 1
5740538 1
5740578 1
5741561 1
5741573 1
5741960 1
5752011 1
5755449 1
5761944 1
5767573 1
5770482 1
5772684 1
5778364 1
5780444 1
5780788 1
5787034 1
5787100 1
5787580 1
5792885 1
5793998 1
5799001 1
5804506 1
5807578 1
5809241 1
5811086 1
5813875 1
5815621 1
5819886 1
5822671 1
5825980 1
5838635 1
5840214 1
5840776 1
5848274 1
5851030 1
5852972 1
5856386 1
5857840 1
5858909 1
5862354 1
5862631 1
5864545 1
5870218 1
5875855 1
5878738 1
5883649 1
5885005 1
5889771 1
5895735 1
5895752 1
5898707 1
5899330 1
5901242 1
5901970 1
5903849 1
5905923 1
5914866 1
5916093 1
5917279 1
5918296 1
5920825 1
5922269 1
5922835 1
5930170 1
5941314 1
5944906 1
5951761 1
5954932 1
5957667 1
5959203 1
5960380 1
5963499 1
5971139 1
5971481 1
5973401 1
5975754 1
5982862 1
5987234 1
5993908 1
6003587 1
6006504 1
6009351 1
6011370 1
6012039 1
6015608 1
6022162 1
6022578 1
6022755 1
6029972 1
6030980 1
6032248 1
6033494 1
6035308 1
6040451 1
6043836 1
6046043 1
6048011 1
6048772 1
6048772 1
6050738 1
6059718 1
6060553 1
6064321 1
6064628 1
6068387 1
6074026 1
6080750 1
6081207 1
6082536 1
6087934 1
6089499 1
6091754 1
6097148 1
6097351 1
6097746 1
6100011 1
6100989 1
6105614 1
6107375 1
6108377 1
6110043 1
6116466 1
6118259 1
6119376 1
6121336 1
6121757 1
6122366 1
6123936 1
6126989 1
6127050 1
6127074 1
6127137 1
6129825 1
6129933 1
6131915 1
6143393 1
6148238 1
6148505 1
6150055 1
6150232 1
6152120 1
6153996 1
6165409 1
6177877 1
6183778 1
6184286 1
6184686 1
6185095 1
6185262 1
6187967 1
6197635 1
6199151 1
6208194 1
6224325 1
6225860 1
6226116 1
6230531 1
6232710 1
6233073 1
6233257 1
6236718 1
6240036 1
6245765 1
6245768 1
6247210 1
6247577 1
6249886 1
6253753 1
6254719 1
6257758 1
6258251 1
6262498 1
6264582 1
6267941 1
6268877 1
6281630 1
6282714 1
6285334 1
6287177 1
6291183 1
6291415 1
6291435 1
6293111 1
6294835 1
6296071 1
6308493 1
6312035 1
6313029 1
6314843 1
6314968 1
6315345 1
6331038 1
6331703 1
6332206 1
6333550 1
6338266 1
6340221 1
6344958 1
6348142 1
6353556 1
6353705 1
6354364 1
6355205 1
6358926 1
6360898 1
6363178 1
6366394 1
6368967 1
6373721 1
6377348 1
6378437 1
6380397 1
6382240 1
6382485 1
6385092 1
6385286 1
6387327 1
6387358 1
6388492 1
6392950 1
6397986 1
6399941 1
6403202 1
6404311 1
6407267 1
6408742 1
6410523 1
6412195 1
6416116 1
6419504 1
6421033 1
6423994 1
6424820 1
6427024 1
6428401 1
6430569 1
6433666 1
6435571 1
6439004 1
6446852 1
6447547 1
6449472 1
6453442 1
6454860 1
6455129 1
6455819 1
6459940 1
6465080 1
6465333 1
6465537 1
6469604 1
6474434 1
6475044 1
6477014 1
6482488 1
6482690 1
6483851 1
6483950 1
6487698 1
6488216 1
6488237 1
6489101 1
6490865 1
6491279 1
6492135 1
6493743 1
6499914 1
6500147 1
6501120 1
6504331 1
6506388 1
6508371 1
6511568 1
6520596 1
6520758 1
6522642 1
6527742 1
6530177 1
6531125 1
6531678 1
6532635 1
6534290 1
6534402 1
6539103 1
6541908 1
6542557 1
6543590 1
6553314 1
6554802 1
6561829 1
6567357 1
6568194 1
6572849 1
6576758 1
6577495 1
6578486 1
6582049 1
6598807 1
6600545 1
6603752 1
6608709 1
6609990 1
6610818 1
6611040 1
6618064 1
6619438 1
6626181 1
6628770 1
6631573 1
6634780 1
6637600 1
6638817 1
6640177 1
6640341 1
6640773 1
6641619 1
6642153 1
6643312 1
6646232 1
6647652 1
6652207 1
6654052 1
6659526 1
6662421 1
6663106 1
6663694 1
6664810 1
6667985 1
6675816 1
6686172 1
6692052 1
6696203 1
6696997 1
6698920 1
6704088 1
6706807 1
6706890 1
6709060 1
6709488 1
6714233 1
6722473 1
6722533 1
6724921 1
6725488 1
6740516 1
6740972 1
6743103 1
6743129 1
6744004 1
6748111 1
6749514 1
6750807 1
6750982 1
6752868 1
6753016 1
6755998 1
6759500 1
6759793 1
6765342 1
6766873 1
6770423 1
6774995 1
6784907 1
6790310 1
6796925 1
6797217 1
6804788 1
6805701 1
6814080 1
6821129 1
6825704 1
6835057 1
6836494 1
6845398 1
6847075 1
6850881 1
6851930 1
6852800 1
6854288 1
6856505 1
6859405 1
6860002 1
6864974 1
6867849 1
6868252 1
6868350 1
6874466 1
6875531 1
6875699 1
6878047 1
6879602 1
6881166 1
6882303 1
6883484 1
6885347 1
6891917 1
6896936 1
6897777 1
6898238 1
6898844 1
6899884 1
6903975 1
6905968 1
6916843 1
6924370 1
6926285 1
6929272 1
6935217 1
6943858 1
6946202 1
6952880 1
6953361 1
6955305 1
6960769 1
6962631 1
6973157 1
6975286 1
6979242 1
6980643 1
6981686 1
6983631 1
6985649 1
6986879 1
6993828 1
6994833 1
7004341 1
7009256 1
7009760 1
7018672 1
7020566 1
7023916 1
7027324 1
7027737 1
7030917 1
7032802 1
7034845 1
7040984 1
7041528 1
7043619 1
7051348 1
7057500 1
7057571 1
7059356 1
7059803 1
7069210 1
7072043 1
7073223 1
7073540 1
7074186 1
7075446 1
7079330 1
7079336 1
7082636 1
7082638 1
7084653 1
7086326 1
7086329 1
7099942 1
7100671 1
7106420 1
7113450 1
7113584 1
7116589 1
7118419 1
7121378 1
7123691 1
7123954 1
7132134 1
7133523 1
7134349 1
7137703 1
7138331 1
7143929 1
7151910 1
7152507 1
7152709 1
7158468 1
7160109 1
7160111 1
7163132 1
7165896 1
7170803 1
7173302 1
7173319 1
7173938 1
7174832 1
7176860 1
7184397 1
7187631 1
7191139 1
7194589 1
7195568 1
7195685 1
7202679 1
7208796 1
7214402 1
7214410 1
7218404 1
7219224 1
7219908 1
7221658 1
7223271 1
7225608 1
7231988 1
7238050 1
7239653 1
7247613 1
7249643 1
7256872 1
7260026 1
7264500 1
7267372 1
7267553 1
7273098 1
7273978 1
7276999 1
7277383 1
7279665 1
7281085 1
7281370 1
7282997 1
7283783 1
7284058 1
7284790 1
7290464 1
7294854 1
7295910 1
7297791 1
7297798 1
7302944 1
7309212 1
7312645 1
7323132 1
7325065 1
7326215 1
7332540 1
7336364 1
7338220 1
7338657 1
7342140 1
7342848 1
7343689 1
7344091 1
7344474 1
7345245 1
7346035 1
7347014 1
7347736 1
7348669 1
7348909 1
7356424 1
7358338 1
7359766 1
7365174 1
7369168 1
7372248 1
7374439 1
7375235 1
7378470 1
7378999 1
7380704 1
7389225 1
7392753 1
7397385 1
7399024 1
7401970 1
7411665 1
7414639 1
7427604 1
7429389 1
7430960 1
7434243 1
7435568 1
7435741 1
7436324 1
7444710 1
7458693 1
7459183 1
7462566 1
7463273 1
7473143 1
7476972 1
7479770 1
7483189 1
7492123 1
7494483 1
7503288 1
7507492 1
7509286 1
7517773 1
7519015 1
7525867 1
7526073 1
7533086 1
7541068 1
7541123 1
7541385 1
7541840 1
7546704 1
7551983 1
7552368 1
7554859 1
7558184 1
7566843 1
7569310 1
7584839 1
7588131 1
7588576 1
7592387 1
7595797 1
7596440 1
7600210 1
7600236 1
7603537 1
7604790 1
7608132 1
7608188 1
7609606 1
7628180 1
7630507 1
7632155 1
7634650 1
7634749 1
7641517 1
7641811 1
7656280 1
7657936 1
7658523 1
7664604 1
7664777 1
7678601 1
7679958 1
7690428 1
7694128 1
7699487 1
7703507 1
7708234 1
7709736 1
7722382 1
7728178 1
7731437 1
7731747 1
7733218 1
7734337 1
7735058 1
7735131 1
7735506 1
7739836 1
7750051 1
7752789 1
7756208 1
7760875 1
7762881 1
7764883 1
7767657 1
7771299 1
7772096 1
7773915 1
7776579 1
7777276 1
7780349 1
7781766 1
7782097 1
7785582 1
7789614 1
7791361 1
7792218 1
7792915 1
7793313 1
7812841 1
7815965 1
7816593 1
7818550 1
7820593 1
7821959 1
7824180 1
7836961 1
7839827 1
7840223 1
7844349 1
7845359 1
7846519 1
7847520 1
7849209 1
7850092 1
7850402 1
7855689 1
7857181 1
7857565 1
7861614 1
7865133 1
7865731 1
7869855 1
7870289 1
7873617 1
7874443 1
7879622 1
7879930 1
7882396 1
7882841 1
7886359 1
7889251 1
7890959 1
7891154 1
7901387 1
7901799 1
7904705 1
7909747 1
7911969 1
7915394 1
7919976 1
7920560 1
7920630 1
7922643 1
7923594 1
7927454 1
7929861 1
7930694 1
7931339 1
7931983 1
7933671 1
7938124 1
7938163 1
7938221 1
7940472 1
7943453 1
7944204 1
7951841 1
7954685 1
7958029 1
7959790 1
7963968 1
7965738 1
7967722 1
7969092 1
7971395 1
7974475 1
7975954 1
7976742 1
7982069 1
7983956 1
7986450 1
7993362 1
7994793 1
7996482 1
8010094 1
8013870 1
8017812 1
8023032 1
8030989 1
8041307 1
8041395 1
8050625 1
8055596 1
8061628 1
8062154 1
8062571 1
8065643 1
8067350 1
8069645 1
8070926 1
8071796 1
8072459 1
8075845 1
8077900 1
8081061 1
8082603 1
8084991 1
8097465 1
8104552 1
8109160 1
8110239 1
8115166 1
8117686 1
8119308 1
8123095 1
8125414 1
8127249 1
8131832 1
8138554 1
8140878 1
8149000 1
8161583 1
8168852 1
8171499 1
8172857 1
8173239 1
8174610 1
8175055 1
8187165 1
8191345 1
8200740 1
8208668 1
8209155 1
8214067 1
8215426 1
8221084 1
8223939 1
8226169 1
8232963 1
8235415 1
8237443 1
8237987 1
8248877 1
8257706 1
8258638 1
8258844 1
8262512 1
8264010 1
8267637 1
8282941 1
8286484 1
8286726 1
8287370 1
8287481 1
8287952 1
8289218 1
8293589 1
8298413 1
8301330 1
8308772 1
8309905 1
2698 1
9500 1
11761 1
15934 1
26853 1
27216 1
27232 1
32388 1
34005 1
34314 1
35545 1
44610 1
44823 1
45916 1
48442 1
49364 1
50195 1
52367 1
55971 1
60924 1
61273 1
63364 1
73399 1
83094 1
89452 1
95548 1
97022 1
100636 1
119130 1
123479 1
127444 1
135621 1
143825 1
144744 1
147275 1
149516 1
154765 1
155047 1
156187 1
160492 1
161383 1
168616 1
176919 1
178104 1
178883 1
181378 1
185142 1
197358 1
198496 1
209114 1
217459 1
223640 1
226609 1
236826 1
237596 1
240668 1
242650 1
243711 1
245125 1
250801 1
251966 1
259375 1
269197 1
270096 1
270467 1
274586 1
274599 1
280009 1
287125 1
290781 1
293657 1
293783 1
294645 1
296369 1
301364 1
303376 1
303860 1
306155 1
311625 1
315730 1
318653 1
321932 1
335939 1
339183 1
339908 1
340941 1
343754 1
352295 1
352455 1
359740 1
359885 1
362340 1
366415 1
367522 1
372806 1
374234 1
380815 1
380948 1
389402 1
390208 1
415631 1
419889 1
425064 1
425578 1
425634 1
431891 1
432618 1
434099 1
435201 1
447296 1
449617 1
451374 1
452397 1
452432 1
456357 1
458940 1
464176 1
480288 1
482768 1
486550 1
487179 1
489097 1
491865 1
491960 1
495176 1
497931 1
499011 1
500193 1
500196 1
500217 1
501796 1
501799 1
510272 1
512429 1
516519 1
517856 1
520562 1
522308 1
526263 1
526791 1
531758 1
533850 1
536101 1
537803 1
541067 1
552288 1
554536 1
556148 1
557892 1
561616 1
562421 1
562828 1
565415 1
566508 1
567800 1
568008 1
571793 1
572524 1
572719 1
573308 1
574515 1
576589 1
577645 1
579414 1
582826 1
584645 1
586314 1
589229 1
592836 1
600148 1
600592 1
608349 1
610972 1
617414 1
618429 1
625380 1
632301 1
633797 1
638064 1
640871 1
647492 1
650642 1
650968 1
653656 1
654733 1
660614 1
662030 1
665519 1
666147 1
666152 1
666432 1
669617 1
671372 1
671738 1
672204 1
672221 1
673344 1
678626 1
684190 1
689618 1
689798 1
694044 1
695327 1
697197 1
699145 1
699429 1
703228 1
709091 1
709339 1
712809 1
715397 1
721347 1
721778 1
724724 1
729525 1
729706 1
744412 1
746855 1
748638 1
752275 1
759384 1
759389 1
765848 1
773095 1
773305 1
774978 1
779110 1
779343 1
782385 1
784604 1
785460 1
785640 1
792637 1
795037 1
803807 1
809832 1
811999 1
817019 1
818174 1
822724 1
824970 1
825547 1
827476 1
828678 1
829163 1
831152 1
832269 1
835217 1
839530 1
841236 1
848828 1
851184 1
851203 1
852756 1
855751 1
857515 1
860125 1
860878 1
863444 1
865218 1
875300 1
880881 1
882102 1
882739 1
894601 1
894960 1
896480 1
897919 1
901949 1
901970 1
902449 1
915426 1
917705 1
918228 1
919485 1
920610 1
921979 1
930841 1
935975 1
938613 1
946250 1
952723 1
960783 1
980830 1
983896 1
987059 1
987265 1
987265 1
987989 1
997246 1
998339 1
998922 1
1007922 1
1010504 1
1018815 1
1021261 1
1022142 1
1022971 1
1024598 1
1029040 1
1029903 1
1034188 1
1035641 1
1036029 1
1036351 1
1037869 1
1042742 1
1044288 1
1047052 1
1047987 1
1050617 1
1054378 1
1054635 1
1057408 1
1059168 1
1059312 1
1061210 1
1071588 1
1071696 1
1075156 1
1079164 1
1079991 1
1082639 1
1086404 1
1088136 1
1089986 1
1092912 1
1096422 1
1097578 1
1102319 1
1105434 1
1114584 1
1116620 1
1118356 1
1126566 1
1127009 1
1129157 1
1141081 1
1142077 1
1142139 1
1149656 1
1156584 1
1158776 1
1160770 1
1163551 1
1167096 1
1167373 1
1169532 1
1174127 1
1182830 1
1183692 1
1188794 1
1188794 1
1189859 1
1197214 1
1199662 1
1202462 1
1216586 1
1219021 1
1219587 1
1224342 1
1225532 1
1227303 1
1232015 1
1232733 1
1239495 1
1249746 1
1255880 1
1255989 1
1257192 1
1259371 1
1259552 1
1259727 1
1271531 1
1272763 1
1273720 1
1274667 1
1278633 1
1283768 1
1295203 1
1297228 1
1300915 1
1300929 1
1301719 1
1302182 1
1307924 1
1308032 1
1308535 1
1310184 1
1310887 1
1312017 1
1317215 1
1318520 1
1320156 1
1323787 1
1328157 1
1328359 1
1329695 1
1329987 1
1338808 1
1341078 1
1341269 1
1342387 1
1344400 1
1345446 1
1346857 1
1349549 1
1350373 1
1352018 1
1353522 1
1353897 1
1358628 1
1359597 1
1363336 1
1365902 1
1371984 1
1372659 1
1373273 1
1376065 1
1377488 1
1377767 1
1378025 1
1378299 1
1381122 1
1382339 1
1382579 1
1385874 1
1393364 1
1393596 1
1395018 1
1396516 1
1397288 1
1397383 1
1400785 1
1401107 1
1404839 1
1405837 1
1406360 1
1409720 1
1409978 1
1418186 1
1419529 1
1421746 1
1424212 1
1428143 1
1430858 1
1431323 1
1431826 1
1434941 1
1435332 1
1436842 1
1437774 1
1442051 1
1442658 1
1445161 1
1445928 1
1446955 1
1447199 1
1448136 1
1449191 1
1449984 1
1450858 1
1458562 1
1460170 1
1461740 1
1461836 1
1467341 1
1467786 1
1469203 1
1472454 1
1473897 1
1475790 1
1478576 1
1481003 1
1481314 1
1486264 1
1488184 1
1491391 1
1494705 1
1495556 1
1495578 1
1496259 1
1497199 1
1497580 1
1498066 1
1501085 1
1501134 1
1505479 1
1514535 1
1525848 1
1525890 1
1526361 1
1529680 1
1530782 1
1532119 1
1534638 1
1536055 1
1537930 1
1539975 1
1543669 1
1544340 1
1546661 1
1548295 1
1550895 1
1556025 1
1557303 1
1560348 1
1563261 1
1563597 1
1564548 1
1564594 1
1570237 1
1577049 1
1578399 1
1579381 1
1583466 1
1585911 1
1588678 1
1593421 1
1594130 1
1594342 1
1599601 1
1599607 1
1603991 1
1607382 1
1607440 1
1611491 1
1613137 1
1617374 1
1618026 1
1620126 1
1621188 1
1626428 1
1627014 1
1627214 1
1628903 1
1631418 1
1631680 1
1633264 1
1636530 1
1638759 1
1640996 1
1641473 1
1641489 1
1646183 1
1647400 1
1649173 1
1652702 1
1653837 1
1654941 1
1657417 1
1661852 1
1666884 1
1667993 1
1673527 1
1677188 1
1677896 1
1680975 1
1685366 1
1688996 1
1700951 1
1702506 1
1706796 1
1717535 1
1719448 1
1720657 1
1721713 1
1722482 1
1723962 1
1732320 1
1745054 1
1746636 1
1756825 1
1759003 1
1759792 1
1770974 1
1771150 1
1771267 1
1771497 1
1773866 1
1778124 1
1779024 1
1790187 1
1809156 1
1823619 1
1824690 1
1828344 1
1832180 1
1836857 1
1839843 1
1845740 1
1846357 1
1850556 1
1871081 1
1875093 1
1877680 1
1878137 1
1881702 1
1881826 1
1883991 1
1886766 1
1891141 1
1894725 1
1896480 1
1896684 1
1897850 1
1899170 1
1903140 1
1904267 1
1910311 1
1912678 1
1914425 1
1919533 1
1921423 1
1932921 1
1942839 1
1943312 1
1947871 1
1949936 1
1950468 1
1950504 1
1950778 1
1952100 1
1952510 1
1954888 1
1965102 1
1970018 1
1973395 1
1975522 1
1977820 1
1979875 1
1983008 1
1986657 1
1992296 1
1994015 1
1995004 1
1996201 1
2002449 1
2002552 1
2012894 1
2015418 1
2016126 1
2017240 1
2019007 1
2019315 1
2020942 1
2021075 1
2021273 1
2021449 1
2021475 1
2025039 1
2033201 1
2039994 1
2045615 1
2048251 1
2051349 1
2057475 1
2061209 1
2063674 1
2067859 1
2070096 1
2072521 1
2072554 1
2084231 1
2085911 1
2089187 1
2091006 1
2093187 1
2095705 1
2104607 1
2107754 1
2112719 1
2115401 1
2120339 1
2121157 1
2123323 1
2123571 1
2123808 1
2130342 1
2133396 1
2134245 1
2134820 1
2134861 1
2138306 1
2141872 1
2143226 1
2144154 1
2145308 1
2148783 1
2149432 1
2154154 1
2158471 1
2170729 1
2173361 1
2177455 1
2182979 1
2184903 1
2185642 1
2189137 1
2194068 1
2197650 1
2200497 1
2201062 1
2202314 1
2205971 1
2206166 1
2206881 1
2208819 1
2214271 1
2216125 1
2220443 1
2220594 1
2222092 1
2222895 1
2223506 1
2223864 1
2224863 1
2226306 1
2229811 1
2231187 1
2232743 1
2235242 1
2237953 1
2238807 1
2239570 1
2245902 1
2249813 1
2252949 1
2253398 1
2256712 1
2257632 1
2258512 1
2262737 1
2269942 1
2273699 1
2287420 1
2289861 1
2301670 1
2304720 1
2305179 1
2308472 1
2311215 1
2312393 1
2313726 1
2321618 1
2322838 1
2323464 1
2324126 1
2331425 1
2331453 1
2334579 1
2336298 1
2336827 1
2339769 1
2341854 1
2343521 1
2344504 1
2346512 1
2354569 1
2356139 1
2357027 1
2373191 1
2377555 1
2377661 1
2388178 1
2388317 1
2402693 1
2402999 1
2403092 1
2406178 1
2409131 1
2410547 1
2424191 1
2424266 1
2424884 1
2425372 1
2425487 1
2430805 1
2446555 1
2447539 1
2450516 1
2452621 1
2460034 1
2461542 1
2465405 1
2465637 1
2465856 1
2467119 1
2469306 1
2476928 1
2478165 1
2480691 1
2486685 1
2488793 1
2495419 1
2497705 1
2501085 1
2504310 1
2504860 1
2505097 1
2509548 1
2510402 1
2511970 1
2513268 1
2514104 1
2521516 1
2522340 1
2523089 1
2523631 1
2525633 1
2526641 1
2526740 1
2529792 1
2531398 1
2531629 1
2534502 1
2538753 1
2542624 1
2543510 1
2545898 1
2551654 1
2552444 1
2554046 1
2563270 1
2565401 1
2565663 1
2565680 1
2566209 1
2566813 1
2567462 1
2569728 1
2577627 1
2578324 1
2579422 1
2579694 1
2581426 1
2583940 1
2585765 1
2588864 1
2592405 1
2592798 1
2593907 1
2595795 1
2626026 1
2626808 1
2632819 1
2633327 1
2634219 1
2634709 1
2637321 1
2638025 1
2638869 1
2643197 1
2645441 1
2651419 1
2652495 1
2657687 1
2665074 1
2666049 1
2670518 1
2672274 1
2672342 1
2677073 1
2682808 1
2683940 1
2683998 1
2689373 1
2696243 1
2698844 1
2708230 1
2710395 1
2713274 1
2716565 1
2724258 1
2728772 1
2731363 1
2735084 1
2744070 1
2749780 1
2753263 1
2754364 1
2754957 1
2760333 1
2762659 1
2765100 1
2765403 1
2765893 1
2766301 1
2767901 1
2776704 1
2776814 1
2780221 1
2780726 1
2782334 1
2782636 1
2784646 1
2785208 1
2797509 1
2798477 1
2799253 1
2800178 1
2801105 1
2802072 1
2804262 1
2804686 1
2806892 1
2811664 1
2817070 1
2817254 1
2819738 1
2821963 1
2826315 1
2834158 1
2835977 1
2839020 1
2850014 1
2850201 1
2852804 1
2865176 1
2868745 1
2869494 1
2870050 1
2870100 1
2879029 1
2880442 1
2881181 1
2889405 1
2894668 1
2896781 1
2900325 1
2902868 1
2906550 1
2906556 1
2916500 1
2919036 1
2926531 1
2926931 1
2929326 1
2931382 1
2931883 1
2935054 1
2935828 1
2940617 1
2941813 1
2945616 1
2950575 1
2962627 1
2962719 1
2964309 1
2966419 1
2970447 1
2974369 1
2976040 1
2979049 1
2985265 1
2988324 1
2990054 1
2994536 1
2996874 1
2998349 1
2999978 1
3004275 1
3005059 1
3025601 1
3030593 1
3033712 1
3041773 1
3049815 1
3054956 1
3061340 1
3072424 1
3072428 1
3072477 1
3072514 1
3073507 1
3075531 1
3079575 1
3081542 1
3084519 1
3091869 1
3100848 1
3108711 1
3118031 1
3118245 1
3119881 1
3121510 1
3121915 1
3122062 1
3124306 1
3129490 1
3130187 1
3134433 1
3143131 1
3146938 1
3154663 1
3155333 1
3162375 1
3183057 1
3190894 1
3191498 1
3194529 1
3197940 1
3199241 1
3201838 1
3204133 1
3205065 1
3206878 1
3210238 1
3210289 1
3214367 1
3218722 1
3221840 1
3224977 1
3233083 1
3238040 1
3249108 1
3249618 1
3263454 1
3263540 1
3269322 1
3272895 1
3274375 1
3277777 1
3278023 1
3281126 1
3284280 1
3285436 1
3288778 1
3293798 1
3298438 1
3304260 1
3312499 1
3313521 1
3313920 1
3315114 1
3319061 1
3320746 1
3321529 1
3329728 1
3331852 1
3331936 1
3340989 1
3341041 1
3341526 1
3343039 1
3355042 1
3355687 1
3356894 1
3365193 1
3365692 1
3374441 1
3378248 1
3385251 1
3395791 1
3404131 1
3405600 1
3408881 1
3414088 1
3414863 1
3427953 1
3429070 1
3432897 1
3433162 1
3435342 1
3442072 1
3442976 1
3444887 1
3444967 1
3448784 1
3448928 1
3450581 1
3451367 1
3453487 1
3456527 1
3462728 1
3469650 1
3470367 1
3472849 1
3478730 1
3481013 1
3484553 1
3490800 1
3494395 1
3498895 1
3501880 1
3508089 1
3509542 1
3511839 1
3512950 1
3513788 1
3515603 1
3515836 1
3516344 1
3516634 1
3518817 1
3519531 1
3531841 1
3533890 1
3534660 1
3534897 1
3538911 1
3544259 1
3544583 1
3546450 1
3547175 1
3547719 1
3553737 1
3554238 1
3554316 1
3559138 1
3560651 1
3564710 1
3565039 1
3576762 1
3578052 1
3579086 1
3579497 1
3591206 1
3592738 1
3594436 1
3599971 1
3616301 1
3616795 1
3617541 1
3631537 1
3635508 1
3636494 1
3641052 1
3646363 1
3652533 1
3654695 1
3657278 1
3661204 1
3662253 1
3662590 1
3667146 1
3667598 1
3671034 1
3675339 1
3684250 1
3686866 1
3694730 1
3694974 1
3695000 1
3701755 1
3706249 1
3712646 1
3718929 1
3720354 1
3721236 1
3729192 1
3735531 1
3735639 1
3737293 1
3739119 1
3743824 1
3748762 1
3752809 1
3754540 1
3756239 1
3757112 1
3758662 1
3761512 1
3761537 1
3764243 1
3769262 1
3771713 1
3772980 1
3776609 1
3777000 1
3777924 1
3782277 1
3782890 1
3785676 1
3786216 1
3789776 1
3791075 1
3791711 1
3791734 1
3801124 1
3803419 1
3807320 1
3809796 1
3811513 1
3813627 1
3815116 1
3817360 1
3818116 1
3818119 1
3818963 1
3830110 1
3834543 1
3839831 1
3845946 1
3846500 1
3849542 1
3852251 1
3854184 1
3862794 1
3865030 1
3873891 1
3874590 1
3874878 1
3878533 1
3890261 1
3895626 1
3904392 1
3914453 1
3917114 1
3918382 1
3925886 1
3931525 1
3939696 1
3941654 1
3943213 1
3947117 1
3947235 1
3949824 1
3955204 1
3956188 1
3971765 1
3972731 1
3977018 1
3983340 1
3986491 1
3989247 1
3999066 1
4013519 1
4013601 1
4016536 1
4017561 1
4019056 1
4020176 1
4020823 1
4021348 1
4021807 1
4024524 1
4024847 1
4026395 1
4028930 1
4029203 1
4030389 1
4033841 1
4039294 1
4045385 1
4048810 1
4050327 1
4055954 1
4060349 1
4062158 1
4062579 1
4063389 1
4063806 1
4065418 1
4070411 1
4072119 1
4072138 1
4072655 1
4073713 1
4083741 1
4086425 1
4092654 1
4094548 1
4095366 1
4101629 1
4103313 1
4106087 1
4117650 1
4126931 1
4129938 1
4134955 1
4139899 1
4141468 1
4144494 1
4149910 1
4158375 1
4161077 1
4161627 1
4162973 1
4163559 1
4173587 1
4174104 1
4190956 1
4192285 1
4196899 1
4197161 1
4199255 1
4199259 1
4200154 1
4201482 1
4206150 1
4213782 1
4214213 1
4215404 1
4215874 1
4218355 1
4224668 1
4231556 1
4231740 1
4232495 1
4239174 1
4250698 1
4251835 1
4252062 1
4252978 1
4254968 1
4255199 1
4255541 1
4259473 1
4260431 1
4262959 1
4263136 1
4266006 1
4266681 1
4273220 1
4275809 1
4280475 1
4287123 1
4298120 1
4299629 1
4306458 1
4307642 1
4309428 1
4310654 1
4311127 1
4311213 1
4311758 1
4315652 1
4316102 1
4323927 1
4324015 1
4326356 1
4326766 1
4332570 1
4334504 1
4338821 1
4339295 1
4342029 1
4342885 1
4345924 1
4348273 1
4348559 1
4349056 1
4351437 1
4358377 1
4358876 1
4362216 1
4367352 1
4370444 1
4372196 1
4374831 1
4381447 1
4392741 1
4394654 1
4400049 1
4401017 1
4403510 1
4404393 1
4411687 1
4412298 1
4413224 1
4414180 1
4416038 1
4417435 1
4424733 1
4425223 1
4441422 1
4445658 1
4463885 1
4466289 1
4466834 1
4467775 1
4469453 1
4470654 1
4472099 1
4475387 1
4476522 1
4478560 1
4481290 1
4482417 1
4485818 1
4488888 1
4489918 1
4491178 1
4491246 1
4492992 1
4494048 1
4497273 1
4512445 1
4515208 1
4524069 1
4525031 1
4525706 1
4526319 1
4530924 1
4531234 1
4534225 1
4537464 1
4546402 1
4551340 1
4557460 1
4564111 1
4565595 1
4565601 1
4567314 1
4567700 1
4569595 1
4569693 1
4574398 1
4574560 1
4575820 1
4577005 1
4582830 1
4587625 1
4588965 1
4589341 1
4589540 1
4593252 1
4594546 1
4607011 1
4608370 1
4608906 1
4616145 1
4617407 1
4619661 1
4629944 1
4630938 1
4633362 1
4634784 1
4640045 1
4648536 1
4649809 1
4650643 1
4651518 1
4656100 1
4661520 1
4663861 1
4666710 1
4669526 1
4669822 1
4670899 1
4675591 1
4676661 1
4676758 1
4677363 1
4679396 1
4679554 1
4688536 1
4689361 1
4694583 1
4698997 1
4700143 1
4702908 1
4703527 1
4703954 1
4707340 1
4710764 1
4711474 1
4713576 1
4715020 1
4716163 1
4716919 1
4720355 1
4723508 1
4730930 1
4731828 1
4734019 1
4734780 1
4739108 1
4740490 1
4740941 1
4752426 1
4754020 1
4761420 1
4765613 1
4770228 1
4771071 1
4775962 1
4779098 1
4785091 1
4785578 1
4787630 1
4797289 1
4797851 1
4799964 1
4807471 1
4809190 1
4810242 1
4810286 1
4811405 1
4813261 1
4814103 1
4814891 1
4815812 1
4817342 1
4818110 1
4818633 1
4820464 1
4824970 1
4831420 1
4835461 1
4836300 1
4836326 1
4836989 1
4840083 1
4841002 1
4846372 1
4850692 1
4853887 1
4856175 1
4857238 1
4857269 1
4858083 1
4859642 1
4861887 1
4863951 1
4864111 1
4869944 1
4874673 1
4880921 1
4881772 1
4886272 1
4890940 1
4891783 1
4895799 1
4898565 1
4901174 1
4902406 1
4903500 1
4904802 1
4906356 1
4909066 1
4913501 1
4915878 1
4916719 1
4922617 1
4922874 1
4928626 1
4929996 1
4934310 1
4938513 1
4939718 1
4940635 1
4947587 1
4955837 1
4956762 1
4957596 1
4958706 1
4960016 1
4963456 1
4966508 1
4966874 1
4969413 1
4977971 1
4979507 1
4980061 1
4982152 1
4987219 1
4992381 1
4993847 1
5001217 1
5005429 1
5006057 1
5009659 1
5009806 1
5010287 1
5012572 1
5016033 1
5017283 1
5022445 1
5024304 1
5024833 1
5025642 1
5031434 1
5036670 1
5038717 1
5042639 1
5042799 1
5045335 1
5047794 1
5048949 1
5050173 1
5055246 1
5064014 1
5071253 1
5073764 1
5073877 1
5078401 1
5079060 1
5080819 1
5086598 1
5088078 1
5109095 1
5111894 1
5114452 1
5114481 1
5115689 1
5118339 1
5119076 1
5121503 1
5133182 1
5133213 1
5147227 1
5158404 1
5169014 1
5169089 1
5172271 1
5177664 1
5179913 1
5180996 1
5186165 1
5187802 1
5190572 1
5201468 1
5205543 1
5206678 1
5208028 1
5210754 1
5225279 1
5228234 1
5228889 1
5229938 1
5230954 1
5233770 1
5239490 1
5242186 1
5242952 1
5244701 1
5255989 1
5260129 1
5269382 1
5281814 1
5283627 1
5283868 1
5289622 1
5299945 1
5303289 1
5303759 1
5308663 1
5309857 1
5318967 1
5321153 1
5323099 1
5333464 1
5335734 1
5336311 1
5341007 1
5346518 1
5350222 1
5350638 1
5350729 1
5353312 1
5356000 1
5365359 1
5379677 1
5379822 1
5382090 1
5383251 1
5387270 1
5393328 1
5406239 1
5406304 1
5413574 1
5415876 1
5430166 1
5430738 1
5436851 1
5437114 1
5437381 1
5440821 1
5443186 1
5448408 1
5451462 1
5452732 1
5453161 1
5453403 1
5453682 1
5457605 1
5467250 1
5470509 1
5472277 1
5475141 1
5475663 1
5476249 1
5485752 1
5486720 1
5489213 1
5502475 1
5505115 1
5519495 1
5524472 1
5525669 1
5529982 1
5530566 1
5537101 1
5539226 1
5543315 1
5545415 1
5547074 1
5550240 1
5568100 1
5568876 1
5569910 1
5571828 1
5571892 1
5574284 1
5599518 1
5605271 1
5605976 1
5608990 1
5610443 1
5615925 1
5621394 1
5627923 1
5636697 1
5648637 1
5649186 1
5658224 1
5659747 1
5660501 1
5660943 1
5662197 1
5663771 1
5665646 1
5669044 1
5672487 1
5674892 1
5676503 1
5677772 1
5681278 1
5681883 1
5684493 1
5684775 1
5692114 1
5708342 1
5708972 1
5715948 1
5716530 1
5719983 1
5736101 1
5749345 1
5749477 1
5750529 1
5751727 1
5753071 1
5764030 1
5767728 1
5769960 1
5769967 1
5771781 1
5774232 1
5774849 1
5775453 1
5775983 1
5776926 1
5779274 1
5779274 1
5783246 1
5786394 1
5786524 1
5787913 1
5790677 1
5799464 1
5801656 1
5809686 1
5810694 1
5813866 1
5816308 1
5817244 1
5824016 1
5825151 1
5828058 1
5829541 1
5844005 1
5844059 1
5851100 1
5853262 1
5854948 1
5855598 1
5861143 1
5861614 1
5870785 1
5870793 1
5871212 1
5872034 1
5873835 1
5884645 1
5886014 1
5889729 1
5890387 1
5890837 1
5899558 1
5904504 1
5909649 1
5911336 1
5911669 1
5916429 1
5920445 1
5921104 1
5921564 1
5922398 1
5925902 1
5926018 1
5926791 1
5927762 1
5930590 1
5931113 1
5931562 1
5936252 1
5944444 1
5948666 1
5949962 1
5962437 1
5965026 1
5966078 1
5970505 1
5970629 1
5972032 1
5972949 1
5974711 1
5979921 1
5990106 1
5991772 1
5993579 1
6001794 1
6002200 1
6003175 1
6005352 1
6005462 1
6005952 1
6006818 1
6007196 1
6011303 1
6015394 1
6015435 1
6022019 1
6023335 1
6027079 1
6027481 1
6027963 1
6029719 1
6030153 1
6030308 1
6032023 1
6037914 1
6038044 1
6040275 1
6043044 1
6043664 1
6045055 1
6045834 1
6046571 1
6051241 1
6053596 1
6055424 1
6055455 1
6064080 1
6067429 1
6068346 1
6069159 1
6072350 1
6074707 1
6081909 1
6082839 1
6089471 1
6089474 1
6092508 1
6097380 1
6100854 1
6102788 1
6107795 1
6109802 1
6111806 1
6120004 1
6126025 1
6134681 1
6138730 1
6143433 1
6143446 1
6154953 1
6157764 1
6158931 1
6159422 1
6164692 1
6171872 1
6173691 1
6177660 1
6179523 1
6180256 1
6181615 1
6182168 1
6182280 1
6182640 1
6184699 1
6186214 1
6187799 1
6191254 1
6192749 1
6196236 1
6228039 1
6231310 1
6233839 1
6239807 1
6243880 1
6246268 1
6259926 1
6262621 1
6264073 1
6264436 1
6273468 1
6275764 1
6276984 1
6277331 1
6283215 1
6285416 1
6288628 1
6300180 1
6308219 1
6315379 1
6317037 1
6329145 1
6329646 1
6334473 1
6337923 1
6339225 1
6345562 1
6345818 1
6346455 1
6355254 1
6359426 1
6362985 1
6368777 1
6370108 1
6371650 1
6379799 1
6380153 1
6380505 1
6382789 1
6386843 1
6395207 1
6399168 1
6402848 1
6403578 1
6406762 1
6407288 1
6410275 1
6412012 1
6418223 1
6420546 1
6420922 1
6431768 1
6440769 1
6441492 1
6444081 1
6444095 1
6458535 1
6458863 1
6466326 1
6467541 1
6467694 1
6468845 1
6469051 1
6472142 1
6474288 1
6474681 1
6477133 1
6484897 1
6497711 1
6500882 1
6501331 1
6502312 1
6502532 1
6503655 1
6504258 1
6509375 1
6511686 1
6516635 1
6518734 1
6522818 1
6527906 1
6529085 1
6532326 1
6532353 1
6535580 1
6537366 1
6543563 1
6544087 1
6544260 1
6546664 1
6555269 1
6555981 1
6556098 1
6565159 1
6574388 1
6577000 1
6583365 1
6583678 1
6584772 1
6588464 1
6588470 1
6590938 1
6598024 1
6598719 1
6600759 1
6601130 1
6605884 1
6606645 1
6607037 1
6607161 1
6607581 1
6616478 1
6621258 1
6622724 1
6624324 1
6625880 1
6627097 1
6629339 1
6632860 1
6633769 1
6637567 1
6637723 1
6637723 1
6638873 1
6639870 1
6640333 1
6644200 1
6644656 1
6644703 1
6645256 1
6647765 1
6647766 1
6648073 1
6652070 1
6652809 1
6653115 1
6653694 1
6659070 1
6665175 1
6666692 1
6667626 1
6672901 1
6679083 1
6680757 1
6684771 1
6685750 1
6686482 1
6686535 1
6686937 1
6689146 1
6690340 1
6694493 1
6696894 1
6697266 1
6698288 1
6698626 1
6701320 1
6706967 1
6709349 1
6709724 1
6712253 1
6712451 1
6712583 1
6712976 1
6715619 1
6717480 1
6717494 1
6717579 1
6720033 1
6721139 1
6730525 1
6734041 1
6736851 1
6744269 1
6753238 1
6754421 1
6756421 1
6757804 1
6763026 1
6764026 1
6764234 1
6765880 1
6770319 1
6779035 1
6794882 1
6803051 1
6805199 1
6805436 1
6807481 1
6808336 1
6812296 1
6812482 1
6814182 1
6828748 1
6830333 1
6832345 1
6834662 1
6837466 1
6838027 1
6839926 1
6841438 1
6845045 1
6847654 1
6847991 1
6849798 1
6850435 1
6851290 1
6856409 1
6862853 1
6868991 1
6869472 1
6869955 1
6877391 1
6879137 1
6881102 1
6883933 1
6887136 1
6890092 1
6890205 1
6902701 1
6903817 1
6907709 1
6914722 1
6920800 1
6921345 1
6924205 1
6926817 1
6928001 1
6928098 1
6929851 1
6933417 1
6933422 1
6934337 1
6937232 1
6938276 1
6943973 1
6951404 1
6958421 1
6960502 1
6961069 1
6962362 1
6970280 1
6972438 1
6973352 1
6974813 1
6976198 1
6976775 1
6978705 1
6982229 1
6994821 1
6995166 1
7002377 1
7003562 1
7005636 1
7007561 1
7008303 1
7009611 1
7019347 1
7019828 1
7022494 1
7029302 1
7040737 1
7043142 1
7043465 1
7044355 1
7047265 1
7048706 1
7048826 1
7054080 1
7054401 1
7057701 1
7058938 1
7059799 1
7062235 1
7065872 1
7076654 1
7077032 1
7079216 1
7082858 1
7086972 1
7087644 1
7100631 1
7101225 1
7103777 1
7106166 1
7107353 1
7109334 1
7116095 1
7116672 1
7119048 1
7126119 1
7129167 1
7132943 1
7135474 1
7138772 1
7141467 1
7152659 1
7154686 1
7154722 1
7156423 1
7157598 1
7160389 1
7165049 1
7167937 1
7168675 1
7169838 1
7170722 1
7175730 1
7176913 1
7180754 1
7182187 1
7188363 1
7190355 1
7190656 1
7191157 1
7193955 1
7195800 1
7196359 1
7197015 1
7197016 1
7197929 1
7200444 1
7205579 1
7205953 1
7206005 1
7206729 1
7217057 1
7219967 1
7220888 1
7222886 1
7224298 1
7225530 1
7225564 1
7226961 1
7227903 1
7228464 1
7232324 1
7242356 1
7243038 1
7248410 1
7248417 1
7253075 1
7258943 1
7260216 1
7265394 1
7266452 1
7267488 1
7275099 1
7275454 1
7276771 1
7280419 1
7293561 1
7293601 1
7296505 1
7300847 1
7306678 1
7309652 1
7313752 1
7318124 1
7322866 1
7325908 1
7325930 1
7326610 1
7329142 1
7329425 1
7336590 1
7338189 1
7338572 1
7343627 1
7343708 1
7344396 1
7346208 1
7346457 1
7347191 1
7348983 1
7351097 1
7351099 1
7351911 1
7352690 1
7354432 1
7355142 1
7356753 1
7356895 1
7356957 1
7357582 1
7361022 1
7361337 1
7362940 1
7365209 1
7367973 1
7370379 1
7372536 1
7375425 1
7377822 1
7380155 1
7385082 1
7394116 1
7398786 1
7405097 1
7407482 1
7410862 1
7411075 1
7411392 1
7417387 1
7422126 1
7422600 1
7422767 1
7428027 1
7428472 1
7433018 1
7438587 1
7442282 1
7443962 1
7450696 1
7453234 1
7457423 1
7458804 1
7463586 1
7465788 1
7481110 1
7487810 1
7491808 1
7506963 1
7511755 1
7512961 1
7527963 1
7530190 1
7530254 1
7530964 1
7531925 1
7535486 1
7536173 1
7540702 1
7541895 1
7542170 1
7547140 1
7551493 1
7558237 1
7560362 1
7561084 1
7568734 1
7569186 1
7576552 1
7578273 1
7578304 1
7579823 1
7583983 1
7585321 1
7585875 1
7586108 1
7587787 1
7588944 1
7590932 1
7594666 1
7595314 1
7602152 1
7602347 1
7608069 1
7612240 1
7612885 1
7613938 1
7627003 1
7632844 1
7634839 1
7649381 1
7661517 1
7663432 1
7663478 1
7664059 1
7668503 1
7669399 1
7682720 1
7693499 1
7694559 1
7708214 1
7708985 1
7709574 1
7709812 1
7714989 1
7715850 1
7717021 1
7719898 1
7724456 1
7726687 1
7727225 1
7730331 1
7732930 1
7733451 1
7734526 1
7735326 1
7736888 1
7741713 1
7744551 1
7747357 1
7748537 1
7754622 1
7756440 1
7759546 1
7761717 1
7762824 1
7767993 1
7768579 1
7768579 1
7780120 1
7780195 1
7788412 1
7789772 1
7792126 1
7808599 1
7808649 1
7810263 1
7812732 1
7815774 1
7829921 1
7830899 1
7832417 1
7832664 1
7832688 1
7833125 1
7833716 1
7833955 1
7834112 1
7835827 1
7835909 1
7840097 1
7840190 1
7840526 1
7841434 1
7843882 1
7844751 1
7852852 1
7856110 1
7858918 1
7862588 1
7862628 1
7865984 1
7867665 1
7870405 1
7871584 1
7877000 1
7881240 1
7893116 1
7897800 1
7909441 1
7911474 1
7915683 1
7915826 1
7916164 1
7918057 1
7926561 1
7934839 1
7939608 1
7941075 1
7946654 1
7951553 1
7952844 1
7957820 1
7958134 1
7958348 1
7962063 1
7963866 1
7965957 1
7970797 1
7970835 1
7971758 1
7972775 1
7975239 1
7977800 1
7985824 1
7987546 1
7993724 1
7998001 1
7998531 1
8004202 1
8006686 1
8008095 1
8008388 1
8021598 1
8022359 1
8022493 1
8022861 1
8027694 1
8033695 1
8034072 1
8034913 1
8034968 1
8035508 1
8062452 1
8066659 1
8076684 1
8082365 1
8092599 1
8101115 1
8105782 1
8106521 1
8125274 1
8129394 1
8130809 1
8132254 1
8135420 1
8159295 1
8160768 1
8165346 1
8169215 1
8170401 1
8180098 1
8192690 1
8194066 1
8195302 1
8197271 1
8203061 1
8214596 1
8217478 1
8221429 1
8221429 1
8222102 1
8222287 1
8227025 1
8228382 1
8232918 1
8236771 1
8242118 1
8242927 1
8250606 1
8255440 1
8261220 1
8262178 1
8265483 1
8267202 1
8269530 1
8270466 1
8271250 1
8271295 1
8274598 1
8274983 1
8276670 1
8277238 1
8278718 1
8286267 1
8288759 1
8293312 1
8293464 1
8293866 1
8293998 1
8305811 1
8309424 1
8310211 1
26778 1
81761 1
112346 1
121510 1
139733 1
200648 1
217263 1
231199 1
248785 1
281283 1
284459 1
285552 1
295602 1
302337 1
302682 1
315620 1
316243 1
330986 1
340403 1
384886 1
416398 1
463226 1
470420 1
478109 1
480169 1
480862 1
491462 1
499084 1
501843 1
506266 1
512221 1
514750 1
524569 1
559490 1
562623 1
566015 1
567906 1
577395 1
582227 1
591351 1
613739 1
680546 1
702837 1
705906 1
714322 1
715382 1
753594 1
778884 1
834668 1
867624 1
895283 1
898780 1
906526 1
912843 1
915664 1
922971 1
926820 1
927940 1
928042 1
928486 1
937938 1
949535 1
959155 1
976182 1
983965 1
991615 1
996237 1
1051915 1
1094178 1
1101411 1
1109454 1
1131015 1
1132080 1
1136857 1
1137077 1
1144989 1
1158028 1
1201861 1
1208293 1
1214526 1
1227228 1
1256920 1
1264302 1
1272162 1
1298533 1
1306814 1
1308865 1
1333682 1
1357798 1
1366691 1
1375090 1
1377725 1
1395518 1
1399993 1
1423501 1
1439010 1
1445779 1
1448641 1
1452564 1
1471165 1
1471311 1
1477308 1
1478090 1
1485331 1
1488324 1
1530878 1
1541631 1
1566046 1
1567626 1
1586426 1
1586932 1
1597102 1
1598130 1
1612772 1
1620801 1
1632269 1
1634427 1
1652260 1
1676613 1
1690534 1
1700656 1
1719278 1
1722929 1
1724923 1
1740923 1
1746129 1
1757307 1
1757490 1
1772775 1
1773384 1
1773699 1
1774663 1
1785743 1
1790408 1
1831336 1
1882658 1
1889289 1
1891043 1
1898932 1
1909470 1
1910840 1
1922114 1
1922174 1
1944813 1
1953969 1
1956235 1
1961792 1
1965998 1
1968214 1
1972421 1
1992252 1
2008064 1
2016602 1
2023024 1
2042530 1
2049005 1
2093183 1
2100620 1
2101643 1
2126888 1
2136564 1
2146352 1
2156003 1
2163852 1
2180909 1
2187246 1
2215523 1
2231428 1
2231813 1
2252594 1
2269207 1
2273838 1
2275057 1
2276139 1
2296682 1
2302504 1
2313361 1
2369298 1
2370553 1
2383040 1
2385172 1
2387932 1
2387934 1
2388002 1
2391229 1
2394959 1
2410006 1
2417018 1
2431606 1
2490423 1
2503131 1
2506829 1
2509947 1
2514409 1
2524597 1
2531070 1
2541489 1
2554773 1
2554775 1
2560439 1
2565631 1
2577122 1
2579776 1
2588684 1
2602708 1
2616510 1
2617056 1
2643749 1
2683417 1
2693194 1
2721951 1
2728154 1
2731334 1
2751717 1
2765891 1
2767985 1
2796004 1
2823037 1
2843142 1
2858422 1
2858810 1
2875943 1
2884438 1
2889800 1
2890866 1
2914727 1
2932992 1
2933025 1
2942536 1
2947350 1
2963940 1
2966236 1
2972410 1
2974155 1
2982290 1
2992990 1
2993794 1
2994441 1
3001411 1
3046560 1
3047246 1
3065409 1
3076340 1
3105933 1
3140232 1
3169649 1
3192606 1
3194328 1
3196371 1
3196376 1
3200718 1
3222685 1
3236508 1
3261178 1
3278688 1
3285749 1
3318503 1
3319676 1
3328657 1
3328944 1
3329973 1
3334681 1
3346168 1
3362228 1
3367374 1
3371777 1
3372959 1
3380391 1
3413134 1
3414045 1
3420742 1
3422704 1
3439243 1
3456261 1
3461117 1
3468180 1
3491948 1
3498058 1
3500970 1
3504786 1
3506947 1
3513135 1
3518948 1
3521361 1
3548057 1
3551344 1
3556796 1
3574838 1
3586967 1
3601164 1
3686167 1
3716830 1
3720006 1
3732508 1
3760908 1
3763364 1
3765024 1
3786346 1
3797032 1
3797608 1
3810557 1
3815474 1
3817527 1
3842428 1
3845994 1
3846808 1
3865571 1
3869385 1
3874192 1
3885961 1
3889458 1
3892913 1
3932320 1
3940145 1
3947033 1
3969926 1
3971770 1
3981342 1
3982714 1
4003740 1
4012267 1
4012666 1
4093060 1
4113017 1
4117866 1
4136034 1
4138296 1
4179375 1
4203869 1
4204830 1
4212160 1
4216493 1
4221415 1
4257053 1
4260168 1
4264077 1
4272110 1
4273690 1
4297330 1
4306911 1
4397698 1
4401773 1
4422730 1
4437178 1
4448334 1
4470885 1
4486464 1
4487801 1
4494651 1
4503001 1
4519074 1
4525064 1
4531895 1
4536935 1
4540185 1
4540236 1
4541730 1
4561907 1
4562892 1
4567205 1
4571118 1
4571632 1
4586414 1
4611265 1
4613822 1
4638566 1
4677601 1
4688197 1
4698096 1
4702457 1
4767027 1
4824046 1
4825129 1
4835772 1
4837802 1
4870838 1
4874892 1
4893843 1
4922412 1
4924862 1
4943441 1
4950446 1
4985598 1
5029591 1
5043301 1
5051951 1
5072605 1
5077213 1
5077366 1
5097606 1
5138258 1
5163890 1
5191807 1
5193149 1
5196138 1
5233047 1
5233536 1
5247523 1
5265388 1
5271508 1
5273099 1
5281391 1
5282783 1
5287556 1
5290326 1
5320760 1
5325854 1
5340917 1
5355878 1
5360260 1
5394747 1
5417391 1
5421794 1
5421798 1
5433388 1
5453193 1
5471330 1
5474584 1
5485420 1
5503021 1
5545541 1
5547835 1
5552614 1
5560377 1
5575744 1
5591852 1
5636164 1
5637231 1
5650309 1
5659647 1
5676996 1
5680904 1
5685341 1
5686068 1
5698690 1
5709756 1
5744429 1
5751717 1
5791221 1
5814859 1
5823527 1
5830629 1
5842437 1
5861708 1
5869039 1
5872476 1
5886612 1
5897030 1
5911139 1
5918642 1
5926605 1
5943963 1
5948017 1
5967449 1
5969415 1
5971179 1
5976829 1
5980778 1
5992756 1
6000273 1
6004489 1
6005094 1
6029512 1
6031102 1
6033507 1
6045226 1
6085372 1
6098177 1
6108516 1
6108782 1
6119651 1
6131847 1
6138664 1
6177774 1
6184362 1
6187596 1
6197496 1
6202774 1
6229821 1
6230872 1
6234147 1
6237871 1
6248247 1
6269086 1
6270049 1
6291861 1
6345875 1
6354720 1
6375586 1
6380892 1
6398992 1
6402881 1
6406268 1
6452829 1
6454505 1
6458191 1
6470929 1
6475108 1
6486840 1
6493726 1
6507272 1
6513654 1
6513962 1
6527567 1
6530824 1
6544818 1
6572099 1
6573155 1
6582398 1
6589072 1
6591130 1
6598585 1
6617971 1
6623100 1
6624556 1
6627725 1
6634307 1
6645708 1
6646128 1
6650922 1
6653956 1
6658211 1
6688198 1
6693784 1
6703773 1
6714955 1
6716834 1
6721117 1
6726675 1
6805018 1
6809185 1
6811639 1
6822198 1
6847456 1
6856687 1
6860911 1
6892449 1
6894543 1
6895456 1
6903005 1
6904936 1
6908873 1
6918953 1
6921198 1
6921358 1
6932783 1
6941136 1
6944792 1
6961424 1
6961492 1
6964968 1
6993929 1
7002033 1
7021945 1
7026288 1
7037110 1
7037382 1
7039871 1
7052057 1
7056200 1
7069028 1
7071036 1
7083475 1
7109686 1
7114541 1
7115873 1
7117272 1
7117807 1
7129796 1
7140067 1
7154923 1
7164010 1
7166781 1
7175473 1
7178890 1
7188912 1
7203809 1
7213475 1
7231501 1
7233704 1
7253556 1
7253772 1
7254857 1
7272505 1
7285940 1
7299048 1
7305450 1
7307878 1
7317275 1
7331918 1
7352410 1
7379856 1
7412110 1
7413181 1
7415227 1
7420407 1
7423392 1
7439786 1
7479947 1
7497848 1
7522717 1
7536662 1
7539786 1
7585217 1
7598277 1
7598673 1
7602993 1
7638612 1
7654972 1
7681038 1
7682550 1
7684891 1
7707950 1
7709643 1
7719944 1
7739088 1
7752386 1
7759102 1
7761492 1
7764599 1
7764907 1
7781018 1
7781129 1
7799718 1
7867756 1
7871292 1
7894312 1
7898684 1
7904656 1
7906085 1
7918960 1
7939070 1
7940946 1
7968233 1
7972716 1
7973183 1
7986449 1
8035406 1
8037116 1
8038561 1
8051473 1
8056214 1
8062288 1
8067497 1
8069219 1
8070390 1
8078213 1
8118218 1
8164850 1
8173567 1
8189883 1
8202995 1
8208056 1
8255363 1
8277368 1
8288829 1
8292296 1
8298615 1
8302913 1
