1854 1
6385 1
6674 1
9253 1
16623 1
16882 1
16882 1
18277 1
18813 1
24814 1
26175 1
27762 1
33559 1
35571 1
35571 1
36817 1
38876 1
47506 1
55938 1
60963 1
71886 1
72989 1
82218 1
86400 1
99542 1
99589 1
104253 1
105307 1
106559 1
107162 1
108658 1
108807 1
111852 1
114481 1
115566 1
115689 1
117178 1
123839 1
124205 1
124727 1
125079 1
125692 1
126546 1
127591 1
135647 1
141074 1
148209 1
149041 1
150939 1
151061 1
161737 1
163148 1
163960 1
164678 1
165006 1
165700 1
166665 1
168373 1
170465 1
171666 1
173366 1
175256 1
178563 1
179947 1
183015 1
183419 1
184521 1
185664 1
187028 1
188922 1
192459 1
193481 1
195644 1
197468 1
197473 1
198769 1
206946 1
213280 1
214543 1
215702 1
217876 1
221973 1
222079 1
223571 1
225049 1
230841 1
248140 1
260024 1
261205 1
261571 1
266850 1
268085 1
275316 1
280380 1
282264 1
285066 1
285269 1
286296 1
286988 1
298233 1
303790 1
316555 1
325102 1
326081 1
326810 1
333255 1
335605 1
342581 1
343283 1
347024 1
348809 1
352993 1
353077 1
360658 1
369266 1
372053 1
383073 1
387695 1
413051 1
430604 1
438017 1
441479 1
446235 1
453076 1
454743 1
456013 1
456488 1
460063 1
479859 1
482438 1
486888 1
488496 1
497695 1
499665 1
502992 1
504056 1
504597 1
506680 1
507776 1
508659 1
511235 1
512923 1
514007 1
515260 1
518567 1
530270 1
536155 1
541014 1
549359 1
550829 1
555732 1
589456 1
593699 1
599697 1
612654 1
613879 1
621306 1
628580 1
632943 1
633913 1
636041 1
640500 1
645615 1
649320 1
659047 1
661892 1
669741 1
674272 1
675442 1
676900 1
676997 1
677780 1
681327 1
687062 1
703609 1
708481 1
716308 1
724377 1
728527 1
732658 1
733249 1
734086 1
734416 1
742519 1
746913 1
747476 1
747604 1
750553 1
753541 1
756073 1
759456 1
768081 1
773251 1
785580 1
790221 1
791310 1
796136 1
800379 1
800716 1
805590 1
809249 1
813874 1
817447 1
819755 1
831862 1
838977 1
839511 1
842207 1
846050 1
848225 1
849767 1
859412 1
862185 1
865622 1
891097 1
896745 1
899562 1
912960 1
939361 1
949012 1
952980 1
957371 1
959082 1
960127 1
966996 1
969690 1
970821 1
972881 1
976522 1
979130 1
1013977 1
1024812 1
1029754 1
1041346 1
1042072 1
1050040 1
1050040 1
1050699 1
1052608 1
1056473 1
1058088 1
1058347 1
1063610 1
1068243 1
1070249 1
1071508 1
1071993 1
1072054 1
1073846 1
1075110 1
1083478 1
1088575 1
1098565 1
1099030 1
1100298 1
1107734 1
1109778 1
1110689 1
1112968 1
1117374 1
1120720 1
1171444 1
1172880 1
1173087 1
1178871 1
1180030 1
1184473 1
1185776 1
1216676 1
1225358 1
1225745 1
1228041 1
1228872 1
1241946 1
1243362 1
1247651 1
1259813 1
1260085 1
1266375 1
1267581 1
1275003 1
1275667 1
1288548 1
1289380 1
1290477 1
1296667 1
1298073 1
1299637 1
1309790 1
1316893 1
1319151 1
1339540 1
1339870 1
1344143 1
1349594 1
1350749 1
1359198 1
1362052 1
1371132 1
1373362 1
1373369 1
1374833 1
1379923 1
1380571 1
1392956 1
1397492 1
1399829 1
1399892 1
1400579 1
1405580 1
1409422 1
1414135 1
1419972 1
1424009 1
1432783 1
1434384 1
1438575 1
1446809 1
1446821 1
1452887 1
1453431 1
1458095 1
1459645 1
1460672 1
1470107 1
1471559 1
1473477 1
1477711 1
1479023 1
1490066 1
1490302 1
1493083 1
1494494 1
1495616 1
1500660 1
1504955 1
1514096 1
1520149 1
1523990 1
1524471 1
1525015 1
1530365 1
1531252 1
1531940 1
1535877 1
1536738 1
1541964 1
1551127 1
1554226 1
1560663 1
1561199 1
1562436 1
1571290 1
1578312 1
1582204 1
1587260 1
1589723 1
1606726 1
1611376 1
1611911 1
1619331 1
1650100 1
1652343 1
1652662 1
1662484 1
1675581 1
1675585 1
1685667 1
1686232 1
1687823 1
1689169 1
1705609 1
1727466 1
1732660 1
1738868 1
1739837 1
1740377 1
1754043 1
1765199 1
1780641 1
1787672 1
1789235 1
1794742 1
1795063 1
1798955 1
1800877 1
1801586 1
1803977 1
1804302 1
1804571 1
1805184 1
1806556 1
1814294 1
1817934 1
1819022 1
1830116 1
1830932 1
1831304 1
1831838 1
1832747 1
1847003 1
1848883 1
1849532 1
1855818 1
1859196 1
1865818 1
1866045 1
1870980 1
1871354 1
1872907 1
1874021 1
1876004 1
1877152 1
1882181 1
1890452 1
1891315 1
1897896 1
1901752 1
1906607 1
1914669 1
1915231 1
1928949 1
1929739 1
1939146 1
1941108 1
1944933 1
1945065 1
1954960 1
1955791 1
1961907 1
1962970 1
1964943 1
1967946 1
1973745 1
1988188 1
1994485 1
1994491 1
2006369 1
2006691 1
2006691 1
2006978 1
2010677 1
2012364 1
2016578 1
2020371 1
2027923 1
2031282 1
2036188 1
2042803 1
2055683 1
2065950 1
2066731 1
2069975 1
2074271 1
2090235 1
2093047 1
2093935 1
2094272 1
2096595 1
2098906 1
2102043 1
2103945 1
2108842 1
2109638 1
2110213 1
2110527 1
2121325 1
2124774 1
2131332 1
2132795 1
2134237 1
2137113 1
2139036 1
2140675 1
2155080 1
2170285 1
2170287 1
2171528 1
2183206 1
2185945 1
2193592 1
2196532 1
2200089 1
2201404 1
2204253 1
2205321 1
2216172 1
2217243 1
2228234 1
2252900 1
2261880 1
2263310 1
2267204 1
2281823 1
2287699 1
2296278 1
2297672 1
2303390 1
2306261 1
2306435 1
2307537 1
2307714 1
2332711 1
2341986 1
2350677 1
2367899 1
2367899 1
2370957 1
2371365 1
2373701 1
2376411 1
2376727 1
2379333 1
2382125 1
2382648 1
2384075 1
2393501 1
2408398 1
2409847 1
2412774 1
2414575 1
2418500 1
2430786 1
2435083 1
2438135 1
2438340 1
2439881 1
2442344 1
2445029 1
2445735 1
2449119 1
2453851 1
2460628 1
2461171 1
2464853 1
2472576 1
2475450 1
2494021 1
2510049 1
2520079 1
2525121 1
2525447 1
2533804 1
2541388 1
2547575 1
2551424 1
2552022 1
2563953 1
2565367 1
2570798 1
2586780 1
2589416 1
2591897 1
2598985 1
2605118 1
2606651 1
2608073 1
2612826 1
2618737 1
2641466 1
2648790 1
2649140 1
2651034 1
2654489 1
2659281 1
2665393 1
2667364 1
2674871 1
2682089 1
2684958 1
2688942 1
2693691 1
2695575 1
2701758 1
2712197 1
2713391 1
2715683 1
2726848 1
2729929 1
2735360 1
2739525 1
2744735 1
2754440 1
2756953 1
2757658 1
2762542 1
2763395 1
2767006 1
2772032 1
2772186 1
2783884 1
2789764 1
2800044 1
2803929 1
2820629 1
2825598 1
2825738 1
2834952 1
2840679 1
2847944 1
2849782 1
2851424 1
2851604 1
2853807 1
2856461 1
2857409 1
2858012 1
2861101 1
2871835 1
2879896 1
2881462 1
2886586 1
2888029 1
2891021 1
2891865 1
2895170 1
2900745 1
2908916 1
2922820 1
2925070 1
2927081 1
2934828 1
2937266 1
2945836 1
2947179 1
2949434 1
2950973 1
2979483 1
2985556 1
2987982 1
2992480 1
2994070 1
3004758 1
3009366 1
3023079 1
3024186 1
3026460 1
3035985 1
3038100 1
3043199 1
3044340 1
3049768 1
3053163 1
3056635 1
3074269 1
3080262 1
3084008 1
3087810 1
3088465 1
3091101 1
3092026 1
3094802 1
3098678 1
3103551 1
3110852 1
3111148 1
3112480 1
3113034 1
3119559 1
3123794 1
3138254 1
3139388 1
3146781 1
3149710 1
3151569 1
3152325 1
3160268 1
3163164 1
3165934 1
3167854 1
3172357 1
3178260 1
3183863 1
3186257 1
3189418 1
3191526 1
3194655 1
3200721 1
3202951 1
3220317 1
3222132 1
3227551 1
3235045 1
3240734 1
3245203 1
3250469 1
3256957 1
3264562 1
3268203 1
3275075 1
3278798 1
3285143 1
3291575 1
3293185 1
3306117 1
3311001 1
3311334 1
3312884 1
3322287 1
3323024 1
3329358 1
3331823 1
3334356 1
3340259 1
3340804 1
3345543 1
3345807 1
3345876 1
3346323 1
3347198 1
3348644 1
3358122 1
3358844 1
3366238 1
3367322 1
3368250 1
3373674 1
3374573 1
3376629 1
3388162 1
3389113 1
3391571 1
3404536 1
3405646 1
3415080 1
3415826 1
3429542 1
3433778 1
3437038 1
3437935 1
3457830 1
3461778 1
3468851 1
3470567 1
3473249 1
3484422 1
3484433 1
3488623 1
3492828 1
3496786 1
3498215 1
3521396 1
3524322 1
3527144 1
3529827 1
3537309 1
3538100 1
3539167 1
3541879 1
3542367 1
3544992 1
3545980 1
3551925 1
3557765 1
3560999 1
3563985 1
3564634 1
3567283 1
3574937 1
3578488 1
3579241 1
3584536 1
3588737 1
3588867 1
3589876 1
3595408 1
3606643 1
3614698 1
3621533 1
3634852 1
3643070 1
3655487 1
3658598 1
3673654 1
3680656 1
3682107 1
3695831 1
3699279 1
3700806 1
3707146 1
3711606 1
3716600 1
3717692 1
3723271 1
3729801 1
3730726 1
3731715 1
3735729 1
3745632 1
3759320 1
3760859 1
3762834 1
3769511 1
3771923 1
3777985 1
3777989 1
3778490 1
3778735 1
3798623 1
3808060 1
3815916 1
3817469 1
3817971 1
3818412 1
3818902 1
3819096 1
3821310 1
3827877 1
3830812 1
3834418 1
3842984 1
3847633 1
3852922 1
3854553 1
3856650 1
3863340 1
3865708 1
3866762 1
3874105 1
3877302 1
3877909 1
3882101 1
3883000 1
3883000 1
3885631 1
3887470 1
3896775 1
3896916 1
3908813 1
3918869 1
3920527 1
3931323 1
3936353 1
3936822 1
3937432 1
3943253 1
3946578 1
3954052 1
3959326 1
3960687 1
3966959 1
3968253 1
3969815 1
3974950 1
3975829 1
3995905 1
3995934 1
3997975 1
4001321 1
4002271 1
4006591 1
4009910 1
4011379 1
4014539 1
4016320 1
4016595 1
4017891 1
4019144 1
4019350 1
4025829 1
4026457 1
4026793 1
4029393 1
4033656 1
4034763 1
4039756 1
4045145 1
4049017 1
4068971 1
4075000 1
4083413 1
4089641 1
4090016 1
4090690 1
4093224 1
4099052 1
4107755 1
4113824 1
4116241 1
4131160 1
4136565 1
4140846 1
4142569 1
4145255 1
4146456 1
4160279 1
4172731 1
4173095 1
4173915 1
4177080 1
4177500 1
4179520 1
4180034 1
4183257 1
4184178 1
4195401 1
4196922 1
4199034 1
4204734 1
4213083 1
4214641 1
4216900 1
4223939 1
4230421 1
4232997 1
4237886 1
4241073 1
4243305 1
4260409 1
4264691 1
4270613 1
4277953 1
4281964 1
4282789 1
4286869 1
4289845 1
4293811 1
4301681 1
4302232 1
4308803 1
4316020 1
4320454 1
4327271 1
4331682 1
4331694 1
4336058 1
4344639 1
4344989 1
4345438 1
4353560 1
4361166 1
4362275 1
4375684 1
4390729 1
4391974 1
4403373 1
4410609 1
4417162 1
4420041 1
4423143 1
4426576 1
4444139 1
4444404 1
4444478 1
4456816 1
4458113 1
4460067 1
4463442 1
4475641 1
4476803 1
4479143 1
4479713 1
4479789 1
4485119 1
4485940 1
4496436 1
4499174 1
4499217 1
4504209 1
4505395 1
4507788 1
4510009 1
4511607 1
4544575 1
4544922 1
4546360 1
4551466 1
4560461 1
4573204 1
4574294 1
4580747 1
4581191 1
4591373 1
4597655 1
4601230 1
4604456 1
4604977 1
4616874 1
4621574 1
4630186 1
4631990 1
4633514 1
4633570 1
4635115 1
4636661 1
4647012 1
4649388 1
4652123 1
4658752 1
4667241 1
4668900 1
4680005 1
4683488 1
4710554 1
4711455 1
4723562 1
4725457 1
4736981 1
4742938 1
4746605 1
4747807 1
4751433 1
4754965 1
4763944 1
4765778 1
4779766 1
4780391 1
4788568 1
4791841 1
4805792 1
4808562 1
4810110 1
4814628 1
4826366 1
4828505 1
4830484 1
4831489 1
4832402 1
4833725 1
4834051 1
4835289 1
4835458 1
4836349 1
4836443 1
4849254 1
4862066 1
4864170 1
4866547 1
4868276 1
4872027 1
4874386 1
4877764 1
4878942 1
4879079 1
4881123 1
4883305 1
4888280 1
4889295 1
4890004 1
4891454 1
4892726 1
4894748 1
4896126 1
4900098 1
4900400 1
4901696 1
4906261 1
4906269 1
4908537 1
4908849 1
4915614 1
4928756 1
4929134 1
4935689 1
4937888 1
4942720 1
4945704 1
4946235 1
4958063 1
4958927 1
4961079 1
4964435 1
4964847 1
4967722 1
4974268 1
4981146 1
4987303 1
4988362 1
4994758 1
4997362 1
4999487 1
4999546 1
5000548 1
5000921 1
5007482 1
5022570 1
5022723 1
5024067 1
5024836 1
5034125 1
5039554 1
5043733 1
5044232 1
5048336 1
5048564 1
5060567 1
5063586 1
5076505 1
5080378 1
5107161 1
5112312 1
5120382 1
5120952 1
5122990 1
5128769 1
5130268 1
5130564 1
5136665 1
5144547 1
5149358 1
5151624 1
5160600 1
5164440 1
5168457 1
5169143 1
5171306 1
5176788 1
5181472 1
5196399 1
5199579 1
5203931 1
5216994 1
5218124 1
5228236 1
5229876 1
5234629 1
5252696 1
5254218 1
5258696 1
5260942 1
5273693 1
5280476 1
5288954 1
5293097 1
5293460 1
5307563 1
5314606 1
5317859 1
5330188 1
5330282 1
5330617 1
5331217 1
5339864 1
5346093 1
5346503 1
5347407 1
5347650 1
5348016 1
5349613 1
5351399 1
5359834 1
5363597 1
5363607 1
5370709 1
5379763 1
5386005 1
5416877 1
5422102 1
5429502 1
5433789 1
5436290 1
5440559 1
5443101 1
5443220 1
5448238 1
5466080 1
5466082 1
5466671 1
5468417 1
5479772 1
5481478 1
5483552 1
5486313 1
5487440 1
5492884 1
5493035 1
5495107 1
5509348 1
5510333 1
5510434 1
5515350 1
5535252 1
5548178 1
5548811 1
5554548 1
5555389 1
5558909 1
5559160 1
5561041 1
5561201 1
5561329 1
5562257 1
5563673 1
5572337 1
5575443 1
5594021 1
5594678 1
5597632 1
5601052 1
5625797 1
5636350 1
5640653 1
5643653 1
5647285 1
5662496 1
5663175 1
5670856 1
5673514 1
5674476 1
5677619 1
5678312 1
5679546 1
5685252 1
5686377 1
5690908 1
5694275 1
5703421 1
5706425 1
5710280 1
5715895 1
5727149 1
5733450 1
5742765 1
5747866 1
5756047 1
5756658 1
5781327 1
5782450 1
5783337 1
5788264 1
5789354 1
5800102 1
5806589 1
5809436 1
5810446 1
5815545 1
5820233 1
5821431 1
5827693 1
5831120 1
5837008 1
5848582 1
5849906 1
5859680 1
5871575 1
5871907 1
5874559 1
5876486 1
5876859 1
5880004 1
5880431 1
5880729 1
5882170 1
5882355 1
5888544 1
5890152 1
5891351 1
5891559 1
5894309 1
5898035 1
5898710 1
5899650 1
5899710 1
5901988 1
5903591 1
5906085 1
5918214 1
5920569 1
5922693 1
5923318 1
5927946 1
5933659 1
5933792 1
5943509 1
5952468 1
5971374 1
5972277 1
5974071 1
5989214 1
5991496 1
5993923 1
5994933 1
6002824 1
6002831 1
6011295 1
6013417 1
6014160 1
6014789 1
6018442 1
6025953 1
6027329 1
6037862 1
6045864 1
6046164 1
6047066 1
6047358 1
6063635 1
6065993 1
6066485 1
6068120 1
6068321 1
6069466 1
6074640 1
6079012 1
6096493 1
6098661 1
6119783 1
6130198 1
6131734 1
6133906 1
6135673 1
6137809 1
6144426 1
6150320 1
6154684 1
6154785 1
6155112 1
6155112 1
6155781 1
6156563 1
6156637 1
6157722 1
6157976 1
6158343 1
6173483 1
6190694 1
6219792 1
6235282 1
6238664 1
6247416 1
6251766 1
6252057 1
6254049 1
6264043 1
6265121 1
6266906 1
6269677 1
6270085 1
6276522 1
6277432 1
6293162 1
6303239 1
6307672 1
6313144 1
6314178 1
6318024 1
6322638 1
6323833 1
6327542 1
6348725 1
6349779 1
6357144 1
6357531 1
6364305 1
6384499 1
6387769 1
6389604 1
6391514 1
6393852 1
6398804 1
6402134 1
6403334 1
6405104 1
6407228 1
6426568 1
6427888 1
6435263 1
6441607 1
6443630 1
6444341 1
6454621 1
6472553 1
6474771 1
6475680 1
6480254 1
6484082 1
6490115 1
6492837 1
6493929 1
6499647 1
6502757 1
6506080 1
6507292 1
6508457 1
6511755 1
6518497 1
6523132 1
6527160 1
6527160 1
6529200 1
6533528 1
6534371 1
6554661 1
6560098 1
6561887 1
6563084 1
6563690 1
6568937 1
6569142 1
6574453 1
6582139 1
6583016 1
6586674 1
6590486 1
6591079 1
6591457 1
6594760 1
6602386 1
6610181 1
6613212 1
6627811 1
6633898 1
6638225 1
6640905 1
6649369 1
6656803 1
6659955 1
6667383 1
6673993 1
6675331 1
6677049 1
6680217 1
6681887 1
6692445 1
6697232 1
6702610 1
6706548 1
6710859 1
6717010 1
6718158 1
6734870 1
6737477 1
6739646 1
6741750 1
6742795 1
6748169 1
6753789 1
6754247 1
6754590 1
6763275 1
6769758 1
6771576 1
6772638 1
6773884 1
6778212 1
6781846 1
6783833 1
6796641 1
6796791 1
6797589 1
6803507 1
6804474 1
6807636 1
6809313 1
6810740 1
6816861 1
6818265 1
6825164 1
6833663 1
6833883 1
6834100 1
6835474 1
6836181 1
6837501 1
6843775 1
6844570 1
6852768 1
6852960 1
6859748 1
6861123 1
6863203 1
6864429 1
6865416 1
6868771 1
6872124 1
6878133 1
6881958 1
6883966 1
6885510 1
6888376 1
6894628 1
6897735 1
6903836 1
6904116 1
6910449 1
6915690 1
6916284 1
6916541 1
6925499 1
6930576 1
6932195 1
6932706 1
6937148 1
6938839 1
6943417 1
6947693 1
6953836 1
6957907 1
6958880 1
6962786 1
6963909 1
6978008 1
6988133 1
6995065 1
6995083 1
6996684 1
7000134 1
7002591 1
7006933 1
7010054 1
7018673 1
7030310 1
7043439 1
7044952 1
7076522 1
7080604 1
7083909 1
7085795 1
7087700 1
7097508 1
7097892 1
7099635 1
7100570 1
7102718 1
7107968 1
7110143 1
7111723 1
7113504 1
7118659 1
7119261 1
7124109 1
7125096 1
7125615 1
7131003 1
7137577 1
7149389 1
7153534 1
7157313 1
7160550 1
7163705 1
7165779 1
7173539 1
7175338 1
7179921 1
7183726 1
7184066 1
7187056 1
7187142 1
7189565 1
7189787 1
7212179 1
7212196 1
7212234 1
7214898 1
7221556 1
7223844 1
7225129 1
7225299 1
7226282 1
7226322 1
7227653 1
7235916 1
7235934 1
7241656 1
7253714 1
7259146 1
7266856 1
7272446 1
7278169 1
7278350 1
7284606 1
7288000 1
7296866 1
7302090 1
7302093 1
7303734 1
7306116 1
7317287 1
7318176 1
7322063 1
7323856 1
7323870 1
7327738 1
7328326 1
7333850 1
7339379 1
7344178 1
7344912 1
7347202 1
7348643 1
7349579 1
7352948 1
7357494 1
7364003 1
7372116 1
7373253 1
7373877 1
7374880 1
7376301 1
7381593 1
7383015 1
7387099 1
7387629 1
7390946 1
7392491 1
7394567 1
7395562 1
7396432 1
7409571 1
7412364 1
7412900 1
7421788 1
7425158 1
7425575 1
7430827 1
7438780 1
7438807 1
7447971 1
7448076 1
7477358 1
7481469 1
7494488 1
7497295 1
7502804 1
7504257 1
7508199 1
7517193 1
7522292 1
7528116 1
7531299 1
7539161 1
7541314 1
7568273 1
7569691 1
7569930 1
7575132 1
7581104 1
7585237 1
7589987 1
7590098 1
7591347 1
7594470 1
7609658 1
7610481 1
7617559 1
7629424 1
7633704 1
7636721 1
7637055 1
7644370 1
7646421 1
7648787 1
7650113 1
7653275 1
7657141 1
7657266 1
7668755 1
7669480 1
7670245 1
7674311 1
7680889 1
7699107 1
7701634 1
7705620 1
7708109 1
7716426 1
7717090 1
7718289 1
7720568 1
7721475 1
7726185 1
7734598 1
7737519 1
7742175 1
7746192 1
7750800 1
7764946 1
7765483 1
7772268 1
7773227 1
7775017 1
7777848 1
7778326 1
7778664 1
7782768 1
7786995 1
7789409 1
7789864 1
7803029 1
7813700 1
7815680 1
7817804 1
7823837 1
7826441 1
7826441 1
7829549 1
7831929 1
7837223 1
7854331 1
7854483 1
7854483 1
7854702 1
7857105 1
7865071 1
7875684 1
7885373 1
7891192 1
7892840 1
7900108 1
7900624 1
7902342 1
7907237 1
7910427 1
7930910 1
7942897 1
7946625 1
7947281 1
7948931 1
7955215 1
7966903 1
7971223 1
7971470 1
7975218 1
7979107 1
7981818 1
7984973 1
7986801 1
7995292 1
7996526 1
8011693 1
8017231 1
8021887 1
8024925 1
8027546 1
8036914 1
8042249 1
8046158 1
8053081 1
8053656 1
8054274 1
8056674 1
8064821 1
8066749 1
8080153 1
8081537 1
8082219 1
8084035 1
8096745 1
8106559 1
8106989 1
8109355 1
8111790 1
8112065 1
8113401 1
8115757 1
8119335 1
8119950 1
8122882 1
8123583 1
8124031 1
8125325 1
8131125 1
8131131 1
8132171 1
8136000 1
8138137 1
8138249 1
8138638 1
8139160 1
8142355 1
8144102 1
8145004 1
8145340 1
8146517 1
8151947 1
8153676 1
8153966 1
8154624 1
8156563 1
8158221 1
8160460 1
8161258 1
8161405 1
8162080 1
8162150 1
8164462 1
8167741 1
8168655 1
8171927 1
8177742 1
8185297 1
8185457 1
8194567 1
8198034 1
8199485 1
8218323 1
8218367 1
8226125 1
8229486 1
8236064 1
8245977 1
8248970 1
8256220 1
8266600 1
8272083 1
8272083 1
8274082 1
8279600 1
8285100 1
8290958 1
8293486 1
8294431 1
8297474 1
8306072 1
8306752 1
8310958 1
1473 1
1920 1
2726 1
23091 1
27022 1
29221 1
29846 1
30324 1
33964 1
37465 1
46534 1
52098 1
53499 1
56178 1
56837 1
66626 1
66626 1
68573 1
71517 1
72232 1
75812 1
75880 1
78549 1
81185 1
84580 1
89260 1
89260 1
91457 1
100213 1
100586 1
102355 1
110796 1
111807 1
112935 1
118270 1
121628 1
124271 1
124524 1
130376 1
131407 1
137257 1
137684 1
139686 1
142137 1
142251 1
142992 1
148377 1
149804 1
159700 1
159737 1
160179 1
161015 1
162541 1
165473 1
165613 1
166545 1
167273 1
167981 1
169782 1
171537 1
174543 1
179356 1
182598 1
184579 1
186497 1
191782 1
192965 1
196738 1
197962 1
200821 1
202750 1
204425 1
209407 1
213095 1
214987 1
218161 1
219787 1
220155 1
221869 1
226649 1
229782 1
230910 1
231157 1
233920 1
237240 1
237363 1
247092 1
247958 1
259466 1
262804 1
266889 1
273372 1
273558 1
275038 1
281505 1
288701 1
312193 1
322576 1
322805 1
324748 1
325949 1
326985 1
328337 1
332830 1
344924 1
347481 1
352368 1
358736 1
361662 1
369444 1
375659 1
382879 1
404581 1
407171 1
411492 1
423371 1
438265 1
439686 1
441734 1
454159 1
454386 1
457275 1
460369 1
462117 1
462137 1
463281 1
471036 1
479786 1
486252 1
494456 1
502808 1
502921 1
503036 1
505288 1
506371 1
511883 1
512019 1
520475 1
522896 1
529051 1
530809 1
536422 1
547125 1
551288 1
554130 1
559265 1
560750 1
565140 1
572467 1
572576 1
585165 1
586969 1
587531 1
590520 1
601651 1
602452 1
604415 1
605458 1
617685 1
618285 1
622436 1
626405 1
640000 1
640426 1
642232 1
647576 1
652826 1
652843 1
661280 1
669587 1
670747 1
678272 1
680406 1
680535 1
693314 1
697982 1
698653 1
702297 1
706573 1
712618 1
731397 1
738695 1
742186 1
745044 1
746151 1
749538 1
750567 1
751697 1
752934 1
754676 1
754792 1
756044 1
757804 1
764923 1
765295 1
773812 1
777214 1
783370 1
794463 1
805951 1
811097 1
816415 1
818656 1
820952 1
821280 1
825301 1
833103 1
840874 1
851439 1
852950 1
857334 1
857334 1
866260 1
866821 1
867258 1
870085 1
886558 1
891614 1
905540 1
911438 1
920706 1
923462 1
928936 1
932526 1
940569 1
949802 1
961635 1
962366 1
968435 1
976487 1
981368 1
984303 1
986153 1
986321 1
987949 1
988232 1
996537 1
1009334 1
1013412 1
1014800 1
1022788 1
1027598 1
1039111 1
1040690 1
1044002 1
1050348 1
1050470 1
1051627 1
1062953 1
1063658 1
1063838 1
1065933 1
1070706 1
1074252 1
1079316 1
1091295 1
1091295 1
1095117 1
1104727 1
1112466 1
1116936 1
1124914 1
1129466 1
1131096 1
1137956 1
1150662 1
1150971 1
1156196 1
1160780 1
1170394 1
1170984 1
1173781 1
1175314 1
1179066 1
1180494 1
1190844 1
1201734 1
1205152 1
1225367 1
1230051 1
1230718 1
1241892 1
1251272 1
1255684 1
1261247 1
1264880 1
1266910 1
1268725 1
1272061 1
1281986 1
1297205 1
1306752 1
1307157 1
1319956 1
1320578 1
1324783 1
1328783 1
1333955 1
1348588 1
1348591 1
1351953 1
1353321 1
1353877 1
1359404 1
1365767 1
1375713 1
1381318 1
1397328 1
1397520 1
1400085 1
1404953 1
1405599 1
1406107 1
1407450 1
1409321 1
1414083 1
1420971 1
1423247 1
1424666 1
1428575 1
1432183 1
1433048 1
1451906 1
1463555 1
1471282 1
1478109 1
1488751 1
1489221 1
1491377 1
1494427 1
1495757 1
1497543 1
1497711 1
1503724 1
1505394 1
1512346 1
1513323 1
1520576 1
1525043 1
1537599 1
1541847 1
1541994 1
1554668 1
1563143 1
1565056 1
1573653 1
1578645 1
1579295 1
1583878 1
1586529 1
1592317 1
1596784 1
1598655 1
1602998 1
1606641 1
1615758 1
1619622 1
1621204 1
1622279 1
1624445 1
1626035 1
1632570 1
1635720 1
1637826 1
1641442 1
1641449 1
1643110 1
1648002 1
1659963 1
1668503 1
1671381 1
1672951 1
1675469 1
1676917 1
1682043 1
1683210 1
1686260 1
1686357 1
1688484 1
1697938 1
1699341 1
1722546 1
1723079 1
1725861 1
1730231 1
1731274 1
1731985 1
1732419 1
1739126 1
1743635 1
1744356 1
1744516 1
1746372 1
1748891 1
1755995 1
1769686 1
1773098 1
1774742 1
1776723 1
1778022 1
1795338 1
1797087 1
1797380 1
1798380 1
1800835 1
1807525 1
1808297 1
1809697 1
1810175 1
1814110 1
1814787 1
1815710 1
1818099 1
1824577 1
1826667 1
1828516 1
1830621 1
1833281 1
1834163 1
1847463 1
1852706 1
1854993 1
1856320 1
1858230 1
1860397 1
1861461 1
1866279 1
1868297 1
1869623 1
1873988 1
1874728 1
1879616 1
1880955 1
1881392 1
1889867 1
1891102 1
1891519 1
1891660 1
1899658 1
1903230 1
1906449 1
1908329 1
1913089 1
1917592 1
1918627 1
1922945 1
1929531 1
1936088 1
1938449 1
1940351 1
1940934 1
1942422 1
1942584 1
1947646 1
1949227 1
1952451 1
1954919 1
1955398 1
1978174 1
1978621 1
1979452 1
1980097 1
1983951 1
1995360 1
1996880 1
1998270 1
1998705 1
2009444 1
2010082 1
2010119 1
2014815 1
2017308 1
2017493 1
2019193 1
2027502 1
2027667 1
2029610 1
2029890 1
2033432 1
2033572 1
2035016 1
2038401 1
2044720 1
2057392 1
2066396 1
2067759 1
2079722 1
2086764 1
2089217 1
2093499 1
2093738 1
2099781 1
2102385 1
2107938 1
2113594 1
2136867 1
2139243 1
2147310 1
2149716 1
2149960 1
2163621 1
2170895 1
2172397 1
2174404 1
2178606 1
2179350 1
2195647 1
2208369 1
2209320 1
2211165 1
2211755 1
2213175 1
2224844 1
2224853 1
2227900 1
2231324 1
2241091 1
2241682 1
2247427 1
2260494 1
2261125 1
2261141 1
2269418 1
2270112 1
2270132 1
2273358 1
2289589 1
2290429 1
2290677 1
2291541 1
2292201 1
2303369 1
2305662 1
2307137 1
2310281 1
2315043 1
2317291 1
2320892 1
2326947 1
2327527 1
2327542 1
2333400 1
2335531 1
2343116 1
2362189 1
2365733 1
2372914 1
2377291 1
2383377 1
2384303 1
2384655 1
2386824 1
2390516 1
2391414 1
2396730 1
2401849 1
2407054 1
2412810 1
2422419 1
2425444 1
2429381 1
2441729 1
2442954 1
2444851 1
2445397 1
2456909 1
2456912 1
2464219 1
2466331 1
2468047 1
2470258 1
2476807 1
2478651 1
2488125 1
2488931 1
2493808 1
2502896 1
2504971 1
2510104 1
2512096 1
2515321 1
2523166 1
2525228 1
2526517 1
2531042 1
2532048 1
2532420 1
2535512 1
2542633 1
2546054 1
2546325 1
2547076 1
2550316 1
2554297 1
2558065 1
2565992 1
2567557 1
2579851 1
2582628 1
2587641 1
2589357 1
2594168 1
2596043 1
2596659 1
2610378 1
2621582 1
2622410 1
2622858 1
2624269 1
2628336 1
2629003 1
2629852 1
2631082 1
2631576 1
2636398 1
2637503 1
2638901 1
2642424 1
2648545 1
2648680 1
2650957 1
2653918 1
2656811 1
2672040 1
2672219 1
2672526 1
2672933 1
2676897 1
2680650 1
2683450 1
2683467 1
2690237 1
2699253 1
2700189 1
2701816 1
2710551 1
2711142 1
2722670 1
2723547 1
2727381 1
2731038 1
2736604 1
2740150 1
2744770 1
2761656 1
2763707 1
2768842 1
2770073 1
2773988 1
2775958 1
2781812 1
2784082 1
2800887 1
2801129 1
2804287 1
2815077 1
2819921 1
2820138 1
2830698 1
2835844 1
2840005 1
2841929 1
2843049 1
2843119 1
2846416 1
2849586 1
2850528 1
2852117 1
2854666 1
2854989 1
2861666 1
2863871 1
2866564 1
2869931 1
2870442 1
2870567 1
2875185 1
2876869 1
2877903 1
2880508 1
2882375 1
2885024 1
2885714 1
2887515 1
2899418 1
2901005 1
2910111 1
2911926 1
2913160 1
2919860 1
2934937 1
2939829 1
2947210 1
2954688 1
2963991 1
2965821 1
2969998 1
2972533 1
2977559 1
2986161 1
2992340 1
2993015 1
2994106 1
2994677 1
2998228 1
2998237 1
3004668 1
3011364 1
3012475 1
3013077 1
3014859 1
3020250 1
3024957 1
3027629 1
3030068 1
3034572 1
3035154 1
3038819 1
3038877 1
3039756 1
3045466 1
3046977 1
3047165 1
3048108 1
3056887 1
3061093 1
3061795 1
3062771 1
3063519 1
3069919 1
3074971 1
3079806 1
3087004 1
3087223 1
3094255 1
3094786 1
3096633 1
3101443 1
3106287 1
3107860 1
3113113 1
3113959 1
3120832 1
3125061 1
3127192 1
3131768 1
3141730 1
3157225 1
3158182 1
3161969 1
3167152 1
3170266 1
3171656 1
3178527 1
3179756 1
3179862 1
3185520 1
3186233 1
3188415 1
3195746 1
3200730 1
3203436 1
3204463 1
3213089 1
3213927 1
3228948 1
3232441 1
3238269 1
3239621 1
3248380 1
3250454 1
3251530 1
3257199 1
3268742 1
3271097 1
3273522 1
3279344 1
3280172 1
3282882 1
3288642 1
3293089 1
3298918 1
3300832 1
3302343 1
3308694 1
3309394 1
3312022 1
3317820 1
3323194 1
3324444 1
3325701 1
3334186 1
3335755 1
3349843 1
3350360 1
3351152 1
3351469 1
3359101 1
3363513 1
3363941 1
3369950 1
3370302 1
3370771 1
3380894 1
3382393 1
3390470 1
3395167 1
3395343 1
3403129 1
3405716 1
3406700 1
3411707 1
3418324 1
3420781 1
3424714 1
3430723 1
3430893 1
3433849 1
3440416 1
3441912 1
3447733 1
3449002 1
3453844 1
3454340 1
3477727 1
3478404 1
3480399 1
3481472 1
3483788 1
3493975 1
3498487 1
3502924 1
3505235 1
3509789 1
3513367 1
3529664 1
3530227 1
3540233 1
3544767 1
3550229 1
3553324 1
3560275 1
3561828 1
3568073 1
3574549 1
3575350 1
3577182 1
3584996 1
3587165 1
3589434 1
3590105 1
3595957 1
3597227 1
3600182 1
3605686 1
3607542 1
3614503 1
3630188 1
3631222 1
3632091 1
3636673 1
3647115 1
3653598 1
3657017 1
3662305 1
3684430 1
3685998 1
3688894 1
3689239 1
3692764 1
3694479 1
3707323 1
3707699 1
3707989 1
3709728 1
3712537 1
3714592 1
3718156 1
3723660 1
3725944 1
3726603 1
3726872 1
3732280 1
3749490 1
3767630 1
3774124 1
3776721 1
3783845 1
3795591 1
3795917 1
3805447 1
3810305 1
3814644 1
3817575 1
3819566 1
3823538 1
3839365 1
3842442 1
3852326 1
3859356 1
3859719 1
3863261 1
3863373 1
3863531 1
3872844 1
3872882 1
3881509 1
3885553 1
3892672 1
3896221 1
3910046 1
3918672 1
3920918 1
3927455 1
3930372 1
3940864 1
3943154 1
3945577 1
3948871 1
3971754 1
3973523 1
3982241 1
3982634 1
3983095 1
3988743 1
3991566 1
3998815 1
4004850 1
4009603 1
4014024 1
4015492 1
4031488 1
4034247 1
4040294 1
4041132 1
4047489 1
4049169 1
4052249 1
4057693 1
4080243 1
4082767 1
4083355 1
4087346 1
4090398 1
4091271 1
4095974 1
4098171 1
4101374 1
4101591 1
4103550 1
4104272 1
4106576 1
4115092 1
4123732 1
4125839 1
4132244 1
4138783 1
4140636 1
4143987 1
4149303 1
4150819 1
4158755 1
4160807 1
4164532 1
4183412 1
4183544 1
4185804 1
4186406 1
4186899 1
4187830 1
4191243 1
4195734 1
4197977 1
4204167 1
4220461 1
4228228 1
4228614 1
4229936 1
4233924 1
4234168 1
4236505 1
4237993 1
4248081 1
4260659 1
4266526 1
4267130 1
4270660 1
4273013 1
4273477 1
4275296 1
4288089 1
4288762 1
4299249 1
4308553 1
4310307 1
4319200 1
4322592 1
4328258 1
4332717 1
4335853 1
4336229 1
4336596 1
4337867 1
4347075 1
4348148 1
4352808 1
4366692 1
4372057 1
4373679 1
4374435 1
4396301 1
4399320 1
4400667 1
4405301 1
4414642 1
4417935 1
4418544 1
4420574 1
4425793 1
4431097 1
4431910 1
4440275 1
4444517 1
4448292 1
4448778 1
4450144 1
4451469 1
4452563 1
4459135 1
4462523 1
4465562 1
4467485 1
4468317 1
4471694 1
4477562 1
4488505 1
4488675 1
4494772 1
4496037 1
4509996 1
4521993 1
4539678 1
4539845 1
4542174 1
4563101 1
4564194 1
4572260 1
4575891 1
4575891 1
4592356 1
4601391 1
4603910 1
4617571 1
4619104 1
4620461 1
4626191 1
4651589 1
4653914 1
4657640 1
4661219 1
4667766 1
4669198 1
4675974 1
4678281 1
4684744 1
4708766 1
4709200 1
4710326 1
4712245 1
4716726 1
4726657 1
4730860 1
4734555 1
4737342 1
4746818 1
4774730 1
4777616 1
4779815 1
4780076 1
4785530 1
4801869 1
4807135 1
4809927 1
4812017 1
4815583 1
4821257 1
4822513 1
4830519 1
4835234 1
4838665 1
4839214 1
4840371 1
4845458 1
4847190 1
4847289 1
4848800 1
4849259 1
4852061 1
4857890 1
4864562 1
4869560 1
4871569 1
4878017 1
4878689 1
4883073 1
4892328 1
4892683 1
4898464 1
4900129 1
4901120 1
4902546 1
4908746 1
4924371 1
4928494 1
4937642 1
4938095 1
4948619 1
4950381 1
4954661 1
4957729 1
4969216 1
4973644 1
4977889 1
4979493 1
4986130 1
4997932 1
4998675 1
4999291 1
4999484 1
5000136 1
5000136 1
5000414 1
5010646 1
5012950 1
5020774 1
5029329 1
5036698 1
5055782 1
5059272 1
5062774 1
5064113 1
5067251 1
5070031 1
5071790 1
5081140 1
5082328 1
5090135 1
5092763 1
5094783 1
5112095 1
5120532 1
5133480 1
5133703 1
5145022 1
5154021 1
5159526 1
5161185 1
5172146 1
5172669 1
5186949 1
5189940 1
5200106 1
5207642 1
5211379 1
5216038 1
5222852 1
5227083 1
5236186 1
5238640 1
5238670 1
5262207 1
5263303 1
5264312 1
5266716 1
5273170 1
5279599 1
5280710 1
5286479 1
5291935 1
5296133 1
5297317 1
5300242 1
5301731 1
5306775 1
5306880 1
5308308 1
5312366 1
5314098 1
5326035 1
5328593 1
5334627 1
5335052 1
5340846 1
5342448 1
5351493 1
5353419 1
5357542 1
5360813 1
5381069 1
5397904 1
5436102 1
5439199 1
5439412 1
5446671 1
5449108 1
5459786 1
5460117 1
5460433 1
5460635 1
5470912 1
5478157 1
5478733 1
5478948 1
5479826 1
5484689 1
5485252 1
5487958 1
5491085 1
5492708 1
5496506 1
5505259 1
5506150 1
5519076 1
5523138 1
5523696 1
5523696 1
5532747 1
5534809 1
5544592 1
5547127 1
5552536 1
5555137 1
5562802 1
5563717 1
5567451 1
5573376 1
5577775 1
5590707 1
5603907 1
5608354 1
5616727 1
5624042 1
5637030 1
5637906 1
5650811 1
5657306 1
5661968 1
5665752 1
5666165 1
5674560 1
5675635 1
5681798 1
5681910 1
5686221 1
5687354 1
5693532 1
5694608 1
5695394 1
5703065 1
5716387 1
5719441 1
5733749 1
5735630 1
5747126 1
5767429 1
5778390 1
5778487 1
5785593 1
5790566 1
5807852 1
5810894 1
5816954 1
5818553 1
5822671 1
5828491 1
5848738 1
5849524 1
5853352 1
5854617 1
5858899 1
5860911 1
5862347 1
5862861 1
5870330 1
5873085 1
5875855 1
5876409 1
5877740 1
5878164 1
5879651 1
5881784 1
5886316 1
5888984 1
5889760 1
5894389 1
5913801 1
5928806 1
5931482 1
5933233 1
5934731 1
5935239 1
5935646 1
5943783 1
5947417 1
5948435 1
5956028 1
5977587 1
5980505 1
5982796 1
5990274 1
5994173 1
6000194 1
6005661 1
6005673 1
6013329 1
6022045 1
6025475 1
6035940 1
6041217 1
6049282 1
6049776 1
6051891 1
6051906 1
6052693 1
6057946 1
6067516 1
6069574 1
6076965 1
6077528 1
6078296 1
6082285 1
6082536 1
6083227 1
6091441 1
6097915 1
6098284 1
6104906 1
6111635 1
6114809 1
6118259 1
6120620 1
6127518 1
6132326 1
6137021 1
6137054 1
6143054 1
6143821 1
6149163 1
6149242 1
6149252 1
6149757 1
6153598 1
6154384 1
6155394 1
6156604 1
6156772 1
6157754 1
6158022 1
6158029 1
6165876 1
6183023 1
6205854 1
6209868 1
6222550 1
6228422 1
6230522 1
6230531 1
6239217 1
6247736 1
6254199 1
6254682 1
6257758 1
6258251 1
6260445 1
6265900 1
6267397 1
6286172 1
6288153 1
6288664 1
6293543 1
6295903 1
6297983 1
6311005 1
6312503 1
6314843 1
6314968 1
6325137 1
6330708 1
6340839 1
6348671 1
6353556 1
6358449 1
6358926 1
6360066 1
6362306 1
6363178 1
6363638 1
6377301 1
6378561 1
6380370 1
6381373 1
6381417 1
6381625 1
6389022 1
6395111 1
6395303 1
6408345 1
6409077 1
6410145 1
6431124 1
6435341 1
6439583 1
6440162 1
6465891 1
6467433 1
6473930 1
6479044 1
6479261 1
6480426 1
6482730 1
6488237 1
6491279 1
6497343 1
6500576 1
6505624 1
6509907 1
6523338 1
6524450 1
6524788 1
6525146 1
6539925 1
6540149 1
6540149 1
6547481 1
6552957 1
6557663 1
6561829 1
6562698 1
6565195 1
6567792 1
6583568 1
6583958 1
6585515 1
6588256 1
6590236 1
6595789 1
6598807 1
6607925 1
6611154 1
6611746 1
6615057 1
6616531 1
6621354 1
6624681 1
6632277 1
6639781 1
6642487 1
6642626 1
6642763 1
6646232 1
6658890 1
6664808 1
6666029 1
6677187 1
6683025 1
6684179 1
6684993 1
6697588 1
6698864 1
6710211 1
6717736 1
6721552 1
6724500 1
6727416 1
6736317 1
6737009 1
6746752 1
6746867 1
6758056 1
6772897 1
6773522 1
6775415 1
6779461 1
6796765 1
6800978 1
6808786 1
6811194 1
6816543 1
6816603 1
6818329 1
6821359 1
6825516 1
6826929 1
6830494 1
6830820 1
6831740 1
6832636 1
6833410 1
6838618 1
6843124 1
6843212 1
6843360 1
6843683 1
6850053 1
6852810 1
6864974 1
6866805 1
6866999 1
6875538 1
6877033 1
6877418 1
6879611 1
6884902 1
6895291 1
6904027 1
6909811 1
6913205 1
6917520 1
6918896 1
6922478 1
6923604 1
6925156 1
6930182 1
6931931 1
6935225 1
6936246 1
6943881 1
6944025 1
6958757 1
6963297 1
6965456 1
6966669 1
6996468 1
7002379 1
7015994 1
7018672 1
7019718 1
7021636 1
7029790 1
7029793 1
7034198 1
7037915 1
7044245 1
7048529 1
7049713 1
7059718 1
7063274 1
7069210 1
7074737 1
7081589 1
7083058 1
7110313 1
7111642 1
7114227 1
7114944 1
7115904 1
7120592 1
7130957 1
7139826 1
7145061 1
7149847 1
7152709 1
7154386 1
7157568 1
7160111 1
7163020 1
7166595 1
7169941 1
7170462 1
7174957 1
7182329 1
7190598 1
7195568 1
7207766 1
7212090 1
7214041 1
7217083 1
7223271 1
7224428 1
7224619 1
7228108 1
7235193 1
7239615 1
7249441 1
7259584 1
7275572 1
7280258 1
7280530 1
7281865 1
7283639 1
7289984 1
7305662 1
7309772 1
7315342 1
7317288 1
7322342 1
7326631 1
7329027 1
7329726 1
7329962 1
7330064 1
7330718 1
7330873 1
7332553 1
7333519 1
7335758 1
7338023 1
7338253 1
7342621 1
7343884 1
7347249 1
7348553 1
7350691 1
7351920 1
7353308 1
7354896 1
7356371 1
7359260 1
7359662 1
7361340 1
7367798 1
7368363 1
7369209 1
7374609 1
7374808 1
7375417 1
7378183 1
7380231 1
7380783 1
7383995 1
7385244 1
7394600 1
7413967 1
7415241 1
7416498 1
7417726 1
7419431 1
7419852 1
7425593 1
7428653 1
7431231 1
7435245 1
7449329 1
7453126 1
7455185 1
7468490 1
7470726 1
7476345 1
7482180 1
7485830 1
7493824 1
7501791 1
7509290 1
7510317 1
7511311 1
7514361 1
7515146 1
7517773 1
7526073 1
7526738 1
7533690 1
7534096 1
7537425 1
7537710 1
7539056 1
7539896 1
7546391 1
7551165 1
7551817 1
7554272 1
7555494 1
7563926 1
7565286 1
7576209 1
7581789 1
7588614 1
7589499 1
7595568 1
7599006 1
7612768 1
7615370 1
7618485 1
7623960 1
7634650 1
7638594 1
7640207 1
7641121 1
7641315 1
7643654 1
7658483 1
7659978 1
7660423 1
7661176 1
7665641 1
7670601 1
7672218 1
7699238 1
7704115 1
7704796 1
7705462 1
7708439 1
7712141 1
7713281 1
7717365 1
7717810 1
7731437 1
7736765 1
7738645 1
7746783 1
7758569 1
7762997 1
7764101 1
7771295 1
7774340 1
7779920 1
7785479 1
7792781 1
7792896 1
7792915 1
7794773 1
7802829 1
7807511 1
7812841 1
7819899 1
7824189 1
7829842 1
7834480 1
7842013 1
7849909 1
7855278 1
7855969 1
7857181 1
7858042 1
7867112 1
7869855 1
7874494 1
7875059 1
7881788 1
7885691 1
7886300 1
7888437 1
7891154 1
7892129 1
7895542 1
7900835 1
7901254 1
7906475 1
7909740 1
7911215 1
7916592 1
7921758 1
7924436 1
7925502 1
7925692 1
7927302 1
7929991 1
7935657 1
7936537 1
7937711 1
7947263 1
7950641 1
7959915 1
7965986 1
7967963 1
7969021 1
7971547 1
7977870 1
7978218 1
7983480 1
7985666 1
7990453 1
7993362 1
7998420 1
8003321 1
8005086 1
8006199 1
8008771 1
8010577 1
8018362 1
8020487 1
8029755 1
8030326 1
8032928 1
8033355 1
8036948 1
8040492 1
8041395 1
8042514 1
8042668 1
8047586 1
8048690 1
8049348 1
8053279 1
8053809 1
8054955 1
8056243 1
8059699 1
8060861 1
8060881 1
8061254 1
8061803 1
8065134 1
8069226 1
8072459 1
8076947 1
8081185 1
8084066 1
8084338 1
8085948 1
8098983 1
8099375 1
8107208 1
8111968 1
8114764 1
8116749 1
8121880 1
8123653 1
8124499 1
8125973 1
8129521 1
8131157 1
8132410 1
8132829 1
8137628 1
8138483 1
8140739 1
8146204 1
8151852 1
8156292 1
8158392 1
8161646 1
8161742 1
8162857 1
8171453 1
8172153 1
8173618 1
8177345 1
8191249 1
8195360 1
8197768 1
8198801 1
8208668 1
8215192 1
8215814 1
8218552 1
8219729 1
8221084 1
8221296 1
8229180 1
8232016 1
8235450 1
8242508 1
8250392 1
8251892 1
8255618 1
8255733 1
8258564 1
8262537 1
8270272 1
8276951 1
8287128 1
8287622 1
8300817 1
8306536 1
8308772 1
2698 1
3919 1
13017 1
14694 1
18394 1
18394 1
26853 1
33177 1
49392 1
73892 1
74894 1
91431 1
94160 1
98481 1
110079 1
111402 1
111423 1
113334 1
116904 1
120288 1
121379 1
123330 1
124021 1
132420 1
134387 1
140485 1
145029 1
147069 1
150428 1
150655 1
154765 1
157401 1
157858 1
159870 1
167086 1
169949 1
172040 1
174350 1
175838 1
180378 1
180864 1
184168 1
184472 1
186219 1
193233 1
195943 1
197601 1
198366 1
199376 1
207026 1
212471 1
215752 1
216931 1
218063 1
220752 1
221580 1
221592 1
222268 1
222672 1
230907 1
231276 1
241734 1
248631 1
262390 1
265305 1
265434 1
265649 1
270663 1
271417 1
276316 1
280687 1
285702 1
285751 1
289038 1
289716 1
295787 1
295805 1
298967 1
312237 1
316051 1
317714 1
318116 1
319516 1
320000 1
327323 1
328319 1
330278 1
339183 1
342109 1
344154 1
351750 1
352855 1
353568 1
360883 1
361841 1
364684 1
367813 1
372337 1
373468 1
373653 1
374286 1
384994 1
407314 1
416499 1
421616 1
422679 1
426560 1
430814 1
447142 1
448093 1
459436 1
459907 1
467512 1
469056 1
472987 1
473166 1
495176 1
497880 1
502341 1
505822 1
509796 1
509804 1
510272 1
513692 1
527509 1
556693 1
562503 1
567287 1
571896 1
576681 1
583246 1
583735 1
584645 1
584916 1
586534 1
591504 1
605285 1
605307 1
610382 1
614358 1
616742 1
621889 1
622660 1
627016 1
648538 1
652741 1
684972 1
692590 1
699149 1
701462 1
703428 1
706489 1
709501 1
711010 1
719326 1
723580 1
725964 1
726292 1
732244 1
743823 1
743946 1
746855 1
749668 1
750318 1
750552 1
765512 1
767339 1
778939 1
779155 1
781203 1
781631 1
789037 1
794045 1
805091 1
811130 1
812680 1
819184 1
821831 1
824993 1
830126 1
834525 1
837300 1
837779 1
837965 1
840962 1
846023 1
846753 1
848228 1
855344 1
863660 1
871943 1
872594 1
873520 1
888311 1
891019 1
891308 1
894601 1
897104 1
897177 1
915708 1
918928 1
922127 1
922336 1
924427 1
937994 1
940486 1
943743 1
959038 1
962638 1
963740 1
966549 1
976342 1
991363 1
1007866 1
1015240 1
1016092 1
1019482 1
1020425 1
1030837 1
1032351 1
1038495 1
1042630 1
1043303 1
1044925 1
1048916 1
1050503 1
1050503 1
1050631 1
1069669 1
1069864 1
1070945 1
1082971 1
1083709 1
1089455 1
1096965 1
1099099 1
1104720 1
1105781 1
1106169 1
1107554 1
1109403 1
1112686 1
1116620 1
1118356 1
1131375 1
1138541 1
1141081 1
1149648 1
1162711 1
1164770 1
1169416 1
1170511 1
1179909 1
1184643 1
1187656 1
1190075 1
1192615 1
1193988 1
1202597 1
1210335 1
1210932 1
1211268 1
1215247 1
1216270 1
1239511 1
1243006 1
1259177 1
1263592 1
1263680 1
1263719 1
1264057 1
1264311 1
1286588 1
1303545 1
1305375 1
1308382 1
1316802 1
1326066 1
1331067 1
1332079 1
1332118 1
1342514 1
1343870 1
1345446 1
1368004 1
1371323 1
1371492 1
1373262 1
1373668 1
1376940 1
1378023 1
1380583 1
1383193 1
1386674 1
1387085 1
1387661 1
1389511 1
1389606 1
1390769 1
1398447 1
1404028 1
1429112 1
1435332 1
1441656 1
1442658 1
1447617 1
1459397 1
1460932 1
1463230 1
1467341 1
1468635 1
1475304 1
1477821 1
1484034 1
1485511 1
1495556 1
1506491 1
1509789 1
1526757 1
1533963 1
1539154 1
1542613 1
1544340 1
1545612 1
1546916 1
1548973 1
1554243 1
1557303 1
1565883 1
1581836 1
1586552 1
1587094 1
1596561 1
1604732 1
1604875 1
1609616 1
1621386 1
1627346 1
1636413 1
1636527 1
1648491 1
1654077 1
1654539 1
1667993 1
1668695 1
1670275 1
1670469 1
1675459 1
1685766 1
1692497 1
1696208 1
1701247 1
1703443 1
1705608 1
1714284 1
1717540 1
1718272 1
1720131 1
1721480 1
1728168 1
1729828 1
1746233 1
1749665 1
1756825 1
1762738 1
1772064 1
1777611 1
1785148 1
1785558 1
1785839 1
1800789 1
1804096 1
1808837 1
1808891 1
1815731 1
1818145 1
1818878 1
1821541 1
1824550 1
1826476 1
1828858 1
1829358 1
1830394 1
1831978 1
1832394 1
1840350 1
1845439 1
1847634 1
1858264 1
1858477 1
1867239 1
1873249 1
1881096 1
1882413 1
1887080 1
1887415 1
1909428 1
1915162 1
1917235 1
1920069 1
1920072 1
1920489 1
1937791 1
1937936 1
1945773 1
1948451 1
1948917 1
1949936 1
1952510 1
1961038 1
1964801 1
1972524 1
1982871 1
1983355 1
1986659 1
1986823 1
1987519 1
1991260 1
1992296 1
1994015 1
2001599 1
2002671 1
2004055 1
2005506 1
2007824 1
2009955 1
2011282 1
2013901 1
2016829 1
2030903 1
2038148 1
2062032 1
2063674 1
2065511 1
2066416 1
2067202 1
2073547 1
2073802 1
2074773 1
2093034 1
2094648 1
2094750 1
2095803 1
2111039 1
2111161 1
2112719 1
2114746 1
2115748 1
2121949 1
2123571 1
2127560 1
2130342 1
2138632 1
2139471 1
2140695 1
2146574 1
2153607 1
2158912 1
2162198 1
2172400 1
2179706 1
2185229 1
2187279 1
2196468 1
2197295 1
2198697 1
2201250 1
2202314 1
2205072 1
2207615 1
2208362 1
2211468 1
2225093 1
2229439 1
2235737 1
2249947 1
2256398 1
2257203 1
2262937 1
2265271 1
2267308 1
2275200 1
2276268 1
2287168 1
2292767 1
2295051 1
2296335 1
2298085 1
2298904 1
2298979 1
2312391 1
2314723 1
2317680 1
2318073 1
2324126 1
2325406 1
2328715 1
2328974 1
2343521 1
2346468 1
2347977 1
2368315 1
2374363 1
2375500 1
2382056 1
2382975 1
2385308 1
2389137 1
2395133 1
2405022 1
2422399 1
2422606 1
2428975 1
2430805 1
2436857 1
2439797 1
2439990 1
2439991 1
2440025 1
2445005 1
2452872 1
2466099 1
2468562 1
2471431 1
2477193 1
2477544 1
2486995 1
2487896 1
2504600 1
2507486 1
2507706 1
2510228 1
2510607 1
2511194 1
2514693 1
2514867 1
2516243 1
2520382 1
2523878 1
2523925 1
2524484 1
2529933 1
2529985 1
2549979 1
2551782 1
2555037 1
2560605 1
2563098 1
2565401 1
2569728 1
2572245 1
2573821 1
2575011 1
2578806 1
2584129 1
2584480 1
2584950 1
2585922 1
2590951 1
2595795 1
2599475 1
2605724 1
2606973 1
2608896 1
2612370 1
2618754 1
2618966 1
2621557 1
2621605 1
2622627 1
2623417 1
2625742 1
2629674 1
2632471 1
2635054 1
2636750 1
2637014 1
2646840 1
2647456 1
2651780 1
2655216 1
2660676 1
2671511 1
2672249 1
2675487 1
2676256 1
2684301 1
2689911 1
2695274 1
2697134 1
2697266 1
2706144 1
2710090 1
2712950 1
2715923 1
2726862 1
2727069 1
2731596 1
2738549 1
2742602 1
2743335 1
2759430 1
2764235 1
2771903 1
2774085 1
2783270 1
2784170 1
2789075 1
2789762 1
2792573 1
2793581 1
2800373 1
2819742 1
2828662 1
2842261 1
2850920 1
2853495 1
2855456 1
2865176 1
2870050 1
2875158 1
2875846 1
2882572 1
2885721 1
2891968 1
2903368 1
2903645 1
2908341 1
2911308 1
2912732 1
2912831 1
2915584 1
2916067 1
2918705 1
2930762 1
2931950 1
2938712 1
2940491 1
2943481 1
2952483 1
2958346 1
2964993 1
2969332 1
2986299 1
2989205 1
2993076 1
2993098 1
2993148 1
2998408 1
3016394 1
3020031 1
3020312 1
3022372 1
3023857 1
3025489 1
3029860 1
3030180 1
3032472 1
3033193 1
3039042 1
3045873 1
3048063 1
3053353 1
3058810 1
3059398 1
3068066 1
3069242 1
3069245 1
3069800 1
3071050 1
3073949 1
3074578 1
3076380 1
3082776 1
3087868 1
3110317 1
3117235 1
3121915 1
3122062 1
3126642 1
3136355 1
3136356 1
3140752 1
3146125 1
3147047 1
3156285 1
3168565 1
3170909 1
3174292 1
3174592 1
3175555 1
3175880 1
3176300 1
3178913 1
3179277 1
3184074 1
3192962 1
3195820 1
3196387 1
3199887 1
3203898 1
3208360 1
3209227 1
3214367 1
3215048 1
3221565 1
3228825 1
3228825 1
3230565 1
3235422 1
3244160 1
3244174 1
3252955 1
3253377 1
3254004 1
3256157 1
3267713 1
3269474 1
3270448 1
3271092 1
3272066 1
3275330 1
3277701 1
3282995 1
3284280 1
3294584 1
3297367 1
3300339 1
3300989 1
3302432 1
3303740 1
3305132 1
3305178 1
3305827 1
3311792 1
3328020 1
3329728 1
3334944 1
3338781 1
3339532 1
3359183 1
3360985 1
3363917 1
3370913 1
3375897 1
3384946 1
3387438 1
3392992 1
3397147 1
3405624 1
3410849 1
3415764 1
3416935 1
3423981 1
3424260 1
3428363 1
3433287 1
3433336 1
3434397 1
3440283 1
3449402 1
3452940 1
3459025 1
3468657 1
3478391 1
3478733 1
3480829 1
3483454 1
3486487 1
3496543 1
3499279 1
3500484 1
3501894 1
3504304 1
3511162 1
3512469 1
3512859 1
3519114 1
3520263 1
3522699 1
3523202 1
3525554 1
3531724 1
3534883 1
3538911 1
3564978 1
3569939 1
3574833 1
3576610 1
3577889 1
3579239 1
3579400 1
3581635 1
3581832 1
3587444 1
3594081 1
3596260 1
3596339 1
3597375 1
3603196 1
3620682 1
3622506 1
3626941 1
3631562 1
3641561 1
3651635 1
3655725 1
3657839 1
3660045 1
3661293 1
3667112 1
3667748 1
3675306 1
3678321 1
3690290 1
3694885 1
3708864 1
3711099 1
3717718 1
3719685 1
3727153 1
3728768 1
3732127 1
3734458 1
3735473 1
3741574 1
3745935 1
3749949 1
3756949 1
3760820 1
3773449 1
3778967 1
3781443 1
3785163 1
3786765 1
3794002 1
3797373 1
3802495 1
3807320 1
3807610 1
3810994 1
3815944 1
3816549 1
3821689 1
3822998 1
3823165 1
3826145 1
3834666 1
3849542 1
3850303 1
3856813 1
3857953 1
3861778 1
3862275 1
3873623 1
3874449 1
3884970 1
3890261 1
3896866 1
3899710 1
3903965 1
3905195 1
3905397 1
3906332 1
3912315 1
3913224 1
3913260 1
3915898 1
3920091 1
3920706 1
3927222 1
3928371 1
3932520 1
3933802 1
3933993 1
3938197 1
3939449 1
3949556 1
3955102 1
3956188 1
3956500 1
3967384 1
3972813 1
3975101 1
3978562 1
3983448 1
3986810 1
3987588 1
3988850 1
3991803 1
3992001 1
4001066 1
4002844 1
4005347 1
4010831 1
4020176 1
4028753 1
4034003 1
4036191 1
4036639 1
4045642 1
4068697 1
4069777 1
4071612 1
4087468 1
4087955 1
4094548 1
4097521 1
4101629 1
4103034 1
4103898 1
4105432 1
4120281 1
4123011 1
4123195 1
4131963 1
4136848 1
4139959 1
4141067 1
4144282 1
4158110 1
4161290 1
4167424 1
4172295 1
4173587 1
4174285 1
4180246 1
4186299 1
4197766 1
4205581 1
4213335 1
4215663 1
4222903 1
4227877 1
4239183 1
4240884 1
4241597 1
4241922 1
4254764 1
4255001 1
4258067 1
4266092 1
4272329 1
4273825 1
4279516 1
4286973 1
4288477 1
4299050 1
4318262 1
4319195 1
4326992 1
4329451 1
4330872 1
4334512 1
4338993 1
4341531 1
4341708 1
4347416 1
4348577 1
4358868 1
4360938 1
4362699 1
4364636 1
4384181 1
4385861 1
4390298 1
4390446 1
4415180 1
4417048 1
4419767 1
4421540 1
4422662 1
4427110 1
4431018 1
4431754 1
4434776 1
4435200 1
4437861 1
4438472 1
4439657 1
4444163 1
4444213 1
4449573 1
4450500 1
4470616 1
4477549 1
4481122 1
4482346 1
4490184 1
4493424 1
4496935 1
4500485 1
4515338 1
4524521 1
4524530 1
4533635 1
4536958 1
4537838 1
4545571 1
4554163 1
4560099 1
4567700 1
4575067 1
4579990 1
4585681 1
4587625 1
4599867 1
4605834 1
4607470 1
4612833 1
4613836 1
4628594 1
4633778 1
4637109 1
4644034 1
4645875 1
4651677 1
4653969 1
4663861 1
4672161 1
4672367 1
4674396 1
4675266 1
4676123 1
4677799 1
4681108 1
4691089 1
4700875 1
4710183 1
4714699 1
4716354 1
4738579 1
4739165 1
4762200 1
4766941 1
4784860 1
4786270 1
4799066 1
4800240 1
4802042 1
4818633 1
4825957 1
4834003 1
4835099 1
4835243 1
4837445 1
4860155 1
4863675 1
4864764 1
4865332 1
4867591 1
4880713 1
4894885 1
4895520 1
4895799 1
4896326 1
4898115 1
4906571 1
4908813 1
4910518 1
4915492 1
4921958 1
4922180 1
4927000 1
4928368 1
4942023 1
4943293 1
4944032 1
4948476 1
4956879 1
4958280 1
4958369 1
4961218 1
4961669 1
4977387 1
4978701 1
4979534 1
4980865 1
4981066 1
4988137 1
4988528 1
4993413 1
4995089 1
5000857 1
5007291 1
5014604 1
5024833 1
5036693 1
5041185 1
5046210 1
5056513 1
5062727 1
5069859 1
5069900 1
5072749 1
5073874 1
5078703 1
5079060 1
5083391 1
5093466 1
5099255 1
5106859 1
5109762 1
5112603 1
5118922 1
5133155 1
5134135 1
5136408 1
5136536 1
5141165 1
5159051 1
5160855 1
5171586 1
5178348 1
5188538 1
5197029 1
5208028 1
5214556 1
5217783 1
5221854 1
5228498 1
5233877 1
5240311 1
5244387 1
5254556 1
5262136 1
5263700 1
5267631 1
5280405 1
5283948 1
5294215 1
5300030 1
5305447 1
5310025 1
5332529 1
5343481 1
5356471 1
5378319 1
5382897 1
5383525 1
5412462 1
5417872 1
5425259 1
5436851 1
5441166 1
5447879 1
5452009 1
5452985 1
5453734 1
5454198 1
5456582 1
5461034 1
5468381 1
5468801 1
5476507 1
5477482 1
5477759 1
5480079 1
5494931 1
5496360 1
5505779 1
5508415 1
5509791 1
5514281 1
5520573 1
5522556 1
5529145 1
5529915 1
5541096 1
5546014 1
5550934 1
5553664 1
5556202 1
5562092 1
5575934 1
5579932 1
5589506 1
5590724 1
5591310 1
5591916 1
5615341 1
5620730 1
5620765 1
5620940 1
5620947 1
5642214 1
5644177 1
5644416 1
5649325 1
5654811 1
5657063 1
5657854 1
5658929 1
5667989 1
5671166 1
5674892 1
5675243 1
5681189 1
5689264 1
5691522 1
5693476 1
5694521 1
5695005 1
5698372 1
5699210 1
5709426 1
5709770 1
5709960 1
5720964 1
5731574 1
5745622 1
5747986 1
5767544 1
5767774 1
5767814 1
5769892 1
5770213 1
5778470 1
5782141 1
5782158 1
5789883 1
5807120 1
5809761 1
5812382 1
5814236 1
5834068 1
5847892 1
5850163 1
5850749 1
5859855 1
5861285 1
5861607 1
5863013 1
5863992 1
5866102 1
5869566 1
5870976 1
5877476 1
5877783 1
5881889 1
5886397 1
5886819 1
5890073 1
5892130 1
5894535 1
5895226 1
5903977 1
5904504 1
5906278 1
5907550 1
5907798 1
5917296 1
5921726 1
5923612 1
5926852 1
5927215 1
5928465 1
5933714 1
5938642 1
5943885 1
5947916 1
5948268 1
5953544 1
5956298 1
5961091 1
5969202 1
5970139 1
5970846 1
5971242 1
5972981 1
5973426 1
5983204 1
5991772 1
5992465 1
5992983 1
6004420 1
6007705 1
6010847 1
6018217 1
6019030 1
6023335 1
6030308 1
6033478 1
6037904 1
6050851 1
6063944 1
6073021 1
6076500 1
6078884 1
6081909 1
6082843 1
6088550 1
6092502 1
6092701 1
6106634 1
6108041 1
6115064 1
6117835 1
6120795 1
6121129 1
6121461 1
6122633 1
6127130 1
6138522 1
6141907 1
6142880 1
6149116 1
6149413 1
6151394 1
6155772 1
6155801 1
6155901 1
6158997 1
6166143 1
6171510 1
6183895 1
6196236 1
6202159 1
6204524 1
6226198 1
6234647 1
6237434 1
6238942 1
6239751 1
6242623 1
6246940 1
6260080 1
6262621 1
6264981 1
6264993 1
6276370 1
6281720 1
6287913 1
6293481 1
6293730 1
6315379 1
6322762 1
6325114 1
6329339 1
6337138 1
6344631 1
6348213 1
6359394 1
6365032 1
6376916 1
6377287 1
6377289 1
6377685 1
6381435 1
6381826 1
6389966 1
6407387 1
6408478 1
6411478 1
6418223 1
6420681 1
6425079 1
6427326 1
6444951 1
6448174 1
6462259 1
6465026 1
6471529 1
6471529 1
6471909 1
6475537 1
6489206 1
6492493 1
6493424 1
6501331 1
6503247 1
6503657 1
6503721 1
6506290 1
6508726 1
6516635 1
6530831 1
6540048 1
6550382 1
6553396 1
6557455 1
6560582 1
6561623 1
6563161 1
6564580 1
6565679 1
6599230 1
6606794 1
6606856 1
6609382 1
6615295 1
6616648 1
6621062 1
6622724 1
6625991 1
6629141 1
6633161 1
6638612 1
6640406 1
6645073 1
6646319 1
6648478 1
6650810 1
6661744 1
6665175 1
6667091 1
6685611 1
6686417 1
6686488 1
6689813 1
6704207 1
6707066 1
6715910 1
6716078 1
6731239 1
6733924 1
6745002 1
6747293 1
6750162 1
6751722 1
6752184 1
6753086 1
6753736 1
6757049 1
6766261 1
6766512 1
6769484 1
6769497 1
6775280 1
6786800 1
6791420 1
6792042 1
6793696 1
6794882 1
6797941 1
6812776 1
6828824 1
6835958 1
6837973 1
6838272 1
6842884 1
6844297 1
6848601 1
6848930 1
6852649 1
6853195 1
6855394 1
6856146 1
6867019 1
6868587 1
6874122 1
6895225 1
6895951 1
6904991 1
6916956 1
6924505 1
6926149 1
6933422 1
6933793 1
6935645 1
6938463 1
6939488 1
6944225 1
6946208 1
6947515 1
6949302 1
6952129 1
6952437 1
6961449 1
6966118 1
6966763 1
6967400 1
6967522 1
6971005 1
6972597 1
6973485 1
6979633 1
6991373 1
6999769 1
7002619 1
7005636 1
7007380 1
7007561 1
7010930 1
7013590 1
7015241 1
7016426 1
7017315 1
7017322 1
7017377 1
7017378 1
7020326 1
7021327 1
7021612 1
7022664 1
7026957 1
7041168 1
7047533 1
7053542 1
7059883 1
7065951 1
7102038 1
7104191 1
7106248 1
7107420 1
7109898 1
7110158 1
7114554 1
7115554 1
7122051 1
7124960 1
7127263 1
7130666 1
7131645 1
7134833 1
7137485 1
7139404 1
7139553 1
7152283 1
7156296 1
7157659 1
7159721 1
7163464 1
7163479 1
7167937 1
7168675 1
7170982 1
7174417 1
7175635 1
7178175 1
7186084 1
7199406 1
7208558 1
7220348 1
7222603 1
7238240 1
7251755 1
7260216 1
7271417 1
7271916 1
7277292 1
7278320 1
7296484 1
7298520 1
7301771 1
7303471 1
7304295 1
7309096 1
7309652 1
7310679 1
7312868 1
7313474 1
7313573 1
7318314 1
7325454 1
7328507 1
7329142 1
7333149 1
7333544 1
7336584 1
7339924 1
7341068 1
7342264 1
7342264 1
7342433 1
7347323 1
7349571 1
7350687 1
7351966 1
7353419 1
7362625 1
7362625 1
7369919 1
7370040 1
7370042 1
7380157 1
7385008 1
7385011 1
7385944 1
7393137 1
7395493 1
7399945 1
7411920 1
7413896 1
7414861 1
7416155 1
7416749 1
7416778 1
7425410 1
7426456 1
7427685 1
7428027 1
7438587 1
7448069 1
7452595 1
7489788 1
7490678 1
7493799 1
7495523 1
7501516 1
7505117 1
7508575 1
7512567 1
7514394 1
7522471 1
7523385 1
7529092 1
7530117 1
7531906 1
7533854 1
7548476 1
7556330 1
7567780 1
7569992 1
7576122 1
7587811 1
7589399 1
7590187 1
7591348 1
7595129 1
7602889 1
7604397 1
7605047 1
7607616 1
7616163 1
7627987 1
7629688 1
7631324 1
7636559 1
7636751 1
7638945 1
7639474 1
7639979 1
7642340 1
7642951 1
7643488 1
7644928 1
7651174 1
7652419 1
7656972 1
7670439 1
7676474 1
7688876 1
7690830 1
7691088 1
7698960 1
7703822 1
7704655 1
7729513 1
7729997 1
7733451 1
7741251 1
7747405 1
7758685 1
7763744 1
7768170 1
7769938 1
7772826 1
7773675 1
7779750 1
7779807 1
7780120 1
7787646 1
7788066 1
7792652 1
7797521 1
7800358 1
7803778 1
7804459 1
7804471 1
7805191 1
7808356 1
7824704 1
7832187 1
7834572 1
7839869 1
7840646 1
7850835 1
7854881 1
7855944 1
7858916 1
7859032 1
7864113 1
7865217 1
7870405 1
7874514 1
7877978 1
7878564 1
7879395 1
7884863 1
7888370 1
7888546 1
7888563 1
7889520 1
7892981 1
7898786 1
7904121 1
7905562 1
7908081 1
7913363 1
7915617 1
7918198 1
7924248 1
7928085 1
7936688 1
7941150 1
7945431 1
7945611 1
7950103 1
7950310 1
7953358 1
7963718 1
7965396 1
7980701 1
7986480 1
7996173 1
7997849 1
7999884 1
8001059 1
8004051 1
8004412 1
8005731 1
8006667 1
8008665 1
8011209 1
8013409 1
8015449 1
8016998 1
8017872 1
8018518 1
8019917 1
8020262 1
8021598 1
8022359 1
8023392 1
8029363 1
8033441 1
8034913 1
8035017 1
8037198 1
8041790 1
8042180 1
8042196 1
8045084 1
8049276 1
8049831 1
8057062 1
8057332 1
8060508 1
8063197 1
8065390 1
8065601 1
8066103 1
8066372 1
8068178 1
8068429 1
8072427 1
8080573 1
8081501 1
8083686 1
8083804 1
8085184 1
8099225 1
8099995 1
8106394 1
8109275 1
8110907 1
8115610 1
8115992 1
8121209 1
8124745 1
8125081 1
8125170 1
8127534 1
8129538 1
8134936 1
8136651 1
8143828 1
8145316 1
8155291 1
8156067 1
8158113 1
8163329 1
8163988 1
8166564 1
8174031 1
8177646 1
8179143 1
8180288 1
8189924 1
8190262 1
8190927 1
8194791 1
8205302 1
8216409 1
8218791 1
8221599 1
8222270 1
8225965 1
8232271 1
8236505 1
8236519 1
8241610 1
8243380 1
8246490 1
8248184 1
8249183 1
8250416 1
8260898 1
8261027 1
8267202 1
8269729 1
8270537 1
8272003 1
8275568 1
8275791 1
8279674 1
8280573 1
8295985 1
8298662 1
8301527 1
8301920 1
8304135 1
8304903 1
6551 1
26778 1
35551 1
61583 1
63052 1
64396 1
99880 1
105010 1
117747 1
125143 1
127142 1
134419 1
139733 1
150471 1
153209 1
154127 1
167408 1
186787 1
204639 1
224621 1
230829 1
237002 1
266769 1
280877 1
285359 1
286553 1
298351 1
308024 1
315727 1
368093 1
407430 1
431582 1
432861 1
441902 1
458762 1
488095 1
488577 1
568205 1
664235 1
665069 1
670718 1
698080 1
701691 1
773940 1
774139 1
781879 1
788976 1
798166 1
818020 1
855870 1
896139 1
918574 1
959154 1
996237 1
1017939 1
1040109 1
1050962 1
1084721 1
1087686 1
1087911 1
1093243 1
1102459 1
1109400 1
1114788 1
1117652 1
1167798 1
1181286 1
1186469 1
1202506 1
1241376 1
1250197 1
1255491 1
1255687 1
1345022 1
1345939 1
1376851 1
1380897 1
1469224 1
1485039 1
1497444 1
1506836 1
1508908 1
1525756 1
1533502 1
1564000 1
1572206 1
1597966 1
1599606 1
1616355 1
1630459 1
1630795 1
1639990 1
1641593 1
1645445 1
1649103 1
1676613 1
1692397 1
1694048 1
1700983 1
1712903 1
1747156 1
1753961 1
1754092 1
1813715 1
1822725 1
1823827 1
1823838 1
1831336 1
1832043 1
1867786 1
1879467 1
1882658 1
1889748 1
1926902 1
1928265 1
1944813 1
1953969 1
1979288 1
1986769 1
1992258 1
1996630 1
2011822 1
2063635 1
2072878 1
2100620 1
2113739 1
2115334 1
2152179 1
2165320 1
2183380 1
2198024 1
2233949 1
2263442 1
2298362 1
2320815 1
2358320 1
2364041 1
2383040 1
2407919 1
2419818 1
2439701 1
2440822 1
2465361 1
2476858 1
2484014 1
2494985 1
2495135 1
2500699 1
2517817 1
2524597 1
2527048 1
2534734 1
2555187 1
2565631 1
2629532 1
2631154 1
2663839 1
2666410 1
2666840 1
2675598 1
2704027 1
2731334 1
2747261 1
2755869 1
2787164 1
2869707 1
2880270 1
2885740 1
2897467 1
2909896 1
2921039 1
2925989 1
2933025 1
2955848 1
2971812 1
2974055 1
3059531 1
3059640 1
3095102 1
3105102 1
3105586 1
3116417 1
3192291 1
3206946 1
3215710 1
3220691 1
3253850 1
3267107 1
3291111 1
3304832 1
3311898 1
3318503 1
3360433 1
3360573 1
3383342 1
3424597 1
3426403 1
3474537 1
3530296 1
3545293 1
3566357 1
3577847 1
3594096 1
3601164 1
3631603 1
3642529 1
3649195 1
3658656 1
3694981 1
3695019 1
3704804 1
3706157 1
3711057 1
3721245 1
3742352 1
3760376 1
3761204 1
3765024 1
3775395 1
3785901 1
3793099 1
3827147 1
3845994 1
3849322 1
3849504 1
3856179 1
3875607 1
3875822 1
3883556 1
3973162 1
3998265 1
4002455 1
4003029 1
4018721 1
4030378 1
4063849 1
4072229 1
4075124 1
4075124 1
4090702 1
4092803 1
4142945 1
4167648 1
4206359 1
4230356 1
4231361 1
4232353 1
4278853 1
4292084 1
4297330 1
4335469 1
4336133 1
4345505 1
4347730 1
4429502 1
4437577 1
4442236 1
4443560 1
4454364 1
4486464 1
4494064 1
4496458 1
4539532 1
4541730 1
4573174 1
4632852 1
4648978 1
4674363 1
4690630 1
4704474 1
4707943 1
4723675 1
4745620 1
4801591 1
4823158 1
4826728 1
4835681 1
4891576 1
4892261 1
4894661 1
4901186 1
4912844 1
4914797 1
4959680 1
4987125 1
5003027 1
5027381 1
5063575 1
5067108 1
5087932 1
5163785 1
5172767 1
5196626 1
5205358 1
5209993 1
5248373 1
5268096 1
5277950 1
5294134 1
5344835 1
5350366 1
5378691 1
5380814 1
5428496 1
5462911 1
5568730 1
5596377 1
5600496 1
5600661 1
5607195 1
5617430 1
5631416 1
5766570 1
5790817 1
5790909 1
5804519 1
5812764 1
5851983 1
5852815 1
5853423 1
5860113 1
5864938 1
5877513 1
5962284 1
5979933 1
5990500 1
5999330 1
6003659 1
6030445 1
6041359 1
6043614 1
6045126 1
6046187 1
6056066 1
6070409 1
6088211 1
6091112 1
6128878 1
6148301 1
6149316 1
6149745 1
6155553 1
6167477 1
6187596 1
6199040 1
6220285 1
6226371 1
6228308 1
6239264 1
6248247 1
6257031 1
6287243 1
6333934 1
6342472 1
6345875 1
6359724 1
6396764 1
6397489 1
6409494 1
6419079 1
6431141 1
6431276 1
6445954 1
6458124 1
6477466 1
6493278 1
6509005 1
6522890 1
6526793 1
6540998 1
6567699 1
6594507 1
6602628 1
6614293 1
6634307 1
6641665 1
6674683 1
6676463 1
6678601 1
6688198 1
6691503 1
6695225 1
6714448 1
6725759 1
6731905 1
6735129 1
6751926 1
6767584 1
6778531 1
6803468 1
6843391 1
6845445 1
6870467 1
6943989 1
6961492 1
6962753 1
6970789 1
6981055 1
6991429 1
6995004 1
7042226 1
7045237 1
7056200 1
7063489 1
7073518 1
7144903 1
7154826 1
7159770 1
7164010 1
7169799 1
7178890 1
7203809 1
7231501 1
7268176 1
7283256 1
7286553 1
7340224 1
7389068 1
7395408 1
7464748 1
7469840 1
7477010 1
7477235 1
7484550 1
7494807 1
7504158 1
7511923 1
7514618 1
7527999 1
7595022 1
7656312 1
7671467 1
7673295 1
7678362 1
7707397 1
7745875 1
7752386 1
7755901 1
7786212 1
7803880 1
7828110 1
7841816 1
7850828 1
7860332 1
7867756 1
7871979 1
7892116 1
7905741 1
7914603 1
7946556 1
7956770 1
7971888 1
7988099 1
8007179 1
8008720 1
8017936 1
8018211 1
8034043 1
8035145 1
8042987 1
8046567 1
8054540 1
8063400 1
8068022 1
8070390 1
8074049 1
8104603 1
8110360 1
8141118 1
8144027 1
8150541 1
8191232 1
8202995 1
8231393 1
8235413 1
8280149 1
8293330 1
8296367 1
8311800 1
