10794 1
11051 1
17576 1
20929 1
23860 1
23860 1
23880 1
23880 1
26566 1
34202 1
34750 1
35970 1
36067 1
38533 1
39349 1
41548 1
42420 1
50276 1
56109 1
62697 1
77693 1
88489 1
92173 1
95267 1
95536 1
97166 1
97793 1
106319 1
115689 1
115734 1
116412 1
119567 1
121326 1
136446 1
144229 1
146257 1
146369 1
147575 1
151585 1
151953 1
154622 1
157270 1
166654 1
167981 1
172828 1
178194 1
183015 1
188507 1
191104 1
194069 1
194069 1
197261 1
198426 1
203863 1
209832 1
209957 1
216541 1
218821 1
225448 1
229076 1
232356 1
235204 1
243498 1
246896 1
257093 1
257858 1
259138 1
260293 1
264516 1
265579 1
268085 1
276136 1
278475 1
282593 1
283480 1
283568 1
285973 1
288980 1
290862 1
293871 1
298233 1
306700 1
311078 1
311209 1
312052 1
317317 1
318577 1
319576 1
320593 1
321096 1
321395 1
321874 1
322070 1
322303 1
322313 1
331000 1
332696 1
339721 1
349978 1
354000 1
356609 1
360183 1
360709 1
361125 1
365705 1
367162 1
371754 1
376891 1
380688 1
382152 1
416151 1
421285 1
422058 1
429482 1
432034 1
433443 1
434189 1
436247 1
440605 1
445440 1
446233 1
449589 1
452620 1
454302 1
458570 1
458809 1
463941 1
465447 1
480602 1
481223 1
482566 1
486021 1
489841 1
494279 1
495508 1
495751 1
495823 1
510513 1
518269 1
531992 1
552874 1
556233 1
558424 1
565838 1
570051 1
574586 1
574956 1
575492 1
583913 1
585049 1
586314 1
588237 1
589690 1
599697 1
600730 1
606033 1
609181 1
610316 1
613311 1
619140 1
628046 1
628524 1
634272 1
638493 1
640500 1
644391 1
645379 1
647845 1
648782 1
648880 1
650794 1
650879 1
652706 1
659720 1
659784 1
661892 1
665457 1
671510 1
672888 1
673016 1
675425 1
677697 1
684430 1
685224 1
688103 1
699171 1
716182 1
723965 1
727529 1
727754 1
728680 1
729770 1
730404 1
730936 1
731472 1
734086 1
735503 1
735871 1
737040 1
741090 1
741826 1
745681 1
761336 1
772742 1
776525 1
776996 1
779003 1
779452 1
783217 1
786538 1
793703 1
793825 1
797617 1
797797 1
804051 1
806225 1
811028 1
812565 1
812593 1
813271 1
813516 1
815841 1
819755 1
830882 1
831417 1
833057 1
837255 1
843137 1
845879 1
846406 1
847242 1
848242 1
851969 1
853088 1
854441 1
855293 1
855362 1
855934 1
856205 1
857005 1
857623 1
857792 1
862379 1
871387 1
871397 1
873520 1
880012 1
881207 1
881890 1
888027 1
893274 1
895680 1
896124 1
896442 1
897974 1
898065 1
898229 1
898481 1
901902 1
920652 1
926820 1
929380 1
935276 1
937533 1
948340 1
950391 1
957532 1
959140 1
961402 1
972687 1
972705 1
972881 1
980402 1
983442 1
985484 1
992288 1
1002667 1
1003485 1
1004555 1
1006268 1
1006339 1
1006888 1
1006888 1
1007122 1
1008730 1
1009334 1
1009621 1
1015328 1
1015439 1
1020405 1
1023994 1
1024102 1
1024407 1
1024865 1
1024876 1
1028624 1
1029019 1
1029464 1
1036317 1
1040665 1
1041708 1
1043384 1
1045594 1
1046707 1
1049534 1
1052608 1
1054091 1
1055358 1
1056982 1
1058347 1
1059993 1
1061264 1
1063209 1
1066497 1
1067448 1
1068907 1
1081462 1
1083449 1
1085448 1
1087993 1
1093647 1
1094623 1
1095726 1
1098390 1
1099099 1
1102909 1
1103284 1
1108873 1
1109778 1
1110094 1
1110693 1
1115864 1
1117350 1
1118155 1
1131462 1
1134554 1
1137286 1
1140828 1
1142720 1
1147259 1
1150971 1
1157738 1
1158105 1
1160714 1
1170181 1
1170953 1
1172066 1
1172460 1
1172880 1
1173087 1
1178063 1
1178064 1
1186645 1
1187635 1
1189363 1
1193480 1
1200421 1
1201245 1
1204564 1
1209493 1
1216211 1
1217642 1
1228877 1
1231087 1
1232672 1
1243362 1
1248485 1
1250336 1
1250336 1
1259058 1
1262921 1
1263749 1
1266512 1
1267034 1
1273670 1
1279939 1
1280182 1
1282428 1
1288966 1
1295346 1
1296665 1
1296667 1
1296814 1
1297390 1
1298519 1
1299637 1
1301593 1
1302733 1
1306811 1
1312762 1
1315814 1
1317107 1
1319165 1
1323316 1
1324050 1
1326499 1
1329865 1
1330650 1
1332931 1
1334924 1
1337038 1
1339007 1
1339345 1
1340629 1
1341177 1
1341378 1
1341704 1
1342130 1
1343697 1
1344390 1
1347764 1
1348232 1
1348253 1
1348889 1
1351494 1
1356574 1
1359791 1
1361982 1
1367396 1
1369484 1
1369484 1
1373912 1
1376449 1
1386431 1
1386997 1
1389109 1
1391509 1
1397273 1
1397754 1
1398316 1
1404139 1
1405959 1
1408105 1
1409158 1
1409364 1
1413753 1
1419356 1
1421395 1
1421473 1
1422530 1
1422918 1
1422923 1
1424971 1
1425686 1
1437952 1
1440292 1
1441165 1
1444015 1
1449177 1
1451676 1
1457287 1
1460126 1
1463198 1
1463230 1
1470109 1
1470202 1
1471393 1
1471559 1
1471747 1
1473362 1
1481258 1
1483539 1
1488380 1
1490664 1
1494494 1
1496296 1
1496370 1
1497462 1
1497535 1
1501767 1
1504648 1
1504955 1
1506061 1
1506063 1
1513805 1
1520149 1
1524845 1
1525015 1
1527547 1
1531566 1
1531626 1
1533144 1
1534194 1
1535877 1
1546080 1
1553752 1
1560086 1
1561710 1
1568423 1
1569577 1
1569919 1
1579757 1
1580891 1
1585135 1
1585680 1
1593415 1
1597380 1
1597607 1
1601901 1
1604732 1
1605939 1
1609652 1
1616855 1
1618069 1
1618788 1
1622033 1
1623120 1
1623144 1
1624020 1
1626971 1
1634081 1
1637776 1
1637798 1
1643269 1
1646525 1
1651986 1
1652763 1
1663748 1
1667745 1
1672525 1
1675212 1
1675545 1
1680279 1
1680635 1
1681441 1
1682762 1
1687823 1
1690742 1
1691031 1
1693162 1
1693337 1
1693634 1
1695429 1
1697432 1
1700321 1
1701228 1
1702492 1
1704298 1
1705609 1
1705633 1
1705855 1
1707850 1
1708840 1
1716405 1
1720919 1
1722546 1
1724340 1
1724538 1
1726865 1
1730231 1
1731985 1
1733110 1
1733699 1
1738156 1
1738156 1
1738666 1
1738777 1
1744375 1
1745612 1
1745612 1
1745948 1
1755613 1
1755638 1
1759882 1
1761875 1
1763925 1
1767063 1
1776988 1
1780941 1
1785116 1
1785786 1
1796985 1
1797660 1
1803060 1
1803949 1
1803977 1
1804302 1
1805915 1
1808297 1
1809455 1
1811494 1
1813054 1
1816044 1
1817918 1
1818805 1
1819547 1
1819729 1
1820419 1
1820436 1
1825999 1
1827174 1
1828650 1
1829259 1
1830172 1
1831493 1
1832424 1
1832547 1
1833622 1
1835320 1
1836957 1
1837728 1
1839843 1
1842231 1
1846507 1
1848621 1
1849924 1
1855145 1
1856821 1
1859455 1
1865987 1
1866045 1
1868783 1
1868919 1
1870566 1
1870651 1
1875656 1
1882530 1
1886483 1
1886814 1
1894054 1
1895585 1
1895791 1
1897171 1
1897896 1
1897896 1
1899318 1
1899658 1
1900518 1
1901595 1
1904297 1
1905379 1
1905869 1
1907040 1
1907884 1
1910449 1
1914669 1
1917060 1
1917195 1
1918873 1
1919493 1
1919533 1
1919830 1
1920151 1
1920401 1
1930790 1
1934653 1
1936981 1
1941957 1
1942989 1
1944933 1
1947171 1
1969073 1
1969355 1
1969643 1
1972646 1
1975482 1
1977180 1
1977737 1
1977885 1
1978074 1
1982103 1
1989828 1
1995319 1
1995830 1
1995914 1
1996630 1
2004082 1
2004744 1
2006369 1
2007717 1
2014662 1
2015327 1
2027122 1
2028067 1
2037037 1
2041966 1
2043049 1
2043049 1
2043974 1
2044720 1
2045037 1
2047711 1
2055633 1
2061923 1
2069101 1
2069371 1
2080390 1
2084205 1
2088352 1
2088582 1
2089583 1
2093776 1
2095783 1
2096404 1
2096984 1
2098153 1
2098906 1
2101145 1
2107115 1
2107235 1
2112367 1
2116652 1
2119361 1
2125547 1
2125576 1
2127938 1
2128593 1
2129175 1
2132651 1
2148769 1
2150480 1
2156391 1
2159430 1
2159826 1
2161247 1
2164332 1
2165206 1
2169575 1
2170319 1
2174316 1
2184967 1
2189683 1
2190051 1
2194350 1
2198786 1
2198806 1
2202359 1
2203891 1
2204894 1
2206687 1
2207536 1
2214925 1
2216981 1
2221202 1
2224669 1
2224730 1
2231187 1
2234071 1
2239060 1
2240378 1
2246100 1
2246545 1
2248565 1
2251491 1
2257462 1
2260960 1
2261449 1
2266583 1
2271844 1
2272039 1
2276722 1
2277838 1
2277895 1
2277944 1
2280463 1
2285542 1
2286637 1
2289743 1
2290086 1
2294472 1
2294773 1
2298773 1
2299240 1
2300566 1
2318686 1
2320761 1
2320807 1
2320892 1
2322877 1
2335088 1
2340102 1
2340853 1
2341988 1
2355386 1
2355849 1
2357778 1
2358333 1
2362933 1
2363942 1
2365279 1
2366699 1
2370957 1
2371401 1
2373038 1
2375063 1
2376731 1
2383747 1
2385484 1
2387272 1
2388738 1
2389871 1
2405194 1
2409319 1
2412332 1
2412456 1
2415537 1
2418834 1
2420915 1
2421465 1
2422805 1
2427728 1
2433636 1
2437219 1
2438183 1
2439805 1
2440598 1
2443932 1
2444782 1
2468047 1
2472305 1
2472576 1
2473629 1
2476060 1
2477414 1
2478482 1
2483271 1
2484014 1
2489042 1
2490288 1
2492273 1
2492803 1
2497390 1
2500131 1
2500196 1
2504674 1
2507061 1
2511408 1
2520484 1
2523309 1
2523519 1
2528626 1
2533400 1
2538470 1
2541388 1
2545898 1
2546363 1
2546472 1
2549488 1
2555626 1
2563951 1
2568694 1
2571404 1
2579095 1
2579771 1
2582976 1
2594079 1
2597555 1
2606651 1
2615727 1
2622798 1
2628438 1
2630791 1
2631576 1
2635814 1
2640317 1
2643037 1
2649421 1
2650151 1
2650182 1
2650271 1
2650356 1
2650961 1
2655351 1
2656035 1
2662459 1
2665400 1
2667364 1
2672002 1
2674546 1
2683369 1
2684011 1
2684796 1
2684958 1
2685256 1
2687065 1
2693680 1
2694831 1
2697275 1
2707023 1
2707260 1
2707664 1
2708078 1
2708189 1
2708756 1
2708903 1
2709858 1
2711790 1
2713391 1
2716401 1
2718045 1
2722640 1
2723001 1
2723896 1
2725834 1
2726848 1
2727598 1
2727736 1
2729669 1
2730313 1
2730729 1
2731208 1
2732027 1
2732246 1
2732480 1
2736604 1
2737312 1
2741057 1
2742035 1
2744072 1
2744197 1
2747245 1
2747392 1
2752456 1
2760040 1
2760966 1
2763131 1
2767538 1
2768070 1
2769512 1
2771547 1
2779312 1
2780289 1
2789928 1
2789949 1
2799986 1
2803848 1
2805499 1
2806418 1
2809055 1
2810451 1
2810673 1
2813972 1
2813972 1
2817574 1
2817978 1
2819782 1
2821075 1
2825738 1
2826652 1
2827401 1
2827420 1
2827643 1
2834051 1
2840084 1
2840875 1
2841929 1
2850462 1
2851735 1
2865307 1
2868630 1
2868996 1
2870366 1
2870567 1
2870669 1
2872625 1
2874326 1
2874507 1
2877318 1
2882811 1
2888814 1
2889373 1
2889405 1
2891080 1
2891865 1
2892027 1
2892935 1
2894192 1
2894364 1
2895903 1
2898129 1
2900728 1
2904415 1
2906550 1
2907670 1
2911351 1
2912205 1
2917738 1
2918685 1
2922173 1
2923150 1
2929754 1
2932563 1
2934221 1
2936741 1
2938031 1
2941816 1
2944202 1
2947179 1
2948650 1
2951241 1
2951817 1
2956692 1
2961919 1
2965717 1
2969276 1
2972608 1
2972782 1
2975443 1
2979085 1
2979428 1
2980346 1
2983385 1
2984850 1
2987871 1
2989007 1
2993066 1
3001750 1
3002976 1
3003301 1
3003946 1
3004758 1
3005056 1
3010307 1
3011250 1
3013997 1
3015891 1
3016996 1
3022781 1
3024007 1
3025004 1
3025066 1
3026460 1
3026720 1
3027404 1
3034287 1
3036857 1
3038100 1
3042893 1
3048415 1
3052733 1
3054910 1
3055720 1
3056635 1
3057087 1
3060879 1
3065129 1
3068790 1
3068835 1
3069227 1
3070006 1
3073744 1
3073750 1
3074269 1
3074980 1
3078674 1
3079372 1
3080965 1
3085874 1
3086452 1
3090536 1
3097606 1
3097606 1
3097919 1
3098983 1
3099519 1
3100329 1
3100614 1
3106370 1
3108659 1
3109166 1
3112228 1
3125211 1
3127192 1
3138767 1
3140903 1
3142547 1
3143578 1
3149710 1
3151357 1
3152296 1
3152638 1
3153995 1
3156532 1
3156744 1
3157385 1
3162845 1
3163632 1
3164538 1
3167658 1
3169787 1
3174098 1
3177067 1
3184146 1
3187714 1
3191073 1
3194655 1
3195414 1
3197486 1
3205102 1
3206237 1
3207427 1
3208855 1
3209250 1
3209324 1
3212375 1
3212876 1
3213145 1
3214974 1
3216467 1
3217647 1
3218520 1
3221519 1
3221691 1
3221840 1
3224156 1
3228029 1
3229303 1
3231641 1
3232722 1
3233238 1
3234301 1
3235180 1
3235893 1
3236605 1
3240196 1
3250469 1
3252207 1
3261932 1
3266144 1
3271832 1
3274052 1
3279337 1
3279515 1
3282512 1
3284232 1
3291575 1
3298928 1
3300185 1
3300284 1
3305369 1
3306339 1
3310090 1
3318305 1
3319061 1
3319806 1
3320179 1
3323024 1
3327253 1
3328300 1
3329502 1
3330159 1
3331312 1
3332790 1
3332977 1
3336010 1
3340831 1
3340965 1
3342011 1
3342414 1
3342623 1
3342946 1
3343564 1
3345680 1
3355720 1
3355720 1
3358717 1
3363969 1
3366223 1
3370447 1
3373505 1
3375292 1
3381738 1
3382142 1
3384454 1
3388655 1
3390073 1
3406538 1
3412006 1
3414072 1
3415826 1
3418506 1
3419681 1
3421112 1
3424451 1
3428394 1
3430229 1
3432580 1
3433005 1
3435306 1
3437486 1
3439760 1
3441042 1
3442079 1
3443661 1
3444030 1
3444309 1
3444971 1
3447888 1
3452327 1
3453286 1
3462846 1
3463973 1
3465866 1
3468988 1
3472547 1
3473596 1
3474233 1
3481177 1
3486169 1
3490778 1
3491144 1
3493630 1
3493758 1
3494520 1
3500884 1
3506322 1
3506397 1
3510195 1
3517611 1
3519198 1
3532726 1
3538637 1
3540783 1
3542367 1
3546863 1
3548350 1
3551372 1
3558317 1
3558625 1
3559755 1
3565290 1
3578091 1
3579381 1
3579681 1
3580646 1
3580678 1
3583310 1
3584005 1
3590715 1
3595057 1
3599030 1
3606240 1
3606309 1
3610736 1
3612121 1
3613859 1
3614698 1
3616840 1
3617541 1
3618138 1
3619792 1
3621888 1
3626431 1
3626431 1
3630277 1
3632313 1
3647693 1
3658330 1
3660132 1
3673654 1
3675371 1
3675724 1
3680352 1
3680352 1
3680355 1
3684381 1
3686024 1
3688801 1
3690179 1
3691741 1
3695854 1
3698221 1
3698336 1
3700603 1
3703333 1
3704506 1
3705705 1
3713950 1
3722957 1
3726297 1
3726436 1
3726915 1
3727392 1
3727733 1
3729125 1
3729584 1
3737293 1
3740189 1
3751262 1
3751737 1
3758882 1
3759902 1
3766137 1
3768125 1
3770784 1
3771555 1
3774705 1
3774993 1
3775203 1
3780119 1
3780254 1
3783718 1
3786872 1
3789115 1
3790017 1
3790439 1
3793721 1
3794123 1
3794958 1
3795179 1
3799425 1
3801687 1
3802137 1
3803538 1
3808643 1
3810598 1
3812919 1
3813413 1
3815287 1
3817469 1
3819096 1
3819730 1
3823404 1
3823641 1
3823818 1
3829017 1
3834758 1
3835481 1
3835965 1
3843189 1
3844715 1
3845371 1
3848378 1
3849104 1
3854553 1
3854619 1
3856013 1
3856392 1
3856650 1
3866083 1
3867691 1
3868592 1
3868817 1
3871641 1
3871840 1
3873463 1
3877302 1
3885631 1
3885759 1
3895102 1
3895421 1
3895693 1
3897265 1
3897447 1
3898591 1
3898635 1
3900559 1
3902833 1
3909314 1
3910858 1
3910863 1
3912070 1
3914014 1
3918869 1
3920946 1
3932039 1
3936353 1
3941546 1
3964869 1
3967384 1
3972899 1
3973829 1
3974082 1
3975262 1
3975521 1
3977208 1
3978374 1
3983671 1
3986144 1
3988844 1
3988952 1
3991674 1
3991727 1
3993034 1
3995902 1
3997975 1
4001321 1
4009910 1
4014591 1
4015467 1
4015507 1
4015587 1
4016320 1
4016595 1
4017063 1
4019208 1
4019444 1
4021748 1
4029913 1
4039756 1
4046112 1
4047820 1
4047905 1
4050454 1
4055472 1
4059053 1
4059464 1
4059464 1
4077662 1
4080993 1
4086425 1
4086647 1
4090609 1
4091875 1
4092209 1
4129314 1
4129557 1
4130420 1
4137603 1
4144358 1
4148311 1
4150444 1
4153993 1
4158436 1
4161418 1
4166831 1
4174640 1
4180034 1
4188512 1
4192415 1
4194512 1
4197244 1
4198785 1
4199769 1
4202895 1
4205870 1
4206842 1
4210307 1
4210728 1
4214462 1
4214641 1
4217351 1
4217841 1
4222946 1
4224379 1
4226072 1
4229140 1
4229647 1
4230421 1
4231065 1
4233901 1
4236123 1
4250465 1
4251882 1
4258972 1
4264987 1
4266491 1
4272354 1
4281964 1
4291018 1
4292853 1
4298750 1
4299354 1
4301375 1
4320721 1
4322924 1
4323358 1
4324445 1
4327138 1
4327877 1
4328064 1
4328693 1
4328693 1
4329033 1
4330134 1
4331587 1
4331628 1
4331835 1
4336268 1
4340800 1
4344454 1
4348595 1
4356664 1
4372621 1
4375869 1
4385225 1
4386283 1
4387617 1
4392741 1
4396609 1
4398097 1
4401833 1
4403398 1
4409630 1
4409634 1
4413663 1
4413865 1
4414617 1
4416942 1
4417096 1
4417251 1
4417804 1
4417818 1
4420935 1
4425863 1
4428116 1
4431238 1
4435028 1
4436024 1
4436493 1
4440567 1
4445850 1
4450585 1
4459757 1
4460236 1
4460456 1
4464748 1
4466849 1
4468412 1
4469783 1
4471260 1
4479056 1
4482788 1
4484911 1
4485119 1
4485149 1
4486064 1
4488303 1
4489734 1
4489955 1
4490338 1
4493595 1
4496613 1
4497791 1
4497915 1
4502165 1
4502275 1
4502846 1
4504754 1
4508132 1
4508716 1
4510194 1
4517082 1
4517175 1
4517644 1
4518946 1
4522766 1
4528938 1
4534275 1
4535156 1
4535677 1
4537994 1
4539074 1
4539177 1
4543168 1
4543725 1
4544265 1
4544575 1
4544974 1
4546360 1
4553320 1
4567250 1
4577901 1
4580832 1
4588901 1
4601293 1
4604390 1
4604977 1
4605032 1
4606077 1
4610044 1
4612192 1
4612225 1
4612921 1
4613455 1
4617389 1
4629622 1
4646581 1
4649090 1
4654192 1
4658015 1
4663671 1
4664422 1
4665431 1
4666627 1
4674565 1
4677582 1
4678010 1
4678391 1
4681833 1
4683488 1
4689834 1
4692085 1
4693842 1
4696563 1
4697016 1
4698152 1
4698282 1
4702277 1
4702761 1
4709327 1
4709922 1
4712594 1
4719756 1
4723444 1
4724297 1
4731388 1
4731776 1
4737758 1
4739097 1
4739231 1
4739719 1
4742938 1
4744952 1
4746733 1
4747410 1
4753818 1
4753923 1
4756851 1
4757835 1
4764873 1
4765448 1
4767616 1
4769256 1
4775807 1
4781732 1
4784303 1
4789566 1
4790142 1
4790152 1
4790741 1
4794415 1
4795279 1
4797214 1
4802801 1
4804904 1
4806251 1
4812022 1
4820725 1
4822401 1
4825544 1
4826468 1
4827064 1
4828922 1
4834068 1
4834743 1
4838170 1
4838170 1
4839642 1
4844872 1
4845206 1
4846995 1
4847968 1
4849242 1
4849597 1
4860111 1
4860316 1
4863033 1
4870092 1
4875947 1
4876200 1
4876224 1
4880448 1
4883190 1
4883685 1
4890004 1
4894312 1
4894537 1
4894748 1
4897046 1
4898020 1
4898338 1
4903700 1
4904693 1
4905125 1
4905219 1
4905781 1
4905821 1
4906144 1
4913922 1
4915755 1
4916385 1
4919173 1
4920208 1
4920945 1
4927244 1
4944970 1
4945704 1
4946205 1
4948140 1
4951963 1
4952023 1
4954243 1
4958043 1
4961721 1
4965189 1
4966004 1
4967778 1
4970814 1
4971712 1
4974501 1
4977332 1
4984080 1
4994396 1
4994758 1
5007363 1
5018283 1
5021595 1
5022723 1
5024489 1
5031273 1
5032038 1
5036119 1
5037058 1
5037462 1
5037628 1
5040052 1
5046911 1
5047109 1
5047945 1
5049513 1
5050636 1
5070368 1
5075687 1
5075810 1
5076977 1
5104182 1
5107161 1
5111041 1
5115946 1
5116603 1
5123393 1
5133517 1
5136360 1
5140840 1
5144246 1
5145022 1
5146278 1
5146774 1
5148792 1
5153730 1
5154473 1
5156369 1
5156543 1
5156798 1
5159051 1
5169518 1
5169565 1
5169792 1
5173691 1
5185190 1
5208907 1
5211520 1
5213162 1
5219661 1
5230259 1
5233501 1
5233818 1
5234628 1
5234629 1
5235572 1
5235572 1
5235607 1
5239589 1
5241862 1
5246635 1
5260224 1
5266423 1
5270421 1
5275434 1
5277582 1
5278437 1
5279355 1
5281744 1
5281856 1
5281875 1
5293800 1
5316262 1
5323242 1
5324519 1
5328161 1
5331201 1
5331325 1
5332967 1
5334537 1
5342679 1
5345977 1
5355784 1
5355946 1
5364211 1
5376061 1
5378002 1
5385743 1
5391641 1
5394862 1
5394917 1
5394918 1
5408992 1
5415712 1
5416679 1
5422102 1
5422224 1
5423467 1
5431862 1
5432503 1
5434760 1
5434955 1
5437997 1
5438317 1
5438676 1
5441558 1
5444256 1
5445104 1
5445315 1
5450768 1
5451430 1
5456264 1
5460599 1
5462412 1
5463947 1
5464389 1
5465266 1
5465313 1
5465376 1
5466671 1
5467876 1
5468195 1
5469159 1
5477502 1
5480508 1
5483548 1
5483549 1
5483555 1
5483624 1
5490015 1
5498698 1
5502931 1
5508098 1
5510455 1
5512877 1
5515350 1
5516298 1
5516653 1
5527588 1
5529201 1
5535180 1
5536386 1
5541238 1
5544981 1
5546714 1
5555653 1
5556791 1
5566395 1
5572337 1
5575358 1
5585014 1
5586294 1
5586951 1
5594678 1
5594923 1
5595968 1
5596839 1
5600227 1
5601625 1
5604835 1
5605271 1
5605341 1
5620117 1
5624842 1
5632277 1
5639087 1
5639273 1
5639511 1
5640178 1
5640423 1
5643424 1
5646041 1
5647115 1
5648164 1
5650630 1
5654325 1
5655572 1
5656478 1
5656952 1
5662140 1
5662496 1
5665302 1
5665640 1
5666392 1
5676262 1
5679934 1
5682854 1
5687648 1
5693386 1
5696180 1
5697044 1
5697070 1
5700693 1
5706733 1
5706784 1
5710775 1
5711163 1
5712089 1
5712626 1
5715750 1
5718848 1
5722866 1
5724406 1
5725428 1
5729999 1
5735726 1
5738745 1
5742193 1
5742302 1
5743695 1
5744080 1
5746127 1
5748238 1
5749495 1
5751542 1
5752175 1
5757325 1
5765432 1
5766107 1
5770461 1
5777063 1
5783518 1
5784427 1
5785170 1
5791253 1
5793853 1
5795672 1
5802502 1
5805648 1
5806580 1
5809761 1
5820147 1
5822374 1
5825128 1
5827684 1
5827693 1
5834574 1
5836441 1
5839143 1
5851930 1
5854610 1
5854677 1
5856926 1
5860514 1
5861143 1
5862816 1
5870600 1
5878316 1
5880729 1
5881658 1
5881847 1
5882631 1
5883047 1
5885392 1
5886906 1
5890351 1
5890773 1
5891095 1
5901286 1
5902268 1
5903722 1
5905923 1
5905974 1
5920650 1
5921140 1
5927356 1
5931144 1
5932963 1
5933572 1
5933775 1
5936252 1
5939650 1
5944885 1
5946191 1
5947188 1
5948049 1
5955491 1
5957700 1
5963925 1
5963994 1
5967289 1
5973526 1
5975957 1
5979720 1
5982379 1
5983376 1
5984476 1
5987543 1
5988447 1
5990242 1
5992946 1
5995549 1
5998474 1
6002713 1
6002831 1
6010847 1
6013806 1
6014800 1
6015297 1
6020164 1
6026709 1
6031997 1
6036802 1
6037752 1
6040490 1
6040528 1
6041499 1
6044422 1
6045762 1
6046805 1
6048066 1
6049285 1
6055403 1
6055731 1
6058069 1
6059182 1
6060458 1
6069654 1
6070208 1
6070772 1
6074784 1
6077602 1
6077936 1
6079019 1
6080073 1
6085872 1
6086862 1
6087447 1
6087447 1
6087966 1
6091523 1
6092009 1
6092285 1
6093783 1
6096252 1
6096379 1
6107375 1
6113589 1
6122640 1
6129876 1
6132680 1
6138816 1
6143945 1
6144282 1
6144426 1
6145246 1
6147516 1
6148672 1
6149318 1
6151289 1
6154710 1
6156637 1
6159022 1
6163788 1
6177324 1
6177527 1
6177788 1
6178950 1
6180871 1
6184177 1
6192309 1
6192842 1
6195004 1
6197873 1
6203025 1
6207116 1
6207133 1
6208148 1
6208148 1
6225473 1
6227546 1
6228009 1
6237351 1
6241600 1
6243273 1
6252153 1
6253224 1
6253762 1
6257638 1
6259988 1
6260034 1
6260672 1
6261745 1
6262206 1
6262711 1
6263742 1
6265595 1
6270081 1
6272969 1
6273064 1
6273384 1
6275107 1
6277496 1
6282090 1
6284097 1
6284854 1
6286075 1
6289761 1
6290358 1
6290850 1
6291170 1
6292494 1
6292955 1
6293355 1
6294071 1
6299184 1
6303044 1
6306804 1
6309483 1
6315778 1
6324486 1
6339753 1
6341229 1
6341349 1
6341540 1
6342969 1
6343529 1
6345641 1
6346626 1
6346648 1
6347508 1
6348664 1
6356921 1
6357552 1
6359044 1
6360326 1
6360547 1
6362292 1
6363143 1
6366458 1
6367642 1
6369088 1
6369264 1
6375001 1
6376629 1
6378563 1
6379517 1
6386014 1
6389120 1
6390169 1
6394364 1
6401646 1
6405187 1
6406336 1
6407988 1
6413622 1
6421265 1
6422242 1
6422431 1
6424860 1
6426568 1
6428646 1
6432254 1
6432849 1
6434807 1
6435920 1
6443332 1
6446375 1
6446581 1
6448264 1
6448277 1
6450860 1
6451815 1
6451815 1
6452114 1
6452738 1
6454816 1
6455435 1
6458569 1
6459985 1
6466918 1
6470929 1
6475345 1
6475399 1
6476116 1
6477367 1
6491279 1
6502133 1
6502583 1
6502757 1
6503247 1
6506130 1
6509608 1
6509971 1
6524670 1
6525717 1
6525831 1
6532669 1
6535178 1
6536682 1
6539103 1
6539313 1
6541420 1
6545074 1
6551666 1
6556591 1
6558122 1
6560067 1
6560525 1
6561751 1
6563690 1
6563835 1
6563908 1
6566601 1
6567434 1
6567792 1
6567938 1
6569142 1
6572455 1
6575206 1
6575228 1
6582019 1
6583571 1
6586577 1
6587456 1
6591623 1
6594705 1
6597816 1
6600642 1
6605854 1
6612938 1
6614246 1
6616960 1
6617831 1
6619819 1
6625964 1
6627596 1
6632017 1
6633319 1
6638541 1
6640735 1
6648274 1
6648718 1
6651333 1
6653470 1
6655009 1
6655129 1
6657364 1
6657663 1
6659568 1
6670345 1
6673581 1
6673993 1
6675302 1
6677081 1
6677814 1
6680241 1
6680718 1
6681887 1
6682178 1
6687141 1
6692073 1
6692922 1
6693121 1
6694441 1
6695435 1
6695663 1
6696990 1
6700210 1
6703614 1
6703929 1
6706967 1
6708907 1
6709277 1
6714068 1
6714536 1
6716187 1
6721189 1
6724953 1
6727435 1
6729927 1
6736595 1
6755998 1
6756518 1
6756537 1
6761348 1
6761478 1
6762215 1
6763026 1
6766403 1
6766628 1
6768441 1
6769116 1
6773309 1
6792863 1
6796989 1
6798143 1
6798493 1
6800709 1
6802860 1
6804102 1
6805244 1
6806342 1
6808232 1
6810529 1
6819390 1
6821490 1
6821502 1
6821843 1
6829996 1
6830071 1
6831417 1
6832194 1
6834064 1
6834873 1
6835474 1
6835804 1
6837501 1
6837582 1
6843272 1
6843274 1
6849452 1
6849677 1
6851123 1
6856401 1
6858813 1
6860093 1
6865687 1
6867699 1
6867907 1
6868543 1
6868563 1
6869706 1
6870333 1
6870496 1
6870583 1
6871467 1
6871619 1
6876157 1
6876535 1
6878939 1
6884411 1
6885624 1
6886466 1
6889876 1
6890266 1
6890901 1
6894193 1
6894628 1
6895366 1
6897847 1
6898548 1
6899771 1
6909116 1
6909708 1
6912655 1
6918664 1
6918961 1
6920160 1
6924140 1
6926836 1
6931436 1
6931880 1
6934069 1
6935658 1
6936674 1
6936878 1
6940078 1
6943341 1
6943369 1
6944414 1
6950099 1
6950271 1
6950601 1
6953836 1
6966532 1
6970890 1
6971147 1
6971540 1
6974543 1
6975986 1
6978008 1
6978175 1
6979833 1
6980463 1
6980613 1
6985693 1
6985694 1
6986666 1
6993441 1
6997228 1
7002478 1
7004437 1
7005428 1
7006312 1
7006974 1
7009842 1
7010828 1
7018707 1
7020590 1
7029077 1
7030310 1
7034128 1
7034492 1
7034492 1
7038636 1
7038989 1
7056376 1
7059040 1
7060537 1
7064133 1
7065951 1
7066380 1
7068370 1
7068889 1
7071488 1
7071776 1
7074425 1
7076653 1
7083943 1
7095256 1
7097892 1
7099386 1
7101148 1
7106248 1
7110205 1
7111292 1
7113896 1
7128351 1
7128439 1
7131003 1
7135295 1
7137170 1
7138243 1
7138965 1
7139003 1
7140089 1
7142624 1
7156811 1
7158095 1
7158341 1
7158430 1
7159263 1
7161336 1
7161661 1
7163297 1
7165319 1
7168214 1
7168686 1
7170092 1
7170186 1
7179328 1
7183726 1
7184600 1
7190112 1
7193921 1
7195279 1
7196167 1
7196945 1
7203737 1
7210040 1
7217917 1
7225836 1
7227034 1
7227653 1
7232136 1
7234003 1
7237187 1
7237230 1
7239653 1
7245513 1
7249398 1
7249452 1
7249453 1
7251261 1
7251450 1
7252449 1
7258382 1
7258883 1
7260811 1
7272676 1
7273089 1
7279197 1
7280538 1
7282151 1
7282647 1
7285976 1
7286306 1
7287243 1
7292319 1
7296643 1
7298456 1
7299295 1
7299319 1
7300333 1
7306116 1
7311552 1
7312167 1
7312792 1
7313487 1
7317294 1
7320087 1
7322011 1
7322067 1
7328415 1
7330866 1
7331511 1
7332462 1
7333303 1
7336058 1
7336112 1
7340515 1
7341018 1
7344184 1
7349676 1
7351047 1
7352163 1
7352897 1
7353330 1
7353330 1
7363495 1
7366481 1
7373144 1
7373253 1
7374880 1
7376301 1
7377383 1
7378766 1
7379128 1
7382947 1
7383952 1
7386428 1
7390831 1
7391275 1
7392670 1
7397188 1
7402346 1
7406414 1
7407681 1
7408480 1
7415836 1
7420236 1
7424950 1
7425363 1
7426460 1
7427154 1
7428255 1
7429829 1
7445180 1
7447014 1
7447989 1
7448247 1
7449575 1
7453058 1
7457413 1
7460962 1
7462900 1
7463562 1
7465929 1
7470744 1
7474348 1
7487100 1
7492304 1
7493240 1
7494483 1
7500131 1
7501746 1
7502187 1
7502457 1
7502457 1
7504848 1
7509947 1
7510521 1
7511040 1
7513586 1
7514296 1
7518910 1
7523894 1
7526649 1
7531299 1
7531852 1
7534487 1
7534629 1
7536794 1
7536815 1
7539098 1
7539161 1
7540392 1
7543081 1
7547476 1
7547485 1
7550792 1
7550880 1
7550931 1
7552310 1
7552420 1
7559625 1
7565837 1
7568534 1
7572255 1
7577828 1
7578948 1
7579015 1
7579024 1
7579078 1
7579499 1
7582702 1
7584604 1
7585237 1
7587698 1
7588586 1
7589351 1
7589756 1
7594711 1
7596236 1
7602732 1
7602957 1
7608439 1
7612445 1
7613370 1
7613682 1
7614046 1
7617546 1
7627507 1
7628683 1
7628909 1
7630885 1
7634914 1
7635103 1
7636721 1
7640267 1
7645863 1
7646421 1
7650533 1
7651280 1
7655978 1
7660504 1
7662189 1
7664348 1
7668106 1
7668475 1
7670541 1
7670780 1
7672926 1
7673853 1
7679585 1
7683445 1
7685192 1
7685377 1
7686341 1
7693290 1
7693499 1
7694034 1
7694603 1
7696683 1
7701346 1
7704161 1
7706020 1
7709979 1
7713523 1
7715825 1
7718935 1
7719342 1
7719383 1
7720568 1
7731930 1
7733789 1
7737759 1
7738829 1
7740350 1
7744842 1
7750922 1
7751421 1
7759307 1
7760998 1
7763371 1
7764726 1
7767151 1
7768619 1
7771481 1
7778326 1
7779135 1
7780886 1
7781222 1
7781242 1
7782370 1
7786041 1
7787351 1
7789415 1
7791988 1
7792392 1
7793576 1
7817927 1
7817954 1
7821566 1
7822281 1
7826443 1
7831044 1
7832417 1
7837598 1
7837649 1
7841614 1
7842066 1
7842992 1
7844101 1
7845997 1
7848080 1
7850528 1
7857897 1
7858708 1
7863073 1
7863073 1
7863803 1
7869575 1
7870771 1
7872167 1
7873152 1
7875238 1
7878675 1
7878986 1
7881889 1
7883929 1
7885373 1
7889016 1
7889098 1
7889749 1
7897214 1
7905463 1
7909849 1
7911000 1
7911180 1
7912072 1
7912659 1
7918793 1
7921672 1
7923385 1
7925271 1
7926468 1
7927640 1
7928388 1
7928523 1
7931102 1
7931393 1
7934880 1
7936193 1
7937986 1
7938287 1
7941721 1
7943852 1
7951446 1
7956213 1
7957720 1
7959873 1
7962720 1
7970446 1
7971470 1
7972683 1
7974524 1
7976493 1
7984280 1
7985595 1
7985965 1
7986693 1
7986801 1
7986982 1
7990630 1
7995530 1
8005408 1
8008197 1
8010883 1
8011861 1
8016804 1
8021169 1
8029851 1
8030208 1
8034278 1
8035195 1
8035195 1
8037670 1
8037725 1
8038353 1
8038516 1
8039343 1
8047693 1
8047771 1
8050053 1
8050457 1
8050525 1
8051473 1
8052053 1
8052683 1
8053001 1
8053075 1
8054274 1
8057377 1
8061751 1
8062274 1
8076116 1
8078653 1
8081035 1
8084035 1
8084386 1
8086681 1
8093880 1
8107995 1
8110871 1
8111036 1
8116070 1
8119950 1
8123368 1
8129654 1
8136000 1
8136145 1
8137482 1
8138808 1
8139016 1
8140164 1
8143123 1
8147896 1
8151395 1
8153157 1
8155820 1
8157870 1
8165238 1
8167349 1
8167354 1
8173375 1
8175631 1
8177207 1
8181678 1
8184754 1
8185045 1
8193120 1
8194179 1
8195610 1
8195833 1
8206049 1
8212440 1
8220012 1
8223379 1
8229986 1
8230719 1
8240638 1
8240638 1
8244488 1
8244758 1
8245335 1
8245335 1
8245522 1
8248563 1
8253123 1
8255749 1
8256220 1
8264403 1
8264669 1
8267343 1
8267515 1
8268486 1
8270922 1
8271935 1
8272531 1
8273007 1
8273037 1
8273926 1
8273999 1
8274090 1
8275279 1
8275337 1
8275490 1
8276748 1
8283915 1
8289410 1
8291629 1
8293486 1
8294622 1
8297561 1
8298210 1
8298550 1
8298761 1
8300500 1
8302272 1
8302498 1
8304095 1
8310467 1
828 1
7590 1
9731 1
17155 1
19208 1
23366 1
24263 1
35651 1
36299 1
37742 1
46534 1
50851 1
53016 1
61482 1
62636 1
64459 1
69191 1
71594 1
73623 1
76690 1
87105 1
99410 1
111807 1
112107 1
116270 1
121628 1
121635 1
123791 1
132194 1
133450 1
133834 1
134713 1
139524 1
140204 1
142696 1
142992 1
151209 1
152491 1
153497 1
173305 1
174901 1
177495 1
188362 1
192312 1
204425 1
206051 1
207884 1
208254 1
213520 1
213724 1
213799 1
220155 1
220304 1
221315 1
221580 1
225549 1
229125 1
236317 1
240419 1
257015 1
258082 1
261016 1
266888 1
267923 1
268002 1
277215 1
279152 1
280891 1
282327 1
282748 1
282840 1
285665 1
287179 1
288535 1
292520 1
306431 1
309336 1
310609 1
310864 1
311309 1
316204 1
318018 1
319253 1
319360 1
320649 1
325910 1
326645 1
332919 1
341171 1
345404 1
354339 1
359740 1
361662 1
372171 1
372728 1
375128 1
376509 1
378813 1
379928 1
380583 1
384528 1
388236 1
399085 1
400270 1
407788 1
412583 1
447260 1
450221 1
457911 1
461195 1
462237 1
463931 1
465228 1
466062 1
474295 1
479668 1
491652 1
492979 1
494456 1
495288 1
495736 1
496229 1
502006 1
507150 1
511700 1
511924 1
512292 1
516678 1
526637 1
529116 1
529189 1
533408 1
542900 1
552131 1
554130 1
564008 1
567061 1
568953 1
570511 1
572030 1
572560 1
573638 1
575058 1
582407 1
582672 1
584383 1
584990 1
585445 1
585552 1
586525 1
587194 1
590520 1
598480 1
608923 1
614632 1
615505 1
615551 1
620287 1
622436 1
626952 1
635531 1
641632 1
642284 1
655947 1
656185 1
661280 1
663900 1
665547 1
665858 1
668975 1
669345 1
670747 1
671977 1
672828 1
673481 1
674815 1
675344 1
684090 1
684706 1
685085 1
689060 1
693346 1
699634 1
700159 1
700312 1
702704 1
707603 1
709909 1
710270 1
713773 1
715127 1
723481 1
729532 1
729873 1
733405 1
738092 1
744237 1
744648 1
747604 1
750325 1
752065 1
752171 1
752909 1
756044 1
764202 1
770087 1
770262 1
770832 1
774325 1
778652 1
786937 1
787885 1
788998 1
794327 1
798109 1
799051 1
811130 1
813874 1
815055 1
816793 1
821118 1
825407 1
833103 1
838309 1
845029 1
848527 1
855312 1
871192 1
871197 1
874901 1
888651 1
889420 1
892147 1
897225 1
900149 1
907759 1
916988 1
917375 1
917375 1
917697 1
918084 1
919299 1
920194 1
922128 1
923992 1
926111 1
932412 1
938056 1
938938 1
940569 1
941270 1
942044 1
943347 1
943512 1
944434 1
944479 1
945195 1
950524 1
953438 1
955637 1
961504 1
962777 1
965493 1
973430 1
976487 1
981368 1
983896 1
985668 1
993653 1
994297 1
999088 1
1000777 1
1010247 1
1013412 1
1014894 1
1018397 1
1020048 1
1021065 1
1021065 1
1021640 1
1024535 1
1030580 1
1030818 1
1034909 1
1035997 1
1038185 1
1043376 1
1044015 1
1045964 1
1047117 1
1048283 1
1049291 1
1050348 1
1050470 1
1054086 1
1054473 1
1057695 1
1058690 1
1059907 1
1061919 1
1063422 1
1071263 1
1072219 1
1072535 1
1072938 1
1074252 1
1083557 1
1088076 1
1089147 1
1089169 1
1092996 1
1093358 1
1095519 1
1096664 1
1099018 1
1101769 1
1101809 1
1105975 1
1108424 1
1110207 1
1114361 1
1118550 1
1125664 1
1129466 1
1135121 1
1136987 1
1139349 1
1145674 1
1152650 1
1160506 1
1163394 1
1170899 1
1171636 1
1171923 1
1172239 1
1174417 1
1174722 1
1176664 1
1176739 1
1178224 1
1185625 1
1192524 1
1196181 1
1196626 1
1203387 1
1207880 1
1209136 1
1211222 1
1212507 1
1215418 1
1215598 1
1215840 1
1216977 1
1226540 1
1230051 1
1240655 1
1241016 1
1245607 1
1256803 1
1258577 1
1260627 1
1261438 1
1261756 1
1263079 1
1264904 1
1264916 1
1266790 1
1267959 1
1273111 1
1281986 1
1283412 1
1290565 1
1294586 1
1300594 1
1301615 1
1307588 1
1312938 1
1312938 1
1323030 1
1328835 1
1328938 1
1330421 1
1330520 1
1333062 1
1334060 1
1335522 1
1338474 1
1338808 1
1339096 1
1347086 1
1347380 1
1349201 1
1349631 1
1352964 1
1355718 1
1358651 1
1364388 1
1370068 1
1370389 1
1371270 1
1371601 1
1373796 1
1376293 1
1386379 1
1387278 1
1387278 1
1392956 1
1394288 1
1395158 1
1398408 1
1399118 1
1399561 1
1401107 1
1404596 1
1406633 1
1411141 1
1413913 1
1414872 1
1416926 1
1417842 1
1418950 1
1422822 1
1423270 1
1423561 1
1424326 1
1425481 1
1432633 1
1441834 1
1463610 1
1466972 1
1467007 1
1467486 1
1471195 1
1471282 1
1471782 1
1472676 1
1474954 1
1478597 1
1479357 1
1480411 1
1480727 1
1482576 1
1487305 1
1488357 1
1490317 1
1492744 1
1494306 1
1496073 1
1497846 1
1501142 1
1502704 1
1503594 1
1503724 1
1505394 1
1510870 1
1513924 1
1514096 1
1514171 1
1514459 1
1519687 1
1525043 1
1525428 1
1526601 1
1528156 1
1530274 1
1530794 1
1538741 1
1545132 1
1547861 1
1550056 1
1552291 1
1558556 1
1559247 1
1562754 1
1564076 1
1567318 1
1575595 1
1575599 1
1575677 1
1576973 1
1577614 1
1582226 1
1582974 1
1586464 1
1586901 1
1602000 1
1602998 1
1603574 1
1604986 1
1606362 1
1608764 1
1609198 1
1609939 1
1618487 1
1619622 1
1622389 1
1624445 1
1628534 1
1630145 1
1630406 1
1632005 1
1640695 1
1643110 1
1647317 1
1647776 1
1647981 1
1652788 1
1655020 1
1659963 1
1661086 1
1662860 1
1664423 1
1664842 1
1665780 1
1670404 1
1674325 1
1682942 1
1683210 1
1685224 1
1685603 1
1685611 1
1686819 1
1687470 1
1688281 1
1688440 1
1688484 1
1693096 1
1700698 1
1701387 1
1702554 1
1706336 1
1708311 1
1708790 1
1709339 1
1718334 1
1723949 1
1738868 1
1742509 1
1744877 1
1746370 1
1746726 1
1746816 1
1748677 1
1752357 1
1759785 1
1760611 1
1769477 1
1769653 1
1770989 1
1776092 1
1777577 1
1778074 1
1778457 1
1778994 1
1780317 1
1780837 1
1782712 1
1782712 1
1789968 1
1794586 1
1799440 1
1801079 1
1803553 1
1803829 1
1809934 1
1812692 1
1815730 1
1816316 1
1818760 1
1819119 1
1819498 1
1820869 1
1824616 1
1825049 1
1826525 1
1826794 1
1828123 1
1830116 1
1830121 1
1830621 1
1831158 1
1832260 1
1833476 1
1834625 1
1837290 1
1841317 1
1843301 1
1846733 1
1853928 1
1856643 1
1857063 1
1858230 1
1861320 1
1863972 1
1865557 1
1865557 1
1875403 1
1876073 1
1880330 1
1880515 1
1884499 1
1885120 1
1886670 1
1891890 1
1891988 1
1893992 1
1897313 1
1903974 1
1907330 1
1907807 1
1908198 1
1913089 1
1917291 1
1917482 1
1919161 1
1926646 1
1927997 1
1933383 1
1935259 1
1935859 1
1937447 1
1939753 1
1940351 1
1940790 1
1942325 1
1942422 1
1943894 1
1945681 1
1945752 1
1947327 1
1947392 1
1950122 1
1951749 1
1951766 1
1952088 1
1961189 1
1965807 1
1967663 1
1969302 1
1974089 1
1975356 1
1977640 1
1978621 1
1978823 1
1990743 1
1996509 1
1996979 1
1999668 1
2008887 1
2012226 1
2013564 1
2015774 1
2016124 1
2022079 1
2024307 1
2027502 1
2030679 1
2039933 1
2059505 1
2060967 1
2061497 1
2061774 1
2067842 1
2067978 1
2069290 1
2070297 1
2073562 1
2077240 1
2084207 1
2086764 1
2089154 1
2092244 1
2093784 1
2096567 1
2100092 1
2101089 1
2105172 1
2106528 1
2108450 1
2115401 1
2119309 1
2119835 1
2121319 1
2122281 1
2122810 1
2123160 1
2123642 1
2125233 1
2126935 1
2132528 1
2135779 1
2136534 1
2136867 1
2138610 1
2142357 1
2147058 1
2148783 1
2149898 1
2150194 1
2157939 1
2160183 1
2160712 1
2160766 1
2160908 1
2166975 1
2170716 1
2171088 1
2172163 1
2174040 1
2176640 1
2179078 1
2181460 1
2184691 1
2185945 1
2190773 1
2195335 1
2197295 1
2197904 1
2202917 1
2210232 1
2211755 1
2213563 1
2219084 1
2220186 1
2225290 1
2226103 1
2227900 1
2228487 1
2231324 1
2233764 1
2238186 1
2239371 1
2240813 1
2240976 1
2241682 1
2248840 1
2252545 1
2254445 1
2258786 1
2267652 1
2268512 1
2270549 1
2270744 1
2275890 1
2277555 1
2278660 1
2284248 1
2289459 1
2294525 1
2296031 1
2300868 1
2300905 1
2302915 1
2303174 1
2303369 1
2304294 1
2304650 1
2312901 1
2313281 1
2320920 1
2321574 1
2323611 1
2323734 1
2324153 1
2334975 1
2336349 1
2340363 1
2343116 1
2344967 1
2347610 1
2350933 1
2351345 1
2354505 1
2355904 1
2358513 1
2359846 1
2360440 1
2365270 1
2374685 1
2375669 1
2376911 1
2377015 1
2377291 1
2383958 1
2385478 1
2386824 1
2387528 1
2387856 1
2390516 1
2392441 1
2393721 1
2397830 1
2399975 1
2400207 1
2408918 1
2409922 1
2411208 1
2413520 1
2419345 1
2421285 1
2421422 1
2421597 1
2425277 1
2426324 1
2430174 1
2431366 1
2433480 1
2444163 1
2444163 1
2445397 1
2447883 1
2452829 1
2453990 1
2458032 1
2458032 1
2458116 1
2475999 1
2478268 1
2483611 1
2484194 1
2490108 1
2493670 1
2498046 1
2498583 1
2501080 1
2502491 1
2506648 1
2516031 1
2523925 1
2524482 1
2527173 1
2529400 1
2530534 1
2531536 1
2532048 1
2532435 1
2540738 1
2542204 1
2545912 1
2546054 1
2546795 1
2548017 1
2548503 1
2550424 1
2551214 1
2553940 1
2554088 1
2562067 1
2562619 1
2562842 1
2563057 1
2563812 1
2563831 1
2568514 1
2569465 1
2570798 1
2580173 1
2585480 1
2586186 1
2588498 1
2590295 1
2592858 1
2603983 1
2608388 1
2609780 1
2612305 1
2614027 1
2615912 1
2619371 1
2620593 1
2621557 1
2627445 1
2631238 1
2631424 1
2636706 1
2639723 1
2645699 1
2648914 1
2654155 1
2659106 1
2662267 1
2664971 1
2666462 1
2670476 1
2677143 1
2678056 1
2680626 1
2680895 1
2683450 1
2684120 1
2684670 1
2685051 1
2686775 1
2687596 1
2689117 1
2690115 1
2694191 1
2695676 1
2697219 1
2699847 1
2700262 1
2700907 1
2702545 1
2703208 1
2706835 1
2706835 1
2706835 1
2706835 1
2707578 1
2708297 1
2708440 1
2708730 1
2708988 1
2709214 1
2709646 1
2719566 1
2719686 1
2719731 1
2720271 1
2720509 1
2726011 1
2731371 1
2731938 1
2732198 1
2733446 1
2733896 1
2734338 1
2740509 1
2751271 1
2754905 1
2759493 1
2759882 1
2759980 1
2762127 1
2763840 1
2766201 1
2767949 1
2768842 1
2773807 1
2773988 1
2774402 1
2782476 1
2783074 1
2784530 1
2787793 1
2788217 1
2789327 1
2796585 1
2798550 1
2799302 1
2799531 1
2801859 1
2809632 1
2820255 1
2820629 1
2821447 1
2821599 1
2821652 1
2823414 1
2823834 1
2828203 1
2830829 1
2840847 1
2840861 1
2843049 1
2846670 1
2850538 1
2868233 1
2875095 1
2879726 1
2882369 1
2883528 1
2890647 1
2891210 1
2895533 1
2896924 1
2910659 1
2917451 1
2925912 1
2926830 1
2927706 1
2934660 1
2935917 1
2938563 1
2938632 1
2940137 1
2940469 1
2942875 1
2943682 1
2943774 1
2950395 1
2956029 1
2956211 1
2964182 1
2965452 1
2965623 1
2966258 1
2966680 1
2968121 1
2970754 1
2971284 1
2972063 1
2974666 1
2974848 1
2984136 1
2986649 1
2987852 1
2989205 1
2991987 1
2995399 1
2998428 1
3002128 1
3002369 1
3002461 1
3005075 1
3007055 1
3011221 1
3012475 1
3014219 1
3015665 1
3023222 1
3025983 1
3030462 1
3031037 1
3031312 1
3034572 1
3038819 1
3039471 1
3040285 1
3052106 1
3056664 1
3058476 1
3065024 1
3065247 1
3065479 1
3065881 1
3068786 1
3070477 1
3070716 1
3071901 1
3072963 1
3073445 1
3073445 1
3077988 1
3079613 1
3081952 1
3083721 1
3088425 1
3088465 1
3089727 1
3098242 1
3104104 1
3104965 1
3106215 1
3106839 1
3108955 1
3109300 1
3116253 1
3117477 1
3120000 1
3122355 1
3129393 1
3129706 1
3131142 1
3141876 1
3146781 1
3146806 1
3148136 1
3159002 1
3159846 1
3159930 1
3160039 1
3161532 1
3161988 1
3169339 1
3174292 1
3176676 1
3178527 1
3178763 1
3185487 1
3187515 1
3188734 1
3189255 1
3189958 1
3190167 1
3190234 1
3193196 1
3193664 1
3195558 1
3201370 1
3204463 1
3204889 1
3208360 1
3209607 1
3213083 1
3217507 1
3218012 1
3220103 1
3220417 1
3220417 1
3224366 1
3229440 1
3237976 1
3240267 1
3242623 1
3244403 1
3245008 1
3257843 1
3269182 1
3270916 1
3278074 1
3280912 1
3284517 1
3284881 1
3285030 1
3289181 1
3289310 1
3289360 1
3293410 1
3301854 1
3303480 1
3306341 1
3306371 1
3313300 1
3314025 1
3316743 1
3319631 1
3321168 1
3323469 1
3328154 1
3328814 1
3331897 1
3332415 1
3334186 1
3337559 1
3343498 1
3344865 1
3348888 1
3352756 1
3354057 1
3359003 1
3360809 1
3363513 1
3363941 1
3374096 1
3374540 1
3374541 1
3379623 1
3385923 1
3393360 1
3394182 1
3395343 1
3396884 1
3403552 1
3409334 1
3409486 1
3412514 1
3412514 1
3413677 1
3415335 1
3415936 1
3417148 1
3420497 1
3423386 1
3423955 1
3426323 1
3428044 1
3428908 1
3433402 1
3437162 1
3438479 1
3440416 1
3441804 1
3447733 1
3450047 1
3450712 1
3453174 1
3454061 1
3462930 1
3464612 1
3465358 1
3465381 1
3467925 1
3468642 1
3468686 1
3473510 1
3476023 1
3479041 1
3480192 1
3480399 1
3481160 1
3481934 1
3483067 1
3486605 1
3486817 1
3487218 1
3492687 1
3494576 1
3496471 1
3497701 1
3498487 1
3500172 1
3502993 1
3503354 1
3504119 1
3508466 1
3509535 1
3513153 1
3520227 1
3520738 1
3521719 1
3522590 1
3523511 1
3523641 1
3523912 1
3524906 1
3529990 1
3532110 1
3536936 1
3539532 1
3542274 1
3544910 1
3547175 1
3553803 1
3554344 1
3557235 1
3559978 1
3561968 1
3563985 1
3569402 1
3582015 1
3582594 1
3588953 1
3591061 1
3594912 1
3613557 1
3618154 1
3624024 1
3625713 1
3626515 1
3628341 1
3631222 1
3633701 1
3635740 1
3645165 1
3650892 1
3651483 1
3657017 1
3657839 1
3660701 1
3661002 1
3665131 1
3666865 1
3670171 1
3671899 1
3672456 1
3678219 1
3684430 1
3687827 1
3688086 1
3688894 1
3690480 1
3694429 1
3696200 1
3696363 1
3697691 1
3698229 1
3698553 1
3700251 1
3704455 1
3705375 1
3707173 1
3707323 1
3710191 1
3717283 1
3719771 1
3720481 1
3720607 1
3721939 1
3723660 1
3725802 1
3727372 1
3732280 1
3733776 1
3736984 1
3741484 1
3745191 1
3749276 1
3752415 1
3752486 1
3756108 1
3757323 1
3758010 1
3760376 1
3762061 1
3764039 1
3764168 1
3764169 1
3765570 1
3772869 1
3774458 1
3775280 1
3776012 1
3776764 1
3778016 1
3778471 1
3784314 1
3788126 1
3790415 1
3790812 1
3790902 1
3792366 1
3794396 1
3794948 1
3794970 1
3797575 1
3797641 1
3798643 1
3803247 1
3804919 1
3810131 1
3811676 1
3812734 1
3815605 1
3815880 1
3822962 1
3826643 1
3829483 1
3829810 1
3830037 1
3830110 1
3835057 1
3836134 1
3838141 1
3839213 1
3839589 1
3844417 1
3845442 1
3848781 1
3852433 1
3852656 1
3859412 1
3859574 1
3865307 1
3868109 1
3868223 1
3869360 1
3869758 1
3871446 1
3872231 1
3873721 1
3874254 1
3878022 1
3880859 1
3881220 1
3884018 1
3891892 1
3894620 1
3894921 1
3894921 1
3900681 1
3904718 1
3911890 1
3914140 1
3914239 1
3920116 1
3926296 1
3926983 1
3927679 1
3931815 1
3932133 1
3932441 1
3932941 1
3938803 1
3942798 1
3942900 1
3942900 1
3942900 1
3948578 1
3952297 1
3952465 1
3954047 1
3954106 1
3955407 1
3967340 1
3970936 1
3971525 1
3971528 1
3973102 1
3973523 1
3973983 1
3974420 1
3974695 1
3982241 1
3987540 1
3989005 1
3989230 1
3989609 1
3994307 1
3995851 1
3996177 1
4001840 1
4005367 1
4009603 1
4014186 1
4014323 1
4015132 1
4015342 1
4016332 1
4016607 1
4020304 1
4020308 1
4021259 1
4021799 1
4025725 1
4025758 1
4025938 1
4026872 1
4027130 1
4030828 1
4031679 1
4032011 1
4033223 1
4040641 1
4052676 1
4054763 1
4056589 1
4057693 1
4062026 1
4062098 1
4062455 1
4062769 1
4068281 1
4069258 1
4069942 1
4072673 1
4077646 1
4079740 1
4080363 1
4081290 1
4082155 1
4083026 1
4083860 1
4085102 1
4085205 1
4095090 1
4107057 1
4108675 1
4113594 1
4123606 1
4127179 1
4127179 1
4128646 1
4132162 1
4132655 1
4142376 1
4144747 1
4148548 1
4150500 1
4150819 1
4151413 1
4157260 1
4158347 1
4158755 1
4161128 1
4162201 1
4162792 1
4165758 1
4170451 1
4176229 1
4186685 1
4196489 1
4204572 1
4206828 1
4211480 1
4217410 1
4218165 1
4218355 1
4229936 1
4230460 1
4235016 1
4241101 1
4249041 1
4250156 1
4250478 1
4254105 1
4255529 1
4255808 1
4257682 1
4266760 1
4273477 1
4274369 1
4280608 1
4281092 1
4281223 1
4288089 1
4294349 1
4295005 1
4297920 1
4299293 1
4306617 1
4307151 1
4313799 1
4324880 1
4325527 1
4332142 1
4332717 1
4335770 1
4337211 1
4339919 1
4341575 1
4348885 1
4351107 1
4356774 1
4359023 1
4361570 1
4363131 1
4364595 1
4373679 1
4382700 1
4388884 1
4389597 1
4394506 1
4396301 1
4396305 1
4397250 1
4397964 1
4399774 1
4401666 1
4404238 1
4414743 1
4415887 1
4417843 1
4417946 1
4417950 1
4418388 1
4419796 1
4421733 1
4424013 1
4424063 1
4431097 1
4436635 1
4439540 1
4439559 1
4440636 1
4441684 1
4442007 1
4444709 1
4448292 1
4449289 1
4456734 1
4460657 1
4462094 1
4464256 1
4466628 1
4466628 1
4467460 1
4467485 1
4467903 1
4468477 1
4471197 1
4471314 1
4478008 1
4482344 1
4484854 1
4489090 1
4501373 1
4504817 1
4516116 1
4518905 1
4518969 1
4531323 1
4534301 1
4535494 1
4539845 1
4540532 1
4541059 1
4546079 1
4551341 1
4552181 1
4552700 1
4559720 1
4564077 1
4572975 1
4575445 1
4577390 1
4579212 1
4579587 1
4586384 1
4592161 1
4593392 1
4593753 1
4593829 1
4597655 1
4606551 1
4613190 1
4616269 1
4617356 1
4622206 1
4626191 1
4626559 1
4627962 1
4630820 1
4632995 1
4633620 1
4635578 1
4638641 1
4646064 1
4649224 1
4651266 1
4651554 1
4651626 1
4651743 1
4653031 1
4654263 1
4654304 1
4654406 1
4654407 1
4655086 1
4657640 1
4660375 1
4660926 1
4663765 1
4671740 1
4675974 1
4676622 1
4678147 1
4678369 1
4678589 1
4686719 1
4687707 1
4687932 1
4693026 1
4696241 1
4697412 1
4702146 1
4702615 1
4704501 1
4707474 1
4708574 1
4708803 1
4710085 1
4710865 1
4720355 1
4720875 1
4723744 1
4725147 1
4726657 1
4733564 1
4734532 1
4735459 1
4737400 1
4740669 1
4741327 1
4746102 1
4747245 1
4748421 1
4757376 1
4760983 1
4763248 1
4764405 1
4764615 1
4765752 1
4766220 1
4766941 1
4768343 1
4769192 1
4769192 1
4769631 1
4769690 1
4770228 1
4775893 1
4776485 1
4785415 1
4789616 1
4790706 1
4795445 1
4801680 1
4805224 1
4816257 1
4818327 1
4823139 1
4826686 1
4827057 1
4827438 1
4832087 1
4832937 1
4835973 1
4838550 1
4839214 1
4842129 1
4845078 1
4846680 1
4849834 1
4851277 1
4852052 1
4861363 1
4861635 1
4862915 1
4863075 1
4863136 1
4869315 1
4871938 1
4874294 1
4879036 1
4880502 1
4883063 1
4883957 1
4885010 1
4893038 1
4894983 1
4896369 1
4897850 1
4898341 1
4899089 1
4899613 1
4899708 1
4899863 1
4900400 1
4901082 1
4905897 1
4910322 1
4910474 1
4914118 1
4916321 1
4916370 1
4922565 1
4924884 1
4926545 1
4928129 1
4929005 1
4931949 1
4938788 1
4939589 1
4939755 1
4944939 1
4945450 1
4947861 1
4948065 1
4950446 1
4953960 1
4954159 1
4957183 1
4959749 1
4960754 1
4964435 1
4969216 1
4972269 1
4979794 1
4984391 1
4984427 1
4984531 1
4988486 1
4996833 1
5000542 1
5005598 1
5005602 1
5008510 1
5014676 1
5020774 1
5026951 1
5027385 1
5029270 1
5032777 1
5033146 1
5035665 1
5038526 1
5049846 1
5052627 1
5054333 1
5054744 1
5055782 1
5059424 1
5062711 1
5068767 1
5070031 1
5073627 1
5077038 1
5078303 1
5081212 1
5085106 1
5091141 1
5091288 1
5092412 1
5110529 1
5115225 1
5122938 1
5123516 1
5123526 1
5132675 1
5133896 1
5139663 1
5141586 1
5144130 1
5144964 1
5144969 1
5145514 1
5148984 1
5156229 1
5157382 1
5158380 1
5159279 1
5159360 1
5159526 1
5159607 1
5167311 1
5170674 1
5180762 1
5180762 1
5183489 1
5183791 1
5184151 1
5185160 1
5186949 1
5189551 1
5194253 1
5194915 1
5195211 1
5202398 1
5208076 1
5208338 1
5210848 1
5216038 1
5226907 1
5229821 1
5232783 1
5233363 1
5234006 1
5235741 1
5239180 1
5239945 1
5240160 1
5240754 1
5242545 1
5253843 1
5256844 1
5269504 1
5269982 1
5270955 1
5273170 1
5274630 1
5280676 1
5290812 1
5296943 1
5297298 1
5297317 1
5303415 1
5305763 1
5306775 1
5310934 1
5310965 1
5314167 1
5316466 1
5317494 1
5317779 1
5322441 1
5326902 1
5328283 1
5332172 1
5334493 1
5335323 1
5340236 1
5349659 1
5350644 1
5353183 1
5353295 1
5355801 1
5357542 1
5360641 1
5363597 1
5369024 1
5383201 1
5384056 1
5384967 1
5385739 1
5393859 1
5400713 1
5406197 1
5416884 1
5421744 1
5427726 1
5428986 1
5437390 1
5443757 1
5444022 1
5459051 1
5460539 1
5465173 1
5474406 1
5474584 1
5477888 1
5478948 1
5479826 1
5480616 1
5481139 1
5482643 1
5483754 1
5494267 1
5498425 1
5509098 1
5511574 1
5511756 1
5512782 1
5516181 1
5516496 1
5519507 1
5525853 1
5528577 1
5530193 1
5530464 1
5532397 1
5535834 1
5536607 1
5538272 1
5543295 1
5547931 1
5547977 1
5558744 1
5560715 1
5566669 1
5583518 1
5584098 1
5584607 1
5589165 1
5593086 1
5594220 1
5595563 1
5596644 1
5605075 1
5605092 1
5605398 1
5606690 1
5607719 1
5608124 1
5609216 1
5609752 1
5620103 1
5623245 1
5626143 1
5628033 1
5628811 1
5628998 1
5629472 1
5630676 1
5630979 1
5636323 1
5638602 1
5638768 1
5640196 1
5640779 1
5641424 1
5645661 1
5645984 1
5647178 1
5648740 1
5650714 1
5650747 1
5650752 1
5651306 1
5651396 1
5656438 1
5657081 1
5661274 1
5661585 1
5661971 1
5667864 1
5669335 1
5674560 1
5681131 1
5686367 1
5703065 1
5703467 1
5709716 1
5711463 1
5713194 1
5719751 1
5720340 1
5722711 1
5723668 1
5729121 1
5732849 1
5736590 1
5737801 1
5738368 1
5745701 1
5747814 1
5749292 1
5750826 1
5761978 1
5767168 1
5767613 1
5773841 1
5776461 1
5779170 1
5780270 1
5790154 1
5790817 1
5793998 1
5796732 1
5801697 1
5805782 1
5805798 1
5806422 1
5810875 1
5813501 1
5816227 1
5819327 1
5819898 1
5824898 1
5827655 1
5830240 1
5834068 1
5835225 1
5840687 1
5840873 1
5842471 1
5843121 1
5849554 1
5853352 1
5856563 1
5859983 1
5860747 1
5862354 1
5883003 1
5884293 1
5885417 1
5888984 1
5890073 1
5893927 1
5894349 1
5901242 1
5910376 1
5917602 1
5918408 1
5927064 1
5928804 1
5929769 1
5930323 1
5930448 1
5930448 1
5932973 1
5933642 1
5934374 1
5942291 1
5943885 1
5945535 1
5948401 1
5956723 1
5960417 1
5961204 1
5962410 1
5964036 1
5964081 1
5966623 1
5973121 1
5973401 1
5975092 1
5976713 1
5980493 1
5983756 1
5983756 1
5984204 1
5987539 1
5987916 1
5993030 1
5997138 1
5999734 1
6002679 1
6002882 1
6004968 1
6005259 1
6005295 1
6011370 1
6011719 1
6012462 1
6013443 1
6025384 1
6028611 1
6030980 1
6033001 1
6035308 1
6036064 1
6037400 1
6040060 1
6040452 1
6042951 1
6043836 1
6047810 1
6050941 1
6051479 1
6051891 1
6055113 1
6060033 1
6060553 1
6060825 1
6060903 1
6064637 1
6065668 1
6065948 1
6074215 1
6075010 1
6076186 1
6077023 1
6078644 1
6088898 1
6089499 1
6090410 1
6095277 1
6096002 1
6096529 1
6096771 1
6098388 1
6100011 1
6106586 1
6106634 1
6110294 1
6114468 1
6117930 1
6118259 1
6119703 1
6119777 1
6121336 1
6123057 1
6123936 1
6128939 1
6133323 1
6134893 1
6138193 1
6145588 1
6146776 1
6147376 1
6150055 1
6153595 1
6158022 1
6158899 1
6163616 1
6164018 1
6165867 1
6167359 1
6167604 1
6167751 1
6174252 1
6174684 1
6175506 1
6181281 1
6184278 1
6186361 1
6195900 1
6198278 1
6212445 1
6226116 1
6228422 1
6233059 1
6233257 1
6233392 1
6233535 1
6234212 1
6237729 1
6238338 1
6241410 1
6241689 1
6249895 1
6254199 1
6255153 1
6255545 1
6256306 1
6257851 1
6257993 1
6259631 1
6260559 1
6260644 1
6262498 1
6262831 1
6264582 1
6269975 1
6273232 1
6277260 1
6280792 1
6286790 1
6286848 1
6288664 1
6289235 1
6290439 1
6291183 1
6291435 1
6292092 1
6292340 1
6292500 1
6292529 1
6298024 1
6299985 1
6309894 1
6312035 1
6313027 1
6313556 1
6313572 1
6314178 1
6314968 1
6315379 1
6315515 1
6323957 1
6325994 1
6330808 1
6331735 1
6344958 1
6348142 1
6355028 1
6361076 1
6366738 1
6367890 1
6369620 1
6370725 1
6379415 1
6380892 1
6381522 1
6381557 1
6383868 1
6386066 1
6387081 1
6387327 1
6389022 1
6395043 1
6400078 1
6401623 1
6404066 1
6405694 1
6406187 1
6406514 1
6408520 1
6409077 1
6409558 1
6409845 1
6410638 1
6411560 1
6412091 1
6415080 1
6415858 1
6418687 1
6420049 1
6435341 1
6436512 1
6438444 1
6439514 1
6448810 1
6452321 1
6453450 1
6454621 1
6472864 1
6473728 1
6482635 1
6484739 1
6497619 1
6498882 1
6499269 1
6500576 1
6502228 1
6502561 1
6504377 1
6505370 1
6506633 1
6507119 1
6507416 1
6508643 1
6508652 1
6509165 1
6510950 1
6512163 1
6517635 1
6522136 1
6529005 1
6532510 1
6538484 1
6546339 1
6554507 1
6554802 1
6555493 1
6557031 1
6558432 1
6559692 1
6560287 1
6561492 1
6561617 1
6565269 1
6566231 1
6567205 1
6567548 1
6571949 1
6583480 1
6585751 1
6586950 1
6588486 1
6593252 1
6593642 1
6594751 1
6598573 1
6600378 1
6602199 1
6604382 1
6606063 1
6608842 1
6609974 1
6610722 1
6611020 1
6613348 1
6615295 1
6618141 1
6629071 1
6632277 1
6632403 1
6634628 1
6637088 1
6640341 1
6641129 1
6642626 1
6644781 1
6644781 1
6644895 1
6644911 1
6646725 1
6651488 1
6657429 1
6659213 1
6659446 1
6660409 1
6663694 1
6664714 1
6666053 1
6667800 1
6669645 1
6671401 1
6671645 1
6673673 1
6674777 1
6681389 1
6687523 1
6687826 1
6692501 1
6693205 1
6693950 1
6699515 1
6699984 1
6701511 1
6703259 1
6704172 1
6706420 1
6707238 1
6709047 1
6709827 1
6712958 1
6714852 1
6721552 1
6722533 1
6723897 1
6726471 1
6726813 1
6735071 1
6737670 1
6746752 1
6748111 1
6749978 1
6753238 1
6754148 1
6754624 1
6757561 1
6765880 1
6767087 1
6767878 1
6770754 1
6773360 1
6780066 1
6781673 1
6792842 1
6796765 1
6796870 1
6797379 1
6797882 1
6800438 1
6807744 1
6808692 1
6811916 1
6812691 1
6813183 1
6821359 1
6821379 1
6823000 1
6833035 1
6834712 1
6835057 1
6838129 1
6841098 1
6843124 1
6844991 1
6845973 1
6848386 1
6855178 1
6855605 1
6861479 1
6861561 1
6868013 1
6868350 1
6868430 1
6869077 1
6869862 1
6870460 1
6871532 1
6872735 1
6874649 1
6875506 1
6875756 1
6876757 1
6879611 1
6881166 1
6882086 1
6883323 1
6883525 1
6883809 1
6883966 1
6885604 1
6890988 1
6892362 1
6892939 1
6895224 1
6895291 1
6895937 1
6896518 1
6898844 1
6904936 1
6909322 1
6912615 1
6912748 1
6925648 1
6927442 1
6930182 1
6930472 1
6930982 1
6935348 1
6936723 1
6945845 1
6946138 1
6955305 1
6959978 1
6964968 1
6966442 1
6966442 1
6974183 1
6978382 1
6981289 1
6983005 1
6984004 1
6985631 1
6986879 1
6987309 1
6991220 1
6993828 1
7000650 1
7003229 1
7003793 1
7010930 1
7010930 1
7011901 1
7017322 1
7018916 1
7021454 1
7026921 1
7027737 1
7027987 1
7030255 1
7035395 1
7036328 1
7037594 1
7041281 1
7042573 1
7056327 1
7058889 1
7062155 1
7063859 1
7070831 1
7070840 1
7071175 1
7071175 1
7071759 1
7071904 1
7072043 1
7072992 1
7073223 1
7073432 1
7074186 1
7078740 1
7082636 1
7084800 1
7085735 1
7086578 1
7086798 1
7103472 1
7105286 1
7115964 1
7116477 1
7116477 1
7116477 1
7116477 1
7123954 1
7127302 1
7128194 1
7129302 1
7131916 1
7134358 1
7134358 1
7137182 1
7137385 1
7139995 1
7142821 1
7145221 1
7148428 1
7148756 1
7149645 1
7149847 1
7154774 1
7156309 1
7157568 1
7158257 1
7161690 1
7168098 1
7168979 1
7169925 1
7172160 1
7173290 1
7176227 1
7176789 1
7182468 1
7183894 1
7184525 1
7185605 1
7188716 1
7193139 1
7194836 1
7196553 1
7198864 1
7200522 1
7204831 1
7224012 1
7225280 1
7227881 1
7228533 1
7228687 1
7233575 1
7233967 1
7235281 1
7235831 1
7239272 1
7243903 1
7247385 1
7248303 1
7248525 1
7249441 1
7251185 1
7252346 1
7258933 1
7261153 1
7267372 1
7271018 1
7274582 1
7274582 1
7275424 1
7275838 1
7277222 1
7281260 1
7286515 1
7290987 1
7293135 1
7301561 1
7302843 1
7304477 1
7307556 1
7310044 1
7312119 1
7312645 1
7317342 1
7319073 1
7320985 1
7321739 1
7321816 1
7321895 1
7322698 1
7325565 1
7326631 1
7328233 1
7329526 1
7330736 1
7333363 1
7335758 1
7335839 1
7336579 1
7338298 1
7341046 1
7341428 1
7341706 1
7342042 1
7342808 1
7343313 1
7346401 1
7348165 1
7348669 1
7349312 1
7350691 1
7351255 1
7351299 1
7351935 1
7352330 1
7354050 1
7356284 1
7356371 1
7360993 1
7364894 1
7365811 1
7371941 1
7372287 1
7372524 1
7373248 1
7374783 1
7374808 1
7375419 1
7375916 1
7377851 1
7380703 1
7401721 1
7403301 1
7403507 1
7404657 1
7407835 1
7411162 1
7413967 1
7414024 1
7414031 1
7414668 1
7419825 1
7425553 1
7428653 1
7433198 1
7439401 1
7444710 1
7449750 1
7462715 1
7464576 1
7466268 1
7471986 1
7474302 1
7476180 1
7476711 1
7483175 1
7485512 1
7486180 1
7491746 1
7492077 1
7492123 1
7492534 1
7494652 1
7497295 1
7499753 1
7504257 1
7505117 1
7505611 1
7509286 1
7510815 1
7513987 1
7514172 1
7517419 1
7518130 1
7518549 1
7518810 1
7521163 1
7526512 1
7526830 1
7530982 1
7530996 1
7538472 1
7539056 1
7539131 1
7540220 1
7540568 1
7542989 1
7546910 1
7555523 1
7561402 1
7562241 1
7562959 1
7565537 1
7567759 1
7572496 1
7574747 1
7588131 1
7589675 1
7592978 1
7593208 1
7595821 1
7596456 1
7597476 1
7598803 1
7599304 1
7599794 1
7600172 1
7600300 1
7602271 1
7605980 1
7607772 1
7608367 1
7613200 1
7616029 1
7617655 1
7619605 1
7620907 1
7621000 1
7627975 1
7629239 1
7629409 1
7631443 1
7632155 1
7632346 1
7635773 1
7643980 1
7647000 1
7651518 1
7652070 1
7652485 1
7654426 1
7665264 1
7665454 1
7667021 1
7668664 1
7674959 1
7676502 1
7681875 1
7682353 1
7694003 1
7694077 1
7703296 1
7704462 1
7706896 1
7710626 1
7713001 1
7713186 1
7713957 1
7720703 1
7728178 1
7733218 1
7733325 1
7733532 1
7734055 1
7735506 1
7741087 1
7742605 1
7743124 1
7745438 1
7745898 1
7748636 1
7750051 1
7751313 1
7751642 1
7759032 1
7759715 1
7760753 1
7760875 1
7761195 1
7765751 1
7767905 1
7767993 1
7769409 1
7776325 1
7778950 1
7785582 1
7789614 1
7791130 1
7791361 1
7793625 1
7794203 1
7797497 1
7804528 1
7809576 1
7811212 1
7820028 1
7824103 1
7826029 1
7827062 1
7829289 1
7833324 1
7833698 1
7836540 1
7836540 1
7838396 1
7842013 1
7845355 1
7847487 1
7848198 1
7849552 1
7851130 1
7854586 1
7855278 1
7856875 1
7868032 1
7870289 1
7871184 1
7872524 1
7872766 1
7883074 1
7892123 1
7899031 1
7901799 1
7903613 1
7906810 1
7908734 1
7916869 1
7917314 1
7918556 1
7922643 1
7923529 1
7924297 1
7928159 1
7934372 1
7936060 1
7936148 1
7938163 1
7938690 1
7940444 1
7940740 1
7942614 1
7942614 1
7947263 1
7951346 1
7951623 1
7954298 1
7958324 1
7960775 1
7963287 1
7966905 1
7969515 1
7969539 1
7970101 1
7976691 1
7979697 1
7981748 1
7983377 1
7983580 1
7985824 1
7987783 1
7988636 1
7988796 1
7994911 1
7995496 1
8001598 1
8007407 1
8008242 1
8009138 1
8010094 1
8013775 1
8015466 1
8018069 1
8019092 1
8020636 1
8020950 1
8029305 1
8029755 1
8034301 1
8035190 1
8036114 1
8036421 1
8042667 1
8043006 1
8043114 1
8044098 1
8049189 1
8049447 1
8050816 1
8051804 1
8052003 1
8057949 1
8058215 1
8065643 1
8066721 1
8067350 1
8067645 1
8071822 1
8072564 1
8076947 1
8077964 1
8079672 1
8081857 1
8082830 1
8084466 1
8089013 1
8106185 1
8106838 1
8110587 1
8112244 1
8116423 1
8116852 1
8125414 1
8132410 1
8141614 1
8142782 1
8143801 1
8152157 1
8152948 1
8154504 1
8156692 1
8159032 1
8162857 1
8163423 1
8165796 1
8165916 1
8167420 1
8172824 1
8180378 1
8182786 1
8188424 1
8193303 1
8196093 1
8199952 1
8208520 1
8208668 1
8209155 1
8217457 1
8222555 1
8226024 1
8226472 1
8226951 1
8228058 1
8233170 1
8239754 1
8246836 1
8249089 1
8257016 1
8257189 1
8257195 1
8258844 1
8261660 1
8265266 1
8265642 1
8267733 1
8267736 1
8270613 1
8273810 1
8274344 1
8275523 1
8275711 1
8276776 1
8276951 1
8280208 1
8286032 1
8288536 1
8289311 1
8297206 1
8297488 1
8298083 1
8298413 1
8300817 1
8300825 1
8300831 1
8301330 1
8302039 1
8303244 1
8303271 1
8306544 1
8310887 1
8311963 1
6832 1
10147 1
22014 1
24093 1
27636 1
27636 1
39711 1
41793 1
46126 1
47060 1
63211 1
70967 1
73269 1
78106 1
80292 1
81871 1
85412 1
92588 1
94160 1
113085 1
117538 1
118183 1
119631 1
123978 1
124271 1
124798 1
125295 1
127226 1
128442 1
137615 1
142642 1
147275 1
149100 1
149712 1
150259 1
152985 1
155082 1
157742 1
157742 1
163666 1
176419 1
182612 1
190112 1
194334 1
195943 1
196857 1
198161 1
202572 1
212024 1
218558 1
218678 1
219840 1
221833 1
229453 1
237190 1
246325 1
248152 1
249935 1
251749 1
256501 1
260752 1
263789 1
264439 1
267421 1
268680 1
271417 1
272598 1
274586 1
278420 1
279514 1
280687 1
281369 1
281846 1
282362 1
282900 1
283289 1
283380 1
283691 1
286074 1
287821 1
290781 1
290894 1
302682 1
302755 1
304056 1
306874 1
308532 1
309805 1
310548 1
312718 1
313573 1
315759 1
317715 1
320420 1
323463 1
326386 1
328023 1
340490 1
348290 1
351571 1
356168 1
360230 1
362928 1
363286 1
363422 1
372470 1
373188 1
376199 1
376630 1
381520 1
382822 1
383874 1
384470 1
387096 1
415976 1
419889 1
421871 1
425578 1
425787 1
430241 1
435201 1
439368 1
442536 1
448093 1
464557 1
465085 1
466768 1
467028 1
467609 1
472972 1
473166 1
481808 1
487177 1
491157 1
497880 1
500229 1
502608 1
507097 1
509081 1
509682 1
511418 1
514932 1
518123 1
522028 1
524345 1
526045 1
526045 1
526319 1
535554 1
547199 1
547682 1
554536 1
557609 1
558462 1
560203 1
566698 1
574909 1
576053 1
577958 1
582376 1
582377 1
583547 1
585113 1
586472 1
587067 1
587501 1
589501 1
589517 1
590429 1
598893 1
600592 1
620603 1
640871 1
648333 1
648583 1
652741 1
656248 1
658708 1
659115 1
660027 1
660037 1
661366 1
662187 1
663512 1
666360 1
667889 1
670454 1
671600 1
671601 1
672204 1
672226 1
674881 1
683603 1
689583 1
692997 1
694735 1
699149 1
699429 1
699543 1
700418 1
701462 1
702031 1
716973 1
719672 1
720397 1
720499 1
722872 1
723212 1
727317 1
728098 1
728674 1
733600 1
734121 1
736271 1
738695 1
748360 1
752359 1
756903 1
758643 1
759652 1
760892 1
764013 1
768081 1
770949 1
773026 1
781132 1
782862 1
784811 1
792637 1
800015 1
801282 1
810140 1
812165 1
812190 1
813208 1
815576 1
816341 1
829163 1
837005 1
841017 1
842361 1
843899 1
843914 1
844904 1
851184 1
857183 1
861072 1
866331 1
867914 1
871675 1
879858 1
881313 1
882739 1
884582 1
885633 1
887884 1
892241 1
894324 1
894841 1
895646 1
896111 1
897135 1
897808 1
901095 1
907000 1
912171 1
915637 1
917810 1
920904 1
922127 1
923578 1
924708 1
925922 1
929265 1
929794 1
934793 1
936285 1
938613 1
947015 1
951838 1
952723 1
962857 1
966111 1
966204 1
966549 1
974708 1
978380 1
986246 1
987059 1
987698 1
987932 1
998339 1
998669 1
998999 1
1003441 1
1003754 1
1005186 1
1007780 1
1007916 1
1007922 1
1008076 1
1019482 1
1028717 1
1030518 1
1030837 1
1032611 1
1032773 1
1038569 1
1039968 1
1044653 1
1049371 1
1051963 1
1053393 1
1054511 1
1054998 1
1060256 1
1061539 1
1062386 1
1068270 1
1071123 1
1072054 1
1076626 1
1076952 1
1077637 1
1081516 1
1083432 1
1084691 1
1086404 1
1088916 1
1089924 1
1089964 1
1093178 1
1096640 1
1097578 1
1098822 1
1099626 1
1099697 1
1102721 1
1106912 1
1107413 1
1120776 1
1121812 1
1121922 1
1123665 1
1131627 1
1135955 1
1135956 1
1138326 1
1150378 1
1157946 1
1160894 1
1163008 1
1163799 1
1164770 1
1173325 1
1176886 1
1179901 1
1185946 1
1188190 1
1192615 1
1199370 1
1211263 1
1212094 1
1226615 1
1228082 1
1230867 1
1233222 1
1233760 1
1246157 1
1246920 1
1263597 1
1267226 1
1268208 1
1273385 1
1275043 1
1284636 1
1285755 1
1287249 1
1292822 1
1295768 1
1297512 1
1301370 1
1303603 1
1307924 1
1310140 1
1314917 1
1316802 1
1318252 1
1329983 1
1330557 1
1330657 1
1331067 1
1338686 1
1340465 1
1342579 1
1349754 1
1352076 1
1353889 1
1354136 1
1361475 1
1368147 1
1369490 1
1369898 1
1376065 1
1380707 1
1381704 1
1382366 1
1386620 1
1386704 1
1387972 1
1395201 1
1399190 1
1399892 1
1404015 1
1404839 1
1406393 1
1406908 1
1414437 1
1416480 1
1418058 1
1422106 1
1422883 1
1426567 1
1428143 1
1430638 1
1432884 1
1433112 1
1466888 1
1468488 1
1469595 1
1469835 1
1471838 1
1480393 1
1490250 1
1492290 1
1497481 1
1499906 1
1502499 1
1504123 1
1512389 1
1512996 1
1514023 1
1515767 1
1517809 1
1521472 1
1526939 1
1531940 1
1534638 1
1539186 1
1544162 1
1544340 1
1544582 1
1547009 1
1554780 1
1556900 1
1558349 1
1558737 1
1561199 1
1561697 1
1561781 1
1562781 1
1563057 1
1563266 1
1571740 1
1576799 1
1579874 1
1582341 1
1589685 1
1590113 1
1591244 1
1593081 1
1596095 1
1599601 1
1599607 1
1599737 1
1599973 1
1603661 1
1604024 1
1604215 1
1604875 1
1605952 1
1607382 1
1607440 1
1607446 1
1608919 1
1609616 1
1609636 1
1609724 1
1613766 1
1615767 1
1616229 1
1621387 1
1622665 1
1625374 1
1625754 1
1637826 1
1641092 1
1648889 1
1650280 1
1651360 1
1651784 1
1651991 1
1661139 1
1661852 1
1666449 1
1670530 1
1672583 1
1673650 1
1674332 1
1674828 1
1677199 1
1685366 1
1685774 1
1687152 1
1687552 1
1688407 1
1691433 1
1693098 1
1697815 1
1703443 1
1704149 1
1705875 1
1711370 1
1711828 1
1714596 1
1720003 1
1721513 1
1740124 1
1740406 1
1741057 1
1741309 1
1741315 1
1744705 1
1745911 1
1746233 1
1746675 1
1747231 1
1750615 1
1755576 1
1758219 1
1759792 1
1764247 1
1767259 1
1769985 1
1776142 1
1777783 1
1779376 1
1781966 1
1786634 1
1788103 1
1791987 1
1797993 1
1804639 1
1808611 1
1814905 1
1815139 1
1818878 1
1819823 1
1821984 1
1823619 1
1824550 1
1824978 1
1825678 1
1827332 1
1828923 1
1829329 1
1829707 1
1830023 1
1831346 1
1832180 1
1832539 1
1833281 1
1834812 1
1835220 1
1837140 1
1838806 1
1839070 1
1839070 1
1845110 1
1845638 1
1853073 1
1855960 1
1860083 1
1860179 1
1863518 1
1865423 1
1865752 1
1868720 1
1868845 1
1869893 1
1870614 1
1870614 1
1871575 1
1873474 1
1874825 1
1880388 1
1881412 1
1881600 1
1883018 1
1884060 1
1884651 1
1885689 1
1890433 1
1891071 1
1896120 1
1897420 1
1899581 1
1901028 1
1904055 1
1905953 1
1906173 1
1906204 1
1911931 1
1913499 1
1914508 1
1918292 1
1918293 1
1918441 1
1918903 1
1921330 1
1926600 1
1927064 1
1930029 1
1931536 1
1932265 1
1932699 1
1933130 1
1939166 1
1942296 1
1948343 1
1950373 1
1952510 1
1954888 1
1975460 1
1977750 1
1978960 1
1979025 1
1979575 1
1982640 1
1986098 1
1986217 1
2001714 1
2004689 1
2010152 1
2010154 1
2015351 1
2018480 1
2020064 1
2020942 1
2021048 1
2021324 1
2021620 1
2025362 1
2026636 1
2030077 1
2032449 1
2032535 1
2036189 1
2046587 1
2053301 1
2055172 1
2056774 1
2057317 1
2058470 1
2061525 1
2063501 1
2063674 1
2065511 1
2071004 1
2072554 1
2074773 1
2076424 1
2086659 1
2089810 1
2091462 1
2092544 1
2094504 1
2094974 1
2095730 1
2096392 1
2098673 1
2099373 1
2099708 1
2101410 1
2105073 1
2106411 1
2106672 1
2109970 1
2110354 1
2111186 1
2113654 1
2114746 1
2115405 1
2122167 1
2123757 1
2127560 1
2127664 1
2128428 1
2130342 1
2133195 1
2133396 1
2136953 1
2138697 1
2140711 1
2147689 1
2153821 1
2153821 1
2156334 1
2158665 1
2163945 1
2175794 1
2177837 1
2185137 1
2187279 1
2191238 1
2192302 1
2196878 1
2202314 1
2202669 1
2204686 1
2213266 1
2216148 1
2222093 1
2222905 1
2230400 1
2232591 1
2233949 1
2235790 1
2238101 1
2239570 1
2240721 1
2240724 1
2249106 1
2251017 1
2255827 1
2264166 1
2264842 1
2271929 1
2273152 1
2279037 1
2291189 1
2292730 1
2293363 1
2294381 1
2294988 1
2295237 1
2295910 1
2296151 1
2297907 1
2299017 1
2300635 1
2300635 1
2300862 1
2301445 1
2303670 1
2304465 1
2306846 1
2307878 1
2311328 1
2313134 1
2323386 1
2325225 1
2328946 1
2329600 1
2330765 1
2331453 1
2332713 1
2333565 1
2340377 1
2343521 1
2344458 1
2348908 1
2348908 1
2349358 1
2350354 1
2353884 1
2358864 1
2360283 1
2361585 1
2361597 1
2366422 1
2368483 1
2371876 1
2382520 1
2382890 1
2384612 1
2385308 1
2386547 1
2387179 1
2393501 1
2395279 1
2395410 1
2398287 1
2399189 1
2401696 1
2402999 1
2403092 1
2406178 1
2406508 1
2416407 1
2422606 1
2423325 1
2433029 1
2437094 1
2439090 1
2439991 1
2440384 1
2441518 1
2444536 1
2452994 1
2453173 1
2454552 1
2458140 1
2461822 1
2464421 1
2465856 1
2472486 1
2476623 1
2477544 1
2488000 1
2489725 1
2490965 1
2491327 1
2493374 1
2494634 1
2494647 1
2495119 1
2497677 1
2499040 1
2499219 1
2501132 1
2506256 1
2509327 1
2509363 1
2511195 1
2514671 1
2515606 1
2516243 1
2516394 1
2519659 1
2523346 1
2526546 1
2526740 1
2528187 1
2530660 1
2531398 1
2532273 1
2533220 1
2534980 1
2535366 1
2538753 1
2542139 1
2542733 1
2545326 1
2545464 1
2548044 1
2549125 1
2553873 1
2556849 1
2558977 1
2559826 1
2560153 1
2560613 1
2561329 1
2562142 1
2562155 1
2566275 1
2569596 1
2569728 1
2577269 1
2577812 1
2579401 1
2579906 1
2583738 1
2584652 1
2584965 1
2589721 1
2591656 1
2591897 1
2592405 1
2592798 1
2594168 1
2594652 1
2595203 1
2606791 1
2607618 1
2611186 1
2611293 1
2611600 1
2622038 1
2622263 1
2626026 1
2637229 1
2649131 1
2650116 1
2650379 1
2651072 1
2652495 1
2654388 1
2654598 1
2654721 1
2657687 1
2661645 1
2664345 1
2666222 1
2668925 1
2670518 1
2672904 1
2674520 1
2676593 1
2677704 1
2677813 1
2678630 1
2682774 1
2682808 1
2698793 1
2699058 1
2703408 1
2706746 1
2708010 1
2708230 1
2708717 1
2711024 1
2716483 1
2716565 1
2719548 1
2726862 1
2727061 1
2727943 1
2730651 1
2731151 1
2731742 1
2731771 1
2740764 1
2741094 1
2754364 1
2762999 1
2764829 1
2766048 1
2767616 1
2771903 1
2782052 1
2789764 1
2789964 1
2791711 1
2795957 1
2796360 1
2798705 1
2800178 1
2801105 1
2803862 1
2806521 1
2806818 1
2807560 1
2807991 1
2813220 1
2813694 1
2817254 1
2819109 1
2820870 1
2822338 1
2822553 1
2825527 1
2829458 1
2832225 1
2832975 1
2834012 1
2834158 1
2835137 1
2836782 1
2836782 1
2836782 1
2840397 1
2844943 1
2845268 1
2845801 1
2848355 1
2850173 1
2850416 1
2852304 1
2852804 1
2854848 1
2855728 1
2856452 1
2862117 1
2866058 1
2867945 1
2870183 1
2870188 1
2876915 1
2887982 1
2889785 1
2893903 1
2894519 1
2897087 1
2903422 1
2905408 1
2906755 1
2913344 1
2913416 1
2916067 1
2916725 1
2917527 1
2926014 1
2926931 1
2929470 1
2936081 1
2936283 1
2940491 1
2942885 1
2949289 1
2949740 1
2950441 1
2950856 1
2953020 1
2957213 1
2961890 1
2962472 1
2964137 1
2968343 1
2973282 1
2976300 1
2976398 1
2982420 1
2987814 1
2987965 1
2993148 1
2998408 1
3001177 1
3004136 1
3004898 1
3008393 1
3012435 1
3022736 1
3025249 1
3026527 1
3028718 1
3030181 1
3038979 1
3040678 1
3041740 1
3041971 1
3042081 1
3043050 1
3048063 1
3057484 1
3058756 1
3063065 1
3064896 1
3064906 1
3065082 1
3069242 1
3069245 1
3071279 1
3072428 1
3073507 1
3079573 1
3079850 1
3081458 1
3082104 1
3082222 1
3090609 1
3090622 1
3095488 1
3098778 1
3099896 1
3102280 1
3103002 1
3103022 1
3103231 1
3109164 1
3114554 1
3116324 1
3116407 1
3119881 1
3122056 1
3122657 1
3127076 1
3127737 1
3129745 1
3131079 1
3133379 1
3134699 1
3136356 1
3142973 1
3146762 1
3147457 1
3150475 1
3155744 1
3164169 1
3164382 1
3164485 1
3166961 1
3167763 1
3169778 1
3169813 1
3173124 1
3185785 1
3189826 1
3190615 1
3190709 1
3193977 1
3198621 1
3205065 1
3206373 1
3206878 1
3207902 1
3210675 1
3211449 1
3212006 1
3214367 1
3217013 1
3223071 1
3224520 1
3226703 1
3229321 1
3231843 1
3232544 1
3233655 1
3239947 1
3239994 1
3244174 1
3245178 1
3248537 1
3251130 1
3254642 1
3255530 1
3260374 1
3269943 1
3277039 1
3281126 1
3301879 1
3305132 1
3308024 1
3313332 1
3320147 1
3320435 1
3321603 1
3322984 1
3325174 1
3325635 1
3327783 1
3327786 1
3328121 1
3328212 1
3329721 1
3332196 1
3333059 1
3337005 1
3340189 1
3342047 1
3342200 1
3343039 1
3345937 1
3353013 1
3353404 1
3359643 1
3365236 1
3366536 1
3370171 1
3372715 1
3374253 1
3379413 1
3379458 1
3385064 1
3394401 1
3395098 1
3398357 1
3403469 1
3406586 1
3412550 1
3422093 1
3425712 1
3426461 1
3427953 1
3435651 1
3435800 1
3436216 1
3437479 1
3444967 1
3445478 1
3445647 1
3449283 1
3449402 1
3449517 1
3450822 1
3451784 1
3453237 1
3461746 1
3464330 1
3469650 1
3470363 1
3472849 1
3476144 1
3476197 1
3485590 1
3490920 1
3493726 1
3494319 1
3494395 1
3495152 1
3496238 1
3501253 1
3506889 1
3507905 1
3511839 1
3512859 1
3515185 1
3516018 1
3519531 1
3521141 1
3521873 1
3523101 1
3523643 1
3536282 1
3536958 1
3537126 1
3537799 1
3540066 1
3541924 1
3543574 1
3551333 1
3557174 1
3560366 1
3561708 1
3561794 1
3567811 1
3570195 1
3574189 1
3578322 1
3579239 1
3582178 1
3582281 1
3590538 1
3591448 1
3597375 1
3599099 1
3599456 1
3600993 1
3614131 1
3618253 1
3622766 1
3622828 1
3623644 1
3626941 1
3628426 1
3629654 1
3631537 1
3644925 1
3646750 1
3650175 1
3650652 1
3656993 1
3661340 1
3662253 1
3662406 1
3663107 1
3664553 1
3664752 1
3664752 1
3664946 1
3667914 1
3673631 1
3673706 1
3673856 1
3675393 1
3680920 1
3686110 1
3686116 1
3688300 1
3689181 1
3689980 1
3690011 1
3690042 1
3690048 1
3690178 1
3692069 1
3692624 1
3693265 1
3694974 1
3695941 1
3696659 1
3704638 1
3705657 1
3709870 1
3711420 1
3712574 1
3713735 1
3715804 1
3717815 1
3720354 1
3732873 1
3745459 1
3746818 1
3748911 1
3751885 1
3752481 1
3756085 1
3758589 1
3759063 1
3759073 1
3768088 1
3773449 1
3774742 1
3775864 1
3776756 1
3778241 1
3780011 1
3781194 1
3781288 1
3782513 1
3783545 1
3783545 1
3784567 1
3786404 1
3790944 1
3792742 1
3797608 1
3800835 1
3800897 1
3803342 1
3803353 1
3804923 1
3805741 1
3813154 1
3814057 1
3814818 1
3814921 1
3817299 1
3817878 1
3818093 1
3818465 1
3820466 1
3822761 1
3828398 1
3828596 1
3828612 1
3829052 1
3829544 1
3836232 1
3841937 1
3844580 1
3845585 1
3846683 1
3846905 1
3847314 1
3848728 1
3849542 1
3849629 1
3851630 1
3852733 1
3852739 1
3853731 1
3858178 1
3862275 1
3863763 1
3865578 1
3867732 1
3869000 1
3870553 1
3872454 1
3873891 1
3875031 1
3875884 1
3876029 1
3878091 1
3884122 1
3885344 1
3892381 1
3894713 1
3898728 1
3901596 1
3909001 1
3913175 1
3915520 1
3926939 1
3926947 1
3927210 1
3931323 1
3932717 1
3933802 1
3934973 1
3936082 1
3942553 1
3944638 1
3947117 1
3954462 1
3954642 1
3967639 1
3972510 1
3972692 1
3973008 1
3973163 1
3973857 1
3975829 1
3983095 1
3987015 1
3987480 1
3988090 1
3988385 1
3988804 1
3989247 1
3989552 1
3991064 1
3991803 1
3995475 1
3995943 1
4005347 1
4007140 1
4007671 1
4009218 1
4011608 1
4014059 1
4015607 1
4020219 1
4020347 1
4025549 1
4029203 1
4029489 1
4030561 1
4031029 1
4033131 1
4033161 1
4041706 1
4048455 1
4048606 1
4049668 1
4055368 1
4055913 1
4058594 1
4060349 1
4062158 1
4069312 1
4070411 1
4073130 1
4075000 1
4075540 1
4075709 1
4080937 1
4087468 1
4087955 1
4097521 1
4101965 1
4104727 1
4105692 1
4106262 1
4106833 1
4107617 1
4107755 1
4109754 1
4116940 1
4117261 1
4126931 1
4129938 1
4133804 1
4134071 1
4143100 1
4149519 1
4154343 1
4156041 1
4156469 1
4157732 1
4160279 1
4165768 1
4169233 1
4170763 1
4175187 1
4175187 1
4178889 1
4180809 1
4185717 1
4188786 1
4194657 1
4202121 1
4207572 1
4213335 1
4214207 1
4214555 1
4221423 1
4229844 1
4230394 1
4233362 1
4234048 1
4234555 1
4237551 1
4238667 1
4239183 1
4249465 1
4250205 1
4251748 1
4252978 1
4254897 1
4255001 1
4257302 1
4259627 1
4259788 1
4262958 1
4269263 1
4272876 1
4279597 1
4286973 1
4290302 1
4296425 1
4300949 1
4304332 1
4306805 1
4316122 1
4316313 1
4317017 1
4317708 1
4325056 1
4327880 1
4328406 1
4329451 1
4330188 1
4330767 1
4332026 1
4335469 1
4336248 1
4336248 1
4338993 1
4341523 1
4348894 1
4349750 1
4354163 1
4364201 1
4366610 1
4366796 1
4367352 1
4369078 1
4370444 1
4376037 1
4393863 1
4400049 1
4402854 1
4406311 1
4410609 1
4411381 1
4413826 1
4415008 1
4415132 1
4417214 1
4417230 1
4421980 1
4427204 1
4432099 1
4441672 1
4442391 1
4444029 1
4444452 1
4447536 1
4451999 1
4454087 1
4463561 1
4466562 1
4470927 1
4472449 1
4477535 1
4484835 1
4485513 1
4492211 1
4492384 1
4492634 1
4511775 1
4512436 1
4512542 1
4512814 1
4513584 1
4515517 1
4520455 1
4521324 1
4522594 1
4524473 1
4525083 1
4525977 1
4528391 1
4535201 1
4537052 1
4537172 1
4541756 1
4543995 1
4545251 1
4545571 1
4551613 1
4552644 1
4557460 1
4558208 1
4558742 1
4558753 1
4562537 1
4570800 1
4574560 1
4575793 1
4579561 1
4579640 1
4581465 1
4602699 1
4603806 1
4603985 1
4604448 1
4607067 1
4612243 1
4614744 1
4615145 1
4616147 1
4618492 1
4619115 1
4619785 1
4620062 1
4620461 1
4621168 1
4630374 1
4630607 1
4636073 1
4639243 1
4639832 1
4641628 1
4645311 1
4651677 1
4653134 1
4655668 1
4655916 1
4662878 1
4664614 1
4664792 1
4673858 1
4676129 1
4681104 1
4690995 1
4694636 1
4704104 1
4705226 1
4707600 1
4713766 1
4714032 1
4718513 1
4721289 1
4725022 1
4730650 1
4737216 1
4738396 1
4739224 1
4739861 1
4749091 1
4749325 1
4750269 1
4750896 1
4751012 1
4751542 1
4752728 1
4752728 1
4755778 1
4758484 1
4762209 1
4765613 1
4767693 1
4772072 1
4777202 1
4777378 1
4778846 1
4793966 1
4796176 1
4800396 1
4802530 1
4804785 1
4808077 1
4810193 1
4810242 1
4813110 1
4814103 1
4814891 1
4818817 1
4821096 1
4821703 1
4823940 1
4823946 1
4824584 1
4824970 1
4825514 1
4825957 1
4830365 1
4830782 1
4831777 1
4835362 1
4835531 1
4837093 1
4837757 1
4838259 1
4840538 1
4855046 1
4857316 1
4858046 1
4861887 1
4863050 1
4876227 1
4878060 1
4894905 1
4894917 1
4896197 1
4896381 1
4897102 1
4898592 1
4899808 1
4899932 1
4903267 1
4904133 1
4905145 1
4910482 1
4913762 1
4917853 1
4920519 1
4922617 1
4923192 1
4926522 1
4927000 1
4928368 1
4929424 1
4931110 1
4939975 1
4940633 1
4941356 1
4941411 1
4942023 1
4943909 1
4944413 1
4951154 1
4951206 1
4952200 1
4956092 1
4956854 1
4958445 1
4958700 1
4960236 1
4963559 1
4969894 1
4971750 1
4972927 1
4980420 1
4988732 1
4992381 1
4995997 1
5000173 1
5000303 1
5000315 1
5000953 1
5002369 1
5005735 1
5006473 1
5007299 1
5011853 1
5014191 1
5029615 1
5035679 1
5041049 1
5045132 1
5046210 1
5046236 1
5047081 1
5047630 1
5047794 1
5048355 1
5057351 1
5057858 1
5059767 1
5064068 1
5065596 1
5067026 1
5069900 1
5069962 1
5073634 1
5074897 1
5075857 1
5076017 1
5076349 1
5077156 1
5079060 1
5085744 1
5087246 1
5090812 1
5091378 1
5104559 1
5111110 1
5111293 1
5116438 1
5117814 1
5119076 1
5122233 1
5122407 1
5125359 1
5132420 1
5133182 1
5139547 1
5140533 1
5143798 1
5144988 1
5146084 1
5150212 1
5152260 1
5152609 1
5152831 1
5152950 1
5155999 1
5156419 1
5158404 1
5169346 1
5175437 1
5177116 1
5179662 1
5187802 1
5195391 1
5195422 1
5197091 1
5197674 1
5198189 1
5199506 1
5203689 1
5204181 1
5205543 1
5205767 1
5208028 1
5212157 1
5213569 1
5214672 1
5216396 1
5220155 1
5225279 1
5228234 1
5228365 1
5228498 1
5233687 1
5233770 1
5235442 1
5235650 1
5235667 1
5245112 1
5248698 1
5250673 1
5251167 1
5256900 1
5257576 1
5262315 1
5268364 1
5270162 1
5271459 1
5280770 1
5280852 1
5280867 1
5285189 1
5286354 1
5287345 1
5287556 1
5288724 1
5289207 1
5295484 1
5300578 1
5311549 1
5312376 1
5316241 1
5316873 1
5317698 1
5318940 1
5344964 1
5349587 1
5350222 1
5350729 1
5359251 1
5372477 1
5375979 1
5382920 1
5385297 1
5393095 1
5398347 1
5414257 1
5415957 1
5417544 1
5420447 1
5431098 1
5432889 1
5434312 1
5435205 1
5437925 1
5438171 1
5446152 1
5446530 1
5448084 1
5449117 1
5453682 1
5463451 1
5463670 1
5468801 1
5468801 1
5472277 1
5472600 1
5475328 1
5477759 1
5478142 1
5481303 1
5483336 1
5500373 1
5505779 1
5523829 1
5524472 1
5527196 1
5527504 1
5535274 1
5536747 1
5538040 1
5543358 1
5545888 1
5545894 1
5547507 1
5549137 1
5550677 1
5551172 1
5552150 1
5555278 1
5556113 1
5556202 1
5559501 1
5569168 1
5577597 1
5580329 1
5590639 1
5591310 1
5591916 1
5593817 1
5603133 1
5604990 1
5607158 1
5609476 1
5609852 1
5610713 1
5615703 1
5620890 1
5621888 1
5626577 1
5635120 1
5635605 1
5637231 1
5639482 1
5645742 1
5647975 1
5649325 1
5650180 1
5650940 1
5657621 1
5657854 1
5664203 1
5665646 1
5666169 1
5666170 1
5667520 1
5669044 1
5670366 1
5679975 1
5684425 1
5684493 1
5685232 1
5689264 1
5689547 1
5695394 1
5697411 1
5702926 1
5708342 1
5714348 1
5715948 1
5720131 1
5722763 1
5726367 1
5730063 1
5730154 1
5731574 1
5738046 1
5740682 1
5740837 1
5743074 1
5743610 1
5744558 1
5745912 1
5778170 1
5783246 1
5788264 1
5788779 1
5790480 1
5796697 1
5801656 1
5809152 1
5810268 1
5816274 1
5817639 1
5833977 1
5837060 1
5842711 1
5846826 1
5847605 1
5852354 1
5853262 1
5853691 1
5854838 1
5855466 1
5855832 1
5858031 1
5858541 1
5859855 1
5861607 1
5861614 1
5862112 1
5870785 1
5874349 1
5876277 1
5876859 1
5880908 1
5880908 1
5881112 1
5881801 1
5882911 1
5890301 1
5890639 1
5893802 1
5896344 1
5899207 1
5902910 1
5903767 1
5917166 1
5917425 1
5918734 1
5921726 1
5922946 1
5923563 1
5925392 1
5926901 1
5930595 1
5932899 1
5940855 1
5943509 1
5945447 1
5947226 1
5949948 1
5953621 1
5953823 1
5955469 1
5955469 1
5957137 1
5959069 1
5965026 1
5966710 1
5968908 1
5971242 1
5972949 1
5975085 1
5976362 1
5978095 1
5978125 1
5980399 1
5982959 1
5984738 1
5984955 1
5985823 1
5986118 1
5987383 1
5987430 1
5988240 1
5989683 1
5991666 1
5991772 1
5991914 1
5993923 1
5995272 1
5995473 1
6006818 1
6007703 1
6013329 1
6013979 1
6014173 1
6014274 1
6014599 1
6014762 1
6017801 1
6019086 1
6019272 1
6037226 1
6039458 1
6042474 1
6053983 1
6054149 1
6057525 1
6069758 1
6073395 1
6085311 1
6087508 1
6088550 1
6090759 1
6093196 1
6098685 1
6098985 1
6099719 1
6106132 1
6106552 1
6108052 1
6110191 1
6116900 1
6117419 1
6117707 1
6119507 1
6120691 1
6125358 1
6128542 1
6134681 1
6136742 1
6138058 1
6139659 1
6139659 1
6141907 1
6142858 1
6144920 1
6151165 1
6152525 1
6152915 1
6157764 1
6166616 1
6168171 1
6171422 1
6175571 1
6178012 1
6178498 1
6188098 1
6193878 1
6195476 1
6201438 1
6201706 1
6203295 1
6203601 1
6224950 1
6228031 1
6231122 1
6232710 1
6245765 1
6254724 1
6255909 1
6255917 1
6258832 1
6259875 1
6260231 1
6260286 1
6260368 1
6260694 1
6261133 1
6261882 1
6261976 1
6262171 1
6263515 1
6267249 1
6267676 1
6268006 1
6268831 1
6274691 1
6277620 1
6277954 1
6279540 1
6287455 1
6288628 1
6289786 1
6289973 1
6291307 1
6292059 1
6293618 1
6293908 1
6294045 1
6294328 1
6294850 1
6295000 1
6295581 1
6299630 1
6300869 1
6309808 1
6310992 1
6311454 1
6313497 1
6313497 1
6313497 1
6313497 1
6314821 1
6317378 1
6322148 1
6323749 1
6324398 1
6333057 1
6337923 1
6344431 1
6344964 1
6345483 1
6355956 1
6363012 1
6363422 1
6366306 1
6368777 1
6369016 1
6370636 1
6377691 1
6378605 1
6379240 1
6380155 1
6385469 1
6387358 1
6395052 1
6395951 1
6399362 1
6399928 1
6401448 1
6405196 1
6406362 1
6406805 1
6407815 1
6410275 1
6412232 1
6412709 1
6416541 1
6417237 1
6418028 1
6422414 1
6423547 1
6424837 1
6426781 1
6427326 1
6428824 1
6431734 1
6432282 1
6434152 1
6434877 1
6435698 1
6439627 1
6442749 1
6449353 1
6450291 1
6451498 1
6452511 1
6455238 1
6455914 1
6457338 1
6457757 1
6466326 1
6467255 1
6470006 1
6472499 1
6478923 1
6481035 1
6497340 1
6497343 1
6499800 1
6501613 1
6503655 1
6503769 1
6504331 1
6504973 1
6505428 1
6505428 1
6505624 1
6506662 1
6506983 1
6507451 1
6511806 1
6512509 1
6514744 1
6516635 1
6517194 1
6519576 1
6520157 1
6523506 1
6525541 1
6528575 1
6529085 1
6546664 1
6555429 1
6559608 1
6559852 1
6561046 1
6561082 1
6561248 1
6561709 1
6562952 1
6566274 1
6566761 1
6580990 1
6586411 1
6586531 1
6586760 1
6588343 1
6588464 1
6589662 1
6589727 1
6591628 1
6598172 1
6598719 1
6601805 1
6605880 1
6607037 1
6612014 1
6612378 1
6614601 1
6615775 1
6619158 1
6620103 1
6625880 1
6626302 1
6626637 1
6628714 1
6628950 1
6629911 1
6630563 1
6631477 1
6632399 1
6633705 1
6633847 1
6636861 1
6639042 1
6640406 1
6641143 1
6643132 1
6645256 1
6646363 1
6650740 1
6652809 1
6653190 1
6653684 1
6654725 1
6656984 1
6662400 1
6663468 1
6666202 1
6668075 1
6673650 1
6677632 1
6679307 1
6679922 1
6681020 1
6684345 1
6684652 1
6689146 1
6694493 1
6696234 1
6697123 1
6697266 1
6700047 1
6700315 1
6702248 1
6705969 1
6710032 1
6711581 1
6712485 1
6712583 1
6716078 1
6718510 1
6723921 1
6724879 1
6726298 1
6730095 1
6738047 1
6738196 1
6740432 1
6743334 1
6751722 1
6752734 1
6756313 1
6756313 1
6756500 1
6757839 1
6762983 1
6763421 1
6766486 1
6772958 1
6775280 1
6775452 1
6776969 1
6777201 1
6777860 1
6779815 1
6779815 1
6781611 1
6789971 1
6795413 1
6795965 1
6796359 1
6797941 1
6801108 1
6802799 1
6803051 1
6805747 1
6805832 1
6806711 1
6812776 1
6822610 1
6823154 1
6828314 1
6831104 1
6831787 1
6834662 1
6835191 1
6835888 1
6838014 1
6840659 1
6841126 1
6845439 1
6846669 1
6851779 1
6852117 1
6853887 1
6853887 1
6863081 1
6866301 1
6867302 1
6867614 1
6868478 1
6874227 1
6879137 1
6882075 1
6883812 1
6884154 1
6885553 1
6885630 1
6892112 1
6892663 1
6893306 1
6896151 1
6896378 1
6898679 1
6900137 1
6901750 1
6902701 1
6904350 1
6906804 1
6906825 1
6908007 1
6911122 1
6913832 1
6915674 1
6916956 1
6918427 1
6920770 1
6924583 1
6927866 1
6928001 1
6929271 1
6934197 1
6934840 1
6940492 1
6941007 1
6943979 1
6948537 1
6949302 1
6949855 1
6954301 1
6954638 1
6965333 1
6965649 1
6966076 1
6966208 1
6966763 1
6967058 1
6972438 1
6972496 1
6978822 1
6979633 1
6979978 1
6981070 1
6981517 1
6981517 1
6983154 1
6983984 1
6993764 1
6995440 1
6996244 1
6996468 1
6997786 1
6997791 1
6999985 1
7003401 1
7003663 1
7007367 1
7007561 1
7008009 1
7008768 1
7008768 1
7009256 1
7015178 1
7015321 1
7017292 1
7017423 1
7019289 1
7019347 1
7024134 1
7034368 1
7035135 1
7035161 1
7035386 1
7037397 1
7040505 1
7049998 1
7051613 1
7062988 1
7065753 1
7065769 1
7065872 1
7068991 1
7070192 1
7072306 1
7077914 1
7082467 1
7085097 1
7100845 1
7102865 1
7106849 1
7109901 1
7111698 1
7117246 1
7119886 1
7120590 1
7128457 1
7134833 1
7141467 1
7145449 1
7152283 1
7153327 1
7158425 1
7158623 1
7160096 1
7162245 1
7167752 1
7168240 1
7168650 1
7169941 1
7170096 1
7171140 1
7173539 1
7174570 1
7175725 1
7175959 1
7182484 1
7184680 1
7199706 1
7200451 1
7205759 1
7217955 1
7217955 1
7222886 1
7223929 1
7227903 1
7233968 1
7235892 1
7236058 1
7237536 1
7238240 1
7241710 1
7246456 1
7248989 1
7250920 1
7251340 1
7251755 1
7254181 1
7255424 1
7255709 1
7256419 1
7257501 1
7259424 1
7259833 1
7265411 1
7268775 1
7271442 1
7271453 1
7272891 1
7273098 1
7275346 1
7276415 1
7277977 1
7279505 1
7279505 1
7282566 1
7282894 1
7284780 1
7284931 1
7288388 1
7288408 1
7296009 1
7300844 1
7300844 1
7302944 1
7302944 1
7304163 1
7304260 1
7304443 1
7311623 1
7315135 1
7321603 1
7322149 1
7325908 1
7325930 1
7327802 1
7328272 1
7328358 1
7328933 1
7329425 1
7333039 1
7333380 1
7340056 1
7340296 1
7340548 1
7341538 1
7341949 1
7342264 1
7342264 1
7342264 1
7342264 1
7344720 1
7346627 1
7350261 1
7352690 1
7356957 1
7358845 1
7370042 1
7372568 1
7373065 1
7373311 1
7373311 1
7374609 1
7379037 1
7380157 1
7384023 1
7393913 1
7396574 1
7398337 1
7400576 1
7409039 1
7411920 1
7412014 1
7415241 1
7416778 1
7419920 1
7420941 1
7425410 1
7428027 1
7432983 1
7436965 1
7439786 1
7443105 1
7443593 1
7446451 1
7451690 1
7451783 1
7451783 1
7452595 1
7452926 1
7455477 1
7456205 1
7458804 1
7463972 1
7464111 1
7473300 1
7473929 1
7474058 1
7477463 1
7486485 1
7489823 1
7491784 1
7492468 1
7494028 1
7494444 1
7495081 1
7498373 1
7499865 1
7499865 1
7505727 1
7509893 1
7510496 1
7512979 1
7513538 1
7514326 1
7516822 1
7518859 1
7521909 1
7525580 1
7525987 1
7527566 1
7530275 1
7533854 1
7536889 1
7539450 1
7540471 1
7540702 1
7541895 1
7542281 1
7545470 1
7548476 1
7551298 1
7556245 1
7556295 1
7558012 1
7558897 1
7561963 1
7563185 1
7564296 1
7564324 1
7569186 1
7569188 1
7569218 1
7569705 1
7573524 1
7583482 1
7586108 1
7587356 1
7587485 1
7588727 1
7589958 1
7595122 1
7595302 1
7597967 1
7601774 1
7602889 1
7607616 1
7607913 1
7616140 1
7616664 1
7618938 1
7626327 1
7627991 1
7636283 1
7638884 1
7642850 1
7643852 1
7645069 1
7647584 1
7647856 1
7657578 1
7659978 1
7661517 1
7661617 1
7669054 1
7669319 1
7670720 1
7675449 1
7679289 1
7680232 1
7681697 1
7682630 1
7686355 1
7688894 1
7690064 1
7690830 1
7696581 1
7697788 1
7697955 1
7701873 1
7705629 1
7706864 1
7708214 1
7715009 1
7717204 1
7717204 1
7717218 1
7717423 1
7727999 1
7728397 1
7728480 1
7728750 1
7730444 1
7733451 1
7734014 1
7734526 1
7742219 1
7746192 1
7751212 1
7751827 1
7751938 1
7754622 1
7755227 1
7762495 1
7764907 1
7770652 1
7782053 1
7782217 1
7785701 1
7793323 1
7803557 1
7803778 1
7805817 1
7806817 1
7808895 1
7809273 1
7810561 1
7810943 1
7812953 1
7822871 1
7826160 1
7826789 1
7833955 1
7834112 1
7835909 1
7840190 1
7840402 1
7840646 1
7844751 1
7852852 1
7853849 1
7868067 1
7869123 1
7870984 1
7874454 1
7874891 1
7881261 1
7881794 1
7883039 1
7889932 1
7890474 1
7890667 1
7893050 1
7894160 1
7895338 1
7899045 1
7905507 1
7907084 1
7907380 1
7909653 1
7909671 1
7913363 1
7913367 1
7917597 1
7918021 1
7918198 1
7928943 1
7930082 1
7934474 1
7935224 1
7935472 1
7936078 1
7938478 1
7939270 1
7946654 1
7951553 1
7953747 1
7958348 1
7961988 1
7965396 1
7969505 1
7970173 1
7970835 1
7976969 1
7981591 1
7982002 1
7983662 1
7986480 1
7990767 1
7994047 1
7995031 1
7997996 1
7999364 1
8003829 1
8007373 1
8008159 1
8015404 1
8015903 1
8017003 1
8017872 1
8018518 1
8018714 1
8018932 1
8023641 1
8023753 1
8025410 1
8027166 1
8027382 1
8029363 1
8029883 1
8031208 1
8032491 1
8034076 1
8034464 1
8036173 1
8041458 1
8044636 1
8046324 1
8046567 1
8048685 1
8052015 1
8052163 1
8053279 1
8058384 1
8061269 1
8061783 1
8061828 1
8070442 1
8074002 1
8075875 1
8079342 1
8097870 1
8107032 1
8107784 1
8108157 1
8109537 1
8113442 1
8114017 1
8118546 1
8118690 1
8127924 1
8130805 1
8132008 1
8135420 1
8138406 1
8138956 1
8141118 1
8141649 1
8147806 1
8151123 1
8152722 1
8153607 1
8162968 1
8164440 1
8173324 1
8173391 1
8175136 1
8175195 1
8175727 1
8179595 1
8185731 1
8186980 1
8186980 1
8187560 1
8190178 1
8192374 1
8192690 1
8194791 1
8197036 1
8199174 1
8202497 1
8207662 1
8207912 1
8207915 1
8208627 1
8231331 1
8232055 1
8233231 1
8237746 1
8240205 1
8245581 1
8248184 1
8249425 1
8252828 1
8253812 1
8255228 1
8256479 1
8259862 1
8260455 1
8265484 1
8267246 1
8267549 1
8269729 1
8270653 1
8271250 1
8273380 1
8274598 1
8276670 1
8276919 1
8279206 1
8281937 1
8284156 1
8285640 1
8287280 1
8287713 1
8287730 1
8288159 1
8291112 1
8297876 1
8297989 1
8298225 1
8301920 1
8303629 1
8305811 1
6551 1
23870 1
26778 1
117747 1
125142 1
127424 1
131442 1
150336 1
155252 1
167451 1
171339 1
183377 1
220725 1
237002 1
249736 1
263328 1
285330 1
285987 1
296451 1
297265 1
299605 1
314008 1
316243 1
318837 1
334986 1
338241 1
348238 1
352993 1
358942 1
366560 1
368392 1
376078 1
376956 1
446426 1
452757 1
452785 1
461353 1
480862 1
488373 1
489693 1
496191 1
502474 1
512221 1
530843 1
557837 1
559627 1
568208 1
574246 1
577341 1
585723 1
586032 1
586037 1
587065 1
652349 1
664235 1
669024 1
730436 1
764994 1
781879 1
798415 1
809102 1
814303 1
821723 1
849580 1
856016 1
891739 1
894898 1
896944 1
912481 1
915664 1
923629 1
927717 1
935456 1
937938 1
941290 1
941290 1
945494 1
947842 1
953117 1
957132 1
1010130 1
1038362 1
1043104 1
1048675 1
1051915 1
1065125 1
1083221 1
1083311 1
1084721 1
1101411 1
1109454 1
1115068 1
1132804 1
1148249 1
1166862 1
1175483 1
1181286 1
1183913 1
1189814 1
1190075 1
1190266 1
1198854 1
1214379 1
1257544 1
1257756 1
1265467 1
1265744 1
1293693 1
1298533 1
1305929 1
1306675 1
1327372 1
1329088 1
1331639 1
1337778 1
1338695 1
1381838 1
1383045 1
1391900 1
1407662 1
1424350 1
1437644 1
1445916 1
1446794 1
1461116 1
1471311 1
1478576 1
1479244 1
1483272 1
1491072 1
1505514 1
1513886 1
1516903 1
1530878 1
1556625 1
1561212 1
1591525 1
1593891 1
1612328 1
1622279 1
1622331 1
1636503 1
1639990 1
1641593 1
1650364 1
1680265 1
1681646 1
1681646 1
1686888 1
1699629 1
1700983 1
1706992 1
1715292 1
1718494 1
1722322 1
1727118 1
1741866 1
1745144 1
1752022 1
1752732 1
1774663 1
1775818 1
1778339 1
1780926 1
1808270 1
1822374 1
1824426 1
1841738 1
1851013 1
1856885 1
1857366 1
1862566 1
1873310 1
1883827 1
1889079 1
1889804 1
1895092 1
1910192 1
1942157 1
1944813 1
1949101 1
1951128 1
1961792 1
1973292 1
1976842 1
1996208 1
1997214 1
2021942 1
2053542 1
2060892 1
2061209 1
2072878 1
2073785 1
2074671 1
2074929 1
2080896 1
2095522 1
2100414 1
2101643 1
2105712 1
2106068 1
2123011 1
2126880 1
2149876 1
2169994 1
2171025 1
2221501 1
2224253 1
2231813 1
2248548 1
2264430 1
2276624 1
2278786 1
2295918 1
2296746 1
2298362 1
2302133 1
2306357 1
2327338 1
2356947 1
2357936 1
2358039 1
2358474 1
2364041 1
2370553 1
2373180 1
2375521 1
2387407 1
2387407 1
2387932 1
2387934 1
2389682 1
2394952 1
2398091 1
2402926 1
2404783 1
2408327 1
2424951 1
2430227 1
2436364 1
2453710 1
2470697 1
2476858 1
2489585 1
2499340 1
2501009 1
2515420 1
2524597 1
2527118 1
2528426 1
2560439 1
2562039 1
2580288 1
2595158 1
2596455 1
2604133 1
2611930 1
2617056 1
2673924 1
2687076 1
2689882 1
2692211 1
2696212 1
2743144 1
2754208 1
2773672 1
2782536 1
2791620 1
2808853 1
2820138 1
2821456 1
2834488 1
2849479 1
2868359 1
2888254 1
2912831 1
2913618 1
2918582 1
2936359 1
2947402 1
2949990 1
2954032 1
2956530 1
2987454 1
2992990 1
2999249 1
3003209 1
3004067 1
3019272 1
3030089 1
3051791 1
3064747 1
3065409 1
3082774 1
3084162 1
3085769 1
3096832 1
3097760 1
3098325 1
3105933 1
3120051 1
3146237 1
3160370 1
3168973 1
3169649 1
3176820 1
3180517 1
3200033 1
3205226 1
3206038 1
3293461 1
3298419 1
3304423 1
3310083 1
3319220 1
3325324 1
3325701 1
3327628 1
3327865 1
3327918 1
3328944 1
3329489 1
3332021 1
3339792 1
3342726 1
3348415 1
3371755 1
3387094 1
3397064 1
3406834 1
3409398 1
3419702 1
3419977 1
3420208 1
3426403 1
3427212 1
3433081 1
3447143 1
3462190 1
3474537 1
3487483 1
3518717 1
3532278 1
3539664 1
3544523 1
3561562 1
3561865 1
3589584 1
3594007 1
3599310 1
3599942 1
3617276 1
3618233 1
3621258 1
3629545 1
3650671 1
3650946 1
3667598 1
3679473 1
3686589 1
3692915 1
3694981 1
3695019 1
3697035 1
3720659 1
3742352 1
3751405 1
3756250 1
3756327 1
3779504 1
3804036 1
3814398 1
3833850 1
3846400 1
3856179 1
3870461 1
3875607 1
3891717 1
3894071 1
3900423 1
3908948 1
3943546 1
3949556 1
3961502 1
3969926 1
3972727 1
3975632 1
3975762 1
4005981 1
4017401 1
4019648 1
4031954 1
4041013 1
4058774 1
4100802 1
4138240 1
4139742 1
4148898 1
4169313 1
4273690 1
4292032 1
4296400 1
4312207 1
4317700 1
4327729 1
4328074 1
4328776 1
4329552 1
4336133 1
4343676 1
4347735 1
4386566 1
4387260 1
4392051 1
4394879 1
4407828 1
4433092 1
4437902 1
4447237 1
4459698 1
4465831 1
4469438 1
4471784 1
4473605 1
4476723 1
4476936 1
4478268 1
4483121 1
4486537 1
4489794 1
4490150 1
4494723 1
4509768 1
4519525 1
4527086 1
4531895 1
4534022 1
4539532 1
4541507 1
4577765 1
4605574 1
4606694 1
4639085 1
4684221 1
4713357 1
4720424 1
4721171 1
4731726 1
4751253 1
4767027 1
4771199 1
4780712 1
4817809 1
4826728 1
4826898 1
4830549 1
4833264 1
4837613 1
4840159 1
4856860 1
4873405 1
4880461 1
4886518 1
4888517 1
4892547 1
4898568 1
4898568 1
4899542 1
4911787 1
4925914 1
4928319 1
4929226 1
4943007 1
4943441 1
4948658 1
4952379 1
4952550 1
4960033 1
4963191 1
4964964 1
5008172 1
5008430 1
5022116 1
5022116 1
5024325 1
5026724 1
5037083 1
5047194 1
5079376 1
5080438 1
5091357 1
5097606 1
5110881 1
5119475 1
5119602 1
5131074 1
5134352 1
5136127 1
5136352 1
5141730 1
5144651 1
5161149 1
5162213 1
5167350 1
5169880 1
5172767 1
5189395 1
5196475 1
5209792 1
5219875 1
5224945 1
5233010 1
5233536 1
5235726 1
5238607 1
5247324 1
5250614 1
5263003 1
5301603 1
5320293 1
5323561 1
5343166 1
5351873 1
5356590 1
5366692 1
5368038 1
5437787 1
5441140 1
5453680 1
5468303 1
5502557 1
5531631 1
5535336 1
5540248 1
5547358 1
5568730 1
5568890 1
5606380 1
5622142 1
5628228 1
5637363 1
5638251 1
5638251 1
5639295 1
5639746 1
5650309 1
5650851 1
5662642 1
5673639 1
5680907 1
5694280 1
5694521 1
5700166 1
5700735 1
5719146 1
5734376 1
5734632 1
5750730 1
5752048 1
5791221 1
5814892 1
5853109 1
5859123 1
5859123 1
5860680 1
5860811 1
5869680 1
5897471 1
5904760 1
5914379 1
5960001 1
5965198 1
5988596 1
6003659 1
6004232 1
6004712 1
6005094 1
6011144 1
6011908 1
6030814 1
6031102 1
6032164 1
6034194 1
6045864 1
6051550 1
6056066 1
6057701 1
6069851 1
6070794 1
6084917 1
6085978 1
6088211 1
6089512 1
6090715 1
6092588 1
6114321 1
6138664 1
6141636 1
6185375 1
6197496 1
6202601 1
6239366 1
6241614 1
6271533 1
6275771 1
6286827 1
6302776 1
6313976 1
6317278 1
6354720 1
6362277 1
6384849 1
6387759 1
6392346 1
6397489 1
6409494 1
6410776 1
6410776 1
6412204 1
6435385 1
6452278 1
6470401 1
6487731 1
6494036 1
6505634 1
6510566 1
6516686 1
6521315 1
6523238 1
6524595 1
6526004 1
6527567 1
6544811 1
6546606 1
6560420 1
6562578 1
6563486 1
6576393 1
6590038 1
6601281 1
6617971 1
6620169 1
6621537 1
6622895 1
6645708 1
6674687 1
6679346 1
6693351 1
6712146 1
6753279 1
6802266 1
6820786 1
6835067 1
6839328 1
6851654 1
6855233 1
6860040 1
6860911 1
6861583 1
6870251 1
6872549 1
6874230 1
6889080 1
6914491 1
6916106 1
6921859 1
6922109 1
6926333 1
6935460 1
6955375 1
6965287 1
6975075 1
6981055 1
6981965 1
6999068 1
7001546 1
7004221 1
7047421 1
7065482 1
7082769 1
7085435 1
7095679 1
7100767 1
7105805 1
7106388 1
7133308 1
7153507 1
7166317 1
7172897 1
7174585 1
7175473 1
7175620 1
7188912 1
7191192 1
7205560 1
7213475 1
7222488 1
7223534 1
7230126 1
7231501 1
7239872 1
7257700 1
7259344 1
7284904 1
7289284 1
7291120 1
7326504 1
7330253 1
7330755 1
7338347 1
7339901 1
7343627 1
7352410 1
7355869 1
7358463 1
7363799 1
7384360 1
7388386 1
7402511 1
7437417 1
7442188 1
7449932 1
7451915 1
7453074 1
7459360 1
7459856 1
7461308 1
7475485 1
7478255 1
7484761 1
7494807 1
7500579 1
7502179 1
7505421 1
7559457 1
7560740 1
7592157 1
7595954 1
7598277 1
7602993 1
7613423 1
7617876 1
7625946 1
7648916 1
7651063 1
7654054 1
7655207 1
7659799 1
7662756 1
7662834 1
7662834 1
7667843 1
7673435 1
7694139 1
7694139 1
7709118 1
7712837 1
7715840 1
7730456 1
7735813 1
7741594 1
7748686 1
7751655 1
7751841 1
7751893 1
7752386 1
7791520 1
7792706 1
7803306 1
7828830 1
7894312 1
7901191 1
7912166 1
7928009 1
7935992 1
7943868 1
7959940 1
7966890 1
7966903 1
7982118 1
7986449 1
8011209 1
8013135 1
8043793 1
8049789 1
8050666 1
8051845 1
8055746 1
8055748 1
8060009 1
8066455 1
8068022 1
8070390 1
8079771 1
8116806 1
8126910 1
8137686 1
8138617 1
8159498 1
8167862 1
8175056 1
8182667 1
8193946 1
8198121 1
8208771 1
8220816 1
8226229 1
8242927 1
8245472 1
8255363 1
8269049 1
8283877 1
8298291 1
8300848 1
8301130 1
8310471 1
