7476 1
10208 1
16602 1
24716 1
27901 1
28472 1
29508 1
31563 1
45146 1
48269 1
51403 1
51727 1
57993 1
58295 1
59992 1
61763 1
78746 1
81909 1
81924 1
88814 1
93104 1
98091 1
108882 1
109292 1
110378 1
119020 1
137395 1
145808 1
147249 1
149011 1
154868 1
155907 1
157738 1
161891 1
163738 1
163994 1
164128 1
167029 1
169181 1
169482 1
169765 1
173220 1
173228 1
174471 1
176185 1
179958 1
181940 1
181954 1
182206 1
185552 1
186972 1
187073 1
192957 1
200607 1
202791 1
208724 1
214000 1
217351 1
219127 1
222797 1
225448 1
226954 1
230403 1
231641 1
232266 1
236945 1
242921 1
246053 1
247097 1
264755 1
265450 1
276632 1
285665 1
287682 1
287935 1
289934 1
294162 1
296286 1
297573 1
303382 1
309843 1
311444 1
312286 1
314261 1
314478 1
317016 1
320353 1
320416 1
327926 1
332929 1
341667 1
343058 1
344439 1
352396 1
356589 1
357942 1
365737 1
366590 1
367982 1
368656 1
370330 1
381317 1
383053 1
383816 1
395245 1
425761 1
425807 1
426282 1
429640 1
440465 1
441531 1
442694 1
447177 1
449675 1
451263 1
451653 1
453242 1
458737 1
461347 1
463658 1
464442 1
465798 1
468217 1
468350 1
473150 1
473988 1
476293 1
481667 1
483793 1
485251 1
485990 1
487456 1
490522 1
491252 1
491676 1
492096 1
495460 1
495700 1
498310 1
499738 1
499936 1
500449 1
504597 1
505899 1
507681 1
519063 1
519167 1
521616 1
533219 1
533408 1
547597 1
549155 1
557470 1
558582 1
559101 1
559844 1
560055 1
560252 1
560266 1
561211 1
561517 1
583765 1
583799 1
584026 1
584303 1
587189 1
589112 1
590160 1
602001 1
607156 1
613876 1
617807 1
621381 1
622744 1
625322 1
639814 1
642722 1
643839 1
647160 1
648979 1
651121 1
654368 1
659538 1
659757 1
660231 1
661997 1
662084 1
663305 1
665208 1
665214 1
666742 1
667456 1
669974 1
675673 1
680494 1
681693 1
688629 1
699051 1
703702 1
703881 1
707696 1
709522 1
716736 1
723044 1
728046 1
736950 1
737160 1
740131 1
740455 1
757045 1
757069 1
760597 1
762072 1
764939 1
768889 1
772000 1
772039 1
773744 1
777374 1
782264 1
782813 1
789245 1
790193 1
796965 1
800293 1
801918 1
802744 1
802901 1
808025 1
812863 1
813145 1
819142 1
824537 1
825011 1
828297 1
835369 1
838392 1
844426 1
844991 1
855140 1
860605 1
873520 1
876051 1
876959 1
892460 1
893049 1
894818 1
898817 1
900248 1
900346 1
910776 1
912832 1
913923 1
923769 1
935276 1
943471 1
944214 1
952918 1
955485 1
956786 1
973657 1
974214 1
979842 1
979935 1
982876 1
983204 1
984485 1
985984 1
986410 1
992597 1
993066 1
993724 1
995822 1
1004166 1
1012022 1
1018656 1
1024810 1
1025227 1
1030884 1
1033833 1
1040968 1
1041891 1
1042071 1
1044271 1
1044809 1
1047573 1
1049604 1
1057647 1
1062076 1
1062254 1
1063057 1
1063460 1
1076095 1
1080709 1
1081320 1
1082947 1
1088822 1
1092761 1
1094114 1
1099229 1
1111039 1
1111765 1
1111963 1
1122686 1
1130251 1
1135325 1
1138326 1
1139705 1
1139841 1
1141101 1
1143959 1
1143973 1
1160476 1
1167136 1
1168528 1
1179270 1
1181037 1
1185782 1
1186833 1
1197737 1
1208401 1
1214062 1
1216012 1
1219949 1
1223724 1
1226418 1
1233523 1
1235364 1
1236221 1
1244796 1
1253273 1
1255673 1
1255866 1
1258247 1
1264924 1
1266087 1
1270909 1
1271845 1
1271860 1
1276173 1
1285967 1
1290519 1
1299162 1
1301499 1
1304670 1
1304765 1
1309319 1
1311222 1
1312411 1
1317370 1
1319883 1
1325477 1
1327649 1
1328031 1
1328181 1
1329789 1
1330584 1
1333045 1
1337270 1
1342950 1
1352527 1
1355789 1
1357912 1
1363441 1
1370031 1
1375317 1
1377654 1
1378880 1
1386501 1
1390555 1
1391432 1
1392351 1
1397216 1
1397837 1
1406193 1
1414789 1
1437703 1
1440894 1
1450391 1
1450579 1
1458030 1
1460057 1
1460957 1
1461225 1
1462005 1
1464390 1
1468942 1
1471045 1
1471153 1
1483529 1
1486141 1
1487916 1
1494266 1
1504036 1
1504137 1
1511793 1
1519941 1
1530622 1
1532738 1
1535189 1
1536590 1
1556972 1
1568589 1
1573736 1
1573891 1
1577835 1
1578225 1
1585979 1
1588160 1
1590967 1
1600032 1
1609467 1
1614177 1
1621718 1
1624401 1
1625718 1
1626530 1
1631377 1
1640059 1
1642559 1
1643063 1
1648397 1
1651953 1
1652289 1
1655684 1
1658242 1
1658386 1
1658473 1
1661520 1
1661884 1
1666624 1
1667366 1
1669687 1
1670296 1
1671761 1
1671998 1
1675594 1
1677802 1
1679648 1
1684594 1
1687216 1
1690839 1
1692300 1
1701984 1
1702518 1
1703997 1
1705589 1
1706665 1
1707918 1
1716049 1
1719600 1
1720174 1
1723365 1
1723528 1
1727042 1
1727133 1
1727586 1
1729072 1
1730375 1
1730527 1
1730953 1
1731029 1
1731738 1
1738900 1
1741603 1
1743984 1
1744099 1
1748176 1
1763863 1
1764365 1
1771582 1
1776822 1
1779218 1
1782872 1
1789659 1
1790282 1
1793526 1
1793646 1
1805338 1
1808348 1
1816150 1
1818619 1
1822079 1
1822135 1
1826699 1
1839170 1
1847681 1
1852375 1
1853366 1
1858878 1
1859371 1
1859374 1
1865049 1
1867464 1
1874050 1
1881419 1
1884684 1
1885091 1
1886911 1
1896931 1
1908214 1
1910650 1
1912975 1
1914511 1
1931598 1
1938363 1
1938658 1
1942614 1
1949990 1
1951405 1
1952692 1
1952915 1
1964106 1
1967936 1
1974631 1
1976426 1
1991760 1
1992989 1
1993220 1
2003918 1
2005084 1
2006244 1
2008843 1
2011483 1
2013230 1
2015676 1
2019067 1
2019360 1
2019965 1
2029850 1
2037002 1
2046019 1
2049192 1
2057342 1
2069103 1
2079482 1
2082767 1
2087860 1
2091377 1
2095815 1
2096630 1
2096890 1
2098417 1
2110961 1
2111170 1
2113138 1
2117740 1
2126660 1
2131233 1
2133564 1
2144872 1
2153169 1
2153251 1
2158748 1
2163849 1
2165675 1
2166778 1
2173726 1
2180218 1
2181237 1
2186996 1
2191628 1
2195361 1
2200757 1
2200807 1
2200922 1
2202124 1
2203996 1
2205795 1
2211070 1
2220771 1
2222346 1
2230346 1
2234085 1
2234145 1
2248920 1
2250497 1
2254267 1
2254898 1
2255469 1
2258308 1
2259989 1
2261495 1
2262835 1
2263492 1
2264367 1
2268558 1
2270721 1
2274131 1
2282456 1
2283250 1
2285501 1
2286568 1
2287470 1
2297491 1
2300229 1
2301104 1
2301604 1
2302280 1
2304791 1
2304814 1
2306125 1
2309153 1
2311436 1
2313445 1
2318902 1
2320781 1
2323341 1
2323428 1
2328726 1
2338236 1
2339613 1
2349786 1
2363550 1
2375841 1
2382223 1
2383929 1
2384075 1
2397224 1
2413718 1
2414396 1
2420941 1
2421133 1
2422836 1
2424351 1
2432368 1
2438371 1
2441984 1
2447786 1
2451156 1
2468891 1
2470546 1
2472279 1
2472959 1
2473955 1
2480692 1
2486146 1
2486218 1
2488924 1
2491429 1
2495972 1
2497390 1
2515592 1
2517668 1
2520477 1
2522852 1
2526805 1
2528094 1
2529172 1
2530553 1
2533847 1
2541721 1
2541976 1
2544132 1
2544241 1
2548731 1
2549427 1
2552396 1
2552551 1
2553337 1
2559658 1
2562461 1
2564071 1
2564594 1
2565782 1
2565936 1
2567236 1
2580979 1
2581878 1
2585464 1
2593186 1
2596120 1
2596120 1
2596447 1
2605407 1
2608426 1
2609466 1
2620356 1
2621622 1
2621980 1
2624691 1
2624937 1
2632074 1
2638774 1
2641776 1
2652663 1
2654170 1
2656917 1
2660338 1
2662052 1
2664793 1
2664891 1
2668029 1
2671853 1
2677374 1
2679193 1
2679858 1
2680427 1
2684721 1
2685255 1
2685256 1
2685341 1
2686766 1
2687298 1
2690932 1
2692638 1
2702703 1
2703928 1
2715014 1
2716131 1
2719132 1
2722735 1
2726546 1
2740665 1
2740718 1
2740914 1
2744422 1
2753037 1
2756399 1
2763506 1
2767553 1
2768090 1
2769372 1
2772186 1
2775990 1
2776725 1
2789762 1
2789776 1
2789897 1
2801050 1
2801170 1
2802422 1
2809291 1
2810657 1
2813666 1
2822992 1
2824871 1
2825610 1
2829465 1
2836128 1
2838457 1
2844629 1
2851924 1
2853784 1
2856377 1
2859774 1
2866427 1
2867431 1
2869384 1
2869918 1
2878129 1
2879193 1
2882885 1
2891080 1
2893751 1
2906497 1
2907736 1
2910292 1
2916174 1
2918993 1
2940129 1
2944116 1
2964285 1
2965211 1
2966059 1
2967305 1
2970664 1
2972172 1
2974203 1
2982698 1
2987355 1
2992431 1
2994034 1
3004974 1
3016756 1
3016855 1
3018710 1
3022163 1
3026756 1
3029123 1
3029594 1
3032067 1
3036570 1
3043822 1
3043901 1
3047988 1
3048416 1
3061218 1
3069179 1
3071463 1
3073204 1
3073665 1
3073863 1
3078671 1
3094273 1
3096586 1
3098738 1
3104754 1
3106646 1
3107429 1
3109354 1
3111412 1
3111452 1
3112562 1
3115199 1
3116128 1
3117495 1
3118317 1
3120723 1
3126025 1
3129922 1
3134210 1
3138863 1
3143225 1
3146051 1
3146451 1
3146681 1
3147700 1
3152438 1
3155493 1
3161826 1
3165428 1
3168430 1
3169200 1
3170074 1
3173823 1
3177093 1
3186930 1
3197490 1
3202217 1
3202885 1
3204870 1
3214734 1
3215748 1
3216872 1
3226744 1
3229061 1
3232689 1
3235281 1
3252453 1
3264128 1
3269097 1
3282029 1
3284673 1
3284903 1
3285305 1
3286928 1
3291103 1
3308327 1
3309553 1
3310996 1
3319251 1
3320291 1
3329681 1
3331208 1
3338228 1
3339082 1
3342658 1
3343054 1
3348066 1
3355073 1
3358217 1
3359893 1
3360250 1
3362377 1
3365100 1
3369033 1
3370681 1
3371290 1
3372347 1
3376883 1
3379838 1
3383301 1
3389228 1
3392394 1
3393821 1
3409161 1
3415826 1
3432628 1
3434462 1
3436470 1
3437387 1
3439906 1
3443453 1
3443619 1
3443865 1
3449074 1
3449655 1
3453707 1
3460177 1
3471359 1
3473249 1
3479464 1
3480476 1
3480857 1
3481091 1
3481251 1
3490232 1
3493170 1
3498438 1
3502130 1
3505271 1
3505455 1
3505591 1
3509228 1
3515035 1
3515314 1
3515868 1
3526848 1
3536317 1
3540462 1
3549127 1
3553157 1
3555479 1
3559755 1
3560153 1
3564967 1
3571244 1
3572965 1
3583340 1
3585311 1
3586504 1
3591176 1
3595588 1
3604879 1
3608331 1
3611453 1
3614909 1
3616088 1
3621864 1
3621877 1
3622168 1
3637487 1
3639988 1
3640543 1
3645285 1
3648781 1
3650978 1
3657388 1
3665268 1
3665321 1
3667028 1
3667861 1
3668233 1
3673256 1
3685760 1
3685962 1
3686425 1
3688537 1
3690359 1
3694942 1
3702727 1
3706996 1
3709190 1
3709829 1
3711690 1
3716039 1
3717548 1
3719608 1
3723614 1
3728589 1
3731398 1
3734056 1
3742834 1
3743940 1
3746731 1
3746828 1
3748090 1
3748275 1
3754761 1
3757377 1
3758174 1
3759645 1
3760269 1
3766080 1
3768005 1
3769823 1
3775941 1
3776435 1
3779914 1
3780930 1
3782070 1
3783084 1
3788503 1
3793808 1
3798157 1
3798997 1
3809585 1
3811006 1
3812117 1
3812740 1
3812937 1
3814493 1
3819710 1
3820428 1
3821446 1
3821495 1
3833269 1
3833807 1
3840128 1
3850811 1
3857284 1
3862216 1
3872029 1
3876411 1
3877090 1
3878674 1
3883401 1
3884250 1
3885200 1
3887004 1
3889577 1
3900130 1
3902127 1
3911301 1
3913601 1
3920594 1
3931230 1
3937425 1
3937520 1
3937538 1
3938933 1
3941644 1
3943942 1
3945620 1
3949431 1
3972959 1
3973155 1
3987295 1
3988708 1
3992294 1
3994562 1
4005904 1
4007956 1
4015009 1
4019182 1
4025316 1
4025829 1
4027675 1
4028070 1
4028827 1
4029732 1
4031654 1
4033161 1
4040020 1
4046116 1
4046670 1
4046899 1
4050957 1
4062471 1
4063650 1
4071937 1
4082482 1
4087766 1
4095288 1
4101771 1
4106334 1
4109792 1
4116993 1
4117095 1
4117854 1
4129383 1
4130418 1
4141656 1
4144747 1
4149207 1
4152211 1
4161045 1
4163752 1
4167655 1
4171526 1
4172775 1
4181497 1
4181691 1
4181961 1
4184634 1
4187700 1
4191043 1
4192781 1
4195503 1
4196102 1
4202602 1
4207916 1
4207956 1
4212491 1
4212614 1
4214978 1
4220786 1
4225245 1
4226239 1
4239154 1
4249718 1
4250980 1
4253855 1
4256545 1
4258224 1
4258410 1
4259034 1
4261467 1
4264143 1
4278200 1
4280895 1
4282237 1
4285254 1
4301241 1
4303610 1
4306303 1
4308310 1
4312091 1
4316336 1
4322828 1
4339150 1
4342592 1
4346448 1
4346643 1
4350796 1
4352017 1
4354527 1
4358726 1
4358823 1
4368512 1
4369045 1
4371976 1
4374512 1
4375818 1
4378240 1
4380223 1
4380621 1
4382651 1
4391167 1
4394845 1
4399677 1
4400005 1
4401155 1
4401788 1
4404332 1
4410558 1
4415906 1
4416851 1
4417757 1
4420526 1
4421400 1
4422743 1
4429072 1
4437106 1
4443335 1
4444636 1
4445044 1
4445355 1
4445678 1
4448919 1
4453698 1
4453808 1
4461907 1
4464643 1
4469629 1
4478421 1
4480956 1
4481345 1
4484367 1
4499712 1
4515874 1
4516754 1
4531092 1
4531508 1
4531836 1
4532308 1
4533268 1
4534104 1
4535274 1
4560003 1
4572472 1
4577547 1
4581144 1
4591895 1
4593527 1
4606508 1
4607499 1
4611365 1
4612895 1
4620536 1
4626341 1
4629591 1
4630924 1
4632075 1
4645816 1
4651550 1
4656069 1
4659887 1
4661558 1
4665492 1
4669325 1
4674156 1
4674565 1
4676466 1
4677309 1
4698679 1
4703175 1
4709909 1
4723272 1
4726289 1
4730327 1
4733043 1
4736608 1
4741357 1
4761784 1
4770172 1
4774730 1
4776893 1
4779766 1
4780322 1
4784786 1
4792220 1
4793929 1
4802353 1
4811048 1
4811492 1
4813573 1
4825008 1
4829008 1
4838673 1
4841334 1
4842692 1
4856749 1
4858530 1
4868091 1
4871638 1
4874424 1
4875415 1
4875415 1
4876788 1
4877980 1
4880562 1
4883234 1
4884150 1
4885123 1
4888015 1
4894504 1
4895937 1
4896714 1
4899473 1
4899477 1
4899788 1
4900483 1
4901112 1
4902920 1
4905965 1
4911366 1
4917503 1
4925455 1
4927287 1
4934541 1
4939307 1
4947691 1
4951602 1
4952277 1
4960049 1
4963271 1
4969650 1
4982202 1
4983756 1
4987261 1
4987303 1
4991289 1
4993684 1
4996398 1
4999974 1
5003479 1
5005305 1
5006568 1
5010538 1
5015109 1
5030338 1
5033046 1
5034940 1
5041443 1
5041696 1
5045623 1
5046323 1
5046442 1
5046883 1
5047484 1
5050271 1
5055834 1
5056305 1
5063614 1
5066060 1
5067663 1
5071397 1
5074252 1
5074332 1
5080615 1
5090701 1
5091248 1
5092649 1
5109368 1
5116767 1
5125940 1
5141938 1
5145286 1
5149557 1
5150068 1
5153547 1
5154265 1
5155603 1
5158976 1
5171306 1
5174182 1
5181267 1
5193915 1
5199310 1
5209211 1
5210270 1
5210447 1
5215850 1
5216543 1
5217395 1
5218263 1
5219668 1
5228150 1
5233208 1
5233475 1
5235005 1
5236910 1
5238101 1
5242571 1
5247023 1
5247796 1
5248848 1
5249336 1
5252234 1
5252458 1
5255531 1
5258406 1
5262980 1
5267492 1
5270837 1
5278120 1
5282835 1
5299558 1
5299600 1
5299892 1
5300222 1
5302243 1
5307081 1
5316732 1
5318302 1
5319478 1
5322670 1
5323532 1
5327270 1
5327504 1
5327861 1
5331674 1
5333428 1
5335025 1
5338648 1
5345809 1
5346957 1
5354462 1
5363576 1
5368079 1
5370360 1
5376801 1
5376977 1
5377924 1
5389388 1
5392373 1
5426804 1
5427010 1
5433073 1
5440751 1
5441495 1
5448859 1
5454070 1
5454882 1
5455207 1
5461835 1
5466114 1
5469100 1
5471744 1
5472571 1
5473426 1
5479922 1
5487817 1
5495405 1
5495780 1
5497055 1
5497612 1
5514742 1
5515831 1
5517445 1
5520735 1
5525975 1
5529584 1
5540260 1
5543267 1
5545053 1
5547385 1
5548455 1
5553153 1
5555980 1
5561256 1
5562879 1
5568964 1
5568964 1
5569226 1
5570959 1
5585521 1
5591415 1
5596184 1
5596270 1
5598306 1
5603760 1
5606680 1
5607317 1
5615809 1
5618659 1
5627469 1
5629960 1
5630689 1
5631293 1
5632106 1
5637722 1
5638814 1
5640053 1
5648003 1
5651242 1
5652092 1
5652097 1
5654223 1
5657667 1
5662946 1
5668555 1
5671689 1
5676324 1
5677601 1
5679595 1
5679867 1
5680215 1
5681655 1
5686116 1
5686591 1
5689212 1
5696064 1
5701680 1
5705236 1
5705948 1
5709353 1
5710432 1
5710785 1
5716467 1
5719934 1
5725096 1
5727800 1
5738238 1
5740568 1
5742795 1
5747572 1
5747996 1
5748121 1
5748652 1
5749049 1
5751202 1
5757304 1
5758560 1
5759092 1
5760264 1
5765928 1
5772582 1
5773148 1
5783114 1
5783627 1
5788201 1
5796116 1
5798785 1
5805718 1
5806968 1
5813266 1
5815597 1
5819052 1
5823194 1
5823837 1
5824580 1
5824590 1
5825300 1
5838075 1
5848328 1
5848334 1
5849907 1
5852513 1
5854372 1
5858207 1
5858810 1
5863096 1
5865679 1
5869584 1
5873705 1
5877438 1
5879072 1
5879710 1
5883755 1
5885906 1
5886750 1
5891526 1
5892185 1
5894858 1
5903714 1
5914590 1
5917558 1
5924002 1
5927079 1
5934248 1
5943355 1
5945372 1
5948524 1
5953086 1
5953461 1
5954981 1
5959796 1
5963335 1
5969659 1
5970874 1
5971966 1
5973626 1
5975317 1
5975338 1
5978306 1
5984780 1
5986771 1
5987305 1
5987879 1
5989152 1
5994111 1
6002473 1
6010381 1
6011423 1
6012205 1
6014307 1
6029424 1
6030390 1
6030871 1
6036419 1
6041706 1
6053997 1
6061667 1
6062656 1
6063321 1
6066315 1
6068463 1
6069661 1
6070707 1
6072329 1
6072946 1
6073291 1
6078262 1
6078276 1
6084458 1
6095788 1
6096074 1
6097335 1
6099565 1
6100051 1
6102928 1
6105551 1
6109525 1
6110475 1
6125231 1
6129197 1
6133323 1
6136465 1
6136608 1
6145080 1
6147817 1
6150965 1
6151739 1
6167162 1
6170789 1
6182941 1
6185182 1
6185441 1
6186569 1
6186590 1
6188005 1
6204110 1
6205885 1
6216514 1
6232942 1
6241274 1
6243927 1
6262127 1
6264401 1
6275844 1
6281509 1
6286759 1
6295997 1
6302639 1
6315467 1
6320887 1
6322319 1
6325496 1
6326526 1
6328664 1
6332017 1
6332060 1
6334595 1
6339333 1
6341229 1
6343737 1
6345556 1
6345833 1
6351022 1
6363070 1
6366793 1
6367561 1
6370397 1
6370666 1
6376831 1
6379208 1
6393739 1
6396189 1
6397349 1
6400094 1
6404063 1
6406385 1
6417433 1
6425951 1
6427985 1
6429334 1
6434073 1
6436891 1
6437372 1
6438011 1
6439511 1
6444637 1
6453922 1
6455387 1
6455848 1
6473355 1
6480650 1
6481625 1
6483515 1
6488427 1
6504144 1
6505549 1
6507992 1
6508918 1
6509078 1
6514676 1
6516600 1
6519581 1
6524022 1
6525957 1
6529009 1
6530150 1
6531725 1
6537773 1
6538179 1
6538685 1
6542326 1
6546528 1
6551785 1
6552967 1
6553035 1
6557423 1
6558667 1
6559333 1
6562662 1
6564232 1
6569587 1
6572687 1
6578164 1
6582289 1
6583380 1
6586059 1
6590021 1
6595834 1
6603197 1
6606488 1
6616257 1
6617653 1
6619135 1
6622534 1
6627372 1
6629270 1
6630292 1
6630582 1
6636300 1
6637782 1
6652579 1
6657117 1
6657854 1
6664594 1
6665458 1
6676898 1
6683015 1
6696950 1
6697960 1
6699763 1
6700024 1
6704567 1
6712557 1
6713089 1
6713492 1
6726858 1
6732490 1
6738368 1
6739974 1
6741115 1
6741807 1
6746730 1
6748638 1
6750470 1
6750539 1
6755583 1
6762738 1
6767672 1
6773156 1
6773853 1
6774430 1
6775407 1
6777155 1
6780459 1
6781592 1
6787837 1
6788453 1
6788770 1
6790420 1
6801921 1
6805145 1
6811283 1
6812771 1
6829245 1
6829340 1
6831343 1
6832995 1
6833819 1
6836642 1
6841806 1
6843632 1
6843637 1
6846746 1
6849768 1
6850220 1
6850741 1
6851315 1
6853498 1
6858618 1
6860869 1
6873353 1
6876580 1
6876792 1
6882974 1
6890996 1
6896976 1
6898715 1
6900326 1
6922797 1
6923416 1
6926153 1
6926902 1
6927913 1
6932319 1
6933192 1
6934431 1
6945375 1
6946633 1
6949519 1
6957472 1
6960644 1
6967748 1
6970857 1
6976412 1
6982317 1
6982748 1
6983403 1
6985854 1
6988017 1
6992208 1
6994070 1
6994888 1
7003897 1
7005321 1
7009627 1
7009822 1
7011098 1
7013919 1
7016403 1
7018718 1
7025064 1
7026234 1
7028187 1
7028954 1
7029910 1
7031086 1
7031634 1
7032485 1
7034396 1
7035362 1
7036720 1
7037751 1
7050539 1
7057850 1
7058877 1
7062773 1
7069718 1
7078561 1
7081650 1
7082519 1
7082634 1
7087107 1
7100453 1
7104609 1
7114965 1
7117641 1
7121550 1
7125034 1
7130680 1
7135502 1
7136037 1
7137091 1
7138450 1
7138472 1
7141105 1
7145301 1
7145629 1
7149239 1
7151634 1
7153395 1
7155318 1
7156491 1
7156934 1
7158720 1
7159477 1
7162447 1
7163417 1
7166601 1
7167112 1
7174402 1
7177573 1
7189063 1
7192964 1
7216089 1
7217198 1
7224078 1
7225808 1
7226575 1
7227279 1
7232136 1
7236038 1
7237010 1
7244865 1
7255016 1
7255216 1
7272492 1
7275805 1
7279301 1
7280522 1
7283514 1
7287557 1
7289014 1
7290071 1
7290978 1
7291926 1
7292750 1
7299053 1
7302499 1
7308788 1
7312606 1
7314355 1
7314838 1
7321787 1
7322825 1
7327173 1
7330535 1
7334953 1
7337452 1
7348733 1
7349688 1
7356405 1
7359116 1
7370244 1
7378352 1
7379978 1
7381200 1
7403381 1
7407718 1
7411005 1
7411886 1
7412682 1
7414761 1
7414836 1
7416869 1
7421444 1
7424238 1
7425184 1
7437888 1
7438893 1
7440023 1
7444072 1
7465463 1
7477562 1
7493294 1
7508434 1
7509347 1
7512908 1
7517420 1
7517700 1
7520253 1
7523157 1
7524208 1
7525945 1
7527169 1
7530084 1
7531999 1
7535406 1
7537678 1
7546741 1
7560124 1
7561876 1
7562314 1
7565401 1
7567917 1
7569370 1
7572814 1
7572842 1
7573481 1
7575945 1
7576629 1
7585011 1
7588323 1
7588406 1
7590159 1
7593747 1
7601329 1
7606293 1
7615642 1
7616414 1
7618518 1
7621027 1
7621928 1
7622126 1
7635417 1
7638984 1
7639983 1
7641366 1
7645331 1
7646601 1
7649026 1
7656568 1
7656623 1
7665912 1
7666990 1
7672626 1
7673854 1
7690788 1
7694323 1
7696007 1
7697910 1
7697953 1
7701362 1
7706892 1
7707977 1
7708280 1
7712226 1
7723833 1
7726961 1
7727352 1
7727661 1
7728668 1
7728866 1
7728915 1
7733855 1
7736098 1
7737829 1
7740010 1
7743116 1
7755709 1
7759702 1
7767165 1
7768314 1
7773833 1
7774834 1
7777603 1
7781465 1
7787703 1
7792860 1
7793225 1
7793355 1
7801887 1
7810072 1
7829809 1
7831825 1
7834968 1
7853486 1
7855637 1
7856906 1
7859783 1
7865004 1
7866734 1
7873610 1
7874097 1
7877174 1
7879615 1
7881663 1
7881788 1
7884372 1
7885344 1
7886885 1
7889960 1
7890982 1
7893909 1
7897628 1
7904389 1
7907106 1
7910353 1
7912013 1
7913795 1
7916450 1
7920042 1
7925533 1
7928913 1
7932668 1
7937992 1
7938509 1
7941200 1
7951975 1
7955720 1
7960548 1
7961441 1
7964510 1
7966294 1
7972855 1
7976600 1
7978498 1
7982069 1
7982707 1
7982954 1
7996594 1
7997177 1
8002780 1
8012344 1
8015755 1
8016119 1
8018706 1
8021178 1
8021617 1
8024441 1
8025697 1
8025973 1
8034209 1
8037349 1
8040113 1
8040114 1
8041810 1
8043197 1
8044868 1
8049570 1
8053439 1
8053836 1
8053952 1
8059998 1
8061614 1
8070422 1
8075040 1
8080272 1
8088553 1
8095689 1
8119603 1
8121925 1
8122707 1
8123095 1
8124811 1
8125550 1
8131482 1
8131955 1
8137465 1
8137514 1
8139781 1
8141230 1
8143316 1
8143317 1
8154461 1
8156737 1
8161342 1
8169807 1
8172097 1
8175337 1
8177176 1
8186590 1
8187032 1
8187560 1
8202949 1
8203061 1
8205647 1
8213959 1
8215287 1
8222926 1
8224590 1
8230710 1
8256552 1
8265239 1
8272616 1
8275036 1
8275490 1
8288512 1
8296892 1
8302956 1
8303244 1
8304008 1
8310199 1
8310813 1
8312243 1
1100 1
1200 1
7601 1
8017 1
21201 1
28145 1
37542 1
48346 1
54433 1
62023 1
78911 1
87289 1
89929 1
100155 1
102201 1
108150 1
114163 1
114733 1
122707 1
123935 1
124216 1
124505 1
125445 1
125517 1
129402 1
131281 1
134443 1
135875 1
138857 1
141733 1
143263 1
147566 1
147821 1
149163 1
149857 1
154921 1
155825 1
156351 1
165812 1
173452 1
174153 1
174986 1
176059 1
180129 1
180218 1
185167 1
194555 1
196532 1
196552 1
202398 1
205940 1
206048 1
212217 1
218867 1
219175 1
220220 1
223208 1
229448 1
230093 1
230688 1
230904 1
237910 1
251934 1
252986 1
259752 1
261533 1
269796 1
275205 1
277187 1
285577 1
289342 1
294545 1
297126 1
300416 1
321817 1
335196 1
336167 1
338860 1
338991 1
340817 1
347076 1
351036 1
356240 1
357377 1
364665 1
376681 1
379862 1
381290 1
381931 1
389832 1
419220 1
421714 1
421783 1
425656 1
426903 1
428490 1
431887 1
444077 1
447030 1
448283 1
452916 1
458047 1
476723 1
478190 1
481419 1
483265 1
486145 1
489074 1
491799 1
495646 1
501891 1
506166 1
510187 1
516851 1
519463 1
531221 1
547583 1
564583 1
566178 1
567673 1
569607 1
571141 1
571148 1
583919 1
584013 1
584141 1
584177 1
587351 1
587593 1
587694 1
588620 1
590159 1
594116 1
608625 1
608653 1
633659 1
648641 1
655184 1
658579 1
663041 1
666526 1
668308 1
677592 1
685563 1
688487 1
690207 1
690297 1
698948 1
700199 1
700772 1
702599 1
703632 1
706426 1
709460 1
710948 1
713249 1
716391 1
716688 1
719902 1
719928 1
721369 1
724323 1
725703 1
731194 1
736921 1
747498 1
747582 1
750390 1
751917 1
757084 1
763834 1
764871 1
771962 1
772129 1
801334 1
812165 1
814705 1
816369 1
816578 1
821814 1
832981 1
839496 1
842223 1
844990 1
855857 1
857721 1
859987 1
861782 1
866930 1
868122 1
869352 1
874832 1
880682 1
888810 1
891293 1
899917 1
900448 1
905163 1
911582 1
915605 1
917342 1
920922 1
922909 1
923157 1
924507 1
949420 1
953658 1
957021 1
959008 1
984786 1
993604 1
1002915 1
1003857 1
1006366 1
1008190 1
1011343 1
1013563 1
1026236 1
1028078 1
1028556 1
1030811 1
1030834 1
1037517 1
1037891 1
1038348 1
1042389 1
1042498 1
1042873 1
1043412 1
1045252 1
1052375 1
1054469 1
1054521 1
1054895 1
1058966 1
1060341 1
1063422 1
1065577 1
1072096 1
1073639 1
1077020 1
1088373 1
1089434 1
1090565 1
1095528 1
1099687 1
1106874 1
1110868 1
1114839 1
1120772 1
1121074 1
1131529 1
1134804 1
1137702 1
1139505 1
1142077 1
1144744 1
1149451 1
1160863 1
1161346 1
1175439 1
1188939 1
1189820 1
1194224 1
1203743 1
1207377 1
1214572 1
1217218 1
1218150 1
1218349 1
1220142 1
1226796 1
1226803 1
1227525 1
1228509 1
1241129 1
1241984 1
1247881 1
1249350 1
1257173 1
1258352 1
1259329 1
1259411 1
1261740 1
1264128 1
1266075 1
1272083 1
1272818 1
1276037 1
1279945 1
1281583 1
1284099 1
1286690 1
1289577 1
1291596 1
1294928 1
1296394 1
1296488 1
1297555 1
1299527 1
1301682 1
1310991 1
1311256 1
1311444 1
1319136 1
1320757 1
1323992 1
1324976 1
1336394 1
1350257 1
1353660 1
1355223 1
1356147 1
1356399 1
1356475 1
1358146 1
1360041 1
1365672 1
1370254 1
1374287 1
1376298 1
1381056 1
1387661 1
1393478 1
1397586 1
1398699 1
1405900 1
1413272 1
1414560 1
1423622 1
1425113 1
1426036 1
1427067 1
1429586 1
1429774 1
1432067 1
1432081 1
1435308 1
1441784 1
1443328 1
1450294 1
1450544 1
1457960 1
1461652 1
1461921 1
1463094 1
1463933 1
1464037 1
1465800 1
1465915 1
1466531 1
1468770 1
1477325 1
1480393 1
1480938 1
1486641 1
1487966 1
1496201 1
1497705 1
1497731 1
1499398 1
1500156 1
1505222 1
1517309 1
1518764 1
1526864 1
1529398 1
1530000 1
1530016 1
1531699 1
1538348 1
1546541 1
1553096 1
1564035 1
1572796 1
1578644 1
1580725 1
1587848 1
1590483 1
1590550 1
1595677 1
1595802 1
1599601 1
1600298 1
1604047 1
1610299 1
1610389 1
1612507 1
1630103 1
1631730 1
1641357 1
1642974 1
1650385 1
1652929 1
1655423 1
1656415 1
1661079 1
1661139 1
1668518 1
1669742 1
1672470 1
1673698 1
1675442 1
1695768 1
1697838 1
1699598 1
1702206 1
1703141 1
1704989 1
1706026 1
1706570 1
1709439 1
1709505 1
1716007 1
1716433 1
1718678 1
1722416 1
1731709 1
1732291 1
1735112 1
1735812 1
1742458 1
1744842 1
1745656 1
1749679 1
1781995 1
1784771 1
1788987 1
1789726 1
1790789 1
1790968 1
1791002 1
1795170 1
1800123 1
1801764 1
1802086 1
1809144 1
1809150 1
1814115 1
1818984 1
1821591 1
1822440 1
1822994 1
1823924 1
1824001 1
1824767 1
1825781 1
1829405 1
1833252 1
1843672 1
1847966 1
1853540 1
1855876 1
1857788 1
1861492 1
1863419 1
1875486 1
1878516 1
1879619 1
1881702 1
1895687 1
1897703 1
1900162 1
1902270 1
1904055 1
1911974 1
1914590 1
1914877 1
1917487 1
1917790 1
1923124 1
1923270 1
1929024 1
1935754 1
1950363 1
1963211 1
1964284 1
1965490 1
1966485 1
1968951 1
1969600 1
1971202 1
1972447 1
1986208 1
1991979 1
1999432 1
2003609 1
2009513 1
2011287 1
2012048 1
2015151 1
2015426 1
2016914 1
2025198 1
2029146 1
2047431 1
2048823 1
2053932 1
2055119 1
2064556 1
2066648 1
2073666 1
2075257 1
2076880 1
2082883 1
2093486 1
2095486 1
2097144 1
2097148 1
2099536 1
2099701 1
2103059 1
2104986 1
2105743 1
2107938 1
2111540 1
2112666 1
2115093 1
2117184 1
2117189 1
2117921 1
2118469 1
2121752 1
2125563 1
2128602 1
2150616 1
2157584 1
2173616 1
2179257 1
2180165 1
2182763 1
2183727 1
2184806 1
2184926 1
2185657 1
2186615 1
2186671 1
2186807 1
2192752 1
2196771 1
2197146 1
2200325 1
2204534 1
2220199 1
2225883 1
2228019 1
2235805 1
2236139 1
2240464 1
2248277 1
2248509 1
2254409 1
2263127 1
2264721 1
2270705 1
2276555 1
2282752 1
2285390 1
2288891 1
2289459 1
2293293 1
2297472 1
2300809 1
2307270 1
2307878 1
2308382 1
2312620 1
2320441 1
2331679 1
2332015 1
2332347 1
2342109 1
2344156 1
2350911 1
2360264 1
2360274 1
2365227 1
2367115 1
2368370 1
2376457 1
2376855 1
2381516 1
2386972 1
2387336 1
2396365 1
2402236 1
2403650 1
2404156 1
2414415 1
2420765 1
2424520 1
2431233 1
2432483 1
2440613 1
2442207 1
2443489 1
2445494 1
2446366 1
2447430 1
2452949 1
2459017 1
2459768 1
2463259 1
2470945 1
2472609 1
2473007 1
2476311 1
2476893 1
2478329 1
2481789 1
2485635 1
2495014 1
2495201 1
2498939 1
2502396 1
2504511 1
2507391 1
2520891 1
2521150 1
2522635 1
2522974 1
2524579 1
2525410 1
2528299 1
2531845 1
2541902 1
2542390 1
2544211 1
2547960 1
2551214 1
2552828 1
2565006 1
2565822 1
2567229 1
2576307 1
2583325 1
2586024 1
2587558 1
2593769 1
2595502 1
2599099 1
2605497 1
2606482 1
2608046 1
2608205 1
2608614 1
2608765 1
2610414 1
2611878 1
2616685 1
2620828 1
2621014 1
2621165 1
2622263 1
2623012 1
2632104 1
2632800 1
2634286 1
2634962 1
2643844 1
2644503 1
2650210 1
2651530 1
2654499 1
2666496 1
2667268 1
2667990 1
2670836 1
2672352 1
2672915 1
2675386 1
2677238 1
2678406 1
2685066 1
2694219 1
2694402 1
2698599 1
2710328 1
2728318 1
2752755 1
2754251 1
2756074 1
2765103 1
2765512 1
2767958 1
2769680 1
2769761 1
2770762 1
2773559 1
2785550 1
2786314 1
2787959 1
2790018 1
2800214 1
2801349 1
2802527 1
2803149 1
2815895 1
2817977 1
2822818 1
2822845 1
2826535 1
2850887 1
2858738 1
2867138 1
2869149 1
2871843 1
2873955 1
2880604 1
2881570 1
2884326 1
2885624 1
2889593 1
2895305 1
2895694 1
2903444 1
2915597 1
2916057 1
2916591 1
2919691 1
2919817 1
2928710 1
2929205 1
2935182 1
2939678 1
2943456 1
2944220 1
2954835 1
2959226 1
2959560 1
2961588 1
2963558 1
2964879 1
2965371 1
2974253 1
2975110 1
2976096 1
2983216 1
2988422 1
2989362 1
2989830 1
2994948 1
3003756 1
3004832 1
3005045 1
3016818 1
3027439 1
3029130 1
3029640 1
3039544 1
3043146 1
3043194 1
3044218 1
3045023 1
3053107 1
3058447 1
3058472 1
3059986 1
3069475 1
3078257 1
3081668 1
3087064 1
3090194 1
3095702 1
3097083 1
3103300 1
3109316 1
3109318 1
3111785 1
3111955 1
3112668 1
3117695 1
3118285 1
3118344 1
3118596 1
3118879 1
3118900 1
3119791 1
3119963 1
3124319 1
3129782 1
3143662 1
3143675 1
3144773 1
3144819 1
3148138 1
3149797 1
3149808 1
3151025 1
3151890 1
3164363 1
3167788 1
3168313 1
3168854 1
3170047 1
3174561 1
3179585 1
3180717 1
3185475 1
3199112 1
3199459 1
3204981 1
3207488 1
3207781 1
3209914 1
3211936 1
3212456 1
3213612 1
3221516 1
3225390 1
3237347 1
3241921 1
3246715 1
3251411 1
3254760 1
3254868 1
3261418 1
3266112 1
3266959 1
3270307 1
3275306 1
3276543 1
3277635 1
3278068 1
3284957 1
3289356 1
3293669 1
3294755 1
3297728 1
3299060 1
3304529 1
3306100 1
3311419 1
3324327 1
3329690 1
3332043 1
3333203 1
3336501 1
3351381 1
3358835 1
3361526 1
3364911 1
3382173 1
3388702 1
3390910 1
3403000 1
3405707 1
3414190 1
3415678 1
3417462 1
3428240 1
3433736 1
3434012 1
3435094 1
3436996 1
3437156 1
3437158 1
3440416 1
3440646 1
3454446 1
3456666 1
3466036 1
3473570 1
3478390 1
3481472 1
3485409 1
3487595 1
3502674 1
3502990 1
3504560 1
3504853 1
3506239 1
3507081 1
3508305 1
3512751 1
3513384 1
3513502 1
3513826 1
3518246 1
3520659 1
3522634 1
3534252 1
3542366 1
3545491 1
3550852 1
3551786 1
3553422 1
3554622 1
3560809 1
3561808 1
3571288 1
3572015 1
3581463 1
3589900 1
3595035 1
3598012 1
3601050 1
3605538 1
3606465 1
3607429 1
3613626 1
3627490 1
3641643 1
3653512 1
3655867 1
3657182 1
3657782 1
3658808 1
3659773 1
3660524 1
3668956 1
3675529 1
3676935 1
3685495 1
3689375 1
3689567 1
3691276 1
3694979 1
3695056 1
3696278 1
3698428 1
3698608 1
3702488 1
3713761 1
3714718 1
3722641 1
3729307 1
3734229 1
3734236 1
3744776 1
3745804 1
3747837 1
3748296 1
3751954 1
3752306 1
3755023 1
3764167 1
3778032 1
3782159 1
3782564 1
3789683 1
3791864 1
3794440 1
3795588 1
3797287 1
3800571 1
3810034 1
3813920 1
3813923 1
3825475 1
3826430 1
3833758 1
3835225 1
3840191 1
3848217 1
3863756 1
3865661 1
3867229 1
3868551 1
3870267 1
3870468 1
3871359 1
3873157 1
3874064 1
3874459 1
3877527 1
3877750 1
3889119 1
3890320 1
3890412 1
3894241 1
3913968 1
3914557 1
3919166 1
3927082 1
3932526 1
3944331 1
3954050 1
3954679 1
3955670 1
3963111 1
3970669 1
3972813 1
3972978 1
3979256 1
3989966 1
3990956 1
3994319 1
4010348 1
4010364 1
4010365 1
4014791 1
4016512 1
4020275 1
4021734 1
4022667 1
4022730 1
4026283 1
4029250 1
4030213 1
4030360 1
4038012 1
4043701 1
4057750 1
4060295 1
4061950 1
4065508 1
4079403 1
4079934 1
4085134 1
4087898 1
4092072 1
4096796 1
4105982 1
4108676 1
4115533 1
4136062 1
4136884 1
4139854 1
4146567 1
4146617 1
4149505 1
4151225 1
4159144 1
4159613 1
4179006 1
4179015 1
4179182 1
4180059 1
4180519 1
4181589 1
4182173 1
4189243 1
4189261 1
4191068 1
4192081 1
4194554 1
4201768 1
4205452 1
4206274 1
4211087 1
4215459 1
4218383 1
4220266 1
4224301 1
4225491 1
4234269 1
4234308 1
4234661 1
4240599 1
4242580 1
4247219 1
4254105 1
4254875 1
4256827 1
4259464 1
4260798 1
4262401 1
4264759 1
4267064 1
4272832 1
4275527 1
4276380 1
4293958 1
4304097 1
4306072 1
4311959 1
4319872 1
4321601 1
4324901 1
4328003 1
4332596 1
4342157 1
4343194 1
4344545 1
4345479 1
4350832 1
4351530 1
4352222 1
4354391 1
4356027 1
4357993 1
4360071 1
4361090 1
4361678 1
4364093 1
4365657 1
4368953 1
4369231 1
4374749 1
4380537 1
4380952 1
4384295 1
4384461 1
4400122 1
4401324 1
4407777 1
4410453 1
4416452 1
4418822 1
4419640 1
4424659 1
4427698 1
4428494 1
4428924 1
4429495 1
4429944 1
4435065 1
4437953 1
4442389 1
4447045 1
4461653 1
4467919 1
4469444 1
4469639 1
4470334 1
4481713 1
4487446 1
4490197 1
4493520 1
4494037 1
4498298 1
4498461 1
4498747 1
4500415 1
4506373 1
4516367 1
4516790 1
4517571 1
4526522 1
4529034 1
4536961 1
4539606 1
4544585 1
4545781 1
4547246 1
4553884 1
4558477 1
4564329 1
4566183 1
4569520 1
4582757 1
4584897 1
4586155 1
4586546 1
4587121 1
4590277 1
4590458 1
4592542 1
4605273 1
4608861 1
4615175 1
4620080 1
4621333 1
4632050 1
4632264 1
4633459 1
4636531 1
4638739 1
4641587 1
4648197 1
4650402 1
4655646 1
4658169 1
4659957 1
4661372 1
4662177 1
4669870 1
4669961 1
4669982 1
4670189 1
4671550 1
4672592 1
4682925 1
4683583 1
4687174 1
4693114 1
4695785 1
4699609 1
4700372 1
4707903 1
4711301 1
4714893 1
4716456 1
4720754 1
4729304 1
4731160 1
4732829 1
4734710 1
4739293 1
4741329 1
4761598 1
4763418 1
4765325 1
4768075 1
4771215 1
4771718 1
4778694 1
4789821 1
4790843 1
4791694 1
4791931 1
4793429 1
4794892 1
4796505 1
4797354 1
4799066 1
4800699 1
4802964 1
4813380 1
4816127 1
4816150 1
4816886 1
4817970 1
4825550 1
4829583 1
4834186 1
4848515 1
4851039 1
4857017 1
4866417 1
4870974 1
4871049 1
4872950 1
4873378 1
4874435 1
4881248 1
4883073 1
4885077 1
4892120 1
4892601 1
4895728 1
4896401 1
4899426 1
4900008 1
4900288 1
4902659 1
4903697 1
4905385 1
4909616 1
4914264 1
4917408 1
4927909 1
4928358 1
4929586 1
4951339 1
4955588 1
4961743 1
4964584 1
4971597 1
4976603 1
4978496 1
4980331 1
4998565 1
4999090 1
5000809 1
5006256 1
5016127 1
5023913 1
5029451 1
5036798 1
5038596 1
5041535 1
5044539 1
5044713 1
5045612 1
5045621 1
5047551 1
5048247 1
5069951 1
5071776 1
5073790 1
5075305 1
5076110 1
5077362 1
5077510 1
5078784 1
5086212 1
5090804 1
5093962 1
5109262 1
5116379 1
5136409 1
5151444 1
5162430 1
5163636 1
5164103 1
5166281 1
5174094 1
5176246 1
5177556 1
5177679 1
5182404 1
5186953 1
5190216 1
5190236 1
5198099 1
5198682 1
5203314 1
5206415 1
5207950 1
5217453 1
5221781 1
5221933 1
5223195 1
5228604 1
5231487 1
5233730 1
5235930 1
5238419 1
5252408 1
5254700 1
5255437 1
5256362 1
5257003 1
5258205 1
5259441 1
5297296 1
5297866 1
5301359 1
5302427 1
5304118 1
5309637 1
5327542 1
5330107 1
5331564 1
5340143 1
5341009 1
5347841 1
5349549 1
5350052 1
5352083 1
5354019 1
5356030 1
5366194 1
5386247 1
5390295 1
5390961 1
5411263 1
5417223 1
5422311 1
5425191 1
5433274 1
5435774 1
5441116 1
5448202 1
5448452 1
5465896 1
5466039 1
5475328 1
5478344 1
5485181 1
5488336 1
5488465 1
5494882 1
5500378 1
5513279 1
5516388 1
5523009 1
5529746 1
5538406 1
5544187 1
5550343 1
5550384 1
5551727 1
5559885 1
5561565 1
5568025 1
5570870 1
5571774 1
5575407 1
5583858 1
5586793 1
5589412 1
5591879 1
5593792 1
5597727 1
5599358 1
5599566 1
5607665 1
5616797 1
5619966 1
5621735 1
5635430 1
5648815 1
5649717 1
5652328 1
5653178 1
5654801 1
5655800 1
5659953 1
5662714 1
5667640 1
5677956 1
5685694 1
5686877 1
5693495 1
5693789 1
5694084 1
5695680 1
5696014 1
5696030 1
5698557 1
5709733 1
5718297 1
5724339 1
5729879 1
5736595 1
5736803 1
5738173 1
5744527 1
5751717 1
5752402 1
5753736 1
5757277 1
5767105 1
5771426 1
5779081 1
5782081 1
5789736 1
5800628 1
5804433 1
5806840 1
5818014 1
5822163 1
5822179 1
5825251 1
5833213 1
5853991 1
5858900 1
5858923 1
5859219 1
5860330 1
5860339 1
5861175 1
5867684 1
5872175 1
5872589 1
5877050 1
5890610 1
5893515 1
5893640 1
5893651 1
5894023 1
5894266 1
5914736 1
5917296 1
5921935 1
5922269 1
5925495 1
5926491 1
5927233 1
5927588 1
5933360 1
5933463 1
5935358 1
5937197 1
5938414 1
5944939 1
5950896 1
5954490 1
5954788 1
5960027 1
5960410 1
5961128 1
5972032 1
5973131 1
5974887 1
5986741 1
5987394 1
5987475 1
5990822 1
5993957 1
5996291 1
5999038 1
6002612 1
6003334 1
6004708 1
6010567 1
6012245 1
6015779 1
6025266 1
6030841 1
6037201 1
6038836 1
6039269 1
6039780 1
6040016 1
6042474 1
6044880 1
6047646 1
6049030 1
6052673 1
6055623 1
6062716 1
6066045 1
6070969 1
6071877 1
6079769 1
6083390 1
6087202 1
6097746 1
6097833 1
6104957 1
6108149 1
6108895 1
6110586 1
6114500 1
6122011 1
6123388 1
6137223 1
6140712 1
6143811 1
6145960 1
6151529 1
6151854 1
6157239 1
6167605 1
6175073 1
6184264 1
6186883 1
6188031 1
6205379 1
6209271 1
6224654 1
6224971 1
6228192 1
6235724 1
6238924 1
6250712 1
6251411 1
6255219 1
6258692 1
6261354 1
6269763 1
6270854 1
6282189 1
6284760 1
6286963 1
6290102 1
6292806 1
6293239 1
6297640 1
6299984 1
6301221 1
6304414 1
6304480 1
6309821 1
6309945 1
6310327 1
6310985 1
6318451 1
6330871 1
6333832 1
6336109 1
6337143 1
6337939 1
6338038 1
6338148 1
6338459 1
6342677 1
6353435 1
6357341 1
6358681 1
6363630 1
6364098 1
6369181 1
6369482 1
6372549 1
6373834 1
6376190 1
6377554 1
6377787 1
6378605 1
6386881 1
6387502 1
6397853 1
6398354 1
6398804 1
6400541 1
6403115 1
6403138 1
6406525 1
6408992 1
6412659 1
6425727 1
6426137 1
6427928 1
6430606 1
6434320 1
6439252 1
6442458 1
6444130 1
6455714 1
6458332 1
6466585 1
6467458 1
6468671 1
6476196 1
6482314 1
6488178 1
6490584 1
6496370 1
6502152 1
6502241 1
6504317 1
6504884 1
6506045 1
6506748 1
6507100 1
6512155 1
6518581 1
6523391 1
6524717 1
6529577 1
6529848 1
6530553 1
6535701 1
6540977 1
6542076 1
6549877 1
6553090 1
6555237 1
6555712 1
6558028 1
6561310 1
6563606 1
6564052 1
6569716 1
6570308 1
6578462 1
6580418 1
6587357 1
6587757 1
6589095 1
6600368 1
6604951 1
6611173 1
6614844 1
6617419 1
6627363 1
6629073 1
6630465 1
6630732 1
6632346 1
6632374 1
6632821 1
6633796 1
6644408 1
6645366 1
6646459 1
6647398 1
6654827 1
6663637 1
6674141 1
6683261 1
6693044 1
6693389 1
6696609 1
6700851 1
6703143 1
6703187 1
6709342 1
6715934 1
6720140 1
6726487 1
6727138 1
6734623 1
6747350 1
6748586 1
6749027 1
6749884 1
6751424 1
6763336 1
6770794 1
6772208 1
6776323 1
6777753 1
6778083 1
6778862 1
6784589 1
6784800 1
6794698 1
6797282 1
6801730 1
6809207 1
6810015 1
6810447 1
6813808 1
6818376 1
6824050 1
6824363 1
6824632 1
6825442 1
6831363 1
6836472 1
6836491 1
6840604 1
6847390 1
6849971 1
6850569 1
6853165 1
6855724 1
6857011 1
6858455 1
6859405 1
6868843 1
6871411 1
6875854 1
6879839 1
6879917 1
6884452 1
6884903 1
6893115 1
6893217 1
6894813 1
6896008 1
6896324 1
6900243 1
6902917 1
6905328 1
6911122 1
6915690 1
6917994 1
6931477 1
6934247 1
6937629 1
6937736 1
6938033 1
6944477 1
6946789 1
6947516 1
6950991 1
6951915 1
6963602 1
6965326 1
6967987 1
6971081 1
6971597 1
6973146 1
6973623 1
6976659 1
6986429 1
6986564 1
6989729 1
6990730 1
6992347 1
6995792 1
7002557 1
7012251 1
7022976 1
7028201 1
7029537 1
7034291 1
7037166 1
7038116 1
7039080 1
7041916 1
7043179 1
7044132 1
7044357 1
7044732 1
7054515 1
7055411 1
7071816 1
7080106 1
7081738 1
7098260 1
7099253 1
7099523 1
7100294 1
7101549 1
7102770 1
7109272 1
7109504 1
7113369 1
7113598 1
7113902 1
7117130 1
7123047 1
7126466 1
7126899 1
7128733 1
7131181 1
7134685 1
7135675 1
7136429 1
7138950 1
7138959 1
7140866 1
7141098 1
7144528 1
7159489 1
7162720 1
7174208 1
7175729 1
7177550 1
7178216 1
7184848 1
7186220 1
7195149 1
7198643 1
7206194 1
7207900 1
7223211 1
7223427 1
7224763 1
7227589 1
7232794 1
7239723 1
7248981 1
7254236 1
7254847 1
7257298 1
7258569 1
7283586 1
7294672 1
7298572 1
7300509 1
7304621 1
7305697 1
7313320 1
7318611 1
7319057 1
7320995 1
7326840 1
7330601 1
7336683 1
7338011 1
7345768 1
7350795 1
7351517 1
7359299 1
7378076 1
7380846 1
7387447 1
7387676 1
7396115 1
7400976 1
7406904 1
7409191 1
7410546 1
7414921 1
7416512 1
7418959 1
7419876 1
7420610 1
7420888 1
7429109 1
7430863 1
7435862 1
7446447 1
7448858 1
7451259 1
7459923 1
7469086 1
7475263 1
7484981 1
7492956 1
7496891 1
7497860 1
7501951 1
7511353 1
7513766 1
7513767 1
7517404 1
7526259 1
7527652 1
7534349 1
7537359 1
7537364 1
7539876 1
7542382 1
7542384 1
7542781 1
7560648 1
7564925 1
7569761 1
7589945 1
7590121 1
7593883 1
7593950 1
7599471 1
7601411 1
7602366 1
7613152 1
7613729 1
7618649 1
7623965 1
7625511 1
7630267 1
7631948 1
7638004 1
7641175 1
7646856 1
7648346 1
7648354 1
7653314 1
7659384 1
7661850 1
7664357 1
7671145 1
7673936 1
7680108 1
7681681 1
7682585 1
7682623 1
7683412 1
7691247 1
7693806 1
7694365 1
7698104 1
7709611 1
7715210 1
7721895 1
7722035 1
7723558 1
7724053 1
7729252 1
7731766 1
7733113 1
7740355 1
7744578 1
7755678 1
7771862 1
7772875 1
7774247 1
7776980 1
7777397 1
7777671 1
7779834 1
7782569 1
7784988 1
7787375 1
7788611 1
7822302 1
7824940 1
7828926 1
7833085 1
7835370 1
7835774 1
7842174 1
7852763 1
7855466 1
7855839 1
7859636 1
7863567 1
7868602 1
7872064 1
7874828 1
7875958 1
7877245 1
7887430 1
7889932 1
7892228 1
7894363 1
7894555 1
7895535 1
7896713 1
7898311 1
7904260 1
7917768 1
7918648 1
7922684 1
7931342 1
7931361 1
7932823 1
7933746 1
7936237 1
7942193 1
7949503 1
7950085 1
7958383 1
7959500 1
7960002 1
7961655 1
7962943 1
7965136 1
7965884 1
7966160 1
7968490 1
7971547 1
7976025 1
7976826 1
7980354 1
7981089 1
7981306 1
7984283 1
7985264 1
7988301 1
7989387 1
7997522 1
8001764 1
8007404 1
8011378 1
8015813 1
8015923 1
8021038 1
8024227 1
8025765 1
8028159 1
8038204 1
8038441 1
8040612 1
8045933 1
8049480 1
8053723 1
8054934 1
8058604 1
8061269 1
8062813 1
8070282 1
8077325 1
8077895 1
8086893 1
8093933 1
8096987 1
8102184 1
8104723 1
8105940 1
8106934 1
8116175 1
8118063 1
8126987 1
8129825 1
8133901 1
8134618 1
8141323 1
8152611 1
8156379 1
8157164 1
8161578 1
8163247 1
8165020 1
8166303 1
8166659 1
8174736 1
8174804 1
8177153 1
8179254 1
8182431 1
8185242 1
8202257 1
8213082 1
8232976 1
8240640 1
8242858 1
8245824 1
8249786 1
8250186 1
8263829 1
8265266 1
8267680 1
8270456 1
8272115 1
8272329 1
8283270 1
8291727 1
8292153 1
8296351 1
8298326 1
8299759 1
8306648 1
8308396 1
8308717 1
5611 1
7757 1
8802 1
11197 1
32307 1
41814 1
50878 1
54513 1
82974 1
93289 1
98050 1
101412 1
105592 1
106493 1
112431 1
116071 1
116837 1
117057 1
118248 1
120591 1
120691 1
128329 1
130059 1
134296 1
139711 1
143618 1
144712 1
145363 1
146806 1
148675 1
149765 1
160853 1
161599 1
166985 1
168701 1
172564 1
174171 1
186162 1
200099 1
200250 1
200445 1
200448 1
200478 1
201120 1
201559 1
201984 1
202377 1
203891 1
205867 1
209658 1
212744 1
212833 1
214570 1
215512 1
218664 1
224714 1
226513 1
228992 1
229713 1
230629 1
231044 1
237415 1
237860 1
244712 1
252563 1
253438 1
268445 1
273235 1
276229 1
281199 1
283277 1
297025 1
302475 1
303653 1
310904 1
313493 1
316474 1
318418 1
326640 1
326645 1
327389 1
335469 1
338738 1
339572 1
339578 1
354565 1
381681 1
410749 1
424412 1
425147 1
427667 1
429343 1
430152 1
431105 1
440653 1
448822 1
452757 1
454837 1
456128 1
465160 1
466818 1
476262 1
479668 1
486998 1
487170 1
487909 1
503218 1
509518 1
516590 1
524142 1
529211 1
535421 1
535479 1
537062 1
537794 1
552337 1
553368 1
559962 1
562623 1
564992 1
567800 1
567935 1
568998 1
569792 1
569979 1
574880 1
576501 1
583636 1
583834 1
606040 1
606196 1
608206 1
610242 1
613697 1
615199 1
616002 1
634363 1
642065 1
642482 1
643351 1
658290 1
658798 1
659428 1
662887 1
665725 1
677780 1
682237 1
685299 1
686041 1
699187 1
708626 1
709545 1
710004 1
710881 1
717264 1
719381 1
725351 1
731886 1
734566 1
736895 1
739511 1
746227 1
752865 1
765276 1
769461 1
770552 1
782099 1
793041 1
796889 1
828557 1
829076 1
831168 1
847185 1
848435 1
869198 1
873008 1
873486 1
895179 1
912588 1
912948 1
913711 1
919019 1
920652 1
922594 1
923927 1
928978 1
929460 1
930734 1
937873 1
939085 1
940495 1
946060 1
951285 1
952524 1
955056 1
957326 1
958640 1
966761 1
966955 1
978899 1
979446 1
984739 1
986127 1
987821 1
991312 1
993620 1
998560 1
1001875 1
1004286 1
1010609 1
1016018 1
1016126 1
1018781 1
1022468 1
1025637 1
1028252 1
1029296 1
1030831 1
1030837 1
1035158 1
1038154 1
1041185 1
1041286 1
1043154 1
1047718 1
1051902 1
1052705 1
1054572 1
1066995 1
1070364 1
1071821 1
1072526 1
1073628 1
1075110 1
1076935 1
1077629 1
1083462 1
1087850 1
1087876 1
1090123 1
1091026 1
1091446 1
1092876 1
1093704 1
1093734 1
1093983 1
1095795 1
1096113 1
1097491 1
1101188 1
1101341 1
1101802 1
1107129 1
1108392 1
1109819 1
1109977 1
1111372 1
1111379 1
1121628 1
1123063 1
1136348 1
1143504 1
1145767 1
1149466 1
1149703 1
1150413 1
1151320 1
1152368 1
1156853 1
1160735 1
1168812 1
1176137 1
1185768 1
1191294 1
1194951 1
1195476 1
1203240 1
1205161 1
1205577 1
1206088 1
1213260 1
1215775 1
1216098 1
1225818 1
1226321 1
1226565 1
1233228 1
1233575 1
1238562 1
1240859 1
1241375 1
1254630 1
1258441 1
1267240 1
1294913 1
1295216 1
1295972 1
1298414 1
1301465 1
1301911 1
1303424 1
1303527 1
1304449 1
1305815 1
1305866 1
1306074 1
1311170 1
1311379 1
1313926 1
1318999 1
1324982 1
1325360 1
1326790 1
1326951 1
1328123 1
1329950 1
1333818 1
1334925 1
1337324 1
1337327 1
1349451 1
1351508 1
1357902 1
1361922 1
1363272 1
1363554 1
1364511 1
1368959 1
1373657 1
1375181 1
1375863 1
1377213 1
1379410 1
1380518 1
1387354 1
1393796 1
1397217 1
1397359 1
1397537 1
1400364 1
1400373 1
1401794 1
1405378 1
1405569 1
1406033 1
1406340 1
1406467 1
1408986 1
1410735 1
1414440 1
1417815 1
1422177 1
1426894 1
1432637 1
1433912 1
1440824 1
1443442 1
1445325 1
1448045 1
1473338 1
1474443 1
1477974 1
1484276 1
1486389 1
1494917 1
1498732 1
1503634 1
1507258 1
1509438 1
1509768 1
1517817 1
1518828 1
1525550 1
1525561 1
1537696 1
1546295 1
1546504 1
1548650 1
1551866 1
1552615 1
1553558 1
1555617 1
1555987 1
1575809 1
1577174 1
1588494 1
1590692 1
1593995 1
1600024 1
1610308 1
1620413 1
1628602 1
1628954 1
1631576 1
1632337 1
1636501 1
1637776 1
1638731 1
1639189 1
1641256 1
1641407 1
1642854 1
1647530 1
1649976 1
1652311 1
1657848 1
1657868 1
1662018 1
1664808 1
1665631 1
1666992 1
1669352 1
1671911 1
1674751 1
1677056 1
1678548 1
1687928 1
1688026 1
1699945 1
1702058 1
1706008 1
1706500 1
1712426 1
1713383 1
1717921 1
1718954 1
1719814 1
1721628 1
1726461 1
1726754 1
1733696 1
1735494 1
1742570 1
1747205 1
1753589 1
1757471 1
1767063 1
1768620 1
1770631 1
1780605 1
1782945 1
1784597 1
1784697 1
1788813 1
1798749 1
1800015 1
1804889 1
1811207 1
1820013 1
1820016 1
1821671 1
1823940 1
1831796 1
1842209 1
1842848 1
1845092 1
1852911 1
1859052 1
1862012 1
1863015 1
1866158 1
1869202 1
1871215 1
1871216 1
1873071 1
1880432 1
1880465 1
1882658 1
1888037 1
1896372 1
1899418 1
1900431 1
1905688 1
1905693 1
1906188 1
1907026 1
1918512 1
1922985 1
1930201 1
1931905 1
1934500 1
1940927 1
1942257 1
1945015 1
1945219 1
1947701 1
1949644 1
1963354 1
1963567 1
1964792 1
1968129 1
1970626 1
1970705 1
1978750 1
1979727 1
2001843 1
2005991 1
2012440 1
2019255 1
2025850 1
2038375 1
2041968 1
2044461 1
2048849 1
2049201 1
2053575 1
2067096 1
2067166 1
2068364 1
2068428 1
2072965 1
2078334 1
2078403 1
2078888 1
2079787 1
2082640 1
2093173 1
2093773 1
2095977 1
2097436 1
2097866 1
2099860 1
2105092 1
2108231 1
2111948 1
2114974 1
2115398 1
2116678 1
2118602 1
2123988 1
2127556 1
2132014 1
2138164 1
2139412 1
2145321 1
2155688 1
2157328 1
2164362 1
2165486 1
2170285 1
2171309 1
2173783 1
2174849 1
2186433 1
2187246 1
2190395 1
2192502 1
2197078 1
2197455 1
2199010 1
2213825 1
2214920 1
2219959 1
2220545 1
2223616 1
2224249 1
2230848 1
2233586 1
2235283 1
2235582 1
2236027 1
2236239 1
2240712 1
2248657 1
2248781 1
2249551 1
2255626 1
2256592 1
2267676 1
2272926 1
2299352 1
2300870 1
2307358 1
2312737 1
2322317 1
2323692 1
2330151 1
2335276 1
2343969 1
2344026 1
2344036 1
2349333 1
2349661 1
2357380 1
2358059 1
2358133 1
2358853 1
2367677 1
2369876 1
2373416 1
2382986 1
2389506 1
2393329 1
2401265 1
2402693 1
2406180 1
2412455 1
2420882 1
2421940 1
2422404 1
2426894 1
2427047 1
2427715 1
2428744 1
2431054 1
2432793 1
2433391 1
2438464 1
2439165 1
2441951 1
2443395 1
2444279 1
2460761 1
2470024 1
2474998 1
2476377 1
2478434 1
2480685 1
2480899 1
2482507 1
2485217 1
2486373 1
2487421 1
2488109 1
2488697 1
2492769 1
2496064 1
2497032 1
2501304 1
2501845 1
2502738 1
2505376 1
2509010 1
2513051 1
2517672 1
2518453 1
2518536 1
2522845 1
2523046 1
2523360 1
2524349 1
2527408 1
2529345 1
2537312 1
2543621 1
2551916 1
2556545 1
2557368 1
2560872 1
2561829 1
2567261 1
2570140 1
2588793 1
2607071 1
2620886 1
2620943 1
2621298 1
2621353 1
2629462 1
2630601 1
2634931 1
2651508 1
2651750 1
2652296 1
2653644 1
2660498 1
2669699 1
2670039 1
2670531 1
2678365 1
2679713 1
2680649 1
2684190 1
2687883 1
2695720 1
2708163 1
2714710 1
2742957 1
2744100 1
2750572 1
2758123 1
2768719 1
2772263 1
2779519 1
2780235 1
2781151 1
2787466 1
2787773 1
2798802 1
2808744 1
2812407 1
2815407 1
2816940 1
2817486 1
2817742 1
2817936 1
2818388 1
2819966 1
2821895 1
2826188 1
2827481 1
2836365 1
2838485 1
2845851 1
2850628 1
2851571 1
2852267 1
2852778 1
2859107 1
2860494 1
2860923 1
2861112 1
2863999 1
2872556 1
2876401 1
2878466 1
2885988 1
2895340 1
2900590 1
2903799 1
2916036 1
2917853 1
2929051 1
2929225 1
2929949 1
2946201 1
2946890 1
2961722 1
2963309 1
2966332 1
2973741 1
2973812 1
2976693 1
2989036 1
2989551 1
2992002 1
2993156 1
2993670 1
3009958 1
3010214 1
3010327 1
3012801 1
3013136 1
3017776 1
3018281 1
3025250 1
3027565 1
3027619 1
3029506 1
3032829 1
3034939 1
3038358 1
3041014 1
3041417 1
3041529 1
3049224 1
3049332 1
3049986 1
3053667 1
3062507 1
3066321 1
3067492 1
3074724 1
3089390 1
3092563 1
3095116 1
3096100 1
3098049 1
3103021 1
3117435 1
3119065 1
3119151 1
3124758 1
3130448 1
3139233 1
3144172 1
3149271 1
3149271 1
3162306 1
3175694 1
3180523 1
3182377 1
3183951 1
3187718 1
3189752 1
3189890 1
3195713 1
3196711 1
3197124 1
3197233 1
3202891 1
3204114 1
3205373 1
3206958 1
3207726 1
3211509 1
3213403 1
3213548 1
3217307 1
3217662 1
3226316 1
3246164 1
3248479 1
3253687 1
3265136 1
3266348 1
3269762 1
3271410 1
3271727 1
3276539 1
3279232 1
3290370 1
3294648 1
3294939 1
3302343 1
3306470 1
3306883 1
3311889 1
3316147 1
3316642 1
3323759 1
3327257 1
3332754 1
3333374 1
3333416 1
3336517 1
3345419 1
3349270 1
3355384 1
3361404 1
3364685 1
3366067 1
3369984 1
3371792 1
3375933 1
3384146 1
3387761 1
3389085 1
3390843 1
3393049 1
3393908 1
3410745 1
3411076 1
3415881 1
3417588 1
3419787 1
3422395 1
3422407 1
3422714 1
3431861 1
3434137 1
3436327 1
3439489 1
3440539 1
3445548 1
3446339 1
3450822 1
3452827 1
3462510 1
3474827 1
3477661 1
3480602 1
3497766 1
3498199 1
3498357 1
3499793 1
3507641 1
3507645 1
3507686 1
3507824 1
3509851 1
3517305 1
3517731 1
3523894 1
3527992 1
3528368 1
3533710 1
3535779 1
3542852 1
3556076 1
3559815 1
3567303 1
3568489 1
3569184 1
3571639 1
3579635 1
3583634 1
3602854 1
3604334 1
3605337 1
3616117 1
3616734 1
3619052 1
3629312 1
3632084 1
3635343 1
3636483 1
3642252 1
3647734 1
3660730 1
3667462 1
3668044 1
3669403 1
3671357 1
3689079 1
3689873 1
3692057 1
3692944 1
3697406 1
3698650 1
3700000 1
3700959 1
3702716 1
3704159 1
3713098 1
3723421 1
3725850 1
3727561 1
3733089 1
3740421 1
3740864 1
3743433 1
3743645 1
3754927 1
3756161 1
3756177 1
3756629 1
3756635 1
3757540 1
3759063 1
3761037 1
3762812 1
3762837 1
3763416 1
3764405 1
3781252 1
3785610 1
3788582 1
3792169 1
3794300 1
3799488 1
3803708 1
3805188 1
3810957 1
3813395 1
3815508 1
3817251 1
3823297 1
3823418 1
3823508 1
3825957 1
3827033 1
3828795 1
3830738 1
3833604 1
3852992 1
3857581 1
3859390 1
3865715 1
3868249 1
3870257 1
3870756 1
3871630 1
3872662 1
3873464 1
3874201 1
3874214 1
3874841 1
3875440 1
3883082 1
3883240 1
3883245 1
3902534 1
3910866 1
3913017 1
3936762 1
3937324 1
3940413 1
3947058 1
3949217 1
3949270 1
3955108 1
3955617 1
3956370 1
3956558 1
3970790 1
3972823 1
3976565 1
3980415 1
3992164 1
3994061 1
3997129 1
4003190 1
4009482 1
4014589 1
4017462 1
4020802 1
4021053 1
4023928 1
4025628 1
4027693 1
4028830 1
4030828 1
4036375 1
4037966 1
4039715 1
4042805 1
4043092 1
4043433 1
4049377 1
4050300 1
4053385 1
4053688 1
4056934 1
4056969 1
4058594 1
4065444 1
4066034 1
4068038 1
4068971 1
4073399 1
4073459 1
4075301 1
4080493 1
4085596 1
4091497 1
4093549 1
4095232 1
4102835 1
4109728 1
4110058 1
4120159 1
4126253 1
4129376 1
4134245 1
4137335 1
4143568 1
4146057 1
4154363 1
4159652 1
4165623 1
4166654 1
4172817 1
4172944 1
4183108 1
4184170 1
4186098 1
4189479 1
4191544 1
4191580 1
4193522 1
4193706 1
4194582 1
4194838 1
4197374 1
4204152 1
4204418 1
4205897 1
4210327 1
4210651 1
4213441 1
4217781 1
4221763 1
4224855 1
4226164 1
4227606 1
4230703 1
4231487 1
4232427 1
4235114 1
4239549 1
4241547 1
4252075 1
4256878 1
4259443 1
4261230 1
4262747 1
4272625 1
4278356 1
4281271 1
4287154 1
4288721 1
4299377 1
4300483 1
4309754 1
4326140 1
4334292 1
4338122 1
4339997 1
4347512 1
4347735 1
4347985 1
4350605 1
4355723 1
4359484 1
4360861 1
4361702 1
4377657 1
4381725 1
4397346 1
4397374 1
4397439 1
4400503 1
4409825 1
4413853 1
4416210 1
4416954 1
4418388 1
4429445 1
4434086 1
4437772 1
4442236 1
4457650 1
4458252 1
4464917 1
4469066 1
4476267 1
4479715 1
4485891 1
4488088 1
4496812 1
4498496 1
4506237 1
4511847 1
4513016 1
4513020 1
4515973 1
4521048 1
4530671 1
4535075 1
4535854 1
4538339 1
4545233 1
4552305 1
4567038 1
4567070 1
4569476 1
4569895 1
4579729 1
4596235 1
4604829 1
4611738 1
4613428 1
4622038 1
4634990 1
4638286 1
4640810 1
4644431 1
4648385 1
4650001 1
4653254 1
4654257 1
4654785 1
4665460 1
4667015 1
4667307 1
4669496 1
4669643 1
4669785 1
4671207 1
4672349 1
4677615 1
4677996 1
4680646 1
4681587 1
4682221 1
4682407 1
4689464 1
4692843 1
4693753 1
4699123 1
4700038 1
4721661 1
4721789 1
4724219 1
4729135 1
4731567 1
4738104 1
4745373 1
4746539 1
4748733 1
4752752 1
4762913 1
4769361 1
4774473 1
4778634 1
4784311 1
4788581 1
4792616 1
4796209 1
4809236 1
4810250 1
4815270 1
4818171 1
4828708 1
4835597 1
4836559 1
4837620 1
4837774 1
4838502 1
4846670 1
4855304 1
4857806 1
4858651 1
4866523 1
4870092 1
4870833 1
4875034 1
4875139 1
4875590 1
4881830 1
4882566 1
4884388 1
4885057 1
4889180 1
4892066 1
4893463 1
4893695 1
4899361 1
4900665 1
4900724 1
4905655 1
4905999 1
4911672 1
4923910 1
4929121 1
4933790 1
4937953 1
4948881 1
4952684 1
4960504 1
4963435 1
4964658 1
4965931 1
4978611 1
4978854 1
4980438 1
4981925 1
4983571 1
4995946 1
5002489 1
5009300 1
5024971 1
5030422 1
5038648 1
5041844 1
5042163 1
5045409 1
5045743 1
5046088 1
5046183 1
5047075 1
5048172 1
5050416 1
5068704 1
5074704 1
5075411 1
5079101 1
5080512 1
5082574 1
5089500 1
5089862 1
5090194 1
5090253 1
5110211 1
5113467 1
5122813 1
5127992 1
5128102 1
5131125 1
5133698 1
5133703 1
5142422 1
5144802 1
5146278 1
5153899 1
5154948 1
5155563 1
5156049 1
5158509 1
5159312 1
5160847 1
5163756 1
5164472 1
5168958 1
5177708 1
5181546 1
5182965 1
5187510 1
5190856 1
5192393 1
5196924 1
5198417 1
5204422 1
5210011 1
5211689 1
5217171 1
5218296 1
5221279 1
5221418 1
5232950 1
5234295 1
5236922 1
5246264 1
5257153 1
5257987 1
5263408 1
5279529 1
5283507 1
5286927 1
5293406 1
5293671 1
5313430 1
5322185 1
5322502 1
5324567 1
5331713 1
5331988 1
5334385 1
5344647 1
5371701 1
5372390 1
5393461 1
5395726 1
5426213 1
5426260 1
5430473 1
5430777 1
5431485 1
5441876 1
5446186 1
5446322 1
5454825 1
5455923 1
5461703 1
5475625 1
5489489 1
5493322 1
5498730 1
5523023 1
5524532 1
5529412 1
5530560 1
5536730 1
5549906 1
5552983 1
5559280 1
5566846 1
5570678 1
5584145 1
5584197 1
5588739 1
5590847 1
5591577 1
5592223 1
5604776 1
5605271 1
5607447 1
5609490 1
5612872 1
5615211 1
5615371 1
5631650 1
5639632 1
5639939 1
5643345 1
5649982 1
5650442 1
5652600 1
5657854 1
5659877 1
5662562 1
5663541 1
5663542 1
5670501 1
5673926 1
5682380 1
5683077 1
5685559 1
5686632 1
5693765 1
5697353 1
5709588 1
5709725 1
5714398 1
5716184 1
5724166 1
5740869 1
5744434 1
5748362 1
5749983 1
5751917 1
5751942 1
5757043 1
5757407 1
5758731 1
5761798 1
5764563 1
5765857 1
5766781 1
5770089 1
5770355 1
5779100 1
5782488 1
5783684 1
5785327 1
5788195 1
5791221 1
5802502 1
5807069 1
5809107 1
5812226 1
5812314 1
5822769 1
5827708 1
5827765 1
5829735 1
5831458 1
5844386 1
5850173 1
5851152 1
5871327 1
5874813 1
5878833 1
5879971 1
5881194 1
5881496 1
5882513 1
5884638 1
5888053 1
5888256 1
5890078 1
5891981 1
5892422 1
5892568 1
5893136 1
5896919 1
5897926 1
5899460 1
5905610 1
5908558 1
5920326 1
5920357 1
5927653 1
5937249 1
5938756 1
5944995 1
5953309 1
5956090 1
5962563 1
5964497 1
5965775 1
5969469 1
5969914 1
5971658 1
5972458 1
5972673 1
5974452 1
5975291 1
5976522 1
5976666 1
5977217 1
5977309 1
5980483 1
5985151 1
5987735 1
5991381 1
5994933 1
5998030 1
5998912 1
5999855 1
6002609 1
6004060 1
6004698 1
6004731 1
6004901 1
6007184 1
6007632 1
6010987 1
6024946 1
6026340 1
6038765 1
6042912 1
6043556 1
6044279 1
6044432 1
6050998 1
6051324 1
6053089 1
6064126 1
6068220 1
6081068 1
6087585 1
6090048 1
6095428 1
6100780 1
6104204 1
6105849 1
6116239 1
6130199 1
6135053 1
6142977 1
6145164 1
6145893 1
6157718 1
6157739 1
6159025 1
6178956 1
6178956 1
6180284 1
6184008 1
6192063 1
6196187 1
6196748 1
6196845 1
6197300 1
6199966 1
6202439 1
6202766 1
6228416 1
6229330 1
6230966 1
6236809 1
6238326 1
6241505 1
6248709 1
6256722 1
6257781 1
6261226 1
6262609 1
6262780 1
6263188 1
6265590 1
6270452 1
6270452 1
6277362 1
6278009 1
6281879 1
6282564 1
6284419 1
6284898 1
6288192 1
6291186 1
6291903 1
6294486 1
6298864 1
6302120 1
6304868 1
6305288 1
6306184 1
6311082 1
6311356 1
6319736 1
6324708 1
6326525 1
6332274 1
6332537 1
6335500 1
6335947 1
6344750 1
6346860 1
6352093 1
6353324 1
6353461 1
6358982 1
6363143 1
6365664 1
6374715 1
6375224 1
6379860 1
6380667 1
6382121 1
6383951 1
6387219 1
6388817 1
6393551 1
6394469 1
6397158 1
6400617 1
6405839 1
6407345 1
6409507 1
6414770 1
6419132 1
6420863 1
6429225 1
6431432 1
6433200 1
6436596 1
6438218 1
6439410 1
6440536 1
6441010 1
6446053 1
6446140 1
6448264 1
6455329 1
6455771 1
6467954 1
6467974 1
6468004 1
6472803 1
6474336 1
6481513 1
6503873 1
6503875 1
6508244 1
6509184 1
6520111 1
6521489 1
6525759 1
6527681 1
6528048 1
6528841 1
6530558 1
6530890 1
6531579 1
6533474 1
6533990 1
6539101 1
6539169 1
6540113 1
6542580 1
6544635 1
6544659 1
6546025 1
6547690 1
6548419 1
6549779 1
6551934 1
6552533 1
6553102 1
6554421 1
6564027 1
6565273 1
6577336 1
6584652 1
6584684 1
6598417 1
6600317 1
6609601 1
6609615 1
6610028 1
6614263 1
6615545 1
6617271 1
6618024 1
6626813 1
6630975 1
6640976 1
6646094 1
6648049 1
6650752 1
6653502 1
6654306 1
6659997 1
6664101 1
6664666 1
6667558 1
6669847 1
6678170 1
6680753 1
6681196 1
6693083 1
6698104 1
6698258 1
6700080 1
6706623 1
6708823 1
6710935 1
6715909 1
6717793 1
6717795 1
6732437 1
6735359 1
6737463 1
6753928 1
6767609 1
6769747 1
6776032 1
6782742 1
6785271 1
6794770 1
6796863 1
6810057 1
6810508 1
6810631 1
6816289 1
6816494 1
6829761 1
6829785 1
6830328 1
6832801 1
6833474 1
6835601 1
6837794 1
6840003 1
6843091 1
6846920 1
6850914 1
6852742 1
6859113 1
6859941 1
6869447 1
6870694 1
6871382 1
6874541 1
6875628 1
6879157 1
6881422 1
6881615 1
6882779 1
6885503 1
6896261 1
6897171 1
6902353 1
6907882 1
6910004 1
6913214 1
6917287 1
6920901 1
6924354 1
6925510 1
6926257 1
6929795 1
6930819 1
6931108 1
6931250 1
6931257 1
6931259 1
6932655 1
6932765 1
6932784 1
6933547 1
6937590 1
6937832 1
6940530 1
6946149 1
6951599 1
6964528 1
6971596 1
6977237 1
6985521 1
6991350 1
6992372 1
6993359 1
6995642 1
7001750 1
7007237 1
7030769 1
7034153 1
7035564 1
7037794 1
7048287 1
7052674 1
7053384 1
7063467 1
7071728 1
7080070 1
7080705 1
7081000 1
7083609 1
7114362 1
7118147 1
7120146 1
7122598 1
7123379 1
7124970 1
7127109 1
7127761 1
7131970 1
7135634 1
7137466 1
7139005 1
7145832 1
7149957 1
7153054 1
7162905 1
7168181 1
7169554 1
7173907 1
7180494 1
7180518 1
7180625 1
7182235 1
7184236 1
7190171 1
7196445 1
7199141 1
7199219 1
7200413 1
7208255 1
7225007 1
7225502 1
7227907 1
7228476 1
7237625 1
7246303 1
7247646 1
7251316 1
7251338 1
7254444 1
7256045 1
7257961 1
7258174 1
7261986 1
7266422 1
7266492 1
7275228 1
7277415 1
7282228 1
7282350 1
7285637 1
7289390 1
7291440 1
7292473 1
7295261 1
7303442 1
7308415 1
7309065 1
7311181 1
7314011 1
7314012 1
7315246 1
7328831 1
7338035 1
7338572 1
7342722 1
7346441 1
7353838 1
7356957 1
7362410 1
7367382 1
7372009 1
7373120 1
7382410 1
7382947 1
7387902 1
7389670 1
7389692 1
7394960 1
7399472 1
7409353 1
7410741 1
7418664 1
7421014 1
7422397 1
7438960 1
7444338 1
7447047 1
7451296 1
7453741 1
7454663 1
7458074 1
7458987 1
7459613 1
7466033 1
7467261 1
7468531 1
7478333 1
7479723 1
7484775 1
7484947 1
7489629 1
7490512 1
7493633 1
7510400 1
7513024 1
7517663 1
7531390 1
7532934 1
7534184 1
7535804 1
7537209 1
7552922 1
7561778 1
7565807 1
7571082 1
7573420 1
7575917 1
7577391 1
7578760 1
7579937 1
7582686 1
7586518 1
7590891 1
7591161 1
7593382 1
7595328 1
7606885 1
7613677 1
7618798 1
7619441 1
7628913 1
7629758 1
7634535 1
7638499 1
7641120 1
7648029 1
7648441 1
7652689 1
7654197 1
7654393 1
7657043 1
7660194 1
7660903 1
7664194 1
7672489 1
7674212 1
7684773 1
7690605 1
7695022 1
7695577 1
7708135 1
7708320 1
7711722 1
7722521 1
7724571 1
7724952 1
7727883 1
7732112 1
7733284 1
7733389 1
7737378 1
7745258 1
7746726 1
7749462 1
7752345 1
7756657 1
7766920 1
7772587 1
7776117 1
7776975 1
7777196 1
7791465 1
7791735 1
7791864 1
7805362 1
7812712 1
7822080 1
7826076 1
7826077 1
7828822 1
7836298 1
7837683 1
7841863 1
7848061 1
7848540 1
7850080 1
7853898 1
7860211 1
7867562 1
7878763 1
7890750 1
7892286 1
7896062 1
7896133 1
7897600 1
7898934 1
7901849 1
7904584 1
7904661 1
7906412 1
7911995 1
7913737 1
7915012 1
7916099 1
7916923 1
7917116 1
7919906 1
7920541 1
7923422 1
7924823 1
7927139 1
7927268 1
7942480 1
7944935 1
7946637 1
7948516 1
7949663 1
7960817 1
7960853 1
7962196 1
7962861 1
7962965 1
7963174 1
7966233 1
7966507 1
7975701 1
7977236 1
7980644 1
7980813 1
7993977 1
7994172 1
7994362 1
7995558 1
7999870 1
8005158 1
8016983 1
8017597 1
8018596 1
8022015 1
8022066 1
8024128 1
8024668 1
8026975 1
8028487 1
8029566 1
8030402 1
8034651 1
8043391 1
8047644 1
8049798 1
8051649 1
8053001 1
8066292 1
8067932 1
8069675 1
8078006 1
8078554 1
8080695 1
8081111 1
8096368 1
8102388 1
8104937 1
8107069 1
8114635 1
8115307 1
8117559 1
8120837 1
8133209 1
8134666 1
8138064 1
8138956 1
8144204 1
8146487 1
8147041 1
8150763 1
8151033 1
8153702 1
8154375 1
8179778 1
8208296 1
8209461 1
8210303 1
8219894 1
8220641 1
8222088 1
8224304 1
8225571 1
8233126 1
8259177 1
8260929 1
8265698 1
8265890 1
8267508 1
8275156 1
8282939 1
8286829 1
8287446 1
8297549 1
8297765 1
8299723 1
8300500 1
8306095 1
8309515 1
9450 1
12547 1
19428 1
33943 1
46362 1
48487 1
48766 1
54372 1
59421 1
68585 1
70028 1
76909 1
97475 1
98330 1
99120 1
110081 1
128384 1
130157 1
131154 1
153643 1
163046 1
166874 1
170357 1
171022 1
172017 1
174593 1
179782 1
181417 1
184496 1
188861 1
189476 1
191808 1
199669 1
199672 1
200042 1
200950 1
202350 1
203147 1
210670 1
210677 1
218407 1
220051 1
227103 1
231306 1
234697 1
238100 1
248970 1
263887 1
274384 1
275711 1
278172 1
288535 1
293939 1
304549 1
307301 1
307305 1
308196 1
309893 1
310739 1
312932 1
315589 1
316009 1
316361 1
316556 1
318747 1
319210 1
321110 1
334633 1
334643 1
335316 1
341179 1
350409 1
351340 1
352747 1
355920 1
357136 1
358848 1
360106 1
361875 1
366883 1
367809 1
387244 1
401552 1
402076 1
414479 1
415821 1
415930 1
428708 1
437939 1
442211 1
445795 1
450971 1
453465 1
470459 1
479195 1
483197 1
486025 1
488577 1
490362 1
491787 1
492669 1
493691 1
494456 1
494786 1
498390 1
499827 1
500036 1
500551 1
505365 1
508989 1
510493 1
512757 1
514523 1
516375 1
516432 1
517611 1
520503 1
520708 1
524074 1
524941 1
525807 1
527890 1
531629 1
539369 1
554646 1
559549 1
560749 1
564308 1
565287 1
565397 1
567766 1
570768 1
570955 1
574148 1
575815 1
577679 1
578372 1
578632 1
583705 1
584181 1
589561 1
592830 1
606756 1
626538 1
646042 1
648305 1
659259 1
660047 1
660381 1
661911 1
664203 1
670263 1
671930 1
677674 1
678929 1
718388 1
718392 1
720205 1
721748 1
723756 1
724491 1
727649 1
731349 1
733077 1
739670 1
743558 1
751169 1
764407 1
766051 1
770477 1
771640 1
771767 1
773143 1
773787 1
779769 1
781423 1
785487 1
788371 1
789970 1
807503 1
812370 1
831737 1
844299 1
845446 1
853765 1
861923 1
864355 1
866881 1
871262 1
875282 1
879391 1
884538 1
888630 1
892435 1
902965 1
903827 1
907229 1
919388 1
920279 1
926177 1
928015 1
929933 1
935317 1
936529 1
952190 1
953141 1
964020 1
972881 1
974071 1
979489 1
980449 1
981509 1
984339 1
984526 1
985421 1
985764 1
994189 1
996976 1
1002251 1
1004084 1
1007395 1
1015529 1
1016710 1
1022793 1
1028441 1
1030869 1
1034489 1
1039766 1
1041535 1
1042835 1
1043746 1
1046653 1
1050348 1
1051555 1
1051857 1
1056262 1
1056725 1
1058141 1
1059395 1
1062364 1
1068313 1
1068333 1
1081546 1
1083311 1
1087718 1
1089387 1
1090741 1
1094093 1
1095442 1
1095887 1
1098594 1
1099355 1
1099619 1
1100406 1
1102869 1
1104737 1
1105462 1
1107190 1
1118365 1
1133183 1
1133849 1
1134541 1
1139200 1
1140192 1
1143541 1
1149720 1
1150867 1
1156362 1
1166798 1
1175120 1
1175810 1
1178759 1
1179487 1
1179593 1
1184411 1
1184735 1
1197862 1
1199098 1
1199380 1
1200391 1
1202284 1
1205241 1
1205462 1
1211833 1
1217200 1
1217329 1
1220294 1
1222843 1
1231959 1
1237334 1
1238809 1
1240561 1
1256261 1
1256706 1
1258786 1
1259392 1
1259963 1
1261293 1
1275920 1
1279389 1
1285624 1
1291562 1
1298134 1
1298561 1
1298575 1
1300015 1
1302451 1
1310337 1
1310581 1
1311662 1
1312808 1
1313089 1
1313249 1
1320590 1
1324736 1
1327310 1
1328348 1
1328438 1
1333434 1
1336823 1
1337454 1
1339136 1
1344111 1
1347764 1
1347866 1
1347924 1
1349524 1
1350142 1
1353177 1
1354981 1
1355152 1
1356400 1
1357474 1
1367415 1
1367913 1
1369484 1
1369484 1
1372530 1
1373000 1
1374215 1
1378273 1
1379063 1
1382440 1
1384196 1
1391263 1
1393209 1
1397511 1
1399470 1
1404743 1
1406456 1
1411906 1
1416622 1
1421474 1
1437774 1
1438966 1
1442180 1
1443556 1
1443585 1
1445669 1
1449418 1
1452299 1
1456502 1
1463564 1
1465436 1
1465559 1
1469571 1
1472157 1
1479084 1
1480694 1
1481933 1
1495141 1
1495835 1
1496827 1
1498992 1
1499121 1
1500680 1
1505110 1
1506918 1
1508379 1
1509676 1
1516293 1
1519789 1
1520013 1
1524081 1
1533556 1
1552922 1
1555390 1
1561489 1
1563192 1
1564780 1
1570020 1
1570305 1
1571597 1
1572894 1
1574369 1
1576277 1
1576311 1
1577993 1
1578160 1
1579001 1
1587163 1
1590365 1
1592093 1
1594675 1
1595138 1
1603901 1
1609198 1
1609595 1
1613947 1
1615542 1
1619622 1
1624685 1
1629269 1
1633490 1
1647015 1
1647875 1
1648217 1
1648262 1
1658622 1
1670218 1
1671098 1
1672227 1
1674895 1
1675220 1
1678285 1
1680735 1
1680760 1
1690310 1
1691401 1
1695360 1
1697381 1
1702647 1
1704619 1
1704846 1
1709793 1
1710420 1
1717462 1
1719098 1
1721260 1
1722233 1
1731274 1
1731326 1
1734536 1
1738114 1
1745372 1
1748528 1
1751782 1
1753186 1
1756935 1
1761729 1
1762341 1
1768652 1
1769537 1
1770800 1
1772801 1
1772874 1
1772982 1
1773489 1
1776604 1
1779613 1
1786799 1
1786931 1
1787232 1
1787694 1
1790027 1
1790335 1
1791157 1
1793950 1
1800731 1
1804032 1
1805137 1
1806064 1
1811627 1
1813950 1
1817872 1
1818245 1
1825768 1
1825904 1
1831443 1
1851815 1
1852011 1
1856357 1
1857103 1
1867622 1
1873988 1
1877590 1
1880770 1
1886414 1
1888299 1
1890373 1
1894811 1
1897828 1
1905737 1
1924259 1
1924441 1
1926636 1
1931168 1
1931168 1
1937297 1
1938189 1
1943069 1
1943671 1
1948144 1
1948512 1
1960022 1
1960245 1
1971809 1
1994714 1
1999030 1
1999042 1
2004302 1
2006755 1
2009965 1
2010103 1
2012487 1
2014406 1
2026382 1
2033651 1
2044695 1
2048779 1
2048834 1
2049420 1
2053868 1
2059610 1
2062435 1
2068384 1
2072808 1
2084651 1
2085082 1
2094094 1
2099834 1
2100167 1
2104455 1
2104463 1
2107524 1
2107715 1
2107718 1
2109325 1
2110298 1
2113802 1
2116027 1
2116174 1
2118415 1
2119825 1
2124503 1
2125293 1
2130656 1
2148849 1
2149043 1
2150294 1
2156513 1
2162853 1
2165445 1
2167409 1
2167463 1
2168362 1
2184711 1
2197943 1
2198734 1
2200173 1
2205212 1
2207429 1
2215036 1
2218579 1
2226103 1
2233460 1
2240985 1
2250659 1
2252628 1
2255453 1
2256698 1
2256994 1
2265941 1
2268651 1
2270096 1
2270696 1
2275930 1
2277019 1
2277854 1
2278116 1
2281768 1
2282975 1
2287537 1
2303841 1
2314547 1
2317251 1
2317386 1
2321573 1
2334824 1
2337151 1
2344072 1
2350571 1
2351714 1
2352609 1
2358730 1
2364090 1
2364115 1
2373114 1
2375056 1
2376349 1
2383135 1
2384080 1
2385478 1
2389946 1
2396346 1
2406130 1
2406448 1
2408055 1
2412631 1
2417056 1
2421090 1
2424963 1
2426567 1
2428702 1
2429543 1
2433486 1
2436475 1
2438749 1
2449596 1
2453498 1
2455331 1
2472394 1
2477898 1
2481460 1
2486577 1
2489380 1
2489386 1
2491463 1
2501176 1
2502013 1
2504825 1
2504826 1
2506920 1
2508968 1
2512799 1
2513096 1
2516672 1
2518554 1
2523656 1
2523887 1
2527941 1
2528468 1
2542317 1
2553785 1
2554155 1
2556737 1
2560731 1
2563189 1
2581227 1
2582508 1
2583035 1
2587003 1
2587330 1
2590427 1
2591995 1
2597957 1
2601271 1
2605626 1
2605789 1
2607304 1
2607451 1
2607549 1
2608684 1
2611002 1
2615170 1
2618787 1
2621852 1
2624517 1
2626946 1
2638629 1
2652127 1
2663402 1
2672338 1
2672536 1
2674728 1
2676434 1
2678482 1
2682386 1
2682891 1
2684673 1
2685769 1
2688685 1
2689487 1
2689880 1
2693913 1
2715998 1
2724765 1
2730150 1
2730587 1
2736527 1
2747842 1
2756471 1
2769944 1
2770518 1
2776670 1
2777065 1
2801157 1
2803829 1
2807987 1
2812619 1
2816862 1
2826840 1
2827309 1
2828207 1
2828769 1
2848634 1
2849324 1
2849873 1
2853432 1
2857229 1
2860540 1
2868233 1
2877952 1
2878901 1
2878912 1
2880513 1
2882761 1
2883205 1
2885006 1
2890901 1
2894250 1
2896954 1
2898322 1
2900648 1
2911753 1
2914624 1
2918372 1
2921530 1
2923306 1
2929579 1
2935239 1
2940659 1
2943233 1
2948604 1
2949721 1
2954696 1
2955892 1
2961741 1
2972329 1
2976635 1
2993378 1
2999676 1
3010901 1
3012481 1
3013992 1
3013995 1
3025230 1
3026905 1
3027115 1
3033974 1
3041108 1
3059260 1
3059901 1
3070716 1
3070943 1
3076645 1
3076649 1
3080694 1
3083513 1
3085017 1
3086101 1
3086261 1
3093227 1
3094105 1
3097900 1
3102410 1
3107367 1
3111986 1
3117521 1
3121317 1
3123993 1
3126190 1
3129706 1
3129713 1
3134482 1
3141998 1
3151351 1
3166239 1
3169080 1
3169280 1
3171114 1
3175136 1
3175813 1
3177139 1
3180239 1
3184843 1
3186218 1
3189343 1
3191314 1
3194598 1
3202272 1
3203586 1
3205941 1
3206724 1
3209049 1
3215972 1
3217647 1
3218194 1
3221511 1
3223385 1
3225310 1
3227537 1
3241117 1
3241677 1
3261989 1
3271649 1
3275737 1
3278976 1
3284518 1
3299018 1
3306566 1
3312187 1
3313428 1
3319280 1
3323379 1
3323409 1
3333833 1
3335254 1
3340136 1
3341025 1
3342951 1
3344588 1
3345454 1
3345693 1
3349422 1
3349727 1
3354694 1
3354697 1
3360507 1
3360536 1
3376160 1
3377642 1
3378610 1
3384457 1
3386270 1
3396723 1
3404079 1
3428775 1
3429303 1
3436154 1
3440159 1
3441132 1
3441835 1
3450565 1
3451887 1
3452180 1
3453700 1
3454695 1
3456224 1
3456531 1
3483596 1
3486667 1
3489392 1
3493636 1
3494063 1
3507359 1
3512302 1
3516131 1
3532691 1
3537594 1
3539532 1
3540201 1
3543784 1
3544698 1
3559354 1
3564041 1
3564294 1
3574883 1
3578632 1
3583550 1
3593403 1
3594739 1
3615508 1
3623772 1
3639488 1
3643099 1
3669378 1
3674426 1
3676060 1
3676730 1
3678154 1
3680389 1
3682560 1
3685349 1
3686173 1
3688830 1
3691239 1
3692733 1
3698580 1
3708545 1
3712075 1
3718362 1
3725324 1
3727114 1
3727173 1
3728115 1
3730654 1
3731035 1
3731250 1
3732541 1
3733953 1
3741783 1
3743355 1
3748792 1
3748816 1
3751635 1
3751679 1
3757677 1
3762425 1
3763050 1
3763144 1
3763914 1
3770671 1
3776017 1
3780367 1
3783205 1
3783769 1
3789115 1
3799874 1
3801536 1
3815143 1
3820269 1
3823512 1
3825985 1
3826964 1
3828181 1
3835287 1
3846568 1
3848003 1
3859919 1
3860295 1
3861198 1
3866254 1
3867071 1
3868104 1
3869231 1
3870064 1
3871496 1
3880584 1
3881313 1
3887736 1
3889918 1
3913680 1
3914610 1
3935322 1
3946229 1
3947691 1
3960413 1
3964860 1
3974985 1
3975030 1
3976142 1
3991374 1
3997314 1
4003830 1
4006760 1
4007201 1
4008592 1
4013062 1
4015380 1
4016593 1
4016870 1
4019858 1
4021060 1
4021799 1
4024200 1
4024346 1
4024482 1
4026125 1
4027307 1
4027762 1
4033597 1
4036191 1
4037510 1
4040623 1
4050208 1
4068967 1
4070124 1
4073310 1
4080644 1
4083369 1
4087193 1
4089321 1
4103691 1
4108970 1
4115009 1
4116246 1
4118686 1
4137578 1
4138794 1
4151500 1
4159639 1
4162689 1
4162914 1
4174627 1
4178672 1
4181703 1
4188579 1
4189171 1
4189557 1
4209109 1
4212323 1
4213923 1
4216876 1
4217275 1
4224985 1
4229647 1
4231119 1
4233793 1
4234199 1
4234926 1
4234930 1
4238821 1
4246326 1
4247393 1
4250263 1
4252612 1
4257013 1
4257336 1
4257871 1
4258090 1
4258799 1
4259574 1
4261274 1
4261695 1
4263052 1
4271093 1
4281703 1
4285280 1
4290049 1
4298027 1
4302692 1
4305380 1
4306604 1
4308492 1
4313914 1
4315705 1
4333858 1
4336742 1
4345578 1
4347282 1
4347879 1
4348565 1
4348723 1
4348811 1
4349750 1
4358475 1
4358646 1
4358648 1
4360158 1
4362922 1
4363926 1
4367426 1
4368774 1
4371104 1
4371318 1
4371878 1
4382180 1
4386782 1
4388850 1
4390496 1
4394452 1
4402446 1
4406235 1
4408643 1
4412287 1
4413220 1
4415750 1
4415971 1
4416498 1
4416972 1
4417000 1
4418707 1
4426289 1
4427246 1
4427745 1
4429412 1
4430451 1
4430718 1
4431052 1
4436541 1
4437272 1
4443536 1
4450529 1
4453293 1
4459868 1
4462708 1
4469288 1
4472733 1
4473880 1
4474196 1
4475380 1
4477331 1
4480045 1
4481790 1
4485202 1
4485513 1
4486370 1
4486800 1
4489112 1
4493605 1
4494831 1
4497429 1
4501901 1
4503058 1
4508766 1
4509188 1
4512304 1
4520119 1
4524778 1
4530954 1
4532422 1
4532698 1
4533773 1
4533972 1
4535059 1
4540492 1
4542690 1
4557515 1
4559344 1
4566206 1
4579227 1
4588722 1
4591755 1
4593120 1
4596532 1
4603221 1
4605549 1
4622559 1
4634662 1
4643408 1
4645953 1
4646706 1
4651330 1
4656990 1
4661115 1
4667288 1
4668780 1
4681924 1
4686306 1
4688786 1
4702246 1
4704350 1
4706509 1
4708864 1
4710352 1
4715563 1
4718935 1
4724207 1
4735461 1
4736764 1
4738051 1
4739071 1
4740887 1
4744961 1
4756624 1
4759283 1
4773507 1
4780864 1
4786196 1
4790520 1
4798609 1
4800603 1
4809034 1
4812031 1
4816175 1
4817888 1
4819620 1
4820251 1
4832217 1
4839690 1
4842129 1
4848088 1
4855167 1
4859917 1
4869563 1
4870572 1
4874258 1
4877305 1
4879038 1
4880817 1
4881741 1
4881777 1
4883953 1
4887039 1
4888890 1
4888891 1
4889441 1
4894498 1
4894748 1
4894929 1
4895243 1
4896146 1
4896496 1
4897748 1
4898686 1
4905466 1
4912171 1
4921840 1
4928060 1
4938669 1
4939878 1
4942219 1
4952887 1
4954846 1
4957812 1
4959953 1
4961291 1
4963456 1
4964847 1
4969116 1
4975262 1
4976018 1
4977193 1
4996839 1
5002318 1
5002665 1
5012114 1
5012178 1
5013979 1
5018401 1
5021143 1
5021169 1
5023033 1
5023953 1
5025096 1
5030531 1
5035143 1
5036776 1
5037415 1
5039748 1
5044690 1
5046863 1
5046939 1
5047134 1
5047512 1
5049088 1
5049188 1
5049464 1
5066131 1
5075468 1
5076732 1
5084537 1
5098752 1
5111111 1
5116249 1
5116622 1
5116705 1
5120156 1
5122440 1
5136285 1
5138559 1
5144122 1
5145300 1
5149558 1
5151254 1
5153752 1
5155316 1
5168038 1
5170505 1
5188675 1
5191983 1
5193662 1
5194264 1
5197765 1
5202666 1
5202850 1
5210669 1
5210783 1
5218285 1
5219587 1
5226830 1
5228351 1
5229974 1
5230190 1
5232149 1
5233343 1
5233623 1
5247541 1
5248911 1
5258787 1
5259007 1
5264565 1
5268827 1
5286611 1
5316224 1
5319132 1
5322235 1
5329295 1
5331163 1
5333459 1
5340115 1
5341409 1
5346565 1
5347889 1
5351728 1
5352341 1
5356612 1
5369178 1
5372295 1
5379570 1
5386574 1
5386622 1
5392461 1
5406703 1
5419413 1
5420137 1
5423683 1
5433596 1
5437779 1
5443569 1
5448900 1
5460517 1
5461127 1
5462228 1
5465399 1
5468195 1
5470281 1
5470837 1
5475101 1
5476769 1
5477885 1
5483834 1
5487890 1
5488091 1
5494081 1
5504613 1
5505120 1
5517708 1
5518292 1
5519394 1
5524557 1
5534953 1
5535369 1
5536877 1
5538350 1
5543117 1
5543307 1
5547865 1
5549759 1
5558653 1
5565216 1
5590998 1
5593398 1
5595217 1
5602003 1
5602692 1
5603292 1
5611315 1
5616317 1
5620106 1
5630064 1
5630526 1
5631304 1
5638515 1
5642909 1
5643322 1
5649179 1
5654471 1
5656379 1
5665095 1
5668502 1
5679205 1
5679368 1
5679625 1
5679663 1
5684493 1
5685987 1
5689632 1
5690153 1
5693826 1
5700457 1
5701546 1
5702904 1
5704964 1
5704970 1
5710054 1
5710224 1
5710269 1
5711261 1
5717980 1
5725378 1
5731711 1
5732053 1
5741734 1
5741829 1
5741964 1
5754554 1
5757077 1
5763843 1
5771401 1
5772727 1
5775904 1
5787937 1
5789204 1
5794945 1
5796395 1
5800005 1
5800270 1
5805780 1
5808342 1
5811579 1
5818839 1
5820628 1
5821402 1
5825187 1
5825838 1
5826602 1
5843074 1
5850695 1
5856575 1
5864590 1
5865755 1
5871896 1
5872913 1
5873959 1
5878923 1
5879500 1
5879940 1
5882393 1
5882549 1
5882550 1
5883153 1
5888599 1
5892567 1
5894713 1
5894989 1
5896929 1
5902030 1
5907208 1
5908038 1
5919388 1
5922126 1
5935886 1
5941333 1
5945591 1
5945883 1
5947890 1
5948952 1
5950555 1
5955290 1
5963665 1
5964271 1
5964934 1
5969944 1
5970277 1
5972413 1
5972814 1
5974756 1
5976599 1
5978197 1
5980902 1
5982875 1
5983999 1
5985340 1
5987008 1
5991601 1
5993338 1
6003143 1
6003990 1
6004347 1
6006246 1
6024781 1
6029859 1
6033861 1
6038411 1
6040452 1
6043361 1
6047225 1
6049421 1
6051670 1
6056230 1
6068361 1
6070693 1
6071759 1
6086321 1
6087178 1
6087593 1
6095777 1
6096589 1
6110270 1
6111708 1
6120418 1
6126085 1
6128901 1
6139480 1
6140051 1
6152263 1
6161162 1
6162201 1
6163139 1
6165010 1
6165446 1
6181528 1
6182295 1
6185527 1
6192049 1
6194492 1
6196407 1
6198734 1
6199012 1
6225510 1
6230524 1
6237809 1
6258275 1
6259537 1
6265940 1
6269677 1
6273179 1
6277126 1
6277963 1
6278087 1
6280101 1
6283646 1
6286376 1
6295177 1
6298072 1
6299919 1
6302364 1
6302422 1
6303733 1
6307904 1
6308651 1
6309479 1
6318247 1
6319343 1
6321659 1
6336698 1
6340065 1
6345879 1
6354681 1
6355205 1
6359992 1
6360973 1
6364374 1
6366520 1
6368471 1
6377162 1
6381118 1
6381467 1
6385205 1
6393385 1
6396752 1
6399375 1
6399487 1
6400588 1
6400759 1
6406076 1
6410252 1
6412581 1
6415199 1
6415388 1
6416057 1
6421929 1
6427556 1
6430350 1
6430818 1
6430872 1
6433460 1
6436026 1
6449259 1
6452178 1
6457554 1
6464860 1
6470957 1
6480381 1
6483962 1
6487285 1
6487294 1
6490435 1
6499772 1
6501006 1
6501792 1
6512227 1
6514796 1
6517836 1
6520724 1
6533229 1
6541164 1
6545305 1
6545843 1
6546343 1
6547700 1
6549659 1
6553728 1
6554283 1
6558761 1
6562801 1
6565192 1
6568216 1
6582609 1
6586513 1
6597790 1
6602519 1
6602741 1
6607651 1
6617671 1
6620823 1
6622305 1
6622439 1
6627032 1
6627138 1
6628179 1
6628822 1
6631026 1
6632063 1
6632402 1
6640321 1
6648019 1
6657364 1
6657560 1
6657754 1
6662671 1
6663771 1
6671278 1
6677691 1
6679648 1
6685292 1
6689685 1
6690235 1
6692449 1
6693306 1
6693590 1
6698144 1
6708805 1
6710120 1
6710966 1
6713525 1
6716685 1
6717553 1
6719339 1
6731354 1
6731377 1
6732487 1
6733930 1
6740052 1
6742428 1
6744552 1
6746780 1
6753126 1
6754826 1
6764397 1
6765596 1
6772606 1
6783146 1
6785186 1
6787268 1
6787719 1
6803221 1
6804647 1
6807735 1
6808790 1
6812683 1
6816862 1
6825791 1
6830222 1
6833172 1
6856643 1
6860652 1
6862770 1
6868351 1
6869875 1
6873172 1
6874528 1
6875292 1
6881929 1
6883170 1
6883759 1
6894026 1
6897777 1
6899619 1
6899710 1
6899756 1
6910252 1
6913597 1
6920285 1
6920288 1
6921287 1
6921950 1
6923138 1
6930717 1
6930859 1
6931436 1
6933034 1
6933442 1
6933956 1
6934221 1
6934481 1
6935694 1
6941252 1
6945997 1
6952084 1
6954512 1
6956193 1
6958870 1
6959890 1
6965718 1
6967657 1
6986834 1
6990734 1
6995425 1
6997205 1
7000341 1
7001130 1
7002254 1
7003533 1
7003893 1
7003973 1
7009451 1
7018070 1
7026266 1
7026389 1
7027390 1
7029366 1
7029428 1
7036655 1
7041635 1
7042705 1
7050481 1
7051822 1
7054367 1
7055882 1
7058742 1
7063117 1
7071643 1
7072405 1
7072779 1
7077433 1
7078740 1
7079504 1
7083714 1
7084062 1
7085097 1
7086217 1
7087518 1
7106829 1
7109028 1
7109337 1
7110598 1
7111749 1
7116802 1
7117870 1
7118727 1
7118752 1
7121576 1
7126483 1
7129302 1
7129921 1
7131021 1
7134087 1
7135013 1
7136660 1
7141569 1
7147368 1
7152147 1
7159536 1
7159537 1
7161626 1
7164142 1
7172715 1
7174531 1
7179913 1
7180383 1
7180678 1
7182772 1
7195478 1
7210839 1
7218549 1
7220246 1
7236503 1
7242093 1
7246160 1
7247848 1
7254407 1
7265471 1
7266179 1
7267477 1
7276954 1
7277457 1
7277942 1
7283890 1
7300459 1
7302368 1
7304278 1
7308967 1
7310041 1
7313736 1
7314640 1
7319246 1
7321101 1
7331662 1
7353132 1
7353781 1
7358456 1
7369567 1
7372851 1
7375062 1
7380648 1
7383260 1
7386675 1
7387699 1
7394618 1
7395683 1
7396184 1
7396807 1
7399882 1
7406560 1
7406610 1
7406865 1
7408797 1
7412502 1
7424035 1
7425363 1
7438094 1
7455405 1
7465088 1
7468607 1
7479631 1
7486359 1
7488858 1
7490555 1
7494302 1
7505496 1
7512475 1
7516351 1
7522406 1
7526638 1
7532076 1
7535926 1
7536052 1
7543412 1
7546531 1
7550634 1
7553084 1
7553380 1
7554243 1
7556651 1
7556885 1
7571032 1
7577245 1
7585492 1
7589028 1
7591955 1
7592743 1
7596717 1
7600928 1
7601478 1
7603107 1
7631654 1
7633102 1
7636276 1
7639757 1
7641728 1
7641947 1
7643079 1
7645614 1
7651325 1
7653123 1
7656597 1
7660229 1
7666629 1
7671005 1
7674804 1
7674921 1
7687276 1
7697997 1
7700281 1
7700806 1
7701117 1
7703123 1
7704401 1
7704465 1
7706099 1
7710049 1
7718364 1
7719351 1
7724113 1
7733623 1
7745562 1
7747453 1
7754054 1
7758351 1
7781998 1
7805976 1
7806388 1
7809089 1
7809871 1
7812950 1
7813334 1
7820744 1
7821697 1
7830415 1
7832459 1
7839961 1
7844836 1
7844841 1
7848034 1
7848110 1
7848883 1
7850674 1
7858412 1
7858536 1
7859279 1
7865086 1
7865428 1
7865536 1
7870604 1
7870878 1
7871292 1
7874131 1
7874468 1
7875183 1
7876041 1
7879545 1
7881409 1
7881984 1
7883066 1
7883871 1
7885563 1
7891435 1
7896218 1
7897853 1
7899873 1
7900335 1
7902846 1
7903331 1
7913961 1
7914153 1
7915026 1
7915874 1
7921743 1
7923416 1
7924374 1
7925906 1
7926424 1
7928529 1
7928574 1
7930690 1
7933283 1
7934706 1
7936979 1
7942338 1
7942529 1
7942564 1
7944110 1
7946112 1
7948543 1
7948759 1
7950730 1
7952706 1
7958998 1
7960032 1
7962049 1
7962072 1
7962261 1
7962964 1
7963421 1
7963831 1
7968656 1
7978262 1
7990878 1
8001617 1
8002404 1
8003914 1
8007839 1
8016633 1
8017344 1
8017404 1
8021772 1
8024382 1
8028269 1
8035576 1
8036787 1
8040908 1
8044200 1
8051059 1
8053366 1
8059514 1
8059518 1
8060045 1
8063881 1
8065643 1
8071421 1
8072256 1
8078151 1
8084649 1
8086533 1
8088024 1
8088281 1
8097200 1
8103443 1
8105285 1
8106321 1
8106655 1
8109125 1
8111823 1
8112065 1
8114837 1
8114905 1
8119641 1
8119646 1
8129624 1
8130829 1
8142068 1
8144190 1
8144632 1
8147072 1
8147896 1
8149048 1
8155603 1
8159029 1
8164570 1
8179667 1
8185346 1
8186273 1
8188574 1
8195057 1
8195317 1
8197607 1
8198954 1
8218556 1
8223014 1
8223014 1
8232569 1
8245547 1
8251826 1
8252415 1
8254693 1
8256535 1
8267343 1
8276360 1
8294444 1
8296984 1
8300548 1
8304218 1
294 1
2477 1
2582 1
3015 1
4220 1
10376 1
19549 1
25349 1
27191 1
33562 1
43752 1
44610 1
60977 1
86127 1
90779 1
98278 1
100069 1
104561 1
110343 1
114595 1
127122 1
140390 1
142897 1
146960 1
147910 1
152663 1
153558 1
165493 1
169705 1
174345 1
174923 1
175520 1
176419 1
178533 1
181405 1
186336 1
186906 1
187841 1
195107 1
197542 1
203175 1
205754 1
208350 1
211983 1
212783 1
213741 1
215675 1
217459 1
221029 1
223786 1
226034 1
250069 1
250683 1
250836 1
263786 1
274594 1
279503 1
282240 1
287563 1
295730 1
303774 1
308509 1
311323 1
314252 1
314252 1
320608 1
322812 1
329629 1
330693 1
356356 1
362319 1
366305 1
387971 1
389785 1
404144 1
418330 1
430461 1
433145 1
440656 1
446181 1
449744 1
458744 1
466656 1
474736 1
485365 1
489781 1
500360 1
504759 1
507487 1
507719 1
511150 1
515284 1
516513 1
516641 1
519890 1
549605 1
560020 1
565118 1
565140 1
568477 1
573351 1
574387 1
576037 1
577945 1
583661 1
583662 1
583740 1
583951 1
604039 1
613237 1
615341 1
634364 1
640058 1
643728 1
651272 1
654817 1
658516 1
662031 1
663341 1
664603 1
664817 1
684965 1
688594 1
700473 1
702354 1
705545 1
710790 1
715421 1
716292 1
721282 1
726832 1
728424 1
729597 1
730364 1
736519 1
744951 1
758421 1
760103 1
763557 1
773652 1
774795 1
788320 1
801293 1
825817 1
826680 1
829594 1
833243 1
835076 1
835217 1
839530 1
847661 1
853249 1
855020 1
858482 1
860328 1
872487 1
875664 1
877587 1
879923 1
882941 1
887017 1
887884 1
900367 1
909888 1
911256 1
912529 1
919793 1
924999 1
930223 1
935965 1
938708 1
957902 1
960479 1
964331 1
967982 1
969471 1
987438 1
990246 1
996424 1
1006755 1
1015083 1
1015455 1
1020360 1
1021958 1
1029141 1
1032848 1
1037925 1
1039350 1
1046497 1
1048270 1
1050178 1
1054763 1
1057408 1
1060490 1
1060607 1
1061095 1
1062327 1
1071242 1
1073698 1
1078286 1
1079624 1
1081725 1
1084239 1
1084362 1
1089515 1
1089666 1
1093303 1
1102286 1
1102292 1
1102816 1
1107080 1
1108128 1
1108757 1
1108939 1
1117823 1
1125608 1
1131867 1
1143887 1
1146749 1
1153175 1
1156325 1
1166231 1
1170043 1
1174913 1
1175497 1
1176700 1
1214935 1
1217105 1
1219795 1
1221609 1
1226618 1
1241482 1
1246029 1
1249392 1
1256414 1
1257509 1
1258239 1
1258536 1
1259290 1
1266217 1
1272217 1
1283421 1
1289314 1
1291891 1
1301843 1
1306297 1
1306413 1
1308180 1
1308316 1
1314097 1
1315113 1
1315303 1
1321455 1
1326365 1
1327914 1
1329747 1
1333549 1
1338886 1
1347838 1
1348512 1
1356703 1
1369851 1
1370985 1
1371645 1
1372997 1
1375436 1
1377288 1
1378256 1
1380749 1
1398046 1
1399581 1
1405890 1
1406818 1
1406916 1
1410160 1
1413163 1
1414348 1
1416766 1
1422553 1
1423755 1
1432884 1
1437230 1
1444379 1
1453070 1
1457894 1
1463060 1
1467715 1
1471520 1
1481771 1
1483588 1
1483941 1
1487277 1
1491130 1
1497497 1
1522657 1
1523793 1
1523923 1
1528003 1
1528666 1
1534820 1
1540003 1
1547838 1
1549966 1
1562576 1
1566412 1
1577165 1
1580832 1
1581959 1
1582085 1
1583997 1
1584373 1
1585411 1
1597198 1
1604404 1
1608220 1
1610637 1
1612584 1
1615810 1
1618704 1
1629524 1
1632410 1
1636589 1
1638925 1
1645336 1
1648085 1
1648688 1
1654245 1
1655048 1
1655125 1
1655134 1
1659853 1
1670368 1
1670589 1
1671549 1
1676761 1
1680818 1
1685787 1
1686385 1
1687158 1
1687552 1
1696091 1
1696780 1
1704997 1
1706811 1
1708130 1
1711989 1
1712240 1
1716368 1
1727386 1
1734597 1
1738122 1
1739843 1
1740137 1
1745476 1
1746954 1
1757747 1
1759969 1
1760349 1
1761424 1
1767176 1
1768749 1
1770775 1
1771544 1
1771559 1
1772264 1
1782809 1
1786423 1
1789738 1
1792888 1
1793376 1
1795439 1
1798960 1
1801210 1
1806674 1
1808613 1
1812936 1
1818406 1
1820133 1
1820147 1
1823524 1
1825418 1
1831626 1
1847782 1
1852055 1
1855516 1
1872105 1
1872119 1
1874233 1
1877889 1
1877889 1
1887014 1
1896189 1
1898003 1
1898753 1
1900505 1
1902835 1
1912667 1
1914612 1
1924874 1
1928896 1
1930634 1
1938195 1
1947458 1
1948108 1
1949285 1
1950644 1
1951104 1
1961850 1
1962490 1
1975333 1
1976036 1
1979373 1
1981248 1
1983535 1
1991539 1
1996466 1
1998761 1
1998776 1
2002522 1
2006115 1
2010083 1
2010145 1
2011941 1
2014943 1
2016118 1
2018903 1
2027727 1
2047744 1
2048187 1
2049757 1
2054040 1
2054735 1
2054903 1
2056715 1
2060240 1
2065513 1
2065759 1
2067344 1
2069644 1
2072364 1
2074702 1
2081941 1
2082925 1
2087529 1
2095508 1
2096261 1
2098608 1
2100461 1
2105798 1
2112796 1
2113842 1
2115634 1
2118499 1
2118586 1
2122336 1
2124020 1
2136260 1
2143725 1
2148423 1
2150510 1
2155969 1
2158703 1
2163512 1
2163533 1
2165504 1
2170155 1
2170545 1
2179369 1
2187076 1
2190010 1
2198763 1
2203441 1
2212051 1
2215570 1
2220646 1
2220756 1
2224301 1
2237959 1
2241717 1
2245812 1
2255634 1
2258835 1
2261184 1
2262520 1
2268582 1
2270236 1
2270504 1
2270510 1
2271094 1
2274802 1
2274932 1
2277977 1
2278083 1
2278158 1
2285462 1
2285956 1
2287630 1
2288914 1
2302517 1
2302532 1
2307188 1
2318052 1
2318083 1
2318223 1
2321320 1
2321754 1
2322512 1
2325717 1
2328479 1
2335820 1
2337924 1
2338274 1
2344080 1
2357721 1
2369160 1
2369176 1
2385765 1
2388506 1
2391647 1
2396081 1
2399818 1
2403724 1
2404763 1
2406157 1
2416684 1
2417112 1
2421166 1
2423592 1
2423821 1
2424174 1
2424348 1
2424378 1
2435385 1
2438936 1
2439802 1
2453048 1
2465771 1
2469983 1
2478164 1
2493850 1
2495405 1
2499868 1
2504846 1
2504872 1
2506749 1
2520389 1
2527897 1
2528480 1
2536823 1
2542072 1
2544496 1
2547539 1
2553534 1
2556109 1
2559699 1
2563966 1
2564320 1
2568356 1
2569941 1
2583738 1
2584816 1
2586269 1
2591786 1
2593921 1
2596174 1
2597423 1
2597605 1
2598417 1
2601616 1
2603879 1
2604187 1
2606083 1
2612658 1
2615885 1
2616802 1
2620851 1
2621155 1
2621538 1
2634410 1
2638090 1
2651060 1
2667879 1
2670328 1
2674163 1
2681805 1
2684360 1
2697672 1
2713431 1
2718678 1
2727537 1
2736430 1
2736505 1
2741486 1
2743164 1
2745428 1
2756146 1
2762439 1
2774592 1
2775731 1
2782200 1
2794638 1
2795351 1
2797486 1
2810610 1
2812317 1
2820870 1
2824425 1
2831922 1
2843823 1
2852595 1
2873620 1
2875172 1
2877018 1
2878494 1
2880121 1
2881163 1
2882038 1
2889647 1
2890950 1
2890953 1
2893123 1
2897301 1
2913533 1
2934116 1
2938410 1
2944183 1
2950148 1
2952538 1
2960483 1
2967833 1
2968268 1
2975809 1
2976021 1
2979048 1
2982920 1
2985139 1
2993265 1
3002461 1
3006244 1
3011736 1
3013623 1
3015710 1
3015957 1
3026585 1
3030142 1
3034545 1
3046030 1
3050147 1
3074387 1
3075367 1
3075469 1
3083924 1
3086187 1
3096680 1
3103988 1
3109388 1
3112541 1
3118162 1
3118326 1
3118327 1
3124386 1
3133698 1
3136965 1
3144546 1
3147395 1
3154058 1
3160041 1
3160854 1
3168171 1
3170798 1
3177619 1
3178781 1
3193349 1
3198831 1
3201428 1
3203029 1
3203950 1
3209531 1
3214851 1
3214882 1
3217000 1
3217118 1
3217272 1
3224353 1
3224572 1
3236221 1
3239003 1
3240089 1
3251123 1
3270025 1
3276460 1
3276925 1
3280818 1
3285240 1
3293366 1
3301901 1
3306018 1
3310389 1
3313471 1
3319220 1
3323632 1
3329344 1
3331573 1
3331811 1
3333699 1
3342413 1
3359736 1
3360872 1
3362481 1
3373091 1
3374350 1
3379697 1
3395324 1
3407201 1
3407447 1
3408931 1
3410727 1
3413191 1
3433337 1
3434333 1
3435257 1
3436291 1
3437465 1
3448109 1
3449812 1
3453214 1
3455297 1
3459305 1
3463556 1
3482741 1
3488781 1
3491322 1
3492896 1
3503690 1
3507529 1
3508744 1
3511183 1
3512249 1
3520885 1
3522524 1
3525397 1
3532529 1
3534607 1
3534957 1
3539656 1
3547792 1
3552724 1
3558370 1
3558471 1
3560813 1
3566472 1
3571221 1
3573272 1
3576431 1
3596345 1
3599548 1
3605962 1
3608136 1
3619186 1
3621870 1
3624621 1
3627156 1
3630041 1
3630881 1
3633822 1
3634537 1
3635257 1
3640566 1
3642557 1
3643320 1
3654025 1
3654742 1
3656988 1
3665500 1
3681587 1
3687369 1
3688262 1
3693465 1
3698886 1
3702444 1
3702769 1
3707127 1
3707865 1
3711883 1
3712036 1
3717345 1
3722495 1
3723760 1
3730988 1
3732430 1
3733560 1
3735336 1
3736581 1
3741920 1
3742238 1
3745034 1
3749258 1
3750938 1
3751394 1
3757608 1
3759087 1
3766537 1
3785827 1
3790025 1
3793313 1
3797201 1
3801746 1
3807678 1
3811650 1
3812821 1
3814288 1
3814717 1
3818944 1
3824971 1
3830100 1
3832161 1
3832918 1
3837885 1
3845401 1
3855948 1
3860539 1
3863641 1
3866232 1
3866847 1
3867085 1
3868034 1
3868766 1
3868939 1
3872963 1
3878824 1
3883383 1
3900857 1
3901284 1
3905164 1
3917308 1
3921516 1
3925050 1
3926933 1
3943802 1
3946630 1
3949684 1
3959137 1
3967639 1
3968228 1
3968673 1
3971764 1
3973229 1
3979178 1
3983382 1
3990574 1
3990671 1
3991226 1
3994814 1
3996597 1
4002826 1
4005644 1
4007251 1
4012394 1
4021822 1
4027666 1
4032442 1
4033199 1
4033933 1
4036638 1
4048707 1
4050981 1
4050990 1
4053820 1
4056477 1
4065814 1
4067488 1
4068125 1
4068478 1
4069146 1
4070069 1
4074487 1
4083341 1
4086270 1
4090660 1
4091295 1
4094973 1
4099007 1
4104114 1
4117062 1
4131920 1
4143842 1
4147105 1
4151381 1
4151765 1
4155199 1
4160549 1
4161866 1
4162770 1
4175066 1
4175254 1
4176813 1
4180287 1
4181052 1
4183968 1
4187038 1
4190899 1
4192019 1
4192997 1
4195054 1
4204320 1
4206018 1
4212288 1
4213492 1
4214221 1
4238615 1
4252976 1
4254003 1
4257177 1
4257609 1
4261144 1
4261877 1
4264642 1
4266726 1
4273871 1
4275787 1
4276622 1
4278838 1
4281766 1
4282339 1
4285484 1
4292214 1
4293339 1
4294615 1
4309297 1
4315312 1
4327688 1
4330856 1
4336792 1
4340886 1
4344819 1
4345908 1
4350215 1
4350681 1
4350825 1
4356895 1
4357057 1
4359272 1
4359296 1
4367354 1
4370257 1
4372551 1
4376843 1
4379962 1
4381587 1
4382021 1
4382805 1
4384205 1
4400049 1
4403095 1
4407077 1
4414766 1
4415003 1
4421219 1
4422235 1
4424461 1
4426500 1
4427456 1
4430166 1
4436570 1
4443351 1
4447081 1
4453092 1
4459592 1
4469830 1
4471833 1
4472509 1
4483086 1
4485814 1
4485925 1
4487357 1
4487924 1
4500632 1
4502002 1
4508275 1
4508645 1
4516766 1
4523205 1
4524408 1
4525191 1
4530440 1
4533081 1
4536735 1
4540010 1
4542453 1
4543778 1
4544743 1
4562016 1
4562168 1
4565382 1
4569639 1
4573168 1
4573306 1
4579095 1
4579234 1
4580060 1
4582076 1
4594175 1
4595267 1
4610849 1
4620176 1
4630172 1
4637327 1
4658203 1
4668488 1
4669347 1
4670574 1
4676136 1
4689119 1
4692885 1
4693062 1
4694485 1
4703076 1
4711788 1
4715211 1
4731434 1
4737674 1
4744919 1
4753942 1
4759416 1
4773676 1
4786082 1
4786083 1
4790700 1
4791316 1
4795439 1
4797016 1
4802085 1
4808197 1
4808262 1
4808867 1
4810183 1
4812120 1
4825482 1
4825796 1
4825901 1
4826869 1
4827131 1
4829047 1
4835701 1
4838062 1
4842640 1
4848170 1
4861190 1
4867024 1
4873439 1
4874519 1
4875149 1
4879097 1
4884671 1
4889004 1
4894739 1
4895672 1
4896409 1
4898367 1
4900237 1
4900366 1
4900529 1
4900576 1
4910358 1
4911668 1
4913170 1
4913779 1
4924750 1
4928403 1
4931315 1
4941839 1
4953291 1
4953806 1
4962109 1
4964469 1
4978329 1
4979623 1
4980528 1
4981322 1
4984462 1
4987863 1
4995702 1
4995723 1
4997267 1
4999031 1
5002026 1
5005010 1
5006495 1
5008871 1
5012374 1
5013798 1
5031093 1
5034722 1
5035405 1
5035937 1
5044628 1
5046123 1
5046125 1
5048238 1
5049197 1
5055246 1
5056678 1
5075390 1
5076557 1
5082252 1
5099247 1
5109057 1
5118307 1
5126705 1
5157357 1
5159785 1
5163597 1
5164064 1
5176628 1
5193112 1
5193930 1
5195877 1
5205122 1
5209394 1
5210573 1
5227307 1
5231623 1
5238072 1
5241139 1
5241905 1
5248923 1
5262948 1
5268218 1
5275525 1
5292161 1
5293822 1
5302826 1
5333529 1
5337241 1
5346329 1
5349206 1
5350559 1
5353971 1
5356461 1
5371671 1
5373842 1
5374176 1
5380318 1
5380364 1
5407166 1
5418472 1
5419458 1
5420160 1
5430811 1
5431729 1
5431756 1
5432532 1
5442976 1
5444042 1
5447742 1
5459647 1
5465807 1
5467451 1
5469115 1
5471901 1
5473065 1
5474121 1
5479849 1
5483129 1
5495168 1
5495425 1
5499559 1
5499819 1
5519452 1
5525934 1
5532135 1
5536802 1
5540426 1
5548710 1
5551692 1
5555152 1
5558305 1
5568185 1
5580361 1
5583562 1
5585583 1
5588270 1
5590507 1
5592983 1
5597353 1
5599389 1
5602632 1
5607374 1
5618106 1
5621779 1
5631152 1
5632527 1
5636665 1
5640260 1
5649531 1
5650078 1
5655252 1
5660754 1
5661239 1
5663676 1
5669911 1
5670360 1
5670441 1
5672646 1
5673571 1
5680034 1
5680336 1
5680373 1
5681927 1
5686489 1
5688868 1
5689747 1
5697062 1
5712025 1
5717785 1
5723629 1
5729926 1
5740543 1
5746402 1
5746709 1
5746724 1
5764999 1
5769661 1
5769834 1
5775939 1
5796695 1
5799668 1
5806641 1
5810956 1
5813206 1
5821191 1
5824978 1
5826144 1
5832794 1
5833374 1
5842331 1
5844093 1
5850796 1
5851219 1
5852557 1
5862071 1
5862078 1
5864346 1
5870003 1
5870610 1
5879004 1
5884442 1
5890639 1
5891608 1
5893297 1
5896609 1
5903919 1
5912647 1
5918953 1
5928983 1
5929868 1
5935449 1
5950138 1
5958385 1
5961132 1
5962065 1
5965826 1
5966301 1
5971745 1
5979920 1
5979933 1
5981175 1
5981570 1
5983604 1
5991938 1
5992148 1
5993343 1
5995534 1
5996515 1
5998377 1
6000490 1
6001468 1
6004241 1
6004472 1
6006800 1
6007702 1
6011052 1
6011331 1
6011449 1
6025002 1
6029512 1
6029942 1
6032429 1
6040276 1
6043448 1
6046751 1
6047705 1
6049792 1
6053491 1
6057418 1
6060890 1
6061635 1
6062043 1
6065456 1
6071154 1
6082898 1
6095698 1
6096628 1
6097513 1
6098505 1
6105513 1
6112967 1
6115725 1
6131622 1
6133065 1
6137518 1
6138393 1
6147945 1
6149570 1
6152852 1
6155163 1
6155163 1
6163887 1
6167303 1
6176322 1
6176606 1
6185419 1
6188623 1
6200155 1
6204651 1
6223115 1
6227016 1
6228498 1
6232809 1
6237081 1
6240103 1
6261133 1
6264387 1
6267569 1
6281565 1
6290516 1
6292989 1
6294520 1
6300278 1
6314344 1
6326905 1
6331621 1
6334393 1
6336476 1
6340071 1
6341899 1
6351475 1
6355242 1
6360106 1
6360876 1
6368777 1
6369856 1
6396222 1
6399261 1
6410214 1
6412496 1
6413394 1
6418196 1
6420160 1
6420908 1
6435102 1
6435980 1
6435985 1
6436268 1
6436902 1
6444416 1
6448706 1
6449469 1
6449895 1
6450244 1
6459748 1
6459751 1
6471148 1
6474462 1
6477066 1
6480948 1
6483110 1
6495566 1
6496945 1
6503861 1
6506275 1
6506452 1
6507452 1
6508027 1
6508436 1
6508616 1
6511292 1
6517323 1
6523777 1
6526080 1
6539379 1
6542813 1
6544003 1
6548842 1
6550427 1
6551752 1
6572486 1
6576033 1
6578689 1
6582398 1
6587722 1
6589708 1
6591837 1
6594410 1
6600721 1
6610542 1
6616444 1
6616731 1
6619763 1
6621287 1
6624827 1
6628061 1
6628956 1
6632937 1
6633544 1
6637122 1
6639004 1
6640721 1
6646632 1
6653848 1
6654282 1
6657077 1
6657105 1
6670051 1
6671642 1
6683685 1
6690622 1
6695225 1
6698961 1
6709060 1
6713340 1
6717506 1
6723186 1
6724730 1
6730536 1
6731351 1
6733485 1
6737831 1
6738361 1
6740947 1
6746711 1
6748015 1
6749376 1
6753044 1
6757983 1
6765352 1
6770900 1
6780560 1
6786735 1
6788232 1
6795760 1
6802036 1
6811963 1
6817840 1
6835193 1
6836710 1
6845446 1
6849613 1
6850879 1
6853182 1
6856668 1
6857686 1
6864969 1
6867229 1
6867988 1
6870671 1
6875377 1
6883674 1
6887138 1
6891557 1
6892536 1
6893296 1
6894167 1
6897204 1
6898969 1
6902871 1
6903361 1
6909144 1
6910540 1
6915609 1
6923769 1
6925662 1
6925670 1
6928033 1
6929764 1
6934561 1
6934562 1
6936454 1
6936746 1
6937684 1
6940665 1
6957260 1
6969513 1
6984099 1
6986759 1
6986879 1
6986934 1
6995672 1
7017300 1
7022455 1
7025469 1
7028913 1
7034791 1
7048706 1
7049694 1
7050898 1
7052124 1
7055743 1
7066912 1
7067673 1
7068567 1
7072190 1
7077557 1
7082206 1
7101071 1
7107197 1
7107496 1
7108425 1
7109628 1
7114734 1
7115311 1
7116110 1
7130951 1
7135962 1
7136006 1
7144683 1
7145720 1
7147339 1
7159445 1
7160392 1
7161565 1
7167625 1
7171203 1
7176516 1
7180253 1
7182839 1
7183781 1
7191606 1
7195220 1
7196917 1
7197820 1
7199197 1
7200054 1
7200275 1
7204946 1
7207766 1
7209454 1
7211589 1
7224369 1
7225099 1
7234160 1
7236771 1
7238976 1
7245945 1
7258652 1
7261794 1
7266470 1
7275843 1
7283042 1
7287183 1
7288438 1
7289722 1
7297035 1
7298824 1
7304282 1
7305661 1
7306171 1
7306353 1
7308038 1
7308657 1
7309762 1
7317345 1
7318691 1
7322811 1
7323846 1
7328725 1
7329765 1
7333573 1
7335112 1
7341949 1
7342161 1
7342372 1
7352187 1
7352685 1
7364965 1
7366024 1
7372536 1
7377523 1
7379571 1
7381583 1
7390912 1
7394055 1
7396308 1
7405969 1
7411462 1
7411655 1
7417232 1
7419819 1
7420651 1
7427070 1
7429460 1
7440673 1
7443959 1
7452431 1
7476316 1
7482767 1
7487933 1
7489495 1
7489786 1
7495326 1
7505591 1
7511639 1
7525050 1
7526662 1
7538689 1
7539065 1
7541976 1
7546023 1
7550898 1
7556989 1
7565531 1
7578554 1
7587785 1
7588140 1
7593700 1
7599550 1
7600664 1
7602080 1
7622698 1
7649365 1
7659615 1
7662394 1
7667671 1
7669434 1
7684593 1
7688804 1
7698663 1
7704622 1
7709541 1
7710626 1
7713942 1
7716766 1
7724397 1
7727755 1
7727987 1
7728098 1
7728829 1
7736303 1
7737984 1
7740117 1
7740418 1
7750379 1
7755740 1
7756474 1
7764788 1
7766170 1
7767994 1
7774965 1
7777125 1
7782888 1
7790464 1
7793529 1
7825961 1
7828714 1
7832074 1
7836014 1
7839933 1
7844462 1
7844644 1
7847064 1
7856660 1
7859753 1
7872211 1
7873411 1
7884280 1
7894638 1
7898759 1
7898945 1
7899584 1
7904848 1
7905061 1
7906323 1
7906893 1
7912009 1
7912034 1
7915819 1
7919380 1
7923279 1
7925828 1
7931229 1
7935332 1
7941412 1
7945634 1
7945783 1
7960815 1
7960905 1
7962334 1
7968119 1
7968524 1
7970533 1
7970768 1
7983036 1
7990861 1
7996208 1
8005524 1
8005722 1
8008307 1
8013127 1
8013154 1
8017723 1
8021115 1
8022095 1
8023641 1
8024863 1
8028229 1
8029133 1
8030884 1
8031945 1
8032963 1
8033083 1
8041744 1
8041900 1
8049502 1
8050308 1
8054457 1
8054726 1
8057750 1
8059718 1
8062419 1
8071527 1
8077668 1
8092051 1
8094761 1
8097362 1
8104682 1
8106132 1
8106504 1
8107419 1
8108772 1
8111590 1
8128518 1
8129587 1
8137895 1
8140289 1
8140493 1
8162799 1
8172331 1
8182117 1
8182667 1
8188917 1
8202618 1
8209251 1
8216313 1
8217002 1
8218263 1
8224870 1
8228540 1
8241599 1
8254337 1
8256638 1
8257695 1
8262696 1
8271176 1
8272731 1
8275759 1
8280548 1
8284718 1
8286937 1
8287481 1
8298833 1
8300348 1
8301373 1
8303339 1
8303438 1
8306146 1
