2698 1
7339 1
8609 1
9253 1
11901 1
12949 1
16623 1
16871 1
18813 1
26566 1
27635 1
30706 1
34897 1
38983 1
46554 1
47506 1
48196 1
49364 1
53491 1
56109 1
58115 1
60686 1
60977 1
63118 1
63745 1
90892 1
92408 1
99351 1
105461 1
105592 1
109292 1
112346 1
115709 1
121116 1
125079 1
125517 1
127057 1
131882 1
136446 1
136966 1
140963 1
141385 1
143618 1
143635 1
144229 1
146998 1
147471 1
148321 1
153237 1
157726 1
160632 1
161737 1
166282 1
166654 1
166985 1
168482 1
168616 1
168899 1
172145 1
175304 1
180991 1
186241 1
192591 1
192957 1
194562 1
195612 1
199864 1
201487 1
206946 1
209203 1
216541 1
222797 1
225448 1
229482 1
235010 1
236482 1
237831 1
238585 1
240212 1
242873 1
250026 1
264516 1
272813 1
273460 1
275316 1
278475 1
280789 1
283488 1
300797 1
301672 1
321110 1
321874 1
322108 1
322859 1
327863 1
332696 1
333563 1
335669 1
352892 1
357494 1
358423 1
367695 1
380188 1
412273 1
420749 1
425761 1
428860 1
429094 1
430281 1
432931 1
462191 1
462520 1
463569 1
465912 1
476121 1
479024 1
479668 1
486582 1
490453 1
500388 1
500422 1
500543 1
504597 1
505076 1
507034 1
507854 1
508659 1
509804 1
524346 1
526567 1
533408 1
536101 1
537244 1
542443 1
549551 1
551288 1
555045 1
556177 1
559735 1
565838 1
571875 1
572015 1
573281 1
573569 1
573810 1
574586 1
581575 1
583591 1
583773 1
583918 1
583933 1
584270 1
594912 1
599479 1
600297 1
606703 1
606855 1
608212 1
619367 1
621435 1
625279 1
628580 1
644727 1
649320 1
654870 1
659428 1
659720 1
663757 1
664817 1
667818 1
668919 1
670588 1
677780 1
683397 1
685231 1
693681 1
699288 1
708430 1
713423 1
719551 1
722066 1
723520 1
727529 1
731016 1
736979 1
737193 1
748163 1
752653 1
757263 1
763304 1
771148 1
772039 1
775982 1
778873 1
779186 1
780132 1
780288 1
780511 1
782197 1
782862 1
788371 1
801334 1
801587 1
801844 1
805625 1
807021 1
810834 1
827318 1
831125 1
831417 1
833500 1
834510 1
837079 1
846697 1
848242 1
849767 1
854968 1
867051 1
880012 1
880682 1
880695 1
881207 1
897135 1
904153 1
914333 1
915970 1
919415 1
920652 1
921599 1
921877 1
923927 1
925876 1
926820 1
935276 1
935421 1
939235 1
947513 1
947652 1
950122 1
950643 1
954065 1
954312 1
964068 1
972881 1
978801 1
980528 1
980638 1
981391 1
986934 1
994166 1
998560 1
1007310 1
1008365 1
1010889 1
1011305 1
1018373 1
1018781 1
1024102 1
1025122 1
1025227 1
1028145 1
1030848 1
1034251 1
1038154 1
1038904 1
1039192 1
1040661 1
1043921 1
1046289 1
1049734 1
1059341 1
1066740 1
1068367 1
1072246 1
1073005 1
1073846 1
1075110 1
1091941 1
1092340 1
1095442 1
1095726 1
1097382 1
1099030 1
1100743 1
1102025 1
1102909 1
1105049 1
1105296 1
1110693 1
1136912 1
1149843 1
1152368 1
1154199 1
1159702 1
1170563 1
1189363 1
1199404 1
1200786 1
1201018 1
1205462 1
1206785 1
1208356 1
1209493 1
1216211 1
1228920 1
1234404 1
1239330 1
1239410 1
1240118 1
1241726 1
1248485 1
1265744 1
1273670 1
1280182 1
1282292 1
1282610 1
1285709 1
1287783 1
1289049 1
1294349 1
1295093 1
1295636 1
1295872 1
1296667 1
1298742 1
1306647 1
1307418 1
1308114 1
1311222 1
1313759 1
1316873 1
1319151 1
1319639 1
1321878 1
1324594 1
1327310 1
1329865 1
1335432 1
1337326 1
1341378 1
1347764 1
1348232 1
1348424 1
1349754 1
1356220 1
1366264 1
1367415 1
1379791 1
1379984 1
1383026 1
1389068 1
1389109 1
1393668 1
1393675 1
1397913 1
1398172 1
1399209 1
1400233 1
1400868 1
1401422 1
1411153 1
1420290 1
1424971 1
1433048 1
1443556 1
1444760 1
1446753 1
1452887 1
1459129 1
1461060 1
1463198 1
1463864 1
1464143 1
1469687 1
1478302 1
1481398 1
1482266 1
1485195 1
1495185 1
1496629 1
1499121 1
1501037 1
1508850 1
1509577 1
1513805 1
1521425 1
1524010 1
1525428 1
1530553 1
1530807 1
1531566 1
1532119 1
1533715 1
1535427 1
1542308 1
1554226 1
1556597 1
1558387 1
1563706 1
1573736 1
1573924 1
1579653 1
1581987 1
1590463 1
1590774 1
1608273 1
1610378 1
1617741 1
1623587 1
1623587 1
1629242 1
1629546 1
1633986 1
1634648 1
1640069 1
1650100 1
1657376 1
1658386 1
1661757 1
1662133 1
1664658 1
1666873 1
1669753 1
1670218 1
1672227 1
1673326 1
1680153 1
1690742 1
1693634 1
1693808 1
1701314 1
1701331 1
1710128 1
1712082 1
1717385 1
1719906 1
1723150 1
1730720 1
1733988 1
1734938 1
1738156 1
1738156 1
1741130 1
1744048 1
1749126 1
1753589 1
1759873 1
1760918 1
1764604 1
1766208 1
1768749 1
1769087 1
1769862 1
1778412 1
1791284 1
1801562 1
1803060 1
1805184 1
1815554 1
1820414 1
1820419 1
1821206 1
1822099 1
1823730 1
1828080 1
1828944 1
1829405 1
1832747 1
1853846 1
1857912 1
1859196 1
1870651 1
1871499 1
1890362 1
1891102 1
1896120 1
1897171 1
1904297 1
1918873 1
1919898 1
1922899 1
1930790 1
1941377 1
1952864 1
1953477 1
1954960 1
1989821 1
1990160 1
1991760 1
1992989 1
1996630 1
1999690 1
2006267 1
2006369 1
2011896 1
2019088 1
2019633 1
2019701 1
2028067 1
2037037 1
2044461 1
2046008 1
2046019 1
2046019 1
2047649 1
2047663 1
2049088 1
2049194 1
2052924 1
2053575 1
2055546 1
2060515 1
2069371 1
2069850 1
2079374 1
2080205 1
2086474 1
2088352 1
2091006 1
2093935 1
2094320 1
2096040 1
2097071 1
2097560 1
2098411 1
2098778 1
2106642 1
2108842 1
2110213 1
2113654 1
2113663 1
2114322 1
2116139 1
2137603 1
2138750 1
2140450 1
2143187 1
2150159 1
2150540 1
2151967 1
2152546 1
2158918 1
2160183 1
2161071 1
2167495 1
2170285 1
2172968 1
2173726 1
2195361 1
2195597 1
2197208 1
2198511 1
2198588 1
2209896 1
2210805 1
2211532 1
2213353 1
2220914 1
2222009 1
2224253 1
2233109 1
2235142 1
2237823 1
2237823 1
2246545 1
2250987 1
2251491 1
2252496 1
2255253 1
2257852 1
2262315 1
2267204 1
2267568 1
2272760 1
2274761 1
2282099 1
2289743 1
2290314 1
2290688 1
2293840 1
2294773 1
2299354 1
2300747 1
2302468 1
2311436 1
2313649 1
2316844 1
2318073 1
2320892 1
2330151 1
2344156 1
2344504 1
2349661 1
2352825 1
2356160 1
2358651 1
2361049 1
2362443 1
2378434 1
2383143 1
2384075 1
2385660 1
2386865 1
2387910 1
2389871 1
2409531 1
2411650 1
2412332 1
2412456 1
2421567 1
2423352 1
2423835 1
2424329 1
2424995 1
2430786 1
2436406 1
2439530 1
2442344 1
2442687 1
2445735 1
2454957 1
2466459 1
2467862 1
2476807 1
2492803 1
2493850 1
2497590 1
2506163 1
2516792 1
2522796 1
2522845 1
2529011 1
2531669 1
2534647 1
2534884 1
2542072 1
2542317 1
2544101 1
2553195 1
2557237 1
2563270 1
2573589 1
2578985 1
2579771 1
2581878 1
2582976 1
2587003 1
2592194 1
2592980 1
2595248 1
2599127 1
2602513 1
2605942 1
2606062 1
2606651 1
2607739 1
2608495 1
2615074 1
2617186 1
2619984 1
2648325 1
2648823 1
2658443 1
2667364 1
2675817 1
2683722 1
2685256 1
2693634 1
2708072 1
2710568 1
2712197 1
2715683 1
2715992 1
2720339 1
2736924 1
2756471 1
2764842 1
2769886 1
2772186 1
2774404 1
2775620 1
2776403 1
2777949 1
2780182 1
2781141 1
2781812 1
2787294 1
2788865 1
2790194 1
2801702 1
2803632 1
2816216 1
2817574 1
2826045 1
2827309 1
2852713 1
2861493 1
2878401 1
2879896 1
2881460 1
2882304 1
2886650 1
2891080 1
2901774 1
2903258 1
2907248 1
2913891 1
2921930 1
2929047 1
2936197 1
2939914 1
2945669 1
2956642 1
2957382 1
2961639 1
2963184 1
2965389 1
2966332 1
2966596 1
2971419 1
2974989 1
2985448 1
2986423 1
2992679 1
2993378 1
2998819 1
3003946 1
3005292 1
3005755 1
3013136 1
3013970 1
3015728 1
3016550 1
3020982 1
3024624 1
3025983 1
3026224 1
3028841 1
3030696 1
3031992 1
3037367 1
3038100 1
3043199 1
3043288 1
3047427 1
3052239 1
3063809 1
3063908 1
3065008 1
3066063 1
3068083 1
3070186 1
3074412 1
3078674 1
3085376 1
3090518 1
3098983 1
3099510 1
3105990 1
3106253 1
3109354 1
3111148 1
3112909 1
3118764 1
3119151 1
3120988 1
3121501 1
3121806 1
3122140 1
3125319 1
3134482 1
3144237 1
3144294 1
3151160 1
3151493 1
3159236 1
3160512 1
3168238 1
3171514 1
3174177 1
3174807 1
3179597 1
3179967 1
3180840 1
3189359 1
3205366 1
3207038 1
3209250 1
3212954 1
3214974 1
3215075 1
3220924 1
3233238 1
3236068 1
3237954 1
3238554 1
3246386 1
3249584 1
3253431 1
3261483 1
3264847 1
3268535 1
3279268 1
3284903 1
3294648 1
3294833 1
3295645 1
3302343 1
3309357 1
3311001 1
3312318 1
3315789 1
3322984 1
3323273 1
3323931 1
3329605 1
3340247 1
3346110 1
3347785 1
3347938 1
3355293 1
3358122 1
3360201 1
3363817 1
3364263 1
3372343 1
3377586 1
3380442 1
3381624 1
3385792 1
3396507 1
3397967 1
3409577 1
3410828 1
3415826 1
3418506 1
3425499 1
3425658 1
3432628 1
3433092 1
3433519 1
3434449 1
3436327 1
3437440 1
3441042 1
3442714 1
3448895 1
3453816 1
3458078 1
3473249 1
3477620 1
3477902 1
3483280 1
3484422 1
3485239 1
3486479 1
3486939 1
3488611 1
3494520 1
3497666 1
3500660 1
3500909 1
3509542 1
3512359 1
3516320 1
3517810 1
3517973 1
3522346 1
3523019 1
3526399 1
3527144 1
3530552 1
3539532 1
3542367 1
3544992 1
3559354 1
3559755 1
3564343 1
3570547 1
3579983 1
3581374 1
3592607 1
3592817 1
3595345 1
3596345 1
3603276 1
3611642 1
3614698 1
3620802 1
3633910 1
3643588 1
3644728 1
3655087 1
3660682 1
3665321 1
3673654 1
3675393 1
3677046 1
3681090 1
3687547 1
3689873 1
3691181 1
3691569 1
3699607 1
3701656 1
3707588 1
3709106 1
3718279 1
3718310 1
3719403 1
3719884 1
3722189 1
3728239 1
3732816 1
3735265 1
3742834 1
3743243 1
3745208 1
3746180 1
3748509 1
3751853 1
3753787 1
3758174 1
3765058 1
3769972 1
3773038 1
3775855 1
3777132 1
3782985 1
3787523 1
3789115 1
3789141 1
3792638 1
3795179 1
3798157 1
3804744 1
3811223 1
3815287 1
3817900 1
3821305 1
3824691 1
3835965 1
3852763 1
3856650 1
3866829 1
3868699 1
3870018 1
3872296 1
3874969 1
3877302 1
3880991 1
3885961 1
3892196 1
3904778 1
3905132 1
3913187 1
3918446 1
3925010 1
3929472 1
3932039 1
3943090 1
3949326 1
3951526 1
3960815 1
3969679 1
3972813 1
3972899 1
3981657 1
3983249 1
3985885 1
3987588 1
3988471 1
3991438 1
3999975 1
4001220 1
4007588 1
4013062 1
4015467 1
4019186 1
4021462 1
4021799 1
4022633 1
4023232 1
4024348 1
4025829 1
4026818 1
4027178 1
4028098 1
4030335 1
4030828 1
4040317 1
4049620 1
4051300 1
4067377 1
4068971 1
4069258 1
4069794 1
4070424 1
4074036 1
4076785 1
4082483 1
4090829 1
4093490 1
4101055 1
4104836 1
4110412 1
4115178 1
4116993 1
4129372 1
4144358 1
4146057 1
4158436 1
4162624 1
4168617 1
4184349 1
4186909 1
4191876 1
4197952 1
4201341 1
4208907 1
4210384 1
4214078 1
4214462 1
4214978 1
4216261 1
4226521 1
4229647 1
4230806 1
4235686 1
4236505 1
4246993 1
4251192 1
4252379 1
4253176 1
4253275 1
4254994 1
4258711 1
4260400 1
4262958 1
4264143 1
4271573 1
4271777 1
4274737 1
4278196 1
4281964 1
4285254 1
4300284 1
4302596 1
4306447 1
4316314 1
4318018 1
4323452 1
4324864 1
4325056 1
4331587 1
4341884 1
4352859 1
4355973 1
4356974 1
4367895 1
4368377 1
4369154 1
4370851 1
4371104 1
4372380 1
4374512 1
4384917 1
4390525 1
4398454 1
4402706 1
4403373 1
4406716 1
4415404 1
4418072 1
4420935 1
4430451 1
4434357 1
4438274 1
4439738 1
4441028 1
4441846 1
4468699 1
4470221 1
4474287 1
4476803 1
4477535 1
4477722 1
4478626 1
4482272 1
4488303 1
4489090 1
4491328 1
4491532 1
4496436 1
4515874 1
4517082 1
4522766 1
4527264 1
4536380 1
4536961 1
4537052 1
4543725 1
4545232 1
4545321 1
4546360 1
4547283 1
4554974 1
4557050 1
4562168 1
4564329 1
4564481 1
4565974 1
4587682 1
4591373 1
4601069 1
4611200 1
4618843 1
4635578 1
4641877 1
4649185 1
4657675 1
4667307 1
4670241 1
4671193 1
4672682 1
4672687 1
4674177 1
4674565 1
4674742 1
4682638 1
4683729 1
4690757 1
4692725 1
4694545 1
4697016 1
4711360 1
4716787 1
4722468 1
4730308 1
4731776 1
4736608 1
4739320 1
4739405 1
4743684 1
4744961 1
4746818 1
4763492 1
4765796 1
4770144 1
4771885 1
4773866 1
4775624 1
4776389 1
4776531 1
4779766 1
4784010 1
4787648 1
4789650 1
4794391 1
4808077 1
4809057 1
4812031 1
4815972 1
4816520 1
4816520 1
4816588 1
4817888 1
4818171 1
4825360 1
4825957 1
4826251 1
4832402 1
4834068 1
4835458 1
4845045 1
4857890 1
4859709 1
4860319 1
4861190 1
4866564 1
4870161 1
4872761 1
4874111 1
4874492 1
4881141 1
4883190 1
4883234 1
4884562 1
4885636 1
4885726 1
4894748 1
4894934 1
4895586 1
4896055 1
4896117 1
4897453 1
4898075 1
4899605 1
4906144 1
4914200 1
4919173 1
4928993 1
4933790 1
4946235 1
4954661 1
4957717 1
4959604 1
4964847 1
4965931 1
4969435 1
4972660 1
4978832 1
4980589 1
4982202 1
4983512 1
4986909 1
4987303 1
4994769 1
4995431 1
4997847 1
4999662 1
5008323 1
5008787 1
5017250 1
5021473 1
5021595 1
5024054 1
5025924 1
5026970 1
5030115 1
5032038 1
5038642 1
5042914 1
5045738 1
5046089 1
5046571 1
5050636 1
5066634 1
5075810 1
5114818 1
5115702 1
5119602 1
5126364 1
5135660 1
5136665 1
5146278 1
5146946 1
5151013 1
5171306 1
5171374 1
5187802 1
5190621 1
5197399 1
5203217 1
5203931 1
5210754 1
5223499 1
5241774 1
5242094 1
5242711 1
5245861 1
5246580 1
5248784 1
5271263 1
5276244 1
5278390 1
5280852 1
5283437 1
5289222 1
5291971 1
5292330 1
5293742 1
5310965 1
5313430 1
5317056 1
5322372 1
5327708 1
5330503 1
5331674 1
5335025 1
5354253 1
5366082 1
5374299 1
5376801 1
5380553 1
5382488 1
5422102 1
5423663 1
5423684 1
5429978 1
5430376 1
5433071 1
5434616 1
5436018 1
5437704 1
5443115 1
5443970 1
5446948 1
5454792 1
5463702 1
5467876 1
5468195 1
5468228 1
5470010 1
5479967 1
5486774 1
5492556 1
5514200 1
5514742 1
5526161 1
5529315 1
5535896 1
5538769 1
5538797 1
5541238 1
5544981 1
5545053 1
5546693 1
5549940 1
5558896 1
5560731 1
5565790 1
5571451 1
5575358 1
5575390 1
5585014 1
5589479 1
5594923 1
5595968 1
5600387 1
5605271 1
5605296 1
5608512 1
5624158 1
5629498 1
5629960 1
5638251 1
5639795 1
5643394 1
5643424 1
5645661 1
5647445 1
5648164 1
5650138 1
5657854 1
5661180 1
5661823 1
5662140 1
5669911 1
5670500 1
5676105 1
5677619 1
5678312 1
5683723 1
5684946 1
5687648 1
5696180 1
5709177 1
5709318 1
5714124 1
5718848 1
5725896 1
5728174 1
5729999 1
5733262 1
5735380 1
5742193 1
5748121 1
5750826 1
5761944 1
5762797 1
5763479 1
5766199 1
5774767 1
5775819 1
5777781 1
5784955 1
5787100 1
5791073 1
5793311 1
5800764 1
5802502 1
5803223 1
5807630 1
5808541 1
5808873 1
5810341 1
5822374 1
5827693 1
5839143 1
5840921 1
5852919 1
5869566 1
5878023 1
5879256 1
5882170 1
5891619 1
5893579 1
5894389 1
5895340 1
5905165 1
5913605 1
5915945 1
5919696 1
5923108 1
5924791 1
5927079 1
5927356 1
5929080 1
5929851 1
5929896 1
5931144 1
5934248 1
5944955 1
5961651 1
5964133 1
5968936 1
5969157 1
5970163 1
5971875 1
5973620 1
5973713 1
5982379 1
5988447 1
5989255 1
5991381 1
5994194 1
5996732 1
5998040 1
5999734 1
6003714 1
6006851 1
6011423 1
6020164 1
6026485 1
6028801 1
6033879 1
6037546 1
6037656 1
6039529 1
6044279 1
6045292 1
6045762 1
6050941 1
6056706 1
6060329 1
6064265 1
6065974 1
6069352 1
6074784 1
6075360 1
6082020 1
6085872 1
6087481 1
6091523 1
6093783 1
6096379 1
6096695 1
6102550 1
6118259 1
6118725 1
6123145 1
6125390 1
6126453 1
6127050 1
6129564 1
6129998 1
6132525 1
6139114 1
6150515 1
6151739 1
6159117 1
6159853 1
6160838 1
6160914 1
6162925 1
6162925 1
6165051 1
6167162 1
6181440 1
6184145 1
6194355 1
6195289 1
6195344 1
6226090 1
6226557 1
6234307 1
6240448 1
6241614 1
6244440 1
6249342 1
6252709 1
6254640 1
6255023 1
6259988 1
6261821 1
6262127 1
6264651 1
6265094 1
6269677 1
6277504 1
6278293 1
6279891 1
6280161 1
6286530 1
6290358 1
6295718 1
6297398 1
6299713 1
6300434 1
6315927 1
6316092 1
6316099 1
6318024 1
6332455 1
6334595 1
6339753 1
6341229 1
6344145 1
6351911 1
6353730 1
6360547 1
6360898 1
6363143 1
6367581 1
6380319 1
6389256 1
6389256 1
6391514 1
6395554 1
6396344 1
6398804 1
6402134 1
6402140 1
6404523 1
6412092 1
6413701 1
6415080 1
6416378 1
6417310 1
6423230 1
6423517 1
6424559 1
6425868 1
6426247 1
6436509 1
6438662 1
6438779 1
6438800 1
6443742 1
6448264 1
6454621 1
6455207 1
6455387 1
6455496 1
6465987 1
6478923 1
6485213 1
6491030 1
6491279 1
6493089 1
6494340 1
6499914 1
6502133 1
6503035 1
6505172 1
6508151 1
6509971 1
6511971 1
6515127 1
6523132 1
6527317 1
6532510 1
6533474 1
6533802 1
6535178 1
6543018 1
6546689 1
6549949 1
6551794 1
6557845 1
6559653 1
6560098 1
6560393 1
6560832 1
6563084 1
6564010 1
6565030 1
6565619 1
6567792 1
6568826 1
6575228 1
6582139 1
6598595 1
6605854 1
6612219 1
6616874 1
6620143 1
6620486 1
6624594 1
6626813 1
6629270 1
6632017 1
6632697 1
6638132 1
6640466 1
6641968 1
6645861 1
6651475 1
6652354 1
6653737 1
6655105 1
6657364 1
6666132 1
6667056 1
6673581 1
6679019 1
6679435 1
6680537 1
6684652 1
6695435 1
6697960 1
6699763 1
6701814 1
6702788 1
6709470 1
6714068 1
6718366 1
6726298 1
6726456 1
6728278 1
6729927 1
6737477 1
6739646 1
6740587 1
6744144 1
6758167 1
6768441 1
6769744 1
6774785 1
6776173 1
6779359 1
6783331 1
6790216 1
6793988 1
6793988 1
6795650 1
6800352 1
6802866 1
6818728 1
6822657 1
6824849 1
6824871 1
6829106 1
6830513 1
6832058 1
6837345 1
6837501 1
6838091 1
6841778 1
6843632 1
6849452 1
6849677 1
6852649 1
6852960 1
6858813 1
6865687 1
6869706 1
6873299 1
6884722 1
6894102 1
6894172 1
6897171 1
6898548 1
6902622 1
6916541 1
6916585 1
6918060 1
6918220 1
6926409 1
6928205 1
6930728 1
6931108 1
6931436 1
6932821 1
6937859 1
6944731 1
6945089 1
6948464 1
6950099 1
6954685 1
6960574 1
6961682 1
6980613 1
6985857 1
6986758 1
6989797 1
7002478 1
7010828 1
7017571 1
7017759 1
7026266 1
7032485 1
7035177 1
7043013 1
7051053 1
7056467 1
7057845 1
7065194 1
7078740 1
7079758 1
7080705 1
7081329 1
7086881 1
7087107 1
7088530 1
7096491 1
7099614 1
7103882 1
7108175 1
7122551 1
7137170 1
7145599 1
7155318 1
7156811 1
7158425 1
7158610 1
7158836 1
7163909 1
7171742 1
7173913 1
7175054 1
7182235 1
7190362 1
7192729 1
7194788 1
7195202 1
7196333 1
7197671 1
7199141 1
7206014 1
7207961 1
7209528 1
7210040 1
7212567 1
7213407 1
7220027 1
7223752 1
7223854 1
7227653 1
7232136 1
7233665 1
7239653 1
7245936 1
7258406 1
7261852 1
7272676 1
7272761 1
7276851 1
7279197 1
7280538 1
7281370 1
7282355 1
7290710 1
7299290 1
7303186 1
7311915 1
7314001 1
7314012 1
7322519 1
7326236 1
7327225 1
7328103 1
7329529 1
7332707 1
7336112 1
7343645 1
7359585 1
7359593 1
7362670 1
7365503 1
7381627 1
7382253 1
7382947 1
7405557 1
7409110 1
7418905 1
7418905 1
7419707 1
7420330 1
7425363 1
7429190 1
7434439 1
7436930 1
7438421 1
7438807 1
7439743 1
7440638 1
7444047 1
7445477 1
7446803 1
7457117 1
7463820 1
7464501 1
7466268 1
7468695 1
7475452 1
7477630 1
7489629 1
7492123 1
7492304 1
7492731 1
7494483 1
7495094 1
7501855 1
7502457 1
7502457 1
7503228 1
7504047 1
7509947 1
7510317 1
7513586 1
7514296 1
7520039 1
7535555 1
7538973 1
7540435 1
7545840 1
7546341 1
7562791 1
7568921 1
7571915 1
7574265 1
7579015 1
7580724 1
7580741 1
7584604 1
7585237 1
7593934 1
7595985 1
7604562 1
7618266 1
7629758 1
7633704 1
7644767 1
7648787 1
7649499 1
7655978 1
7663340 1
7667813 1
7673853 1
7679485 1
7682937 1
7683020 1
7685377 1
7693290 1
7701376 1
7702211 1
7702959 1
7705025 1
7711290 1
7723407 1
7727738 1
7728042 1
7728669 1
7731437 1
7731930 1
7750146 1
7752681 1
7755785 1
7756128 1
7762641 1
7766750 1
7773720 1
7777503 1
7778147 1
7780964 1
7786041 1
7789415 1
7790273 1
7791645 1
7792161 1
7794203 1
7805920 1
7809273 1
7810414 1
7812712 1
7817804 1
7817927 1
7821629 1
7825006 1
7829549 1
7835945 1
7840945 1
7842234 1
7842520 1
7847219 1
7855278 1
7855370 1
7856966 1
7864274 1
7869575 1
7873761 1
7876970 1
7877452 1
7877907 1
7884216 1
7893865 1
7896646 1
7897846 1
7899484 1
7903383 1
7904971 1
7905699 1
7910427 1
7913581 1
7916809 1
7916944 1
7917314 1
7923422 1
7925772 1
7935093 1
7935149 1
7935770 1
7937740 1
7940444 1
7947672 1
7948931 1
7951217 1
7953957 1
7958530 1
7959085 1
7959873 1
7966826 1
7968773 1
7971515 1
7980074 1
7984752 1
7990663 1
7994630 1
8004665 1
8014011 1
8018714 1
8023545 1
8026621 1
8029305 1
8044326 1
8045933 1
8059194 1
8059601 1
8061484 1
8062937 1
8065643 1
8066749 1
8075452 1
8075584 1
8082691 1
8084035 1
8084386 1
8084649 1
8095689 1
8098003 1
8102306 1
8102505 1
8109595 1
8111036 1
8112065 1
8116070 1
8116594 1
8121791 1
8123095 1
8127969 1
8128446 1
8129654 1
8135038 1
8135788 1
8137455 1
8137979 1
8140414 1
8143311 1
8144027 1
8147246 1
8151947 1
8151956 1
8156292 1
8160146 1
8163653 1
8167009 1
8167567 1
8170373 1
8185297 1
8186444 1
8187972 1
8188574 1
8198022 1
8200414 1
8207270 1
8225044 1
8236188 1
8239549 1
8256631 1
8267343 1
8268876 1
8275490 1
8294018 1
8298550 1
8298761 1
8299914 1
8300500 1
8300576 1
8309338 1
8310467 1
8310813 1
2726 1
8485 1
12790 1
24263 1
29221 1
30339 1
33943 1
45148 1
45523 1
48487 1
48766 1
54372 1
58249 1
62887 1
71594 1
82425 1
95641 1
100019 1
100198 1
100227 1
101622 1
105307 1
108865 1
110791 1
113727 1
117963 1
118270 1
118449 1
119902 1
123341 1
126291 1
128384 1
133450 1
133834 1
137515 1
139090 1
142974 1
153988 1
161015 1
165691 1
166874 1
172017 1
176218 1
177999 1
183659 1
184355 1
184384 1
184575 1
186618 1
187313 1
197962 1
204173 1
209322 1
210677 1
211076 1
213057 1
214758 1
214875 1
215875 1
217233 1
218202 1
220061 1
220222 1
220267 1
220648 1
222440 1
222639 1
227306 1
230282 1
230484 1
230910 1
231306 1
236317 1
238897 1
244875 1
249591 1
253470 1
262581 1
264694 1
268002 1
276666 1
279152 1
280380 1
280891 1
282325 1
283409 1
285665 1
287384 1
288535 1
291704 1
292971 1
297573 1
298985 1
301174 1
304093 1
308384 1
316007 1
319715 1
322918 1
326051 1
326587 1
327762 1
331173 1
331355 1
343058 1
345404 1
348132 1
351316 1
354122 1
358017 1
358848 1
359062 1
360306 1
361978 1
364518 1
368928 1
373894 1
375978 1
376419 1
377021 1
380143 1
387512 1
416580 1
419694 1
421285 1
425787 1
428597 1
430319 1
434003 1
449199 1
450319 1
451653 1
457200 1
459450 1
460369 1
463899 1
464132 1
467976 1
468940 1
475761 1
482566 1
488577 1
492979 1
494456 1
496191 1
500354 1
503594 1
506193 1
511700 1
512501 1
513366 1
514925 1
515979 1
520089 1
524410 1
524941 1
537740 1
538561 1
539369 1
546956 1
547537 1
548873 1
551624 1
551695 1
551753 1
558913 1
560750 1
565140 1
569093 1
571981 1
574148 1
576208 1
576394 1
577958 1
578632 1
578689 1
579396 1
579576 1
583791 1
584126 1
589561 1
598364 1
608923 1
610395 1
612572 1
618152 1
618429 1
633797 1
640099 1
641632 1
645564 1
647160 1
651400 1
652968 1
663041 1
663211 1
669834 1
675344 1
678390 1
681928 1
685329 1
693569 1
703041 1
703296 1
704590 1
709451 1
712302 1
722145 1
723481 1
728749 1
729532 1
744060 1
744237 1
752065 1
752909 1
752916 1
756044 1
757240 1
761057 1
764765 1
767177 1
769554 1
771061 1
773696 1
773992 1
777192 1
778463 1
779003 1
785077 1
787212 1
787516 1
789568 1
792430 1
793439 1
794615 1
802761 1
803025 1
807519 1
809245 1
811553 1
812165 1
823529 1
823556 1
826581 1
832409 1
833440 1
840874 1
844239 1
852082 1
853765 1
864893 1
865176 1
870243 1
871192 1
874686 1
874901 1
893012 1
906007 1
918897 1
921546 1
926177 1
929151 1
929806 1
931091 1
936529 1
938217 1
938875 1
938938 1
949535 1
950140 1
950524 1
952067 1
958373 1
966204 1
970229 1
979489 1
981460 1
981469 1
983752 1
985978 1
986092 1
996537 1
1011792 1
1028441 1
1030580 1
1040092 1
1042835 1
1044002 1
1045492 1
1049855 1
1050348 1
1052571 1
1054091 1
1056562 1
1057408 1
1062269 1
1062386 1
1063422 1
1063937 1
1065790 1
1071805 1
1072236 1
1073633 1
1073853 1
1077722 1
1078616 1
1080754 1
1085606 1
1089147 1
1089169 1
1089893 1
1095273 1
1096123 1
1102721 1
1104597 1
1106982 1
1109780 1
1116311 1
1117694 1
1126655 1
1135121 1
1141672 1
1150971 1
1155707 1
1159949 1
1163002 1
1175120 1
1181037 1
1181318 1
1182857 1
1186082 1
1199098 1
1207880 1
1209724 1
1209998 1
1211724 1
1215584 1
1220294 1
1220725 1
1225812 1
1226796 1
1226892 1
1236696 1
1238562 1
1242396 1
1246878 1
1256706 1
1258367 1
1258621 1
1266910 1
1268810 1
1269941 1
1285466 1
1290477 1
1297205 1
1304347 1
1315240 1
1322561 1
1323610 1
1324530 1
1324783 1
1335173 1
1343648 1
1356178 1
1364563 1
1365444 1
1368453 1
1369484 1
1376972 1
1379063 1
1382007 1
1392198 1
1393796 1
1397712 1
1400171 1
1406456 1
1407621 1
1409321 1
1411141 1
1413913 1
1416879 1
1426655 1
1426749 1
1428242 1
1428359 1
1431090 1
1435753 1
1438042 1
1449058 1
1452223 1
1452697 1
1463362 1
1467587 1
1474077 1
1474607 1
1474607 1
1479357 1
1490317 1
1491307 1
1493301 1
1511793 1
1513595 1
1522221 1
1541731 1
1541750 1
1544119 1
1549875 1
1554865 1
1555013 1
1555623 1
1555623 1
1565150 1
1567258 1
1569788 1
1570991 1
1577079 1
1577315 1
1582226 1
1587163 1
1592003 1
1609198 1
1609939 1
1615767 1
1619622 1
1624401 1
1631906 1
1633745 1
1639605 1
1640695 1
1641204 1
1641318 1
1646462 1
1647204 1
1647875 1
1648449 1
1653463 1
1661079 1
1672951 1
1675461 1
1675464 1
1683210 1
1694325 1
1701859 1
1702170 1
1702641 1
1703586 1
1704298 1
1710420 1
1716932 1
1718954 1
1721648 1
1723320 1
1726946 1
1730231 1
1731274 1
1731326 1
1731938 1
1733357 1
1739221 1
1741175 1
1743796 1
1770204 1
1771539 1
1779078 1
1782860 1
1788473 1
1790027 1
1790599 1
1791864 1
1792939 1
1795111 1
1798284 1
1803977 1
1806464 1
1810015 1
1818099 1
1819775 1
1824426 1
1824616 1
1830116 1
1831336 1
1835372 1
1839851 1
1846733 1
1858230 1
1866279 1
1867045 1
1873988 1
1874588 1
1874625 1
1875130 1
1880515 1
1881096 1
1886414 1
1891890 1
1895150 1
1896975 1
1897498 1
1897828 1
1899109 1
1903201 1
1907898 1
1915087 1
1919729 1
1927544 1
1933383 1
1936694 1
1940776 1
1945785 1
1947389 1
1950864 1
1951623 1
1951766 1
1954562 1
1962676 1
1964207 1
1965016 1
1965428 1
1965807 1
1967936 1
1968049 1
1969695 1
1971429 1
1972421 1
1978359 1
1989480 1
1992556 1
1993190 1
2003459 1
2004873 1
2015764 1
2016759 1
2022939 1
2033432 1
2033651 1
2040538 1
2048155 1
2048156 1
2053086 1
2055098 1
2056533 1
2068681 1
2071854 1
2072255 1
2079282 1
2084622 1
2084886 1
2088968 1
2091586 1
2094308 1
2098196 1
2099236 1
2099563 1
2099720 1
2101442 1
2102930 1
2106411 1
2107938 1
2112629 1
2113138 1
2116708 1
2121319 1
2123431 1
2132694 1
2135779 1
2140467 1
2148340 1
2157489 1
2160156 1
2165383 1
2184692 1
2184862 1
2184944 1
2185826 1
2192752 1
2195653 1
2196969 1
2196971 1
2202124 1
2202669 1
2205715 1
2210259 1
2211755 1
2215036 1
2226103 1
2227144 1
2228487 1
2236263 1
2241762 1
2246620 1
2248233 1
2256698 1
2256978 1
2258473 1
2260319 1
2266210 1
2283329 1
2286758 1
2289459 1
2289817 1
2290674 1
2290775 1
2294483 1
2296668 1
2296721 1
2300896 1
2300909 1
2303281 1
2303368 1
2303764 1
2305662 1
2308045 1
2308750 1
2313281 1
2314734 1
2317457 1
2322386 1
2328903 1
2336349 1
2341163 1
2351345 1
2355860 1
2357027 1
2359831 1
2361017 1
2363310 1
2367550 1
2370336 1
2383207 1
2385478 1
2390516 1
2392441 1
2393561 1
2400604 1
2401356 1
2406130 1
2421090 1
2425312 1
2427118 1
2433486 1
2439557 1
2441812 1
2442814 1
2443080 1
2444549 1
2445397 1
2456909 1
2462615 1
2464952 1
2470596 1
2470625 1
2471770 1
2472609 1
2476934 1
2478222 1
2483515 1
2485386 1
2486411 1
2488924 1
2489009 1
2491929 1
2492787 1
2495048 1
2497891 1
2500296 1
2504508 1
2506648 1
2508658 1
2509418 1
2511970 1
2517699 1
2523456 1
2525268 1
2526221 1
2526517 1
2529400 1
2532273 1
2535579 1
2546054 1
2547415 1
2548017 1
2549756 1
2551214 1
2551217 1
2552553 1
2554088 1
2555733 1
2562630 1
2567520 1
2582508 1
2586024 1
2586985 1
2588035 1
2590652 1
2591656 1
2594044 1
2594192 1
2595702 1
2602611 1
2605789 1
2606681 1
2607546 1
2608662 1
2610113 1
2611304 1
2618787 1
2619859 1
2622348 1
2631238 1
2636704 1
2640781 1
2651530 1
2654155 1
2664971 1
2665761 1
2671517 1
2674229 1
2679239 1
2680238 1
2682317 1
2683644 1
2684120 1
2684958 1
2703512 1
2717970 1
2720804 1
2721164 1
2721861 1
2722670 1
2726252 1
2727943 1
2728193 1
2731234 1
2743934 1
2759493 1
2764265 1
2764867 1
2770073 1
2773988 1
2774085 1
2774848 1
2776725 1
2781585 1
2785046 1
2796464 1
2800887 1
2803664 1
2804287 1
2812883 1
2813623 1
2813943 1
2820255 1
2823046 1
2823711 1
2828117 1
2832274 1
2833814 1
2834870 1
2838201 1
2843975 1
2849357 1
2859926 1
2863871 1
2868233 1
2875095 1
2876026 1
2877369 1
2883315 1
2883476 1
2886079 1
2893887 1
2895023 1
2899418 1
2901005 1
2903954 1
2904040 1
2906123 1
2906994 1
2913462 1
2933866 1
2940137 1
2948564 1
2961741 1
2965452 1
2966806 1
2969998 1
2970917 1
2972329 1
2972408 1
2973478 1
2976223 1
2983006 1
3002461 1
3002976 1
3004698 1
3004717 1
3006901 1
3011221 1
3013257 1
3016756 1
3017638 1
3024529 1
3027736 1
3029135 1
3035611 1
3044218 1
3048206 1
3060056 1
3061029 1
3069775 1
3077468 1
3081952 1
3093227 1
3096478 1
3096998 1
3098147 1
3101493 1
3104104 1
3109300 1
3115215 1
3115252 1
3118393 1
3119049 1
3120723 1
3122501 1
3124574 1
3128664 1
3129706 1
3129993 1
3131142 1
3138863 1
3146978 1
3147751 1
3154217 1
3156991 1
3159846 1
3164281 1
3167076 1
3175136 1
3193658 1
3193739 1
3204808 1
3205080 1
3206690 1
3209778 1
3213089 1
3214449 1
3217307 1
3218012 1
3220103 1
3225759 1
3238269 1
3260616 1
3262577 1
3269516 1
3269574 1
3274052 1
3277320 1
3280910 1
3285954 1
3286050 1
3288276 1
3288460 1
3288610 1
3298419 1
3298509 1
3300239 1
3303480 1
3307414 1
3316743 1
3330481 1
3332296 1
3339104 1
3342077 1
3349644 1
3357975 1
3358691 1
3358806 1
3359054 1
3360573 1
3364093 1
3373960 1
3377900 1
3389039 1
3389579 1
3396275 1
3396724 1
3404131 1
3417392 1
3424984 1
3430919 1
3435626 1
3439380 1
3440416 1
3448598 1
3451535 1
3458857 1
3460874 1
3467130 1
3471488 1
3472720 1
3472750 1
3481472 1
3487218 1
3488106 1
3488396 1
3505235 1
3509535 1
3510531 1
3515926 1
3516131 1
3516863 1
3517451 1
3517924 1
3527200 1
3527631 1
3531646 1
3533240 1
3534750 1
3535575 1
3537229 1
3544765 1
3560153 1
3561865 1
3563044 1
3564419 1
3573036 1
3582594 1
3586967 1
3604567 1
3613623 1
3613710 1
3618812 1
3630259 1
3631537 1
3632770 1
3636203 1
3638992 1
3642557 1
3644567 1
3647966 1
3647966 1
3650931 1
3653292 1
3662305 1
3662318 1
3663071 1
3664179 1
3664980 1
3669830 1
3673499 1
3675477 1
3680309 1
3700161 1
3700650 1
3700717 1
3701755 1
3702873 1
3706957 1
3707323 1
3707699 1
3708864 1
3713770 1
3721274 1
3729307 1
3731250 1
3732948 1
3733232 1
3741193 1
3748460 1
3748816 1
3752368 1
3752809 1
3756258 1
3758646 1
3760079 1
3763852 1
3764021 1
3764167 1
3764266 1
3766364 1
3766620 1
3768441 1
3771622 1
3775249 1
3775864 1
3782277 1
3782904 1
3783084 1
3785827 1
3788216 1
3789298 1
3792366 1
3794440 1
3795591 1
3797548 1
3801666 1
3810463 1
3834348 1
3848781 1
3849374 1
3854669 1
3860280 1
3860600 1
3865307 1
3867229 1
3870322 1
3870627 1
3873542 1
3873651 1
3874409 1
3874416 1
3879485 1
3887640 1
3890269 1
3893045 1
3913601 1
3913806 1
3917726 1
3936119 1
3938803 1
3941665 1
3943403 1
3944446 1
3946229 1
3947372 1
3948578 1
3954370 1
3955407 1
3956632 1
3960413 1
3965389 1
3968556 1
3973102 1
3973857 1
3974123 1
3975030 1
3989005 1
3998880 1
4005229 1
4006755 1
4007925 1
4016716 1
4018464 1
4023923 1
4025104 1
4025847 1
4033161 1
4036191 1
4042240 1
4044740 1
4045951 1
4046995 1
4047820 1
4049654 1
4056612 1
4057095 1
4065256 1
4066594 1
4071611 1
4071612 1
4078617 1
4105982 1
4111179 1
4111706 1
4118686 1
4129386 1
4131952 1
4141694 1
4143890 1
4144747 1
4145521 1
4145999 1
4156849 1
4158061 1
4158347 1
4158755 1
4160916 1
4162273 1
4168664 1
4170138 1
4170496 1
4179260 1
4179271 1
4179520 1
4188365 1
4189161 1
4189616 1
4193059 1
4193238 1
4202114 1
4205757 1
4206205 1
4206828 1
4207252 1
4208540 1
4209109 1
4211328 1
4212109 1
4213603 1
4214150 1
4214607 1
4223281 1
4225856 1
4233503 1
4235016 1
4235872 1
4236961 1
4241971 1
4248334 1
4250263 1
4254105 1
4256580 1
4258013 1
4261178 1
4264265 1
4270386 1
4278548 1
4279977 1
4281223 1
4284965 1
4293944 1
4293958 1
4294884 1
4297773 1
4297942 1
4305771 1
4311707 1
4316449 1
4316918 1
4316935 1
4322592 1
4329289 1
4335810 1
4338815 1
4342197 1
4342915 1
4345761 1
4349895 1
4351107 1
4356625 1
4359133 1
4361352 1
4361678 1
4369686 1
4375311 1
4378764 1
4390536 1
4397374 1
4398593 1
4400703 1
4401704 1
4413124 1
4415080 1
4417591 1
4418388 1
4428174 1
4430473 1
4433092 1
4441472 1
4448544 1
4461228 1
4464849 1
4465703 1
4480823 1
4481817 1
4489044 1
4494981 1
4501934 1
4513906 1
4517644 1
4522097 1
4532698 1
4534061 1
4534433 1
4535298 1
4537446 1
4540492 1
4541059 1
4544671 1
4547471 1
4552181 1
4555193 1
4557177 1
4558742 1
4559437 1
4571150 1
4577712 1
4589522 1
4607523 1
4612272 1
4619731 1
4634413 1
4634662 1
4635762 1
4638246 1
4643538 1
4643638 1
4649323 1
4649670 1
4657241 1
4663861 1
4664422 1
4665416 1
4679187 1
4680597 1
4681120 1
4681384 1
4683619 1
4686475 1
4692261 1
4693842 1
4694636 1
4702404 1
4702615 1
4706275 1
4719066 1
4720770 1
4734542 1
4735459 1
4735946 1
4737342 1
4741329 1
4745346 1
4754544 1
4754590 1
4764405 1
4767046 1
4774730 1
4783992 1
4797354 1
4801680 1
4803923 1
4804543 1
4805862 1
4812570 1
4816220 1
4818773 1
4827275 1
4832018 1
4837001 1
4838098 1
4842129 1
4843691 1
4855790 1
4860792 1
4862848 1
4867747 1
4881692 1
4883063 1
4883073 1
4883271 1
4897748 1
4897850 1
4899708 1
4899984 1
4901112 1
4905897 1
4910322 1
4911931 1
4913690 1
4916370 1
4923997 1
4924371 1
4954232 1
4955372 1
4964169 1
4967270 1
4969022 1
4980061 1
4982200 1
4984996 1
4985025 1
4986130 1
4994211 1
4995337 1
5000126 1
5000651 1
5008510 1
5010670 1
5015338 1
5017938 1
5021368 1
5022941 1
5030531 1
5030796 1
5035243 1
5044266 1
5047059 1
5047134 1
5048336 1
5048564 1
5052627 1
5055246 1
5055782 1
5065547 1
5070362 1
5070368 1
5075957 1
5081775 1
5091141 1
5091288 1
5133703 1
5139663 1
5155919 1
5156207 1
5157699 1
5158380 1
5163252 1
5172669 1
5178080 1
5183956 1
5184576 1
5191500 1
5198682 1
5198857 1
5204937 1
5217453 1
5223195 1
5226880 1
5232563 1
5235741 1
5238080 1
5240061 1
5255448 1
5261999 1
5263982 1
5270834 1
5281053 1
5284449 1
5287645 1
5289037 1
5290812 1
5300291 1
5316431 1
5317379 1
5322235 1
5330413 1
5333353 1
5337484 1
5341007 1
5341009 1
5346633 1
5347831 1
5351334 1
5368287 1
5379087 1
5383201 1
5386093 1
5392565 1
5406197 1
5416884 1
5427932 1
5430719 1
5433698 1
5448156 1
5456789 1
5460117 1
5463481 1
5464477 1
5473802 1
5474584 1
5481139 1
5485116 1
5491085 1
5496101 1
5496890 1
5498425 1
5500157 1
5505259 1
5508607 1
5517708 1
5520682 1
5520824 1
5532982 1
5536601 1
5548897 1
5550586 1
5551175 1
5552056 1
5552536 1
5572720 1
5572965 1
5590724 1
5591383 1
5596361 1
5596644 1
5598950 1
5607665 1
5609168 1
5611540 1
5616367 1
5620743 1
5621206 1
5626143 1
5628998 1
5633482 1
5639632 1
5639746 1
5639979 1
5648234 1
5666009 1
5666035 1
5666090 1
5666128 1
5675368 1
5675691 1
5676996 1
5677075 1
5677652 1
5681234 1
5681910 1
5687379 1
5688786 1
5690203 1
5693647 1
5708539 1
5710775 1
5715375 1
5716330 1
5731185 1
5731551 1
5731715 1
5734415 1
5736454 1
5747814 1
5747988 1
5749609 1
5749784 1
5750774 1
5757077 1
5767210 1
5769673 1
5771401 1
5780444 1
5785593 1
5788067 1
5788486 1
5789456 1
5789970 1
5792885 1
5796395 1
5807756 1
5809436 1
5810875 1
5816544 1
5828270 1
5840776 1
5854372 1
5856575 1
5861964 1
5867645 1
5874629 1
5876409 1
5878918 1
5881296 1
5881784 1
5882550 1
5884582 1
5889771 1
5890573 1
5894458 1
5894713 1
5899330 1
5901967 1
5902675 1
5905007 1
5914704 1
5920247 1
5922269 1
5929110 1
5933233 1
5939502 1
5940780 1
5944906 1
5944910 1
5945372 1
5954937 1
5955394 1
5956313 1
5971002 1
5972277 1
5979933 1
5981408 1
5987355 1
6005907 1
6013690 1
6018436 1
6021098 1
6025977 1
6030390 1
6035308 1
6036038 1
6040452 1
6044894 1
6054149 1
6070693 1
6074215 1
6077021 1
6084458 1
6088051 1
6088179 1
6088898 1
6089499 1
6095156 1
6095832 1
6096493 1
6096771 1
6097351 1
6097746 1
6099502 1
6100011 1
6100051 1
6111723 1
6113589 1
6114468 1
6127137 1
6130476 1
6133323 1
6137021 1
6137943 1
6143317 1
6146776 1
6148505 1
6148906 1
6150055 1
6153736 1
6153996 1
6164018 1
6177877 1
6186726 1
6191702 1
6192915 1
6196524 1
6197073 1
6227854 1
6227938 1
6228049 1
6234068 1
6247345 1
6251532 1
6256700 1
6269119 1
6281630 1
6282724 1
6285864 1
6286143 1
6286376 1
6287177 1
6287298 1
6292092 1
6292806 1
6296071 1
6297324 1
6302342 1
6307224 1
6308613 1
6311430 1
6330707 1
6331810 1
6333884 1
6336698 1
6339651 1
6339723 1
6343122 1
6344728 1
6345521 1
6353126 1
6353556 1
6354191 1
6355028 1
6355205 1
6360709 1
6366306 1
6366394 1
6366754 1
6370725 1
6378046 1
6378972 1
6379184 1
6388010 1
6392950 1
6397936 1
6397986 1
6400078 1
6407267 1
6407731 1
6409558 1
6418223 1
6424445 1
6445157 1
6446722 1
6447547 1
6464994 1
6465080 1
6470406 1
6483950 1
6484666 1
6484739 1
6485121 1
6497619 1
6500576 1
6501343 1
6503361 1
6504016 1
6506113 1
6507171 1
6507416 1
6507838 1
6508350 1
6509078 1
6509165 1
6517835 1
6523338 1
6526154 1
6526433 1
6531305 1
6532809 1
6533326 1
6538542 1
6543998 1
6547766 1
6552957 1
6559025 1
6559692 1
6562273 1
6567548 1
6567753 1
6590486 1
6600435 1
6600878 1
6603304 1
6604042 1
6606063 1
6615295 1
6618940 1
6621354 1
6623022 1
6624927 1
6627120 1
6630582 1
6632403 1
6632640 1
6634628 1
6634780 1
6636569 1
6636708 1
6640341 1
6643167 1
6667985 1
6679252 1
6687253 1
6695663 1
6696262 1
6709060 1
6715679 1
6719332 1
6720861 1
6746729 1
6749978 1
6754624 1
6757561 1
6760340 1
6766730 1
6769191 1
6773360 1
6774995 1
6775415 1
6802711 1
6804806 1
6805079 1
6806908 1
6808692 1
6816494 1
6816603 1
6819666 1
6819821 1
6828934 1
6833663 1
6835057 1
6836049 1
6836380 1
6844763 1
6845398 1
6852800 1
6859405 1
6860024 1
6865003 1
6866805 1
6868928 1
6869434 1
6874816 1
6883824 1
6887094 1
6890046 1
6893156 1
6893176 1
6894628 1
6896518 1
6897391 1
6897777 1
6909579 1
6912578 1
6920901 1
6926756 1
6929206 1
6930982 1
6931324 1
6931563 1
6932253 1
6934953 1
6935225 1
6938089 1
6941197 1
6944424 1
6948496 1
6955046 1
6955305 1
6958870 1
6959023 1
6964420 1
6972217 1
6973130 1
6975286 1
6986913 1
6994455 1
7006312 1
7010313 1
7013745 1
7020489 1
7027284 1
7027737 1
7027987 1
7028742 1
7029217 1
7030255 1
7030875 1
7035055 1
7038947 1
7040663 1
7043405 1
7050226 1
7051822 1
7058385 1
7059356 1
7067990 1
7069391 1
7075446 1
7081367 1
7086868 1
7102718 1
7106388 1
7110751 1
7111794 1
7113584 1
7114744 1
7117303 1
7118434 1
7119182 1
7124160 1
7129302 1
7133703 1
7152709 1
7157183 1
7157313 1
7159050 1
7159528 1
7159863 1
7162350 1
7163927 1
7166539 1
7169535 1
7169648 1
7169925 1
7175486 1
7176860 1
7180293 1
7182329 1
7184896 1
7195478 1
7196972 1
7205215 1
7208220 1
7209644 1
7221658 1
7229960 1
7232783 1
7233722 1
7235256 1
7236187 1
7238050 1
7240733 1
7242630 1
7244864 1
7252346 1
7255076 1
7257926 1
7273578 1
7273979 1
7275067 1
7280258 1
7289301 1
7290787 1
7291604 1
7301091 1
7305324 1
7307263 1
7314640 1
7321133 1
7326743 1
7329490 1
7339448 1
7341739 1
7344474 1
7346841 1
7348669 1
7349683 1
7353132 1
7359970 1
7362641 1
7372248 1
7380783 1
7385664 1
7389225 1
7405518 1
7410862 1
7411383 1
7414639 1
7416292 1
7423034 1
7428027 1
7431231 1
7434055 1
7435497 1
7446264 1
7453183 1
7465005 1
7472921 1
7477370 1
7479770 1
7484717 1
7486180 1
7489648 1
7503879 1
7503981 1
7504848 1
7517714 1
7526073 1
7526309 1
7526738 1
7535406 1
7538689 1
7541385 1
7543624 1
7546704 1
7556804 1
7559625 1
7561994 1
7562364 1
7579078 1
7588405 1
7588727 1
7591971 1
7594231 1
7598803 1
7599794 1
7601173 1
7612600 1
7629748 1
7638004 1
7648402 1
7648659 1
7649726 1
7650059 1
7654426 1
7659978 1
7669478 1
7673797 1
7675974 1
7677443 1
7679958 1
7694128 1
7694836 1
7697311 1
7700281 1
7700989 1
7702574 1
7704337 1
7704622 1
7707799 1
7707914 1
7710069 1
7710626 1
7710717 1
7715910 1
7729035 1
7733194 1
7733532 1
7733538 1
7733623 1
7735966 1
7736313 1
7741087 1
7744803 1
7745562 1
7780379 1
7785979 1
7803557 1
7820550 1
7828926 1
7832021 1
7837826 1
7840222 1
7842174 1
7842510 1
7850725 1
7856906 1
7863553 1
7864185 1
7864928 1
7867112 1
7870780 1
7874131 1
7874443 1
7876889 1
7881173 1
7881788 1
7882479 1
7887539 1
7889423 1
7890990 1
7891435 1
7894907 1
7896752 1
7898311 1
7901799 1
7906810 1
7911266 1
7917496 1
7922643 1
7922659 1
7925502 1
7931339 1
7939397 1
7939806 1
7944096 1
7946119 1
7947281 1
7949902 1
7952706 1
7958380 1
7958998 1
7961536 1
7963255 1
7964331 1
7970006 1
7971547 1
7971588 1
7977870 1
7982069 1
7987783 1
7993307 1
7999428 1
8000196 1
8010187 1
8010883 1
8014043 1
8015813 1
8016633 1
8018982 1
8022766 1
8027157 1
8029827 1
8034210 1
8045178 1
8049722 1
8054726 1
8059699 1
8060881 1
8068502 1
8071822 1
8075210 1
8079464 1
8079672 1
8079793 1
8080906 1
8081537 1
8087856 1
8088030 1
8103706 1
8106185 1
8106989 1
8122911 1
8123653 1
8124595 1
8127249 1
8128675 1
8134437 1
8144346 1
8144784 1
8148115 1
8152950 1
8156984 1
8160791 1
8161494 1
8161583 1
8171453 1
8172153 1
8173239 1
8179667 1
8179885 1
8179942 1
8183930 1
8195533 1
8195610 1
8198130 1
8199952 1
8203061 1
8208520 1
8208668 1
8211415 1
8218897 1
8220707 1
8230163 1
8239065 1
8239754 1
8264669 1
8265266 1
8265469 1
8269742 1
8270613 1
8272743 1
8276360 1
8284184 1
8287387 1
8287481 1
8288759 1
8299723 1
8300433 1
3749 1
4117 1
5823 1
29800 1
31222 1
33177 1
35545 1
43158 1
44610 1
56066 1
70469 1
84054 1
94166 1
100279 1
102551 1
104198 1
110079 1
111423 1
113805 1
117747 1
120770 1
128619 1
129969 1
139315 1
140390 1
141412 1
142822 1
143835 1
151404 1
167086 1
171903 1
174759 1
176419 1
177888 1
178104 1
180007 1
180386 1
181378 1
183568 1
185142 1
186219 1
186549 1
186911 1
188027 1
190112 1
195241 1
196552 1
199186 1
200250 1
202683 1
204545 1
205754 1
206408 1
212170 1
213069 1
216759 1
217459 1
219007 1
223640 1
228711 1
229294 1
229447 1
249935 1
257151 1
261405 1
262037 1
262519 1
263786 1
282315 1
283897 1
286733 1
290781 1
303015 1
308532 1
311625 1
318653 1
322313 1
328319 1
333540 1
346200 1
356609 1
358942 1
373188 1
373840 1
380815 1
391471 1
430452 1
436784 1
450934 1
452425 1
458553 1
458744 1
464557 1
468082 1
469353 1
469353 1
471815 1
485360 1
489470 1
489781 1
490973 1
491157 1
491788 1
492605 1
492668 1
495176 1
499611 1
500229 1
501799 1
509126 1
510187 1
511418 1
513634 1
522028 1
524345 1
553368 1
560203 1
562421 1
564480 1
565943 1
567287 1
568008 1
571885 1
572998 1
581804 1
582685 1
583737 1
583884 1
584180 1
585049 1
587593 1
588870 1
605285 1
611598 1
617414 1
628683 1
633837 1
643517 1
648880 1
650642 1
650794 1
650968 1
661352 1
662031 1
671162 1
672363 1
674774 1
679053 1
683984 1
692209 1
699336 1
704034 1
717576 1
719326 1
721748 1
725964 1
726646 1
727326 1
728308 1
736895 1
737010 1
737651 1
741197 1
744590 1
759389 1
763895 1
766051 1
769354 1
771371 1
773708 1
778394 1
795197 1
802216 1
808987 1
811719 1
814923 1
823198 1
826778 1
826778 1
837965 1
839315 1
839530 1
840012 1
844286 1
846381 1
847185 1
847355 1
848228 1
848828 1
853088 1
863731 1
867678 1
868153 1
869752 1
871682 1
873520 1
875610 1
880886 1
888684 1
888810 1
892448 1
900047 1
913131 1
913756 1
917697 1
919999 1
920046 1
920706 1
921711 1
921979 1
937728 1
939552 1
939591 1
942180 1
951838 1
952078 1
953246 1
958640 1
965643 1
966279 1
966549 1
971469 1
973430 1
974708 1
976487 1
982761 1
983408 1
985169 1
985421 1
986278 1
987059 1
987986 1
993604 1
998606 1
1021261 1
1022976 1
1029040 1
1030818 1
1032773 1
1039410 1
1044599 1
1044653 1
1046802 1
1055307 1
1058220 1
1066788 1
1068907 1
1078101 1
1080517 1
1088136 1
1089986 1
1095111 1
1095767 1
1096744 1
1104582 1
1107413 1
1108079 1
1108952 1
1110322 1
1112033 1
1117455 1
1135955 1
1138326 1
1142077 1
1150548 1
1153516 1
1157946 1
1170043 1
1171078 1
1173325 1
1174404 1
1175483 1
1177799 1
1185983 1
1188878 1
1192100 1
1192571 1
1197214 1
1214540 1
1216270 1
1216761 1
1219184 1
1225532 1
1230551 1
1233228 1
1238809 1
1241394 1
1242076 1
1257843 1
1261756 1
1273720 1
1275043 1
1276862 1
1286655 1
1292793 1
1295193 1
1301370 1
1316794 1
1318520 1
1321762 1
1330657 1
1333283 1
1338689 1
1341078 1
1345192 1
1345446 1
1349079 1
1350717 1
1352076 1
1354136 1
1358169 1
1372507 1
1374212 1
1377054 1
1377237 1
1379363 1
1380583 1
1385934 1
1387564 1
1387661 1
1387897 1
1393596 1
1398880 1
1399967 1
1400192 1
1400677 1
1401021 1
1413136 1
1414560 1
1418453 1
1420399 1
1421746 1
1427449 1
1431416 1
1431826 1
1432703 1
1432884 1
1437230 1
1437774 1
1439581 1
1446109 1
1458095 1
1461821 1
1463649 1
1468635 1
1469203 1
1470148 1
1474443 1
1478737 1
1478783 1
1480393 1
1484911 1
1488184 1
1495457 1
1495556 1
1496259 1
1497580 1
1502136 1
1512095 1
1514372 1
1514535 1
1534638 1
1536162 1
1543598 1
1547526 1
1550895 1
1551666 1
1553251 1
1563057 1
1568818 1
1569071 1
1569666 1
1572931 1
1576226 1
1587848 1
1590660 1
1591244 1
1595407 1
1595759 1
1598595 1
1599601 1
1599607 1
1603110 1
1609616 1
1609636 1
1611575 1
1615055 1
1620801 1
1625754 1
1632515 1
1638878 1
1639106 1
1641092 1
1647981 1
1648688 1
1650364 1
1656280 1
1661139 1
1664906 1
1666603 1
1667993 1
1670247 1
1674716 1
1677893 1
1684469 1
1695048 1
1701247 1
1702554 1
1705227 1
1706096 1
1720657 1
1722734 1
1723574 1
1724625 1
1728446 1
1731297 1
1733197 1
1734281 1
1736073 1
1738777 1
1740137 1
1741185 1
1744487 1
1750364 1
1756825 1
1762270 1
1762322 1
1763192 1
1767063 1
1771168 1
1771686 1
1773188 1
1780408 1
1780873 1
1784013 1
1786634 1
1791418 1
1808613 1
1820013 1
1820853 1
1824527 1
1829652 1
1829707 1
1832218 1
1838727 1
1842209 1
1853928 1
1855876 1
1856334 1
1859455 1
1866158 1
1867801 1
1869264 1
1869580 1
1873249 1
1881702 1
1883000 1
1897703 1
1898932 1
1904055 1
1904267 1
1914612 1
1926920 1
1946741 1
1948343 1
1948917 1
1952100 1
1964284 1
1973097 1
1974627 1
1975460 1
1977688 1
1989114 1
1989506 1
1991537 1
1991979 1
1994015 1
2000946 1
2001714 1
2002569 1
2003145 1
2004127 1
2005524 1
2005798 1
2006488 1
2006841 1
2009513 1
2009955 1
2010082 1
2010786 1
2017813 1
2018749 1
2033336 1
2036036 1
2041629 1
2047947 1
2048976 1
2052565 1
2055296 1
2065223 1
2069613 1
2070059 1
2071273 1
2072524 1
2074773 1
2093171 1
2096392 1
2099453 1
2099708 1
2100133 1
2101410 1
2101691 1
2105896 1
2112666 1
2114746 1
2127943 1
2130002 1
2130342 1
2138632 1
2139471 1
2139529 1
2140124 1
2141731 1
2150632 1
2159298 1
2160644 1
2170901 1
2182496 1
2184903 1
2185642 1
2188318 1
2194287 1
2196622 1
2199681 1
2200248 1
2229811 1
2239570 1
2240387 1
2241318 1
2255827 1
2255847 1
2257632 1
2258835 1
2264486 1
2268368 1
2274802 1
2278158 1
2278217 1
2287130 1
2291494 1
2301445 1
2302532 1
2304720 1
2306846 1
2307878 1
2308472 1
2308531 1
2310545 1
2313134 1
2321574 1
2323530 1
2324126 1
2329600 1
2331453 1
2340377 1
2347294 1
2347658 1
2347921 1
2364152 1
2368315 1
2369160 1
2374420 1
2375500 1
2382913 1
2391442 1
2395410 1
2403092 1
2406688 1
2407419 1
2408876 1
2409825 1
2416354 1
2420972 1
2422606 1
2431440 1
2436019 1
2436364 1
2436885 1
2440294 1
2445153 1
2448771 1
2453368 1
2456095 1
2458374 1
2479036 1
2481789 1
2486116 1
2487047 1
2490243 1
2494647 1
2495119 1
2497410 1
2504511 1
2507706 1
2514850 1
2516394 1
2519659 1
2521540 1
2521617 1
2523089 1
2523631 1
2526740 1
2529985 1
2531398 1
2533220 1
2533753 1
2534942 1
2537695 1
2542123 1
2543248 1
2545031 1
2551654 1
2553148 1
2556464 1
2557446 1
2559864 1
2560603 1
2567285 1
2573279 1
2581066 1
2584816 1
2587411 1
2588470 1
2590951 1
2592405 1
2603642 1
2608766 1
2614965 1
2616058 1
2621557 1
2622263 1
2625439 1
2633683 1
2634286 1
2638869 1
2640800 1
2646518 1
2657673 1
2663062 1
2665965 1
2669030 1
2670328 1
2670398 1
2672904 1
2677238 1
2677525 1
2678938 1
2679198 1
2683940 1
2689373 1
2689764 1
2694459 1
2703394 1
2725269 1
2733045 1
2734338 1
2737076 1
2738590 1
2743164 1
2755829 1
2756953 1
2758886 1
2762439 1
2764672 1
2764683 1
2768167 1
2773559 1
2774706 1
2781151 1
2782200 1
2786314 1
2795491 1
2798705 1
2801157 1
2801545 1
2803789 1
2810610 1
2811333 1
2811814 1
2817254 1
2817651 1
2820870 1
2826315 1
2832225 1
2834158 1
2835977 1
2839443 1
2843429 1
2845674 1
2850538 1
2851170 1
2858664 1
2859332 1
2866453 1
2867945 1
2870194 1
2877373 1
2882758 1
2883222 1
2889975 1
2891317 1
2898369 1
2905370 1
2906550 1
2911877 1
2914599 1
2915581 1
2923002 1
2924607 1
2929470 1
2931331 1
2931771 1
2932992 1
2933439 1
2940491 1
2946118 1
2949028 1
2949637 1
2950575 1
2951883 1
2953020 1
2957465 1
2961890 1
2962054 1
2964309 1
2965751 1
2968632 1
2984316 1
2986478 1
2989759 1
3001177 1
3010307 1
3015957 1
3016394 1
3018190 1
3021178 1
3023094 1
3025608 1
3028449 1
3033921 1
3043853 1
3048799 1
3049604 1
3052240 1
3054924 1
3058631 1
3067707 1
3070716 1
3077756 1
3080965 1
3087868 1
3090622 1
3095116 1
3098039 1
3099985 1
3100096 1
3102949 1
3103560 1
3106370 1
3110009 1
3110839 1
3112668 1
3115272 1
3118057 1
3118179 1
3118709 1
3119732 1
3121915 1
3123602 1
3124662 1
3128913 1
3136356 1
3136406 1
3142729 1
3144754 1
3145220 1
3145427 1
3146762 1
3147457 1
3147656 1
3158655 1
3171132 1
3174642 1
3175244 1
3175872 1
3176300 1
3180517 1
3180531 1
3181219 1
3187515 1
3190709 1
3192962 1
3193034 1
3199163 1
3201483 1
3204114 1
3205065 1
3206878 1
3208360 1
3209049 1
3210289 1
3214367 1
3214589 1
3219863 1
3227347 1
3229408 1
3232742 1
3235932 1
3242818 1
3249331 1
3250513 1
3252548 1
3263183 1
3268585 1
3269690 1
3269943 1
3271036 1
3281214 1
3285665 1
3296246 1
3298647 1
3306868 1
3311792 1
3317529 1
3323632 1
3329721 1
3331897 1
3333771 1
3344865 1
3346323 1
3353013 1
3358074 1
3359643 1
3360921 1
3366054 1
3373091 1
3378086 1
3382866 1
3390196 1
3392401 1
3394401 1
3394823 1
3401704 1
3413032 1
3414863 1
3423275 1
3432547 1
3434198 1
3435208 1
3435800 1
3444693 1
3446339 1
3450822 1
3454340 1
3456527 1
3469650 1
3469656 1
3470367 1
3475073 1
3476197 1
3489949 1
3495152 1
3496143 1
3496543 1
3504005 1
3505404 1
3507906 1
3508089 1
3511839 1
3512006 1
3513727 1
3513788 1
3516083 1
3518510 1
3524844 1
3525546 1
3525666 1
3528040 1
3536938 1
3538911 1
3541403 1
3542852 1
3545049 1
3547792 1
3557582 1
3559450 1
3560809 1
3561794 1
3567513 1
3576431 1
3578915 1
3589795 1
3597784 1
3606693 1
3620414 1
3624621 1
3633429 1
3633822 1
3636494 1
3638068 1
3640163 1
3646621 1
3647017 1
3655898 1
3656945 1
3658598 1
3659773 1
3664019 1
3674558 1
3675022 1
3677102 1
3678105 1
3680920 1
3683766 1
3686110 1
3701249 1
3704355 1
3705956 1
3717160 1
3718094 1
3720536 1
3728626 1
3735473 1
3742533 1
3742737 1
3747548 1
3756239 1
3771713 1
3772869 1
3782513 1
3784567 1
3787527 1
3788305 1
3789798 1
3794615 1
3801569 1
3805741 1
3816549 1
3817360 1
3818116 1
3823641 1
3827447 1
3828233 1
3831617 1
3836656 1
3843263 1
3852232 1
3858138 1
3858438 1
3861778 1
3863054 1
3867301 1
3872868 1
3874449 1
3874590 1
3874765 1
3877472 1
3878091 1
3882825 1
3885759 1
3891973 1
3892815 1
3897900 1
3899710 1
3902534 1
3910821 1
3912990 1
3926939 1
3930930 1
3941777 1
3943649 1
3951799 1
3953952 1
3954988 1
3955204 1
3967639 1
3970105 1
3971059 1
3975101 1
3975677 1
3976255 1
3987480 1
3988548 1
3989230 1
3990977 1
3995525 1
3996406 1
3999442 1
4003190 1
4007694 1
4009308 1
4014042 1
4016766 1
4018065 1
4020198 1
4020388 1
4021120 1
4024387 1
4025758 1
4026395 1
4028510 1
4047649 1
4051565 1
4051630 1
4053985 1
4058594 1
4060742 1
4062158 1
4069414 1
4070683 1
4075000 1
4080302 1
4087955 1
4101958 1
4103034 1
4103313 1
4116394 1
4119328 1
4122679 1
4139959 1
4142256 1
4153214 1
4157459 1
4160169 1
4172817 1
4177385 1
4179575 1
4179589 1
4181052 1
4183201 1
4185768 1
4191307 1
4191943 1
4192285 1
4193823 1
4198299 1
4199058 1
4203496 1
4206274 1
4233888 1
4234082 1
4234979 1
4237372 1
4244819 1
4245140 1
4249465 1
4250580 1
4255001 1
4255199 1
4257445 1
4257891 1
4261205 1
4262817 1
4268639 1
4282600 1
4299046 1
4306268 1
4306911 1
4311758 1
4313575 1
4315907 1
4326356 1
4328064 1
4331601 1
4332644 1
4334056 1
4334313 1
4336248 1
4339403 1
4342039 1
4342885 1
4345924 1
4347735 1
4349750 1
4356664 1
4366610 1
4367352 1
4392679 1
4394654 1
4400062 1
4400122 1
4401207 1
4413472 1
4415008 1
4415463 1
4422675 1
4424733 1
4427763 1
4431753 1
4442518 1
4442518 1
4444029 1
4445355 1
4447057 1
4447081 1
4453092 1
4459731 1
4462562 1
4463561 1
4466289 1
4466834 1
4473028 1
4473450 1
4476936 1
4481136 1
4484835 1
4485513 1
4489604 1
4490181 1
4500629 1
4501901 1
4504932 1
4506786 1
4509954 1
4516372 1
4524521 1
4528929 1
4530939 1
4534351 1
4539888 1
4545571 1
4549882 1
4569808 1
4579845 1
4581144 1
4590292 1
4593592 1
4604892 1
4616874 1
4631482 1
4634890 1
4640045 1
4641628 1
4645875 1
4651677 1
4658860 1
4661905 1
4665198 1
4674077 1
4675591 1
4677799 1
4679601 1
4681108 1
4681518 1
4681924 1
4684063 1
4690593 1
4693379 1
4695659 1
4698173 1
4699649 1
4706769 1
4712472 1
4721171 1
4730257 1
4730424 1
4734010 1
4734992 1
4737052 1
4749091 1
4751012 1
4755778 1
4761171 1
4761420 1
4767693 1
4768669 1
4776253 1
4780129 1
4782988 1
4783732 1
4783732 1
4785578 1
4788214 1
4790631 1
4792650 1
4794563 1
4799066 1
4802437 1
4803195 1
4804932 1
4808958 1
4816127 1
4816636 1
4826808 1
4835243 1
4835531 1
4836356 1
4840591 1
4855046 1
4855046 1
4857238 1
4857316 1
4870013 1
4873405 1
4874424 1
4878856 1
4879192 1
4880713 1
4881123 1
4884401 1
4891537 1
4896346 1
4897697 1
4898418 1
4899300 1
4899808 1
4901089 1
4903674 1
4905145 1
4906185 1
4906185 1
4908813 1
4910751 1
4910759 1
4911622 1
4913501 1
4915755 1
4918531 1
4926408 1
4947554 1
4956762 1
4957674 1
4958706 1
4963182 1
4963456 1
4969894 1
4976599 1
4978611 1
4983188 1
4986007 1
4988528 1
4990924 1
4998338 1
5004161 1
5005010 1
5009806 1
5023922 1
5025891 1
5026852 1
5030079 1
5031273 1
5038648 1
5038648 1
5038721 1
5041018 1
5049412 1
5064077 1
5069258 1
5073119 1
5074527 1
5076984 1
5078401 1
5079060 1
5080512 1
5085861 1
5112036 1
5114411 1
5117215 1
5135470 1
5136360 1
5139198 1
5139996 1
5144934 1
5153617 1
5153962 1
5163597 1
5169014 1
5186802 1
5188675 1
5211135 1
5211381 1
5220565 1
5221572 1
5228365 1
5228498 1
5229821 1
5253227 1
5254556 1
5257944 1
5262136 1
5263271 1
5266345 1
5283948 1
5284540 1
5294767 1
5298904 1
5308663 1
5313521 1
5319132 1
5329390 1
5335734 1
5345340 1
5350141 1
5350886 1
5369892 1
5373659 1
5400713 1
5412380 1
5414256 1
5414768 1
5421794 1
5424978 1
5427947 1
5430166 1
5431415 1
5438584 1
5449117 1
5451016 1
5457605 1
5475328 1
5481150 1
5494931 1
5495426 1
5505120 1
5511574 1
5520524 1
5520602 1
5521482 1
5525975 1
5529650 1
5530193 1
5531024 1
5535822 1
5535928 1
5538382 1
5542891 1
5550153 1
5563149 1
5570599 1
5573194 1
5578692 1
5584069 1
5590847 1
5593730 1
5607374 1
5608475 1
5616096 1
5621794 1
5626134 1
5626219 1
5626577 1
5626892 1
5627782 1
5636801 1
5642369 1
5651610 1
5663542 1
5667989 1
5671166 1
5671187 1
5672487 1
5676783 1
5683861 1
5684112 1
5684493 1
5685232 1
5687313 1
5687975 1
5689026 1
5689264 1
5694280 1
5697514 1
5701546 1
5707504 1
5708778 1
5710619 1
5715428 1
5715959 1
5716114 1
5720636 1
5721592 1
5731382 1
5732633 1
5735228 1
5736595 1
5743057 1
5747475 1
5751727 1
5761065 1
5769268 1
5772449 1
5787913 1
5788264 1
5796920 1
5809152 1
5814612 1
5819344 1
5824229 1
5825365 1
5836372 1
5848328 1
5849765 1
5852557 1
5858598 1
5859303 1
5861607 1
5862816 1
5864916 1
5868795 1
5881112 1
5881950 1
5881962 1
5889729 1
5890073 1
5890639 1
5892804 1
5894870 1
5898341 1
5900546 1
5903950 1
5917254 1
5917296 1
5920118 1
5921803 1
5922344 1
5923612 1
5930590 1
5930608 1
5931649 1
5932108 1
5936252 1
5938267 1
5941583 1
5944995 1
5945387 1
5948844 1
5952786 1
5955290 1
5955726 1
5959811 1
5963823 1
5966348 1
5969415 1
5970469 1
5972032 1
5973405 1
5974711 1
5974887 1
5976067 1
5976346 1
5976357 1
5976666 1
5980886 1
5982986 1
5983986 1
5991914 1
5994933 1
5999038 1
6001099 1
6002200 1
6003587 1
6006189 1
6006901 1
6011052 1
6013417 1
6015325 1
6017683 1
6027481 1
6027963 1
6031851 1
6034971 1
6040275 1
6042474 1
6047196 1
6049030 1
6049919 1
6051598 1
6052163 1
6057626 1
6059921 1
6061916 1
6062528 1
6068083 1
6068321 1
6069429 1
6073215 1
6073345 1
6086402 1
6092508 1
6102928 1
6112043 1
6129384 1
6129933 1
6130413 1
6132326 1
6139503 1
6154937 1
6156301 1
6167432 1
6180538 1
6186918 1
6187238 1
6187828 1
6188098 1
6197575 1
6197635 1
6198840 1
6205885 1
6209271 1
6227940 1
6228408 1
6228671 1
6239057 1
6252947 1
6255990 1
6260231 1
6260559 1
6261133 1
6269763 1
6269924 1
6273555 1
6277331 1
6278206 1
6284975 1
6287455 1
6292529 1
6300869 1
6331770 1
6336396 1
6355242 1
6357144 1
6357420 1
6366088 1
6368777 1
6369832 1
6378605 1
6398012 1
6404946 1
6407888 1
6410214 1
6419999 1
6421153 1
6421413 1
6427928 1
6432282 1
6434776 1
6436596 1
6437612 1
6438350 1
6442160 1
6449353 1
6450458 1
6453405 1
6457338 1
6457757 1
6459751 1
6471148 1
6472499 1
6474681 1
6480055 1
6482673 1
6484682 1
6500147 1
6502489 1
6504971 1
6505735 1
6509753 1
6509907 1
6513088 1
6520157 1
6520929 1
6524127 1
6525541 1
6525895 1
6536067 1
6540113 1
6542326 1
6548097 1
6552533 1
6553075 1
6555057 1
6555994 1
6556098 1
6558761 1
6565159 1
6568979 1
6584684 1
6586531 1
6586577 1
6597168 1
6598172 1
6605884 1
6612378 1
6618233 1
6618564 1
6620370 1
6621416 1
6627097 1
6629417 1
6633100 1
6638115 1
6638878 1
6640665 1
6640701 1
6641143 1
6645073 1
6646245 1
6648129 1
6652018 1
6652070 1
6652942 1
6662400 1
6673270 1
6674464 1
6679483 1
6680753 1
6687626 1
6697266 1
6698288 1
6700838 1
6704309 1
6709454 1
6712583 1
6715694 1
6717480 1
6717579 1
6718158 1
6718940 1
6719900 1
6720033 1
6726053 1
6727248 1
6730177 1
6736851 1
6740035 1
6747293 1
6750162 1
6752219 1
6752843 1
6753441 1
6764026 1
6765342 1
6765795 1
6765828 1
6769497 1
6773318 1
6773500 1
6784907 1
6793696 1
6795413 1
6806681 1
6810600 1
6814080 1
6817195 1
6823000 1
6831787 1
6833614 1
6837961 1
6841479 1
6842846 1
6842917 1
6845028 1
6845439 1
6851370 1
6861738 1
6864755 1
6866572 1
6883812 1
6885309 1
6886294 1
6888376 1
6890205 1
6890372 1
6892939 1
6897272 1
6899211 1
6900056 1
6900455 1
6906804 1
6909144 1
6911122 1
6915690 1
6917734 1
6919152 1
6922300 1
6922777 1
6929996 1
6930381 1
6930462 1
6930799 1
6933793 1
6934562 1
6937232 1
6939458 1
6940530 1
6940665 1
6941007 1
6944225 1
6949855 1
6950764 1
6952129 1
6954638 1
6960355 1
6965326 1
6966953 1
6971793 1
6973345 1
6975349 1
6975986 1
6979918 1
6986879 1
6988682 1
6995418 1
6996678 1
7000504 1
7007561 1
7010396 1
7029427 1
7039202 1
7041916 1
7047533 1
7048706 1
7060288 1
7062235 1
7062988 1
7063494 1
7064169 1
7065753 1
7065951 1
7066634 1
7070233 1
7082858 1
7085097 1
7099536 1
7099536 1
7099536 1
7099536 1
7101283 1
7103925 1
7106467 1
7107099 1
7108777 1
7111434 1
7113161 1
7113504 1
7114554 1
7116110 1
7116672 1
7117636 1
7127061 1
7129993 1
7132943 1
7133868 1
7134024 1
7137676 1
7140132 1
7141344 1
7145449 1
7159973 1
7166417 1
7168675 1
7170861 1
7173342 1
7182401 1
7185605 1
7188434 1
7191026 1
7196917 1
7205560 1
7206387 1
7206729 1
7207766 1
7214710 1
7218712 1
7223654 1
7223886 1
7224298 1
7227589 1
7232324 1
7234573 1
7235694 1
7238187 1
7244818 1
7245027 1
7245270 1
7246456 1
7247786 1
7248989 1
7251431 1
7253556 1
7255549 1
7257501 1
7260723 1
7268775 1
7269755 1
7277972 1
7279505 1
7279505 1
7279683 1
7288378 1
7289722 1
7291332 1
7291417 1
7294824 1
7296009 1
7302944 1
7320912 1
7321569 1
7322811 1
7326462 1
7326601 1
7327594 1
7328272 1
7328933 1
7329371 1
7332561 1
7332701 1
7333149 1
7333544 1
7338572 1
7341831 1
7341949 1
7344671 1
7345719 1
7345981 1
7348494 1
7352690 1
7353419 1
7356957 1
7369753 1
7373839 1
7376076 1
7381583 1
7383811 1
7386675 1
7386760 1
7387017 1
7389859 1
7395493 1
7396574 1
7399140 1
7407338 1
7414771 1
7415492 1
7420055 1
7422600 1
7425410 1
7445923 1
7446451 1
7452865 1
7454334 1
7454662 1
7458892 1
7459381 1
7460306 1
7463586 1
7473300 1
7479597 1
7487924 1
7491784 1
7494444 1
7504448 1
7505511 1
7506107 1
7508575 1
7519015 1
7520285 1
7522862 1
7534487 1
7536889 1
7541536 1
7554122 1
7561935 1
7566659 1
7569339 1
7569570 1
7572046 1
7574762 1
7576056 1
7579215 1
7586108 1
7587356 1
7588452 1
7593905 1
7595200 1
7600344 1
7602366 1
7605890 1
7606774 1
7617655 1
7619824 1
7619913 1
7635361 1
7639474 1
7642608 1
7642850 1
7642951 1
7645614 1
7648437 1
7648881 1
7670100 1
7676510 1
7687497 1
7690958 1
7693202 1
7694147 1
7697410 1
7701926 1
7703184 1
7703191 1
7705258 1
7705630 1
7705941 1
7708214 1
7713949 1
7713957 1
7728108 1
7730918 1
7734526 1
7749465 1
7761745 1
7769903 1
7770743 1
7771707 1
7772388 1
7777498 1
7785486 1
7792500 1
7792896 1
7800358 1
7804459 1
7808962 1
7808978 1
7810441 1
7820153 1
7831361 1
7835827 1
7836966 1
7840078 1
7840321 1
7844751 1
7853851 1
7855102 1
7860211 1
7861500 1
7865931 1
7868416 1
7870405 1
7871292 1
7872064 1
7874690 1
7881523 1
7889932 1
7890667 1
7893116 1
7895208 1
7899055 1
7911969 1
7913137 1
7913363 1
7919270 1
7922508 1
7924558 1
7927121 1
7931375 1
7931557 1
7932490 1
7933170 1
7933730 1
7941889 1
7945112 1
7949191 1
7949348 1
7949997 1
7951009 1
7951553 1
7953016 1
7955720 1
7961889 1
7962063 1
7962491 1
7962781 1
7963718 1
7965396 1
7966356 1
7969797 1
7971888 1
7976715 1
7979773 1
7995031 1
8004051 1
8010431 1
8010765 1
8017486 1
8018333 1
8018518 1
8021562 1
8023641 1
8024863 1
8026942 1
8032491 1
8034651 1
8034913 1
8035508 1
8036384 1
8042694 1
8043218 1
8044636 1
8046567 1
8056578 1
8058978 1
8061269 1
8067451 1
8070597 1
8072427 1
8076541 1
8077662 1
8083686 1
8084198 1
8086730 1
8088415 1
8101763 1
8105625 1
8106521 1
8107784 1
8108157 1
8113059 1
8114064 1
8115166 1
8116066 1
8118546 1
8119308 1
8119604 1
8132254 1
8138808 1
8138956 1
8139060 1
8139473 1
8142000 1
8142148 1
8142299 1
8147896 1
8151002 1
8160027 1
8160039 1
8161916 1
8172331 1
8182431 1
8182667 1
8184562 1
8187560 1
8209817 1
8213390 1
8220070 1
8221268 1
8222287 1
8225157 1
8228382 1
8236364 1
8236515 1
8237337 1
8251015 1
8257706 1
8258906 1
8269632 1
8272247 1
8274983 1
8275859 1
8277746 1
8286937 1
8291112 1
8293312 1
8301920 1
8303271 1
26778 1
26853 1
41549 1
45146 1
46352 1
63538 1
83320 1
104561 1
131442 1
167451 1
183810 1
208319 1
215736 1
220725 1
228820 1
272647 1
295730 1
309014 1
310124 1
326645 1
436449 1
446426 1
452757 1
456733 1
478582 1
482529 1
493812 1
525267 1
536467 1
562623 1
563432 1
584930 1
600148 1
604736 1
624945 1
647845 1
670078 1
702354 1
706533 1
721282 1
765276 1
814303 1
823254 1
827476 1
865210 1
870819 1
952524 1
953117 1
959154 1
1005575 1
1011297 1
1030837 1
1050631 1
1051915 1
1056870 1
1060490 1
1083311 1
1084738 1
1089188 1
1095973 1
1103686 1
1156628 1
1174417 1
1181286 1
1184553 1
1190075 1
1190395 1
1208293 1
1226177 1
1238349 1
1249392 1
1274667 1
1293693 1
1298533 1
1302522 1
1307483 1
1315389 1
1329088 1
1352047 1
1352531 1
1369898 1
1375090 1
1381838 1
1382373 1
1390845 1
1391361 1
1410272 1
1433693 1
1441992 1
1446579 1
1448045 1
1448641 1
1450274 1
1471165 1
1471311 1
1483272 1
1485164 1
1492290 1
1508908 1
1555617 1
1574392 1
1576799 1
1580832 1
1587257 1
1593081 1
1594342 1
1623096 1
1634657 1
1636501 1
1638925 1
1639990 1
1642000 1
1653425 1
1722098 1
1724587 1
1740923 1
1745144 1
1754439 1
1790841 1
1796406 1
1818315 1
1865752 1
1882658 1
1909538 1
1910089 1
1944813 1
1970705 1
1975356 1
2060336 1
2072878 1
2074702 1
2081269 1
2095522 1
2100414 1
2105712 1
2106068 1
2110491 1
2116848 1
2119835 1
2120232 1
2123011 1
2126888 1
2177523 1
2180909 1
2191449 1
2197189 1
2202337 1
2232743 1
2265052 1
2358039 1
2364041 1
2383040 1
2391848 1
2402693 1
2406508 1
2419818 1
2422709 1
2422885 1
2430227 1
2448904 1
2453962 1
2463865 1
2472486 1
2480899 1
2486643 1
2497390 1
2503131 1
2524597 1
2526058 1
2526327 1
2540380 1
2565601 1
2595158 1
2604133 1
2607715 1
2643217 1
2666377 1
2673901 1
2674644 1
2681805 1
2776547 1
2780882 1
2784571 1
2789762 1
2818380 1
2835137 1
2851527 1
2869707 1
2890866 1
2896679 1
2933404 1
2938217 1
2959454 1
2964383 1
2982290 1
2993731 1
3024653 1
3032612 1
3056904 1
3062507 1
3071074 1
3083912 1
3084162 1
3098738 1
3105197 1
3118285 1
3118498 1
3126368 1
3135728 1
3204610 1
3221679 1
3227008 1
3238040 1
3242990 1
3244374 1
3245828 1
3251968 1
3255275 1
3278688 1
3282554 1
3291111 1
3308480 1
3319220 1
3346168 1
3378658 1
3383659 1
3397064 1
3448109 1
3468180 1
3517384 1
3531615 1
3534897 1
3539385 1
3561474 1
3578781 1
3613847 1
3652069 1
3657865 1
3680459 1
3694885 1
3728347 1
3730049 1
3731602 1
3752481 1
3753702 1
3768149 1
3770340 1
3795164 1
3799839 1
3799839 1
3810422 1
3810495 1
3825941 1
3841116 1
3847314 1
3849322 1
3849629 1
3851843 1
3857796 1
3859928 1
3864335 1
3870413 1
3874853 1
3875914 1
3967643 1
3977189 1
3992629 1
4000595 1
4012394 1
4017401 1
4026475 1
4033841 1
4046872 1
4056472 1
4060151 1
4066815 1
4073459 1
4110058 1
4161866 1
4165108 1
4169313 1
4171146 1
4189261 1
4191544 1
4221347 1
4242306 1
4257150 1
4279268 1
4282657 1
4297985 1
4304168 1
4321340 1
4339324 1
4372037 1
4376843 1
4380214 1
4392051 1
4393954 1
4399582 1
4400938 1
4404356 1
4415270 1
4416377 1
4416554 1
4429435 1
4430166 1
4442236 1
4444329 1
4448701 1
4459401 1
4462978 1
4467195 1
4485158 1
4487801 1
4490245 1
4512486 1
4536735 1
4561907 1
4579443 1
4582765 1
4591971 1
4600490 1
4679396 1
4698096 1
4751097 1
4759416 1
4767027 1
4777787 1
4778676 1
4795917 1
4813088 1
4825630 1
4826728 1
4826898 1
4832072 1
4834604 1
4874892 1
4891576 1
4900189 1
4925914 1
4940081 1
4950992 1
4957820 1
4966766 1
5007639 1
5024853 1
5028364 1
5038038 1
5041185 1
5043301 1
5046561 1
5072605 1
5080438 1
5112603 1
5118662 1
5123526 1
5124874 1
5217864 1
5219875 1
5233536 1
5238607 1
5258673 1
5259469 1
5276055 1
5286575 1
5295830 1
5306589 1
5328225 1
5335151 1
5335910 1
5346329 1
5428496 1
5442886 1
5463874 1
5468801 1
5491712 1
5503021 1
5544603 1
5554799 1
5568890 1
5570683 1
5590301 1
5590639 1
5605033 1
5605252 1
5626120 1
5686068 1
5689329 1
5710095 1
5716252 1
5716844 1
5717785 1
5751717 1
5757219 1
5761878 1
5788652 1
5791221 1
5812764 1
5821393 1
5823527 1
5878961 1
5886612 1
5954981 1
5965775 1
5968754 1
5976472 1
5977783 1
5977880 1
6008515 1
6029512 1
6030676 1
6039454 1
6040451 1
6051558 1
6074707 1
6083751 1
6093196 1
6096803 1
6108780 1
6109429 1
6114321 1
6115725 1
6128878 1
6139995 1
6148238 1
6148301 1
6159179 1
6196767 1
6249347 1
6259631 1
6293239 1
6331760 1
6335500 1
6346533 1
6362277 1
6367890 1
6393673 1
6396543 1
6402527 1
6403833 1
6434299 1
6454505 1
6470929 1
6470957 1
6477466 1
6483110 1
6492574 1
6507094 1
6582398 1
6617971 1
6646128 1
6646271 1
6652322 1
6657105 1
6666202 1
6677603 1
6678601 1
6679484 1
6684649 1
6690340 1
6695225 1
6706807 1
6728537 1
6732704 1
6737838 1
6760221 1
6804307 1
6810057 1
6860911 1
6861583 1
6866150 1
6875377 1
6879458 1
6883821 1
6885054 1
6889336 1
6892449 1
6899080 1
6900955 1
6905713 1
6917119 1
6921358 1
6932493 1
6934291 1
6934935 1
6944516 1
6950343 1
6983005 1
6999082 1
7025149 1
7030310 1
7032251 1
7048529 1
7057278 1
7064996 1
7073873 1
7102115 1
7105805 1
7107234 1
7116436 1
7117807 1
7164010 1
7237291 1
7273145 1
7285946 1
7289887 1
7292775 1
7307866 1
7309502 1
7327998 1
7334197 1
7343627 1
7376860 1
7413002 1
7422639 1
7427059 1
7446008 1
7474360 1
7477235 1
7490534 1
7494807 1
7505421 1
7509886 1
7525505 1
7526795 1
7535893 1
7544630 1
7553599 1
7569186 1
7570703 1
7584199 1
7595022 1
7601183 1
7602936 1
7604909 1
7607212 1
7648916 1
7659799 1
7665971 1
7673295 1
7681038 1
7708309 1
7727508 1
7727713 1
7737378 1
7755901 1
7789761 1
7874468 1
7889520 1
7907810 1
7913961 1
7935992 1
7937765 1
7942504 1
7947017 1
7959668 1
7995165 1
8007317 1
8007334 1
8028806 1
8055748 1
8061824 1
8070390 1
8072601 1
8075805 1
8089063 1
8104603 1
8105285 1
8106132 1
8124745 1
8131400 1
8147072 1
8148646 1
8149944 1
8190916 1
8209251 1
8215870 1
8311800 1
