2698 1
7166 1
8609 1
11392 1
11901 1
12949 1
17059 1
18141 1
18813 1
23860 1
23860 1
26566 1
27635 1
28748 1
29407 1
32751 1
32858 1
35571 1
35981 1
36354 1
39012 1
45576 1
47163 1
47713 1
62391 1
63745 1
64438 1
71760 1
71835 1
77262 1
79978 1
86400 1
88602 1
88811 1
92408 1
96764 1
99542 1
101725 1
102367 1
103103 1
103734 1
110156 1
113379 1
115566 1
115735 1
120551 1
121656 1
123473 1
125079 1
127057 1
127844 1
128113 1
129160 1
130062 1
130230 1
130477 1
132559 1
133673 1
135929 1
138870 1
143635 1
144397 1
145446 1
145958 1
146890 1
146998 1
147575 1
148605 1
149289 1
150057 1
150275 1
150815 1
153237 1
155047 1
155290 1
156065 1
157726 1
163051 1
163148 1
163634 1
166266 1
166654 1
166985 1
168069 1
168616 1
171095 1
175256 1
175304 1
176550 1
178194 1
178677 1
178883 1
180566 1
181395 1
183909 1
185874 1
192591 1
197461 1
198192 1
199143 1
202440 1
205718 1
212024 1
213724 1
213764 1
214543 1
215200 1
216541 1
217320 1
218644 1
218935 1
220478 1
228375 1
228876 1
229075 1
229482 1
230841 1
233920 1
240212 1
251966 1
256567 1
257858 1
259929 1
261571 1
264516 1
265649 1
266879 1
268187 1
274924 1
275038 1
281337 1
282291 1
282840 1
283568 1
286296 1
290172 1
302242 1
308606 1
310374 1
317995 1
319576 1
335142 1
344066 1
358423 1
361125 1
361336 1
375441 1
376760 1
379821 1
387151 1
390411 1
404347 1
408819 1
409922 1
412240 1
414958 1
428292 1
428860 1
431960 1
433801 1
434021 1
446235 1
450059 1
456073 1
456720 1
458633 1
460172 1
465057 1
479024 1
480904 1
482768 1
487179 1
490172 1
490508 1
495823 1
495892 1
503092 1
507313 1
508741 1
513102 1
519285 1
521981 1
522308 1
524346 1
527014 1
531298 1
532868 1
535705 1
538127 1
538420 1
542274 1
542890 1
543705 1
546295 1
551288 1
554184 1
556233 1
559425 1
562074 1
565356 1
566779 1
570051 1
572583 1
573786 1
573810 1
575058 1
579250 1
579792 1
583155 1
583547 1
587065 1
597584 1
599479 1
600297 1
602501 1
606855 1
612654 1
615212 1
622194 1
624680 1
633904 1
641235 1
644866 1
645296 1
646117 1
648703 1
649320 1
651845 1
653884 1
656098 1
663757 1
665457 1
666147 1
669242 1
670588 1
672093 1
672391 1
672393 1
675442 1
677697 1
702067 1
716182 1
716186 1
716601 1
721307 1
722066 1
724612 1
727529 1
728648 1
731472 1
738092 1
739827 1
740769 1
741117 1
743706 1
744933 1
748163 1
749490 1
750900 1
752162 1
752171 1
754214 1
758447 1
764831 1
768081 1
769588 1
772612 1
777392 1
780288 1
782278 1
782862 1
784061 1
795144 1
795756 1
798855 1
799355 1
804051 1
805554 1
805625 1
807021 1
810578 1
810647 1
815152 1
816227 1
816433 1
819316 1
820142 1
823605 1
823826 1
825057 1
826601 1
835468 1
843137 1
845617 1
848242 1
849767 1
849973 1
852269 1
856183 1
857009 1
863702 1
867176 1
868862 1
869250 1
871387 1
875300 1
878220 1
880012 1
881726 1
889719 1
890158 1
891172 1
894618 1
895680 1
896595 1
902535 1
907714 1
913042 1
913266 1
915104 1
921599 1
923240 1
929883 1
937668 1
939235 1
939293 1
941443 1
947513 1
950391 1
952091 1
957132 1
959082 1
961389 1
963826 1
965460 1
969531 1
972705 1
972881 1
978350 1
979572 1
979940 1
981222 1
982252 1
983965 1
987229 1
991615 1
992232 1
996722 1
997333 1
1003936 1
1004556 1
1007916 1
1008365 1
1012284 1
1013197 1
1024102 1
1029019 1
1030877 1
1036317 1
1046289 1
1052608 1
1054005 1
1054858 1
1059577 1
1060031 1
1061960 1
1064272 1
1068292 1
1073434 1
1073846 1
1074189 1
1075494 1
1079679 1
1081892 1
1082395 1
1083712 1
1083827 1
1087257 1
1091941 1
1093439 1
1094623 1
1094625 1
1095726 1
1099030 1
1099742 1
1100240 1
1107911 1
1108280 1
1110493 1
1112674 1
1113992 1
1115864 1
1118097 1
1118588 1
1120806 1
1121746 1
1122256 1
1124217 1
1126202 1
1126972 1
1127261 1
1128496 1
1131015 1
1131288 1
1138683 1
1144794 1
1145685 1
1147247 1
1148084 1
1148164 1
1148415 1
1156850 1
1161104 1
1163513 1
1166689 1
1173170 1
1178063 1
1179657 1
1180030 1
1185776 1
1187228 1
1198281 1
1201205 1
1203533 1
1203893 1
1206244 1
1206252 1
1208256 1
1212697 1
1213419 1
1215787 1
1218521 1
1224342 1
1228429 1
1228872 1
1230069 1
1230294 1
1236515 1
1239410 1
1240786 1
1242004 1
1248485 1
1254185 1
1260085 1
1266567 1
1273947 1
1276915 1
1277387 1
1288598 1
1289049 1
1291980 1
1292840 1
1296502 1
1308605 1
1308755 1
1309757 1
1312762 1
1314257 1
1316533 1
1316876 1
1319151 1
1320478 1
1324691 1
1328143 1
1330083 1
1330362 1
1330421 1
1333600 1
1334171 1
1335432 1
1337326 1
1339870 1
1348651 1
1352968 1
1358144 1
1362802 1
1363336 1
1366572 1
1370857 1
1372576 1
1373216 1
1374256 1
1376900 1
1378726 1
1379269 1
1379923 1
1380571 1
1383026 1
1386643 1
1386719 1
1389068 1
1390567 1
1393675 1
1396949 1
1409815 1
1410683 1
1412972 1
1420679 1
1422046 1
1433048 1
1434136 1
1434706 1
1438575 1
1438619 1
1440426 1
1441182 1
1441487 1
1442696 1
1443553 1
1443857 1
1444760 1
1445096 1
1446753 1
1446809 1
1446900 1
1449177 1
1450545 1
1451082 1
1452887 1
1453089 1
1453279 1
1456486 1
1460551 1
1461060 1
1462761 1
1463162 1
1463198 1
1463230 1
1465326 1
1466888 1
1467189 1
1469224 1
1471559 1
1474849 1
1479023 1
1480181 1
1482266 1
1485195 1
1493377 1
1497462 1
1499121 1
1501568 1
1501767 1
1502603 1
1505878 1
1507474 1
1513805 1
1515770 1
1520379 1
1521571 1
1523819 1
1524278 1
1533715 1
1535877 1
1537038 1
1539467 1
1541726 1
1545612 1
1553752 1
1563127 1
1568423 1
1583190 1
1583727 1
1586826 1
1589234 1
1593544 1
1593626 1
1604732 1
1605876 1
1605939 1
1609046 1
1611911 1
1613830 1
1615346 1
1616502 1
1618339 1
1619231 1
1619414 1
1620704 1
1621996 1
1622409 1
1622474 1
1626637 1
1629546 1
1629917 1
1632645 1
1639644 1
1645355 1
1645684 1
1650586 1
1662605 1
1663656 1
1663748 1
1663755 1
1664765 1
1666062 1
1672224 1
1672232 1
1673878 1
1673897 1
1675759 1
1676949 1
1678561 1
1678981 1
1685588 1
1690004 1
1690492 1
1693821 1
1700115 1
1702042 1
1704082 1
1707850 1
1708274 1
1708537 1
1716334 1
1717598 1
1719819 1
1721563 1
1721713 1
1722546 1
1723084 1
1726031 1
1727209 1
1734938 1
1737351 1
1737834 1
1738951 1
1740140 1
1740980 1
1744877 1
1749126 1
1761140 1
1762663 1
1769087 1
1779438 1
1780641 1
1780941 1
1782155 1
1785186 1
1787612 1
1788125 1
1791497 1
1792961 1
1793705 1
1794619 1
1798955 1
1801562 1
1803828 1
1811500 1
1817525 1
1820414 1
1820467 1
1822099 1
1822775 1
1828050 1
1830932 1
1831493 1
1831495 1
1831844 1
1841782 1
1843733 1
1844806 1
1845528 1
1853431 1
1854049 1
1855806 1
1855818 1
1857549 1
1861925 1
1865818 1
1880383 1
1881454 1
1881456 1
1881578 1
1882045 1
1883704 1
1884015 1
1885995 1
1886278 1
1891102 1
1891315 1
1892387 1
1895949 1
1896120 1
1897171 1
1897313 1
1897896 1
1899318 1
1900295 1
1902509 1
1902964 1
1904297 1
1905613 1
1906213 1
1912385 1
1913511 1
1914669 1
1919633 1
1919769 1
1924315 1
1926306 1
1927331 1
1929449 1
1935542 1
1935963 1
1940721 1
1940861 1
1950768 1
1951739 1
1951812 1
1952400 1
1958759 1
1964495 1
1964696 1
1966341 1
1969643 1
1982474 1
1987487 1
1991365 1
1995830 1
1998979 1
1999690 1
2000516 1
2002922 1
2004082 1
2005622 1
2006369 1
2006978 1
2009318 1
2012823 1
2014092 1
2014263 1
2016578 1
2019088 1
2037037 1
2037151 1
2042975 1
2043604 1
2043974 1
2044028 1
2046008 1
2047732 1
2054881 1
2055683 1
2057896 1
2058200 1
2062643 1
2066060 1
2069540 1
2073511 1
2085911 1
2088357 1
2089016 1
2089583 1
2090235 1
2091006 1
2093776 1
2093935 1
2096965 1
2098422 1
2110990 1
2111819 1
2113330 1
2119483 1
2122380 1
2126654 1
2129299 1
2129378 1
2132651 1
2132795 1
2132919 1
2141872 1
2143187 1
2147287 1
2149390 1
2151126 1
2151620 1
2152542 1
2153607 1
2155322 1
2156714 1
2158918 1
2159512 1
2159826 1
2160183 1
2163094 1
2163316 1
2164898 1
2169527 1
2171377 1
2171920 1
2172714 1
2173726 1
2176913 1
2180187 1
2183206 1
2189922 1
2191559 1
2191658 1
2196402 1
2196468 1
2198511 1
2201172 1
2202424 1
2203086 1
2204417 1
2210184 1
2211951 1
2213353 1
2222325 1
2222775 1
2224346 1
2229937 1
2230170 1
2230379 1
2241901 1
2245902 1
2246100 1
2246197 1
2249150 1
2254445 1
2256535 1
2257804 1
2258546 1
2259352 1
2261449 1
2266583 1
2267099 1
2271594 1
2277646 1
2277838 1
2285201 1
2285979 1
2286635 1
2288386 1
2290314 1
2294788 1
2299628 1
2303256 1
2307070 1
2308866 1
2314057 1
2318123 1
2324314 1
2326907 1
2332770 1
2335494 1
2336275 1
2340102 1
2342502 1
2344156 1
2345252 1
2346002 1
2349784 1
2351049 1
2354378 1
2354505 1
2356160 1
2357757 1
2358279 1
2358333 1
2365279 1
2365527 1
2366699 1
2370957 1
2372984 1
2374150 1
2375434 1
2376187 1
2376731 1
2382603 1
2383143 1
2383893 1
2384655 1
2385134 1
2386865 1
2393445 1
2396860 1
2398183 1
2402175 1
2406542 1
2407254 1
2411969 1
2412332 1
2412774 1
2415925 1
2417155 1
2421460 1
2421465 1
2421972 1
2423175 1
2428716 1
2430786 1
2433806 1
2435714 1
2437491 1
2441583 1
2441824 1
2441853 1
2445735 1
2450065 1
2450326 1
2451803 1
2459293 1
2462897 1
2472924 1
2481210 1
2489824 1
2490282 1
2490783 1
2491882 1
2493850 1
2498998 1
2504440 1
2505013 1
2507544 1
2516031 1
2517582 1
2525447 1
2526258 1
2529301 1
2532088 1
2533287 1
2533400 1
2534023 1
2534312 1
2539158 1
2541388 1
2547575 1
2555527 1
2555851 1
2563953 1
2566209 1
2579252 1
2579386 1
2579386 1
2579672 1
2579771 1
2579934 1
2581287 1
2586154 1
2588487 1
2589416 1
2589721 1
2590626 1
2592980 1
2593481 1
2596304 1
2604464 1
2608495 1
2611925 1
2614403 1
2617186 1
2617806 1
2622627 1
2623663 1
2625654 1
2630791 1
2631117 1
2637321 1
2644029 1
2649900 1
2650096 1
2652122 1
2653918 1
2655119 1
2657624 1
2666746 1
2668731 1
2677261 1
2678992 1
2679732 1
2681192 1
2687726 1
2689488 1
2697494 1
2699721 1
2700381 1
2710238 1
2711024 1
2712595 1
2712595 1
2713372 1
2714599 1
2715992 1
2716087 1
2720857 1
2721131 1
2726200 1
2731033 1
2739525 1
2741243 1
2747080 1
2747093 1
2750167 1
2750338 1
2756471 1
2757587 1
2758119 1
2766378 1
2772032 1
2772695 1
2773955 1
2775620 1
2776704 1
2777989 1
2780869 1
2781178 1
2781699 1
2781812 1
2787294 1
2792862 1
2795684 1
2797598 1
2799581 1
2801845 1
2805619 1
2808532 1
2810451 1
2810494 1
2816779 1
2816833 1
2819782 1
2821075 1
2834713 1
2837393 1
2837560 1
2839808 1
2840526 1
2849866 1
2851022 1
2852713 1
2858012 1
2861106 1
2864296 1
2866786 1
2873487 1
2879896 1
2883189 1
2885024 1
2885728 1
2891879 1
2896343 1
2896343 1
2897186 1
2898503 1
2899376 1
2901696 1
2901774 1
2902138 1
2902359 1
2903240 1
2906449 1
2907067 1
2913577 1
2919996 1
2924623 1
2928417 1
2930068 1
2933076 1
2938482 1
2939684 1
2943425 1
2944362 1
2946936 1
2947179 1
2949411 1
2949700 1
2951064 1
2957148 1
2957382 1
2958177 1
2962832 1
2963881 1
2966332 1
2975002 1
2975378 1
2978512 1
2982152 1
2987580 1
2987771 1
2987871 1
2989007 1
2997594 1
2998819 1
3000673 1
3001657 1
3003854 1
3008364 1
3016550 1
3017907 1
3022781 1
3024007 1
3024425 1
3024624 1
3025816 1
3025983 1
3026460 1
3026527 1
3027241 1
3033495 1
3038876 1
3039582 1
3046121 1
3047427 1
3048534 1
3049494 1
3049815 1
3060205 1
3068790 1
3073118 1
3077629 1
3090530 1
3091995 1
3093638 1
3094802 1
3096685 1
3105343 1
3106253 1
3108659 1
3109166 1
3110191 1
3115958 1
3120503 1
3122056 1
3125188 1
3127153 1
3140683 1
3144091 1
3144303 1
3146781 1
3149993 1
3150434 1
3151226 1
3153434 1
3156178 1
3161413 1
3161562 1
3161876 1
3162845 1
3163164 1
3164714 1
3167658 1
3168238 1
3172837 1
3176888 1
3177067 1
3178171 1
3178260 1
3179389 1
3180585 1
3182180 1
3186233 1
3187643 1
3189809 1
3191686 1
3195508 1
3199934 1
3201025 1
3204823 1
3205366 1
3209324 1
3209479 1
3209621 1
3211699 1
3212954 1
3214025 1
3215048 1
3216986 1
3217961 1
3218520 1
3221519 1
3221952 1
3222978 1
3233238 1
3234027 1
3234872 1
3235422 1
3236449 1
3236633 1
3242901 1
3244249 1
3246937 1
3249818 1
3251525 1
3258149 1
3261297 1
3262440 1
3266445 1
3266973 1
3267247 1
3273210 1
3274306 1
3276216 1
3276274 1
3279435 1
3281696 1
3281921 1
3284092 1
3284903 1
3291575 1
3293016 1
3298105 1
3298732 1
3304350 1
3305369 1
3306457 1
3308024 1
3308941 1
3309024 1
3310493 1
3311334 1
3319422 1
3319745 1
3322007 1
3328300 1
3332227 1
3332977 1
3338877 1
3342818 1
3345139 1
3347082 1
3364303 1
3366223 1
3374434 1
3376636 1
3378248 1
3384743 1
3394319 1
3397364 1
3408250 1
3408738 1
3413163 1
3413593 1
3418061 1
3425261 1
3426588 1
3428202 1
3431165 1
3432469 1
3436327 1
3438326 1
3441042 1
3443939 1
3447955 1
3448231 1
3453787 1
3462875 1
3465716 1
3471179 1
3471617 1
3472547 1
3473063 1
3475185 1
3476023 1
3480767 1
3480808 1
3484422 1
3484834 1
3485654 1
3485842 1
3487892 1
3492828 1
3494024 1
3496873 1
3500755 1
3506322 1
3506397 1
3507420 1
3507972 1
3509542 1
3509822 1
3512193 1
3517810 1
3523019 1
3523993 1
3526068 1
3530552 1
3530556 1
3530582 1
3535073 1
3541351 1
3542367 1
3544992 1
3548865 1
3574189 1
3575313 1
3575378 1
3579273 1
3579369 1
3581374 1
3584005 1
3589525 1
3590715 1
3591427 1
3595408 1
3595410 1
3598948 1
3606309 1
3607963 1
3611642 1
3614698 1
3615030 1
3619275 1
3622506 1
3625688 1
3625816 1
3628118 1
3630985 1
3634344 1
3638946 1
3643588 1
3644603 1
3644617 1
3645469 1
3647843 1
3652293 1
3654015 1
3656230 1
3656286 1
3660522 1
3664946 1
3665944 1
3666865 1
3668108 1
3669626 1
3670312 1
3670349 1
3671634 1
3674555 1
3684381 1
3687547 1
3693139 1
3701656 1
3704152 1
3712357 1
3712662 1
3717477 1
3718279 1
3719386 1
3721336 1
3721645 1
3722957 1
3724185 1
3727253 1
3727372 1
3727392 1
3731715 1
3739264 1
3739283 1
3740189 1
3741834 1
3746913 1
3751268 1
3751885 1
3756703 1
3758504 1
3759743 1
3760646 1
3760850 1
3764963 1
3765094 1
3767348 1
3770947 1
3774603 1
3784397 1
3790499 1
3790728 1
3794123 1
3796138 1
3796713 1
3798519 1
3807320 1
3809103 1
3811784 1
3814035 1
3815916 1
3816174 1
3817469 1
3828296 1
3828516 1
3837556 1
3838604 1
3840768 1
3841951 1
3843625 1
3844571 1
3845371 1
3846140 1
3846500 1
3855881 1
3858338 1
3861338 1
3861988 1
3872296 1
3873121 1
3877302 1
3877546 1
3883534 1
3885631 1
3885885 1
3886666 1
3888953 1
3892196 1
3895693 1
3898758 1
3899004 1
3904154 1
3908813 1
3911497 1
3913187 1
3916857 1
3918446 1
3918732 1
3918869 1
3921359 1
3921405 1
3924727 1
3931323 1
3935502 1
3936940 1
3941546 1
3943090 1
3949050 1
3949702 1
3955102 1
3955301 1
3961593 1
3964914 1
3966630 1
3970377 1
3972899 1
3973126 1
3983249 1
3986144 1
3994831 1
3995836 1
3995934 1
4000398 1
4001220 1
4001954 1
4011619 1
4013705 1
4015467 1
4015844 1
4021073 1
4021462 1
4022824 1
4023140 1
4027016 1
4027050 1
4033701 1
4035758 1
4038750 1
4039251 1
4039756 1
4043690 1
4049779 1
4050111 1
4055564 1
4059035 1
4059053 1
4060380 1
4068697 1
4068700 1
4069643 1
4070864 1
4071067 1
4075547 1
4076041 1
4082483 1
4084082 1
4085419 1
4090377 1
4093814 1
4100879 1
4102718 1
4103168 1
4106984 1
4110687 1
4112171 1
4116690 1
4129557 1
4130420 1
4140223 1
4159714 1
4162412 1
4162624 1
4164341 1
4164827 1
4168617 1
4169379 1
4172910 1
4179934 1
4183412 1
4184349 1
4184783 1
4185842 1
4191876 1
4196722 1
4198016 1
4203853 1
4203953 1
4209505 1
4211187 1
4212668 1
4214078 1
4216261 1
4219242 1
4219502 1
4222946 1
4223792 1
4226163 1
4228236 1
4232909 1
4236505 1
4236734 1
4238206 1
4246275 1
4247399 1
4250238 1
4251192 1
4252920 1
4254326 1
4258711 1
4259871 1
4261427 1
4262680 1
4264143 1
4264992 1
4267566 1
4268058 1
4270023 1
4271573 1
4271777 1
4285254 1
4291195 1
4292354 1
4295039 1
4296794 1
4299659 1
4303713 1
4306105 1
4307683 1
4312704 1
4313911 1
4319405 1
4321719 1
4321993 1
4323791 1
4324445 1
4325056 1
4334094 1
4338717 1
4338752 1
4339557 1
4340198 1
4341856 1
4341884 1
4342253 1
4342290 1
4345438 1
4346662 1
4347264 1
4347712 1
4354987 1
4355256 1
4355987 1
4356215 1
4356566 1
4356825 1
4366388 1
4367895 1
4379454 1
4380384 1
4385916 1
4387862 1
4390525 1
4393839 1
4396046 1
4399084 1
4401833 1
4403373 1
4403398 1
4406716 1
4410632 1
4412786 1
4416064 1
4416553 1
4416942 1
4417096 1
4422573 1
4422646 1
4423778 1
4424537 1
4426745 1
4427400 1
4429195 1
4430451 1
4437213 1
4445482 1
4448334 1
4448778 1
4462251 1
4470641 1
4475641 1
4477999 1
4479789 1
4480283 1
4481464 1
4482788 1
4485144 1
4485818 1
4489955 1
4494733 1
4496409 1
4496436 1
4503092 1
4505606 1
4511607 1
4513853 1
4516137 1
4520661 1
4525343 1
4528751 1
4534985 1
4535131 1
4537994 1
4541463 1
4543289 1
4546360 1
4547283 1
4549150 1
4553309 1
4553320 1
4553730 1
4560461 1
4565202 1
4567066 1
4567250 1
4579329 1
4598259 1
4599953 1
4601069 1
4605032 1
4609609 1
4610895 1
4614576 1
4625940 1
4627268 1
4628040 1
4629505 1
4630408 1
4630938 1
4633514 1
4633730 1
4634593 1
4637279 1
4641877 1
4645356 1
4646203 1
4650876 1
4651743 1
4657410 1
4660301 1
4668796 1
4672682 1
4673674 1
4674427 1
4674563 1
4675509 1
4677840 1
4679739 1
4680571 1
4686502 1
4687297 1
4703167 1
4704927 1
4706658 1
4710351 1
4711152 1
4716787 1
4716794 1
4723289 1
4725370 1
4729994 1
4731445 1
4732847 1
4735350 1
4736608 1
4736966 1
4742938 1
4743644 1
4743684 1
4746818 1
4759098 1
4764873 1
4767085 1
4767765 1
4771885 1
4775807 1
4776305 1
4778059 1
4784650 1
4787451 1
4787828 1
4794391 1
4794577 1
4798978 1
4799723 1
4806068 1
4810110 1
4812022 1
4813561 1
4813857 1
4816136 1
4816520 1
4816520 1
4818062 1
4819526 1
4820725 1
4823929 1
4825957 1
4826562 1
4827525 1
4828475 1
4832991 1
4834480 1
4835289 1
4837012 1
4842823 1
4844872 1
4847633 1
4849328 1
4857890 1
4859709 1
4865332 1
4866481 1
4873242 1
4874492 1
4874750 1
4875566 1
4875673 1
4879128 1
4880543 1
4882956 1
4883305 1
4885020 1
4889062 1
4891454 1
4894537 1
4894748 1
4895749 1
4900264 1
4901018 1
4903700 1
4905219 1
4906644 1
4906718 1
4907123 1
4907511 1
4908404 1
4909427 1
4916385 1
4917714 1
4927454 1
4928192 1
4928993 1
4932158 1
4935689 1
4937635 1
4938650 1
4943356 1
4945951 1
4950685 1
4955569 1
4957183 1
4959340 1
4961721 1
4963685 1
4965810 1
4966074 1
4969435 1
4980589 1
4980766 1
4986406 1
4986909 1
4987018 1
4996167 1
4997362 1
5000549 1
5008787 1
5011459 1
5013641 1
5015431 1
5016291 1
5022899 1
5023087 1
5024836 1
5026675 1
5027307 1
5030273 1
5038642 1
5044003 1
5044232 1
5047717 1
5048700 1
5049513 1
5052310 1
5054595 1
5059471 1
5062457 1
5075810 1
5083773 1
5087219 1
5087642 1
5088068 1
5104182 1
5107321 1
5113125 1
5114581 1
5114818 1
5116268 1
5117611 1
5118008 1
5130142 1
5133403 1
5133813 1
5135660 1
5138176 1
5143441 1
5149513 1
5151013 1
5153368 1
5159051 1
5159568 1
5162296 1
5163791 1
5163871 1
5171306 1
5174142 1
5183208 1
5191753 1
5193155 1
5195722 1
5197361 1
5216359 1
5218124 1
5218723 1
5229876 1
5232696 1
5234629 1
5236090 1
5238115 1
5238966 1
5239337 1
5242711 1
5262061 1
5265495 1
5268364 1
5277707 1
5278437 1
5280676 1
5281372 1
5282250 1
5284006 1
5290085 1
5311006 1
5312376 1
5315864 1
5316021 1
5317056 1
5319795 1
5320283 1
5321849 1
5323227 1
5323242 1
5331201 1
5331239 1
5334404 1
5336959 1
5339864 1
5350070 1
5352626 1
5356153 1
5363446 1
5363644 1
5363896 1
5376061 1
5376905 1
5377029 1
5395168 1
5414207 1
5420294 1
5420970 1
5421912 1
5422102 1
5422106 1
5428557 1
5434693 1
5437384 1
5439664 1
5444815 1
5449917 1
5449950 1
5450466 1
5450594 1
5450686 1
5451606 1
5451862 1
5454792 1
5463702 1
5468008 1
5468198 1
5468403 1
5469032 1
5469153 1
5470010 1
5470354 1
5471955 1
5475400 1
5479967 1
5480331 1
5480616 1
5483555 1
5483624 1
5486693 1
5492556 1
5500882 1
5511127 1
5512782 1
5513976 1
5516298 1
5516967 1
5520057 1
5527291 1
5529315 1
5533623 1
5534421 1
5535247 1
5537631 1
5538896 1
5543422 1
5552380 1
5555389 1
5555653 1
5559230 1
5561041 1
5562304 1
5563312 1
5563673 1
5567262 1
5567267 1
5569558 1
5575390 1
5575777 1
5591966 1
5593688 1
5594220 1
5600711 1
5605323 1
5612635 1
5613882 1
5615346 1
5615839 1
5618073 1
5618253 1
5632277 1
5632521 1
5635155 1
5635478 1
5643840 1
5644443 1
5645661 1
5649163 1
5649553 1
5653868 1
5656478 1
5656626 1
5656671 1
5659021 1
5660538 1
5662140 1
5662342 1
5662387 1
5663055 1
5669585 1
5670856 1
5674476 1
5677352 1
5678312 1
5679590 1
5679782 1
5682418 1
5682703 1
5686354 1
5688264 1
5698597 1
5704529 1
5709415 1
5709756 1
5716168 1
5720050 1
5720695 1
5722916 1
5723188 1
5724282 1
5727252 1
5728174 1
5730096 1
5738745 1
5746657 1
5757506 1
5758613 1
5759167 1
5765432 1
5766107 1
5767168 1
5769647 1
5769705 1
5769925 1
5772722 1
5773669 1
5776225 1
5776721 1
5785335 1
5786755 1
5798159 1
5805388 1
5805658 1
5806540 1
5807460 1
5808923 1
5810149 1
5810341 1
5813919 1
5816022 1
5818467 1
5823644 1
5824401 1
5827693 1
5860490 1
5860534 1
5860842 1
5867009 1
5869915 1
5870600 1
5877604 1
5880004 1
5880729 1
5882415 1
5884010 1
5885688 1
5887323 1
5888563 1
5890697 1
5891619 1
5892696 1
5894598 1
5894802 1
5895933 1
5898710 1
5904754 1
5905165 1
5905836 1
5911392 1
5916774 1
5918724 1
5919696 1
5921028 1
5926901 1
5927127 1
5932853 1
5934248 1
5938219 1
5942366 1
5946929 1
5948567 1
5959868 1
5960311 1
5960417 1
5962082 1
5963196 1
5969499 1
5969787 1
5973003 1
5974021 1
5974824 1
5975958 1
5979921 1
5980034 1
5982879 1
5984813 1
5985717 1
5986715 1
5987543 1
5988781 1
5989520 1
5991666 1
5994194 1
5996365 1
6003964 1
6010847 1
6011035 1
6014274 1
6016701 1
6017598 1
6018094 1
6019476 1
6020022 1
6020918 1
6021374 1
6025754 1
6028611 1
6030814 1
6034857 1
6038918 1
6039505 1
6039529 1
6040490 1
6041764 1
6042762 1
6045406 1
6047794 1
6050941 1
6052853 1
6055731 1
6059592 1
6060246 1
6061408 1
6066366 1
6066682 1
6068605 1
6075145 1
6077408 1
6083860 1
6085311 1
6087481 1
6095903 1
6097447 1
6099545 1
6100070 1
6101132 1
6102810 1
6109263 1
6110988 1
6117930 1
6118259 1
6124241 1
6129327 1
6131689 1
6136782 1
6138359 1
6140774 1
6148204 1
6148688 1
6149506 1
6150725 1
6153251 1
6155781 1
6155787 1
6157149 1
6157922 1
6160501 1
6163511 1
6167162 1
6178950 1
6181440 1
6184867 1
6185019 1
6185263 1
6186214 1
6188277 1
6193649 1
6196695 1
6198467 1
6198528 1
6208148 1
6219821 1
6225671 1
6227501 1
6230230 1
6237036 1
6238856 1
6240036 1
6240327 1
6241185 1
6249244 1
6250315 1
6255322 1
6260368 1
6264530 1
6265094 1
6265375 1
6266925 1
6267174 1
6267185 1
6267629 1
6268231 1
6271202 1
6274406 1
6274998 1
6276004 1
6277152 1
6277632 1
6277999 1
6280986 1
6281335 1
6286827 1
6291234 1
6293774 1
6297398 1
6299713 1
6299802 1
6300808 1
6303619 1
6304867 1
6306828 1
6310573 1
6315524 1
6318527 1
6320913 1
6322480 1
6323833 1
6324486 1
6332455 1
6336142 1
6336754 1
6338324 1
6339192 1
6339395 1
6340622 1
6340839 1
6342969 1
6345061 1
6345200 1
6351911 1
6355174 1
6358651 1
6360768 1
6362292 1
6364233 1
6365142 1
6365767 1
6368156 1
6369669 1
6370421 1
6372590 1
6376916 1
6377957 1
6378003 1
6378201 1
6378563 1
6380319 1
6380391 1
6381723 1
6382656 1
6387327 1
6387759 1
6389513 1
6394364 1
6395554 1
6397503 1
6401259 1
6402091 1
6402622 1
6403678 1
6404523 1
6405867 1
6406336 1
6408041 1
6409622 1
6412092 1
6412137 1
6414694 1
6417041 1
6417147 1
6422431 1
6423319 1
6423771 1
6424224 1
6425194 1
6425607 1
6426052 1
6426845 1
6428253 1
6430569 1
6438809 1
6440506 1
6447310 1
6453226 1
6453911 1
6455496 1
6458569 1
6480330 1
6484988 1
6485213 1
6485426 1
6486331 1
6486840 1
6489256 1
6490052 1
6490454 1
6492268 1
6493743 1
6493750 1
6494036 1
6498292 1
6503883 1
6503892 1
6504018 1
6505370 1
6506483 1
6508457 1
6508518 1
6509406 1
6509863 1
6519702 1
6520116 1
6521945 1
6523132 1
6524831 1
6526914 1
6527720 1
6529652 1
6532510 1
6534548 1
6536907 1
6537017 1
6537496 1
6539061 1
6540027 1
6545342 1
6547806 1
6547850 1
6549949 1
6549993 1
6551581 1
6552250 1
6560859 1
6561743 1
6566404 1
6568066 1
6572055 1
6572455 1
6572914 1
6576758 1
6578530 1
6583571 1
6586892 1
6589559 1
6590524 1
6593661 1
6597987 1
6598595 1
6605854 1
6606151 1
6610812 1
6612219 1
6616697 1
6616960 1
6619806 1
6622936 1
6623128 1
6623791 1
6625092 1
6625260 1
6628337 1
6629141 1
6629270 1
6630634 1
6638225 1
6639268 1
6640466 1
6647777 1
6648485 1
6651747 1
6652207 1
6655156 1
6658167 1
6660151 1
6663911 1
6666692 1
6667056 1
6671274 1
6673993 1
6679007 1
6679019 1
6679435 1
6682178 1
6684652 1
6685246 1
6688476 1
6692443 1
6697964 1
6698393 1
6702788 1
6704147 1
6704784 1
6708694 1
6712949 1
6713179 1
6713250 1
6715055 1
6716780 1
6721265 1
6721490 1
6727435 1
6728058 1
6728256 1
6730449 1
6732728 1
6733095 1
6733606 1
6736416 1
6737932 1
6739128 1
6740761 1
6743966 1
6745002 1
6750982 1
6751794 1
6752813 1
6752974 1
6755998 1
6758167 1
6761348 1
6762110 1
6763441 1
6764484 1
6768750 1
6769020 1
6769171 1
6773163 1
6773309 1
6774576 1
6775169 1
6776173 1
6778378 1
6783331 1
6784145 1
6785929 1
6787877 1
6788004 1
6792582 1
6801919 1
6802867 1
6802873 1
6805976 1
6807636 1
6812482 1
6818037 1
6822858 1
6825455 1
6833902 1
6834797 1
6835221 1
6835589 1
6836181 1
6840200 1
6843274 1
6845072 1
6848112 1
6852649 1
6855375 1
6856117 1
6856401 1
6859748 1
6861884 1
6864974 1
6866544 1
6866865 1
6867521 1
6869944 1
6870472 1
6872965 1
6878992 1
6879750 1
6885510 1
6890901 1
6892978 1
6894172 1
6895349 1
6896059 1
6896757 1
6897171 1
6899771 1
6902632 1
6909708 1
6912103 1
6921100 1
6931370 1
6932706 1
6932987 1
6934707 1
6937935 1
6938249 1
6939728 1
6944345 1
6944731 1
6945910 1
6950099 1
6952437 1
6953836 1
6954301 1
6958059 1
6958319 1
6959431 1
6960574 1
6967311 1
6969005 1
6970100 1
6973675 1
6976601 1
6986758 1
6999086 1
7002478 1
7004437 1
7010412 1
7015357 1
7025709 1
7028622 1
7029680 1
7033314 1
7033476 1
7038920 1
7043013 1
7043829 1
7044466 1
7057571 1
7058207 1
7058479 1
7070597 1
7071799 1
7074154 1
7076654 1
7076999 1
7077072 1
7077976 1
7079754 1
7079758 1
7086259 1
7099635 1
7100074 1
7101197 1
7102428 1
7106800 1
7108175 1
7110205 1
7110576 1
7110969 1
7113295 1
7113896 1
7114246 1
7115357 1
7115964 1
7118507 1
7119951 1
7121381 1
7123538 1
7125096 1
7126142 1
7127677 1
7129059 1
7129275 1
7134606 1
7137170 1
7141002 1
7142646 1
7142743 1
7143332 1
7150840 1
7155318 1
7156811 1
7158425 1
7158610 1
7161764 1
7164338 1
7168557 1
7175051 1
7175054 1
7175362 1
7175805 1
7176639 1
7182235 1
7189381 1
7199805 1
7203737 1
7206256 1
7210040 1
7212564 1
7215418 1
7218228 1
7222007 1
7223687 1
7223854 1
7225129 1
7226577 1
7226734 1
7228707 1
7229119 1
7229845 1
7232053 1
7232136 1
7232252 1
7233663 1
7233888 1
7235871 1
7238330 1
7239653 1
7241311 1
7241447 1
7245936 1
7249453 1
7266578 1
7268908 1
7272676 1
7272862 1
7272863 1
7274301 1
7274519 1
7275774 1
7275794 1
7277800 1
7279873 1
7282592 1
7282661 1
7284606 1
7286306 1
7290710 1
7295097 1
7295842 1
7296470 1
7297831 1
7301196 1
7301802 1
7303421 1
7304188 1
7306874 1
7312618 1
7313839 1
7314007 1
7314737 1
7317293 1
7321816 1
7321836 1
7322203 1
7322519 1
7323852 1
7323856 1
7324345 1
7327883 1
7328415 1
7328825 1
7331727 1
7334582 1
7335246 1
7336112 1
7336584 1
7337798 1
7339940 1
7341208 1
7344912 1
7345176 1
7349571 1
7352167 1
7355142 1
7360511 1
7364014 1
7366894 1
7367730 1
7372116 1
7375687 1
7376681 1
7381400 1
7382253 1
7394642 1
7397303 1
7400536 1
7404192 1
7404945 1
7405097 1
7406953 1
7407536 1
7418905 1
7418905 1
7419707 1
7420216 1
7425424 1
7429190 1
7430960 1
7436699 1
7436757 1
7438807 1
7439631 1
7440534 1
7441378 1
7442793 1
7443726 1
7453795 1
7462273 1
7465929 1
7472531 1
7478236 1
7483291 1
7485679 1
7489529 1
7497354 1
7497843 1
7503228 1
7505417 1
7507595 1
7509964 1
7514296 1
7515091 1
7521070 1
7527410 1
7533814 1
7534694 1
7536815 1
7537455 1
7537920 1
7541736 1
7542006 1
7542599 1
7543973 1
7548406 1
7552322 1
7557085 1
7560913 1
7562444 1
7567619 1
7568077 1
7568273 1
7578304 1
7578940 1
7579015 1
7580905 1
7588586 1
7589508 1
7590098 1
7591141 1
7591708 1
7600957 1
7609336 1
7609658 1
7613948 1
7633890 1
7636077 1
7642598 1
7642598 1
7642863 1
7648217 1
7651280 1
7653275 1
7655105 1
7661119 1
7668061 1
7669294 1
7670613 1
7671585 1
7672895 1
7672926 1
7676064 1
7677471 1
7679485 1
7686341 1
7690064 1
7691121 1
7691227 1
7693499 1
7694034 1
7695077 1
7701166 1
7703680 1
7705025 1
7705774 1
7709583 1
7709979 1
7711177 1
7712561 1
7712563 1
7719446 1
7723407 1
7727632 1
7727793 1
7731729 1
7732688 1
7735368 1
7735760 1
7752681 1
7757063 1
7761057 1
7762560 1
7770815 1
7771481 1
7772096 1
7773227 1
7774497 1
7774940 1
7778250 1
7779426 1
7788264 1
7792161 1
7809046 1
7809273 1
7826443 1
7831274 1
7831775 1
7836195 1
7839789 1
7841796 1
7842066 1
7847219 1
7847294 1
7850786 1
7854331 1
7855278 1
7856036 1
7856193 1
7857137 1
7861167 1
7861335 1
7863700 1
7866016 1
7869340 1
7869934 1
7870771 1
7871023 1
7871131 1
7873363 1
7876292 1
7879829 1
7879829 1
7881568 1
7883583 1
7884421 1
7884858 1
7888443 1
7889115 1
7889749 1
7891933 1
7891945 1
7894955 1
7897846 1
7901158 1
7904705 1
7912072 1
7914902 1
7918726 1
7921672 1
7922918 1
7925761 1
7930438 1
7931600 1
7932021 1
7934880 1
7935770 1
7938827 1
7940967 1
7946594 1
7947672 1
7948448 1
7951446 1
7954031 1
7957253 1
7957720 1
7957758 1
7959085 1
7959194 1
7963557 1
7964834 1
7970052 1
7970662 1
7972683 1
7976603 1
7983712 1
7984853 1
7985358 1
7985566 1
7987013 1
7988559 1
7993116 1
7993992 1
7996770 1
7997043 1
7997173 1
7997923 1
7998463 1
7998818 1
8001200 1
8003743 1
8005408 1
8011861 1
8012580 1
8013910 1
8015622 1
8016320 1
8018714 1
8021295 1
8021992 1
8022532 1
8023032 1
8023172 1
8029755 1
8031657 1
8031686 1
8033589 1
8037730 1
8039358 1
8041179 1
8044326 1
8044567 1
8044586 1
8048944 1
8052149 1
8052298 1
8052452 1
8053901 1
8053964 1
8054087 1
8059194 1
8070226 1
8071835 1
8072914 1
8077560 1
8077637 1
8079629 1
8084035 1
8084527 1
8085342 1
8086681 1
8088240 1
8089031 1
8092395 1
8094234 1
8095632 1
8097465 1
8098471 1
8098956 1
8098961 1
8101856 1
8112125 1
8113482 1
8116247 1
8120002 1
8120139 1
8121340 1
8133959 1
8134326 1
8135038 1
8139129 1
8139416 1
8141374 1
8142355 1
8144130 1
8150601 1
8152911 1
8153018 1
8153157 1
8155674 1
8159653 1
8170200 1
8175573 1
8177624 1
8179465 1
8185296 1
8185301 1
8190080 1
8190982 1
8199596 1
8201227 1
8204935 1
8205642 1
8209845 1
8212440 1
8214232 1
8215758 1
8218323 1
8218424 1
8220596 1
8220870 1
8223619 1
8224233 1
8227025 1
8230719 1
8231923 1
8233675 1
8236188 1
8237443 1
8239549 1
8240025 1
8241084 1
8244487 1
8245036 1
8253680 1
8254921 1
8262578 1
8265575 1
8269860 1
8272368 1
8272531 1
8272788 1
8273007 1
8278363 1
8288048 1
8293712 1
8294151 1
8294431 1
8295439 1
8295546 1
8300500 1
8304789 1
8304851 1
8306591 1
2726 1
7590 1
12790 1
21003 1
29221 1
35651 1
39940 1
39940 1
40980 1
45366 1
45366 1
47423 1
48666 1
48810 1
49551 1
50367 1
61583 1
62887 1
68947 1
78630 1
84580 1
93669 1
99837 1
108923 1
108950 1
110841 1
112518 1
114471 1
116270 1
116769 1
117999 1
118183 1
120397 1
120446 1
122384 1
122508 1
123791 1
125537 1
130937 1
131407 1
132420 1
133450 1
134713 1
136709 1
137343 1
138425 1
140204 1
144342 1
144430 1
150077 1
151105 1
155082 1
159928 1
161015 1
166721 1
169634 1
169697 1
170308 1
170382 1
171423 1
173305 1
174623 1
175171 1
175727 1
177228 1
179175 1
179786 1
181884 1
182517 1
184575 1
185596 1
187697 1
188951 1
192121 1
194803 1
194818 1
195200 1
196738 1
203970 1
204254 1
205291 1
207262 1
208327 1
209422 1
209998 1
211086 1
212409 1
213042 1
214602 1
214987 1
217411 1
218086 1
218161 1
218202 1
219370 1
219405 1
219787 1
221315 1
221604 1
222440 1
224032 1
227306 1
245233 1
252286 1
263974 1
264694 1
269295 1
269537 1
269864 1
273810 1
277076 1
279776 1
283691 1
286202 1
288438 1
288917 1
290373 1
290770 1
292971 1
296604 1
299182 1
299318 1
300744 1
303483 1
304093 1
311880 1
322918 1
326632 1
329102 1
334920 1
338460 1
343184 1
345061 1
345404 1
354122 1
354339 1
358519 1
359740 1
360306 1
365197 1
366213 1
368260 1
370892 1
372728 1
379337 1
379928 1
380143 1
389773 1
415011 1
415495 1
415697 1
415697 1
416330 1
416474 1
422679 1
434003 1
436936 1
447535 1
448557 1
449488 1
455201 1
455623 1
457040 1
459463 1
460369 1
461901 1
461901 1
462117 1
462960 1
463804 1
464132 1
464298 1
474063 1
482085 1
482379 1
482566 1
489097 1
496191 1
496316 1
497878 1
498224 1
500354 1
500619 1
501843 1
502511 1
502890 1
512501 1
515371 1
518699 1
522673 1
522896 1
529189 1
529251 1
531849 1
535250 1
537740 1
550219 1
559766 1
564008 1
567061 1
567906 1
568882 1
569869 1
572109 1
572467 1
572622 1
573192 1
573333 1
575520 1
575802 1
576208 1
577763 1
587517 1
589561 1
589967 1
590283 1
597851 1
597993 1
598364 1
603503 1
605956 1
613928 1
615812 1
618152 1
622069 1
622436 1
626405 1
630273 1
630777 1
644571 1
646567 1
652343 1
652792 1
655892 1
656185 1
659932 1
661176 1
666116 1
670744 1
671977 1
672315 1
672828 1
674523 1
675344 1
675753 1
677484 1
680795 1
682820 1
688404 1
688504 1
699134 1
702297 1
707521 1
709688 1
710290 1
720026 1
724472 1
729160 1
729882 1
732159 1
734743 1
744237 1
747467 1
747499 1
750552 1
760367 1
761057 1
763755 1
765295 1
766905 1
768705 1
770262 1
773992 1
779147 1
787212 1
787411 1
787516 1
788998 1
789568 1
792589 1
799821 1
803025 1
807519 1
809533 1
812165 1
816440 1
819705 1
824341 1
832807 1
834229 1
834395 1
834750 1
836638 1
840557 1
842516 1
843172 1
843174 1
843432 1
844280 1
844683 1
847871 1
849369 1
850583 1
852028 1
853765 1
854237 1
858425 1
860531 1
861377 1
864893 1
870243 1
871192 1
872074 1
872718 1
880046 1
882102 1
897391 1
897468 1
898397 1
898713 1
899346 1
907547 1
907936 1
912244 1
914346 1
914614 1
914811 1
916988 1
918260 1
918715 1
918748 1
919646 1
920761 1
924798 1
924967 1
926551 1
927056 1
928417 1
931533 1
933339 1
934425 1
936257 1
944434 1
945323 1
947575 1
949535 1
950524 1
954837 1
958373 1
961739 1
962301 1
966204 1
975274 1
979153 1
982522 1
983752 1
984784 1
986329 1
990099 1
991518 1
991518 1
993274 1
994297 1
1003085 1
1005486 1
1005583 1
1005677 1
1006108 1
1006687 1
1011546 1
1014861 1
1015371 1
1018423 1
1026704 1
1039167 1
1040072 1
1043898 1
1044002 1
1044015 1
1050540 1
1051600 1
1058272 1
1061919 1
1062953 1
1063629 1
1068846 1
1071805 1
1076793 1
1076952 1
1078805 1
1079852 1
1080114 1
1089893 1
1090772 1
1093874 1
1096334 1
1101002 1
1102319 1
1103143 1
1104727 1
1107511 1
1108557 1
1110888 1
1116311 1
1117694 1
1125933 1
1144867 1
1150314 1
1150971 1
1158971 1
1159949 1
1160346 1
1167985 1
1168286 1
1171199 1
1171199 1
1171923 1
1174042 1
1175232 1
1186142 1
1186749 1
1187760 1
1189057 1
1196626 1
1198962 1
1199098 1
1199388 1
1209580 1
1209724 1
1216730 1
1218179 1
1218982 1
1220638 1
1222679 1
1226120 1
1226892 1
1230690 1
1239963 1
1241892 1
1242396 1
1246167 1
1248326 1
1248523 1
1258382 1
1261381 1
1264221 1
1269941 1
1272061 1
1272242 1
1275397 1
1277546 1
1279995 1
1285963 1
1289133 1
1290872 1
1292698 1
1294393 1
1294586 1
1297205 1
1300998 1
1315826 1
1317860 1
1318729 1
1318819 1
1319977 1
1320124 1
1320578 1
1321155 1
1331641 1
1334577 1
1338446 1
1341145 1
1345022 1
1346527 1
1361982 1
1364388 1
1364563 1
1366621 1
1367066 1
1368037 1
1368453 1
1370068 1
1370587 1
1371056 1
1375389 1
1379059 1
1379331 1
1380897 1
1381181 1
1381824 1
1382007 1
1382301 1
1391846 1
1395148 1
1397198 1
1399094 1
1400598 1
1402515 1
1405815 1
1417595 1
1418491 1
1419010 1
1420158 1
1422822 1
1425571 1
1426073 1
1438042 1
1445049 1
1447453 1
1447481 1
1452223 1
1453521 1
1475108 1
1476645 1
1477790 1
1478576 1
1485531 1
1491078 1
1492570 1
1492744 1
1495757 1
1497012 1
1505026 1
1510095 1
1513595 1
1517599 1
1523457 1
1525043 1
1541731 1
1542115 1
1542180 1
1542207 1
1545000 1
1545357 1
1546080 1
1546881 1
1553705 1
1555013 1
1555885 1
1559247 1
1563510 1
1568242 1
1577970 1
1581489 1
1582434 1
1586414 1
1586484 1
1586510 1
1590748 1
1592317 1
1597314 1
1599236 1
1604328 1
1604986 1
1606113 1
1610432 1
1611832 1
1615019 1
1616055 1
1619622 1
1619802 1
1619900 1
1628933 1
1630145 1
1633222 1
1639605 1
1646038 1
1647317 1
1647875 1
1648876 1
1653463 1
1657408 1
1659830 1
1659963 1
1662346 1
1662932 1
1663417 1
1664423 1
1673139 1
1673284 1
1675570 1
1676830 1
1683210 1
1686819 1
1689077 1
1693096 1
1694325 1
1696734 1
1701228 1
1706336 1
1707813 1
1714719 1
1718924 1
1725615 1
1726207 1
1729765 1
1730231 1
1731531 1
1731938 1
1739311 1
1741367 1
1745941 1
1746816 1
1748215 1
1749467 1
1752619 1
1753766 1
1755437 1
1759025 1
1759919 1
1771539 1
1774675 1
1776092 1
1778536 1
1779971 1
1782860 1
1784382 1
1785704 1
1788103 1
1788322 1
1788384 1
1788782 1
1790599 1
1791101 1
1791771 1
1791787 1
1799440 1
1800789 1
1803977 1
1805471 1
1818266 1
1822019 1
1823646 1
1824018 1
1828977 1
1830621 1
1833281 1
1852977 1
1852977 1
1853264 1
1853913 1
1854293 1
1854993 1
1855543 1
1858230 1
1858241 1
1861461 1
1862807 1
1869096 1
1871102 1
1872028 1
1873988 1
1876334 1
1877714 1
1878930 1
1880330 1
1880956 1
1881463 1
1881801 1
1885120 1
1891890 1
1895150 1
1900692 1
1901595 1
1906976 1
1909639 1
1910449 1
1917597 1
1924146 1
1925706 1
1931194 1
1933756 1
1935259 1
1937527 1
1937536 1
1938020 1
1940776 1
1942206 1
1949838 1
1950122 1
1951766 1
1954562 1
1967936 1
1968587 1
1969860 1
1970758 1
1970978 1
1972421 1
1977592 1
1978359 1
1979012 1
1983109 1
1989480 1
1990219 1
1990941 1
1996426 1
1996509 1
1996909 1
1999668 1
2009444 1
2010204 1
2012488 1
2013935 1
2015764 1
2016759 1
2016848 1
2017326 1
2019193 1
2024307 1
2026950 1
2027502 1
2029610 1
2033432 1
2039490 1
2039613 1
2055172 1
2055633 1
2057392 1
2061923 1
2066878 1
2067093 1
2072255 1
2074271 1
2081495 1
2092544 1
2102294 1
2102705 1
2103229 1
2126064 1
2126751 1
2127728 1
2127934 1
2134245 1
2136154 1
2138306 1
2141852 1
2142598 1
2143203 1
2149898 1
2150882 1
2155190 1
2158339 1
2158611 1
2159749 1
2165692 1
2168365 1
2169283 1
2170536 1
2174040 1
2178409 1
2179078 1
2181735 1
2187584 1
2189797 1
2190773 1
2190910 1
2198201 1
2198483 1
2199745 1
2208304 1
2208401 1
2209648 1
2213563 1
2216665 1
2219774 1
2221249 1
2238420 1
2240300 1
2246995 1
2250635 1
2258512 1
2270112 1
2279612 1
2281415 1
2285918 1
2286757 1
2292785 1
2293499 1
2294088 1
2294474 1
2296031 1
2296567 1
2296721 1
2297078 1
2300213 1
2300336 1
2304294 1
2308021 1
2308022 1
2309172 1
2310102 1
2311595 1
2317291 1
2323601 1
2324986 1
2327461 1
2328903 1
2331016 1
2333538 1
2333919 1
2337548 1
2338287 1
2340295 1
2341163 1
2341673 1
2341854 1
2344712 1
2353954 1
2355904 1
2358513 1
2358642 1
2363310 1
2371296 1
2374685 1
2375665 1
2376216 1
2377756 1
2383207 1
2383684 1
2389964 1
2390087 1
2390516 1
2391994 1
2399975 1
2405343 1
2406130 1
2406799 1
2407184 1
2409505 1
2409922 1
2412813 1
2413080 1
2415091 1
2415709 1
2421090 1
2422452 1
2423238 1
2423282 1
2424467 1
2429340 1
2433461 1
2434696 1
2435505 1
2439763 1
2445397 1
2455046 1
2456174 1
2456566 1
2456909 1
2461146 1
2463014 1
2472509 1
2477636 1
2488532 1
2488701 1
2489009 1
2491784 1
2498420 1
2506648 1
2512822 1
2525268 1
2531042 1
2534419 1
2535884 1
2542755 1
2545831 1
2546054 1
2547848 1
2551308 1
2551373 1
2552561 1
2553362 1
2553940 1
2556917 1
2559963 1
2563807 1
2563831 1
2564066 1
2568422 1
2569312 1
2574371 1
2579930 1
2581798 1
2586186 1
2588133 1
2588765 1
2589833 1
2589906 1
2591414 1
2592216 1
2599839 1
2605972 1
2607232 1
2609780 1
2615128 1
2616032 1
2619851 1
2619859 1
2621169 1
2622783 1
2622858 1
2634584 1
2635735 1
2636155 1
2636882 1
2642860 1
2648545 1
2648824 1
2651419 1
2654205 1
2654884 1
2657652 1
2663364 1
2666929 1
2668925 1
2669585 1
2672009 1
2672535 1
2680895 1
2682317 1
2683464 1
2684670 1
2688443 1
2688585 1
2688703 1
2689577 1
2695543 1
2699444 1
2701816 1
2705468 1
2706600 1
2717970 1
2718752 1
2727943 1
2728112 1
2728441 1
2731234 1
2731684 1
2731698 1
2741094 1
2745778 1
2756512 1
2761155 1
2761941 1
2762127 1
2770277 1
2771398 1
2773988 1
2774929 1
2775922 1
2780257 1
2781300 1
2781862 1
2783785 1
2789949 1
2792530 1
2792592 1
2796464 1
2796585 1
2799767 1
2800642 1
2800887 1
2801076 1
2801077 1
2801129 1
2806476 1
2807587 1
2809854 1
2812644 1
2820704 1
2823414 1
2823699 1
2829825 1
2830813 1
2831991 1
2832768 1
2834870 1
2837337 1
2837917 1
2839387 1
2840679 1
2840697 1
2844233 1
2849357 1
2856452 1
2858740 1
2861259 1
2863871 1
2865395 1
2865690 1
2870768 1
2875095 1
2876026 1
2878576 1
2878670 1
2883315 1
2884438 1
2887653 1
2888344 1
2888829 1
2889877 1
2892977 1
2895499 1
2895692 1
2899121 1
2900005 1
2900461 1
2903269 1
2903954 1
2906979 1
2907771 1
2907799 1
2908808 1
2911935 1
2912535 1
2913462 1
2916370 1
2922232 1
2927816 1
2932266 1
2932609 1
2940137 1
2946664 1
2947202 1
2947300 1
2948403 1
2950441 1
2957600 1
2957745 1
2961578 1
2965623 1
2965821 1
2965884 1
2966806 1
2968121 1
2976251 1
2976402 1
2979233 1
2981143 1
2992162 1
2992168 1
2994106 1
2995173 1
2996010 1
2998237 1
3000999 1
3002461 1
3003702 1
3007852 1
3010912 1
3011221 1
3012712 1
3016756 1
3017638 1
3018590 1
3019411 1
3029791 1
3032065 1
3033756 1
3035499 1
3035909 1
3037166 1
3037705 1
3038819 1
3039146 1
3042205 1
3045207 1
3050643 1
3051947 1
3054541 1
3055159 1
3059376 1
3063242 1
3073271 1
3073277 1
3074284 1
3077468 1
3079118 1
3083139 1
3083721 1
3084008 1
3086868 1
3094022 1
3096389 1
3096721 1
3100615 1
3101632 1
3102954 1
3104104 1
3105651 1
3109042 1
3109300 1
3114404 1
3120244 1
3120723 1
3120832 1
3120832 1
3123178 1
3123726 1
3123836 1
3124185 1
3124574 1
3125971 1
3126010 1
3126432 1
3130992 1
3134036 1
3134079 1
3138223 1
3149401 1
3151995 1
3154695 1
3161532 1
3161969 1
3162916 1
3163948 1
3166539 1
3166694 1
3167271 1
3167309 1
3168013 1
3170270 1
3170663 1
3171594 1
3171737 1
3174628 1
3175163 1
3175465 1
3177258 1
3178527 1
3185202 1
3186723 1
3186816 1
3187022 1
3191073 1
3194173 1
3194173 1
3194746 1
3198760 1
3201370 1
3204143 1
3210575 1
3213842 1
3217307 1
3217628 1
3218012 1
3220103 1
3225518 1
3228948 1
3229423 1
3233731 1
3235240 1
3239476 1
3246985 1
3250905 1
3258449 1
3259789 1
3261159 1
3262136 1
3262714 1
3264755 1
3270749 1
3271097 1
3271780 1
3273522 1
3274733 1
3280172 1
3280910 1
3282260 1
3284479 1
3285030 1
3286050 1
3286595 1
3287095 1
3289181 1
3292411 1
3293048 1
3293410 1
3294876 1
3296451 1
3297243 1
3297243 1
3301995 1
3303480 1
3305763 1
3309826 1
3311978 1
3315556 1
3316743 1
3323194 1
3327898 1
3329417 1
3330481 1
3337559 1
3339104 1
3342456 1
3343508 1
3347731 1
3349146 1
3351007 1
3353939 1
3359054 1
3368988 1
3369199 1
3369683 1
3370079 1
3377231 1
3378177 1
3380149 1
3383559 1
3384321 1
3388345 1
3389383 1
3393017 1
3393195 1
3395717 1
3396360 1
3397021 1
3399438 1
3402568 1
3409625 1
3409625 1
3410265 1
3415006 1
3415080 1
3417148 1
3424323 1
3424928 1
3431265 1
3432809 1
3433268 1
3433849 1
3434754 1
3435667 1
3437037 1
3440416 1
3443603 1
3445579 1
3445647 1
3452913 1
3454719 1
3463228 1
3466775 1
3472720 1
3472739 1
3477001 1
3479662 1
3481472 1
3487912 1
3489088 1
3498487 1
3500389 1
3502993 1
3508807 1
3510095 1
3511675 1
3512091 1
3513143 1
3513660 1
3518328 1
3518938 1
3523620 1
3527631 1
3530002 1
3532467 1
3533739 1
3534478 1
3538560 1
3539280 1
3544770 1
3544910 1
3545112 1
3553399 1
3554116 1
3554116 1
3557300 1
3558541 1
3559978 1
3561865 1
3566480 1
3569718 1
3573036 1
3573371 1
3573546 1
3577182 1
3577667 1
3582688 1
3583758 1
3584409 1
3586967 1
3588394 1
3588953 1
3589262 1
3591061 1
3594436 1
3594988 1
3597227 1
3597750 1
3599090 1
3599099 1
3602929 1
3604115 1
3609037 1
3615570 1
3618066 1
3624024 1
3625393 1
3626702 1
3627872 1
3628230 1
3628341 1
3632770 1
3636203 1
3636673 1
3640692 1
3641156 1
3645542 1
3647966 1
3647966 1
3648588 1
3648861 1
3652025 1
3653292 1
3654967 1
3659896 1
3660701 1
3662253 1
3662305 1
3664179 1
3665519 1
3670171 1
3673679 1
3675836 1
3684430 1
3687695 1
3689483 1
3691461 1
3695698 1
3698150 1
3700161 1
3700647 1
3702199 1
3704455 1
3706307 1
3707323 1
3707699 1
3708759 1
3717027 1
3729307 1
3730149 1
3739788 1
3740274 1
3741300 1
3745927 1
3751627 1
3758646 1
3760079 1
3761053 1
3761448 1
3766364 1
3767550 1
3768710 1
3772596 1
3772721 1
3774306 1
3778471 1
3783379 1
3783397 1
3783746 1
3784181 1
3789298 1
3790902 1
3794076 1
3795917 1
3799070 1
3799079 1
3802245 1
3802478 1
3803848 1
3807474 1
3811651 1
3815605 1
3815881 1
3818674 1
3825304 1
3827609 1
3830037 1
3831775 1
3834348 1
3835076 1
3835257 1
3837918 1
3852266 1
3852578 1
3852656 1
3854669 1
3860481 1
3861193 1
3863261 1
3863531 1
3867123 1
3868208 1
3871422 1
3871446 1
3874409 1
3880843 1
3881819 1
3890379 1
3892837 1
3900891 1
3911958 1
3912084 1
3915007 1
3915425 1
3915457 1
3916074 1
3917262 1
3918672 1
3926983 1
3930193 1
3939239 1
3943129 1
3944670 1
3946200 1
3948343 1
3954370 1
3959452 1
3963129 1
3967340 1
3969007 1
3970709 1
3970936 1
3971528 1
3972280 1
3974123 1
3975690 1
3982882 1
3983191 1
3989210 1
3989240 1
3991046 1
3991194 1
3998265 1
4002198 1
4003062 1
4021031 1
4023923 1
4025104 1
4025847 1
4030378 1
4040294 1
4045951 1
4046934 1
4055954 1
4056430 1
4062098 1
4064155 1
4072384 1
4076134 1
4082005 1
4083026 1
4090016 1
4092554 1
4094815 1
4095350 1
4095366 1
4095575 1
4099140 1
4100522 1
4101570 1
4101927 1
4105413 1
4106576 1
4110946 1
4116245 1
4120357 1
4129439 1
4140636 1
4143890 1
4145521 1
4150688 1
4158504 1
4158815 1
4160807 1
4162273 1
4163721 1
4164480 1
4173469 1
4175844 1
4179260 1
4188946 1
4189039 1
4190894 1
4195424 1
4195578 1
4195880 1
4196958 1
4198785 1
4206205 1
4207252 1
4210762 1
4211024 1
4211861 1
4212228 1
4213610 1
4213936 1
4214555 1
4225856 1
4235016 1
4235713 1
4237592 1
4245152 1
4250478 1
4252158 1
4252682 1
4254105 1
4260451 1
4260451 1
4260463 1
4263458 1
4265009 1
4265992 1
4268505 1
4270915 1
4273208 1
4275296 1
4278446 1
4283174 1
4289020 1
4292462 1
4294884 1
4297757 1
4299293 1
4300698 1
4305771 1
4306861 1
4313799 1
4315299 1
4319076 1
4319098 1
4319159 1
4321960 1
4332026 1
4332717 1
4333441 1
4337211 1
4338888 1
4338993 1
4340468 1
4340535 1
4341384 1
4341575 1
4344086 1
4346199 1
4348595 1
4351107 1
4354787 1
4356774 1
4358441 1
4359023 1
4361342 1
4363131 1
4365726 1
4368086 1
4373081 1
4373679 1
4375311 1
4377105 1
4377599 1
4386239 1
4387792 1
4394677 1
4395925 1
4396582 1
4397964 1
4398933 1
4399224 1
4399774 1
4400703 1
4402565 1
4409277 1
4411125 1
4411687 1
4417843 1
4421244 1
4422846 1
4422935 1
4424063 1
4426175 1
4427094 1
4427150 1
4431904 1
4432595 1
4440275 1
4441745 1
4443548 1
4444360 1
4445943 1
4448427 1
4450809 1
4483344 1
4487891 1
4488440 1
4489044 1
4492045 1
4498437 1
4500567 1
4503623 1
4507612 1
4508491 1
4508501 1
4513336 1
4516450 1
4520455 1
4521439 1
4524202 1
4530052 1
4532325 1
4532693 1
4533198 1
4535494 1
4542667 1
4542686 1
4550793 1
4552181 1
4553019 1
4553491 1
4553856 1
4555527 1
4556261 1
4559720 1
4562747 1
4565028 1
4571233 1
4573917 1
4576972 1
4581019 1
4582127 1
4592161 1
4593753 1
4604299 1
4604337 1
4612529 1
4616532 1
4617003 1
4617356 1
4619018 1
4619731 1
4633304 1
4633620 1
4633970 1
4636611 1
4643539 1
4648374 1
4660926 1
4662092 1
4662151 1
4663765 1
4664453 1
4665593 1
4667766 1
4667893 1
4668362 1
4669667 1
4676961 1
4676996 1
4678264 1
4678614 1
4680597 1
4683518 1
4684400 1
4685254 1
4685657 1
4685807 1
4686353 1
4689575 1
4692261 1
4692904 1
4695426 1
4702504 1
4709736 1
4710426 1
4710764 1
4713074 1
4713848 1
4719756 1
4720770 1
4721897 1
4723029 1
4726184 1
4727590 1
4731355 1
4731358 1
4733813 1
4737400 1
4738272 1
4741437 1
4744952 1
4761670 1
4763244 1
4765431 1
4769670 1
4770228 1
4771315 1
4773147 1
4774813 1
4775578 1
4777576 1
4783992 1
4786589 1
4795849 1
4799962 1
4800706 1
4800898 1
4804904 1
4805654 1
4805862 1
4809329 1
4809680 1
4812386 1
4812769 1
4812823 1
4813847 1
4819372 1
4827332 1
4829151 1
4830495 1
4835471 1
4835681 1
4837445 1
4838098 1
4840232 1
4842129 1
4843691 1
4844714 1
4846077 1
4849254 1
4849934 1
4854037 1
4855808 1
4857266 1
4861363 1
4863033 1
4865253 1
4866430 1
4869224 1
4869481 1
4871562 1
4879383 1
4880727 1
4881502 1
4881962 1
4882825 1
4883417 1
4884914 1
4885509 1
4889295 1
4891265 1
4895684 1
4896141 1
4899613 1
4899708 1
4902278 1
4908746 1
4909751 1
4910482 1
4910685 1
4917315 1
4931835 1
4932274 1
4934330 1
4936161 1
4936619 1
4936997 1
4937386 1
4944939 1
4950893 1
4953462 1
4954648 1
4961260 1
4968587 1
4969442 1
4972376 1
4981525 1
4982335 1
4984531 1
4987627 1
4992381 1
4992743 1
4994582 1
4996964 1
4997678 1
4997694 1
4998123 1
4999599 1
5000126 1
5000193 1
5003289 1
5004466 1
5006366 1
5011145 1
5014676 1
5015338 1
5015617 1
5017118 1
5017938 1
5018793 1
5020532 1
5020681 1
5021368 1
5022677 1
5025540 1
5027093 1
5027385 1
5028755 1
5029013 1
5030796 1
5049090 1
5053579 1
5054744 1
5054777 1
5054829 1
5058547 1
5062338 1
5063498 1
5070031 1
5074342 1
5078968 1
5090135 1
5092412 1
5103968 1
5112095 1
5112742 1
5115647 1
5118670 1
5125405 1
5127695 1
5145046 1
5150289 1
5150831 1
5157699 1
5158380 1
5159470 1
5159526 1
5159591 1
5163252 1
5164691 1
5167248 1
5170068 1
5172802 1
5180741 1
5183340 1
5194807 1
5195211 1
5196871 1
5202398 1
5204937 1
5206592 1
5207978 1
5210848 1
5213925 1
5218394 1
5220319 1
5235783 1
5239180 1
5240169 1
5256682 1
5258546 1
5262113 1
5262669 1
5270421 1
5277434 1
5277488 1
5278477 1
5280398 1
5284443 1
5287193 1
5289704 1
5290698 1
5290812 1
5292495 1
5294124 1
5298866 1
5299428 1
5300890 1
5306153 1
5307909 1
5311981 1
5313415 1
5316790 1
5317379 1
5319966 1
5326124 1
5326725 1
5335428 1
5337500 1
5340614 1
5341007 1
5341914 1
5342679 1
5347579 1
5348683 1
5349746 1
5351334 1
5352001 1
5352799 1
5354831 1
5355784 1
5357191 1
5367713 1
5389480 1
5394901 1
5407450 1
5420403 1
5421119 1
5422346 1
5425758 1
5426043 1
5429348 1
5430431 1
5433698 1
5439412 1
5444774 1
5444874 1
5447707 1
5447761 1
5449897 1
5451303 1
5452981 1
5452985 1
5458656 1
5458889 1
5459051 1
5460005 1
5462831 1
5470509 1
5471330 1
5472832 1
5477607 1
5482549 1
5485713 1
5493932 1
5494907 1
5496101 1
5498425 1
5500700 1
5503081 1
5504602 1
5504922 1
5508607 1
5512193 1
5516181 1
5520062 1
5520824 1
5523080 1
5523138 1
5524790 1
5530464 1
5531950 1
5548811 1
5549740 1
5551879 1
5559838 1
5562276 1
5562399 1
5563189 1
5564540 1
5570945 1
5571782 1
5572720 1
5574142 1
5583518 1
5583518 1
5584091 1
5584709 1
5595558 1
5596361 1
5596452 1
5599570 1
5599756 1
5604609 1
5607719 1
5607999 1
5608339 1
5609103 1
5611190 1
5612595 1
5613428 1
5613892 1
5620890 1
5626289 1
5628998 1
5630676 1
5636323 1
5637483 1
5643946 1
5644003 1
5645266 1
5648125 1
5649385 1
5650747 1
5651306 1
5652287 1
5653239 1
5660680 1
5663534 1
5663911 1
5665003 1
5665752 1
5668243 1
5677772 1
5678421 1
5679192 1
5682355 1
5684244 1
5684571 1
5687179 1
5689258 1
5689282 1
5689729 1
5690190 1
5693154 1
5697579 1
5699567 1
5700234 1
5702888 1
5705327 1
5710055 1
5710685 1
5711007 1
5713222 1
5715087 1
5715307 1
5716330 1
5716503 1
5722866 1
5730890 1
5733748 1
5734415 1
5741561 1
5745978 1
5749098 1
5749804 1
5750390 1
5750529 1
5752011 1
5753270 1
5762376 1
5764101 1
5765535 1
5767429 1
5771217 1
5771401 1
5772340 1
5780270 1
5785593 1
5787034 1
5792806 1
5796732 1
5798988 1
5808240 1
5809434 1
5810728 1
5810875 1
5812047 1
5814955 1
5815621 1
5816227 1
5816954 1
5817031 1
5817705 1
5822821 1
5824734 1
5827319 1
5840873 1
5842318 1
5843121 1
5843467 1
5848738 1
5849274 1
5850749 1
5857840 1
5859983 1
5862354 1
5865506 1
5876843 1
5879301 1
5881784 1
5884169 1
5888544 1
5889771 1
5894713 1
5897916 1
5899330 1
5901967 1
5902268 1
5902675 1
5909649 1
5912508 1
5914301 1
5918670 1
5920225 1
5922269 1
5922398 1
5925301 1
5929333 1
5930173 1
5931241 1
5932874 1
5934962 1
5935119 1
5935239 1
5940795 1
5947521 1
5948017 1
5952822 1
5960688 1
5964036 1
5966525 1
5968908 1
5970508 1
5972932 1
5978278 1
5983015 1
5983578 1
5985856 1
5997138 1
5999379 1
6000194 1
6002297 1
6009351 1
6010590 1
6011719 1
6012039 1
6014390 1
6019346 1
6020850 1
6025977 1
6030308 1
6030848 1
6031891 1
6033001 1
6040452 1
6041310 1
6045079 1
6048060 1
6048585 1
6051603 1
6051891 1
6053039 1
6059718 1
6061387 1
6061515 1
6068387 1
6069159 1
6071238 1
6072693 1
6080750 1
6081207 1
6087934 1
6095910 1
6097746 1
6099999 1
6100051 1
6103056 1
6104279 1
6105269 1
6108277 1
6110043 1
6111429 1
6111723 1
6112461 1
6113589 1
6114420 1
6116666 1
6121496 1
6121861 1
6122366 1
6125237 1
6126226 1
6127137 1
6128872 1
6130476 1
6137943 1
6138697 1
6143317 1
6145277 1
6146843 1
6148505 1
6149334 1
6153360 1
6153595 1
6153996 1
6154384 1
6155348 1
6164018 1
6165191 1
6174336 1
6191702 1
6195091 1
6197057 1
6197711 1
6202643 1
6204881 1
6228657 1
6232162 1
6233059 1
6233164 1
6234068 1
6238058 1
6239068 1
6239324 1
6240726 1
6240807 1
6245768 1
6247210 1
6247345 1
6254713 1
6256774 1
6260445 1
6268831 1
6274907 1
6277772 1
6283814 1
6285864 1
6286143 1
6296065 1
6298304 1
6299908 1
6300414 1
6305604 1
6315356 1
6317278 1
6318226 1
6318358 1
6325994 1
6327406 1
6332035 1
6337145 1
6339651 1
6340060 1
6340221 1
6342964 1
6343122 1
6348142 1
6354318 1
6355394 1
6378159 1
6379553 1
6380892 1
6381522 1
6381625 1
6388010 1
6393884 1
6397936 1
6403393 1
6404311 1
6405776 1
6407267 1
6408345 1
6412195 1
6418039 1
6418223 1
6419193 1
6419238 1
6421033 1
6422804 1
6423298 1
6428667 1
6428909 1
6433841 1
6435380 1
6436814 1
6439004 1
6440158 1
6446844 1
6446852 1
6447547 1
6448805 1
6448810 1
6449318 1
6449461 1
6451168 1
6465080 1
6472351 1
6475898 1
6480230 1
6480291 1
6483851 1
6483992 1
6485798 1
6490389 1
6491934 1
6499367 1
6501298 1
6516979 1
6527564 1
6527877 1
6531125 1
6532635 1
6534195 1
6534538 1
6535681 1
6538542 1
6539026 1
6542880 1
6549952 1
6552957 1
6554610 1
6557031 1
6557296 1
6557553 1
6557663 1
6558925 1
6563698 1
6566024 1
6566231 1
6567548 1
6567699 1
6567938 1
6572243 1
6573004 1
6575299 1
6583958 1
6587372 1
6590138 1
6590486 1
6598978 1
6600779 1
6604042 1
6606881 1
6608709 1
6608935 1
6609067 1
6609974 1
6611154 1
6612187 1
6618975 1
6621354 1
6622853 1
6624250 1
6627120 1
6628804 1
6634792 1
6640385 1
6646294 1
6647375 1
6665175 1
6665700 1
6671409 1
6676290 1
6677761 1
6687253 1
6692501 1
6693657 1
6695286 1
6697919 1
6702717 1
6703259 1
6710712 1
6710718 1
6712126 1
6712792 1
6712976 1
6714852 1
6716107 1
6718726 1
6720165 1
6720861 1
6722473 1
6726474 1
6728385 1
6728482 1
6730692 1
6734986 1
6736495 1
6738690 1
6744263 1
6744370 1
6749978 1
6756013 1
6757774 1
6759500 1
6762753 1
6763232 1
6763708 1
6767824 1
6779461 1
6783435 1
6788657 1
6790202 1
6790310 1
6794882 1
6796870 1
6803412 1
6804509 1
6807069 1
6809016 1
6809327 1
6811634 1
6816603 1
6816930 1
6818896 1
6821359 1
6824462 1
6824824 1
6829655 1
6831642 1
6833573 1
6834567 1
6834712 1
6834760 1
6835057 1
6838272 1
6845398 1
6847415 1
6851280 1
6854288 1
6856848 1
6858460 1
6859405 1
6860024 1
6861848 1
6863602 1
6868010 1
6868928 1
6869766 1
6869955 1
6870945 1
6871950 1
6873284 1
6873566 1
6877359 1
6881798 1
6882102 1
6884216 1
6884608 1
6884732 1
6887094 1
6887952 1
6888268 1
6889615 1
6891917 1
6893156 1
6893176 1
6895937 1
6897827 1
6899884 1
6904027 1
6909322 1
6912748 1
6918145 1
6920941 1
6927642 1
6929662 1
6931418 1
6937954 1
6939742 1
6946256 1
6950532 1
6958421 1
6958550 1
6960299 1
6965269 1
6966669 1
6967593 1
6973130 1
6984004 1
6986913 1
6990372 1
6993009 1
6994455 1
6995347 1
6995490 1
6997918 1
7000442 1
7003229 1
7004339 1
7004747 1
7008303 1
7008793 1
7009760 1
7010313 1
7011548 1
7011579 1
7014798 1
7019059 1
7020566 1
7024973 1
7027324 1
7027987 1
7028195 1
7029790 1
7032802 1
7033230 1
7034845 1
7037808 1
7038991 1
7044245 1
7047967 1
7049030 1
7054158 1
7054527 1
7057500 1
7059064 1
7064771 1
7069210 1
7070844 1
7074492 1
7078658 1
7080166 1
7082575 1
7082638 1
7082702 1
7083652 1
7084800 1
7085453 1
7086713 1
7087729 1
7100296 1
7102718 1
7105471 1
7107968 1
7108339 1
7110571 1
7113450 1
7113907 1
7114944 1
7119182 1
7120947 1
7121116 1
7123830 1
7124430 1
7126440 1
7128439 1
7128853 1
7130123 1
7130346 1
7131514 1
7133703 1
7134537 1
7145221 1
7146166 1
7146734 1
7148428 1
7149281 1
7152507 1
7154774 1
7157313 1
7157568 1
7158095 1
7159464 1
7167937 1
7169243 1
7169660 1
7169712 1
7180293 1
7193139 1
7195478 1
7204831 1
7214369 1
7215559 1
7217057 1
7218695 1
7221658 1
7225244 1
7225270 1
7225280 1
7228697 1
7233722 1
7235643 1
7235659 1
7235916 1
7239635 1
7242630 1
7246645 1
7247892 1
7250871 1
7253451 1
7259761 1
7261153 1
7268142 1
7271235 1
7277383 1
7279665 1
7280274 1
7281260 1
7281865 1
7282394 1
7284058 1
7293561 1
7295538 1
7304664 1
7304946 1
7309298 1
7315289 1
7316688 1
7317342 1
7318435 1
7323265 1
7330064 1
7336579 1
7341428 1
7341689 1
7342096 1
7342848 1
7346401 1
7349238 1
7352399 1
7352762 1
7356163 1
7357160 1
7358779 1
7360483 1
7363615 1
7365829 1
7371283 1
7372573 1
7374873 1
7375524 1
7375916 1
7377217 1
7388230 1
7388758 1
7390339 1
7400075 1
7400576 1
7401970 1
7405518 1
7406414 1
7412376 1
7413221 1
7414639 1
7414668 1
7423034 1
7425764 1
7428027 1
7429690 1
7433198 1
7435568 1
7435733 1
7438874 1
7439295 1
7440383 1
7448306 1
7449291 1
7450696 1
7455670 1
7460492 1
7465098 1
7468606 1
7471087 1
7472921 1
7474721 1
7478349 1
7483775 1
7490140 1
7493339 1
7493602 1
7496787 1
7498583 1
7503981 1
7508979 1
7517813 1
7522049 1
7525987 1
7526073 1
7526738 1
7535406 1
7536347 1
7537745 1
7538048 1
7539896 1
7541840 1
7546704 1
7548904 1
7553404 1
7554272 1
7555402 1
7555523 1
7555655 1
7563138 1
7564558 1
7571920 1
7573524 1
7582304 1
7584597 1
7584946 1
7586551 1
7588405 1
7588727 1
7588944 1
7595797 1
7597966 1
7599794 1
7600236 1
7604790 1
7608580 1
7609248 1
7609896 1
7612797 1
7616029 1
7621084 1
7624442 1
7628180 1
7632155 1
7636559 1
7637878 1
7644815 1
7645014 1
7648470 1
7652485 1
7653721 1
7656280 1
7657319 1
7659978 1
7664777 1
7665264 1
7665654 1
7665965 1
7666986 1
7667227 1
7669399 1
7670651 1
7673104 1
7677438 1
7690381 1
7690428 1
7691773 1
7704462 1
7709730 1
7710796 1
7715910 1
7720931 1
7722382 1
7727274 1
7729035 1
7729219 1
7729744 1
7731044 1
7732720 1
7733218 1
7735506 1
7739357 1
7740333 1
7745549 1
7745884 1
7752789 1
7753881 1
7756208 1
7757437 1
7760556 1
7760875 1
7764465 1
7770490 1
7770906 1
7773151 1
7775021 1
7776579 1
7780557 1
7781843 1
7784343 1
7787113 1
7791365 1
7801903 1
7803658 1
7806767 1
7807410 1
7812841 1
7818090 1
7818550 1
7822281 1
7822388 1
7827062 1
7828926 1
7829687 1
7831204 1
7832688 1
7840190 1
7841748 1
7842174 1
7842992 1
7846761 1
7849051 1
7850092 1
7850935 1
7853238 1
7853257 1
7855081 1
7861614 1
7862833 1
7863889 1
7871079 1
7872399 1
7872524 1
7873251 1
7873617 1
7874494 1
7885512 1
7887539 1
7888445 1
7888944 1
7892048 1
7892129 1
7896752 1
7901799 1
7906396 1
7907341 1
7915847 1
7923529 1
7923594 1
7925502 1
7930694 1
7931339 1
7932651 1
7934123 1
7936464 1
7937711 1
7943453 1
7944204 1
7947263 1
7951623 1
7959790 1
7963884 1
7965293 1
7975689 1
7979528 1
7980413 1
7983172 1
7987228 1
7988500 1
7996800 1
7999294 1
7999419 1
7999428 1
7999435 1
8000196 1
8001133 1
8001182 1
8005752 1
8006678 1
8008771 1
8009184 1
8009999 1
8010406 1
8010577 1
8010702 1
8010991 1
8012012 1
8015446 1
8017391 1
8027546 1
8028004 1
8029671 1
8031729 1
8032168 1
8034301 1
8034403 1
8041395 1
8041458 1
8042249 1
8043006 1
8050620 1
8051882 1
8052813 1
8053587 1
8053748 1
8053809 1
8059085 1
8060861 1
8061628 1
8062209 1
8063393 1
8065965 1
8068326 1
8072685 1
8073239 1
8073556 1
8077900 1
8080336 1
8080906 1
8081537 1
8082830 1
8083805 1
8089013 1
8091863 1
8096154 1
8098336 1
8098666 1
8098843 1
8099393 1
8099937 1
8102720 1
8103119 1
8104062 1
8107208 1
8107362 1
8110871 1
8111525 1
8112268 1
8116143 1
8122363 1
8123012 1
8123462 1
8123653 1
8125056 1
8126213 1
8127249 1
8128675 1
8131685 1
8131832 1
8133049 1
8140464 1
8140739 1
8142345 1
8143814 1
8144346 1
8146360 1
8150208 1
8151439 1
8153001 1
8153111 1
8154197 1
8161827 1
8162857 1
8166839 1
8167129 1
8175155 1
8183925 1
8188424 1
8190796 1
8193151 1
8194808 1
8195828 1
8197768 1
8198245 1
8204324 1
8208520 1
8209155 1
8209918 1
8211070 1
8212101 1
8214160 1
8215477 1
8215625 1
8216617 1
8218897 1
8221084 1
8224449 1
8226169 1
8226951 1
8229180 1
8230833 1
8237987 1
8241714 1
8255618 1
8257910 1
8263429 1
8265233 1
8270613 1
8271716 1
8276360 1
8277271 1
8283456 1
8286726 1
8287380 1
8296844 1
8300549 1
8303907 1
8311963 1
3749 1
4000 1
5823 1
6551 1
10147 1
12386 1
18763 1
26140 1
27232 1
34314 1
35838 1
39063 1
43158 1
43304 1
44610 1
44823 1
45320 1
46126 1
48746 1
51542 1
52492 1
54287 1
76043 1
76047 1
85412 1
94767 1
95548 1
95762 1
96494 1
97146 1
98481 1
98705 1
98738 1
99167 1
100279 1
100633 1
100636 1
104548 1
105642 1
106782 1
108361 1
109546 1
110079 1
110934 1
111402 1
111423 1
113489 1
113815 1
117507 1
118709 1
124524 1
126871 1
126921 1
128792 1
131647 1
135621 1
136163 1
139332 1
140390 1
141503 1
141755 1
142307 1
142986 1
144588 1
149192 1
149516 1
150655 1
150951 1
152280 1
153550 1
155527 1
157284 1
158014 1
162100 1
162115 1
168246 1
173955 1
175363 1
176041 1
179588 1
179662 1
179719 1
180007 1
183983 1
185142 1
186219 1
186260 1
186549 1
187277 1
188027 1
188547 1
194054 1
195429 1
195699 1
199132 1
203267 1
205360 1
207952 1
212170 1
213242 1
214748 1
217679 1
218650 1
222608 1
227574 1
229594 1
235918 1
236826 1
238684 1
243143 1
243711 1
244837 1
245125 1
246656 1
248152 1
249657 1
250532 1
251757 1
257461 1
259261 1
261405 1
262236 1
262390 1
266421 1
268085 1
269197 1
269339 1
269792 1
274348 1
280009 1
281369 1
281828 1
283796 1
289038 1
289800 1
293783 1
293927 1
299192 1
300787 1
315220 1
315759 1
316071 1
323329 1
326942 1
328023 1
328448 1
331000 1
335835 1
339053 1
340758 1
342418 1
353929 1
354456 1
363420 1
363878 1
363878 1
370728 1
374784 1
380948 1
384470 1
386867 1
390208 1
425507 1
425610 1
428422 1
428734 1
431261 1
431891 1
434107 1
439245 1
442436 1
442536 1
443893 1
449270 1
451018 1
451374 1
451902 1
452141 1
458940 1
470420 1
470678 1
488707 1
490973 1
492602 1
493133 1
495353 1
498248 1
498660 1
499005 1
499011 1
499611 1
500344 1
501796 1
503238 1
505822 1
507065 1
507097 1
507538 1
507776 1
509126 1
512832 1
513192 1
514797 1
520102 1
523164 1
524158 1
533850 1
556148 1
560613 1
562828 1
566599 1
566698 1
568008 1
571793 1
571833 1
572521 1
572719 1
574246 1
574909 1
575796 1
579367 1
579414 1
580087 1
581407 1
582685 1
584645 1
587501 1
587531 1
587701 1
596218 1
598355 1
601199 1
610143 1
618356 1
650968 1
656248 1
663522 1
665519 1
671738 1
672221 1
674881 1
679537 1
682322 1
689798 1
692880 1
694044 1
699429 1
712618 1
715297 1
721927 1
722872 1
724686 1
725964 1
728431 1
729683 1
730174 1
730748 1
731376 1
737010 1
744379 1
748638 1
752275 1
755954 1
756276 1
757609 1
763895 1
771371 1
776087 1
778652 1
779343 1
788777 1
789037 1
801426 1
811059 1
811097 1
812281 1
812565 1
815040 1
825340 1
825547 1
825721 1
827394 1
830013 1
832582 1
834081 1
837005 1
837450 1
837779 1
837965 1
837983 1
842980 1
844954 1
847896 1
847987 1
848670 1
848814 1
859948 1
863384 1
863660 1
863731 1
865917 1
866830 1
867700 1
867914 1
871682 1
872726 1
876455 1
886482 1
891308 1
894960 1
895485 1
902812 1
906761 1
915725 1
916947 1
917810 1
924427 1
934087 1
943743 1
951357 1
951838 1
953336 1
966279 1
968134 1
975689 1
975739 1
976342 1
976487 1
983408 1
985799 1
986278 1
987059 1
987268 1
989938 1
994214 1
994413 1
998339 1
1000673 1
1002634 1
1003316 1
1003759 1
1005737 1
1006238 1
1007574 1
1007574 1
1007780 1
1008828 1
1016220 1
1022971 1
1026752 1
1026773 1
1029452 1
1029493 1
1029882 1
1032272 1
1036110 1
1037352 1
1041967 1
1045949 1
1048830 1
1051963 1
1052221 1
1056473 1
1057254 1
1059168 1
1068270 1
1069606 1
1069864 1
1078324 1
1079819 1
1079991 1
1080517 1
1081619 1
1089964 1
1089986 1
1095304 1
1096229 1
1099697 1
1099802 1
1103088 1
1103737 1
1106169 1
1108079 1
1108312 1
1110089 1
1110207 1
1117455 1
1118546 1
1130199 1
1135955 1
1137522 1
1139201 1
1139791 1
1141513 1
1145939 1
1145962 1
1148321 1
1149264 1
1150548 1
1150568 1
1151588 1
1160560 1
1163799 1
1164541 1
1167096 1
1169581 1
1171078 1
1173793 1
1174198 1
1177029 1
1182665 1
1183694 1
1185113 1
1185983 1
1192615 1
1193912 1
1194401 1
1196058 1
1198920 1
1199175 1
1200665 1
1201812 1
1204275 1
1206033 1
1209787 1
1209916 1
1210137 1
1211676 1
1214999 1
1218374 1
1220099 1
1222098 1
1222154 1
1222965 1
1225532 1
1226253 1
1227303 1
1227518 1
1228491 1
1230711 1
1230718 1
1233222 1
1233894 1
1239495 1
1240831 1
1241858 1
1256480 1
1259727 1
1261756 1
1263139 1
1263719 1
1263749 1
1265696 1
1268393 1
1270067 1
1280490 1
1286607 1
1289689 1
1292426 1
1292822 1
1297823 1
1298270 1
1300929 1
1302182 1
1302991 1
1310042 1
1312210 1
1319586 1
1321762 1
1321866 1
1324741 1
1326066 1
1327003 1
1327102 1
1327455 1
1328716 1
1328770 1
1328978 1
1329930 1
1332222 1
1332281 1
1336397 1
1337394 1
1338686 1
1341269 1
1342355 1
1342514 1
1347129 1
1347675 1
1353570 1
1354861 1
1355063 1
1355729 1
1356412 1
1366215 1
1367275 1
1368157 1
1377054 1
1380583 1
1382251 1
1384047 1
1387247 1
1389511 1
1390306 1
1391753 1
1397383 1
1397960 1
1398296 1
1398506 1
1399171 1
1406890 1
1417633 1
1418058 1
1420399 1
1423561 1
1426034 1
1426703 1
1431826 1
1432246 1
1432884 1
1436341 1
1437774 1
1439581 1
1440576 1
1442001 1
1442823 1
1445161 1
1445916 1
1446310 1
1446955 1
1446979 1
1448136 1
1454032 1
1460126 1
1460360 1
1461836 1
1461907 1
1464030 1
1466781 1
1466822 1
1470742 1
1470922 1
1477821 1
1480393 1
1483734 1
1484911 1
1487305 1
1495578 1
1496259 1
1501607 1
1501619 1
1502499 1
1506415 1
1510120 1
1512013 1
1514535 1
1516350 1
1519334 1
1521246 1
1525677 1
1533144 1
1536162 1
1537719 1
1540139 1
1540518 1
1543588 1
1545467 1
1553242 1
1557303 1
1557342 1
1558349 1
1561781 1
1563261 1
1573298 1
1573636 1
1576207 1
1576889 1
1579795 1
1579846 1
1589685 1
1591050 1
1592933 1
1599601 1
1599607 1
1600793 1
1602055 1
1602823 1
1602998 1
1603991 1
1604024 1
1606603 1
1614279 1
1618026 1
1618848 1
1619376 1
1620126 1
1620801 1
1624142 1
1624664 1
1625017 1
1625374 1
1630538 1
1632814 1
1633192 1
1636117 1
1637663 1
1644260 1
1647981 1
1649160 1
1649374 1
1657028 1
1658126 1
1665399 1
1672102 1
1672291 1
1675459 1
1677307 1
1677896 1
1695048 1
1699471 1
1701247 1
1714163 1
1716224 1
1717020 1
1717570 1
1719774 1
1724478 1
1724862 1
1725082 1
1727237 1
1729682 1
1731368 1
1742260 1
1750615 1
1756825 1
1759482 1
1760512 1
1762270 1
1766400 1
1767063 1
1771150 1
1774939 1
1778035 1
1785897 1
1788606 1
1791700 1
1794772 1
1795605 1
1806864 1
1808837 1
1809156 1
1809211 1
1818203 1
1818878 1
1820611 1
1820613 1
1822444 1
1823619 1
1826365 1
1831245 1
1832180 1
1834601 1
1838950 1
1840823 1
1842766 1
1847912 1
1851025 1
1851767 1
1855876 1
1856146 1
1856487 1
1856556 1
1866158 1
1869272 1
1875276 1
1877539 1
1881702 1
1882794 1
1885982 1
1886132 1
1891416 1
1892536 1
1900464 1
1900525 1
1900535 1
1902539 1
1904267 1
1905334 1
1916939 1
1918903 1
1919106 1
1920123 1
1921423 1
1926600 1
1926902 1
1929950 1
1931249 1
1931430 1
1931666 1
1932921 1
1934465 1
1937791 1
1938670 1
1940353 1
1941740 1
1942584 1
1950468 1
1961480 1
1963205 1
1964284 1
1969571 1
1969960 1
1970018 1
1973097 1
1973395 1
1977367 1
1989114 1
1990913 1
1992296 1
1994235 1
1999162 1
1999891 1
2000946 1
2002133 1
2002228 1
2002449 1
2002569 1
2002671 1
2003328 1
2006426 1
2011104 1
2011570 1
2011776 1
2012884 1
2016245 1
2016829 1
2017503 1
2020251 1
2021475 1
2021620 1
2022974 1
2023024 1
2027562 1
2033237 1
2039537 1
2044358 1
2051349 1
2051491 1
2056774 1
2058931 1
2063590 1
2064220 1
2066558 1
2070059 1
2070902 1
2071273 1
2071419 1
2072524 1
2073802 1
2074760 1
2074773 1
2080686 1
2082612 1
2084231 1
2090786 1
2093093 1
2093130 1
2093942 1
2100133 1
2100250 1
2100620 1
2103523 1
2104856 1
2110912 1
2117896 1
2120321 1
2121157 1
2130847 1
2136953 1
2137647 1
2137784 1
2139471 1
2139592 1
2140695 1
2140715 1
2140805 1
2158247 1
2162890 1
2166078 1
2168880 1
2176804 1
2178539 1
2179101 1
2179706 1
2182572 1
2183515 1
2183615 1
2184903 1
2185642 1
2188318 1
2190035 1
2190559 1
2190926 1
2194364 1
2196308 1
2200551 1
2201062 1
2205321 1
2206881 1
2208756 1
2210277 1
2211031 1
2211165 1
2224031 1
2228341 1
2232887 1
2236077 1
2239826 1
2240387 1
2245234 1
2247088 1
2248655 1
2249116 1
2253667 1
2256376 1
2257116 1
2260172 1
2262373 1
2268589 1
2270502 1
2271637 1
2274075 1
2274814 1
2274990 1
2277555 1
2278133 1
2278370 1
2279037 1
2281296 1
2281840 1
2286867 1
2289507 1
2290969 1
2291931 1
2294552 1
2294645 1
2294988 1
2295556 1
2297003 1
2299501 1
2306684 1
2308472 1
2311215 1
2316432 1
2316438 1
2323334 1
2324611 1
2338911 1
2340377 1
2340831 1
2341598 1
2347658 1
2354599 1
2355100 1
2355320 1
2357594 1
2358189 1
2368087 1
2370279 1
2374363 1
2393775 1
2398488 1
2406178 1
2406929 1
2409131 1
2410547 1
2411692 1
2413153 1
2416354 1
2416407 1
2417006 1
2417423 1
2421597 1
2422036 1
2422331 1
2422473 1
2422805 1
2423929 1
2425372 1
2426424 1
2429245 1
2435340 1
2436885 1
2439990 1
2441804 1
2445742 1
2446349 1
2446555 1
2447539 1
2453368 1
2453713 1
2455383 1
2457946 1
2460441 1
2462916 1
2462918 1
2468828 1
2471412 1
2471913 1
2474500 1
2477100 1
2478410 1
2478937 1
2483039 1
2487896 1
2488011 1
2488664 1
2494417 1
2502956 1
2506440 1
2508325 1
2510228 1
2512462 1
2513268 1
2514104 1
2514693 1
2515606 1
2516910 1
2518063 1
2519219 1
2519659 1
2523166 1
2526212 1
2526641 1
2527773 1
2527966 1
2529249 1
2529888 1
2530911 1
2531398 1
2533753 1
2534077 1
2538753 1
2540936 1
2542624 1
2542733 1
2545031 1
2547056 1
2550010 1
2551654 1
2554046 1
2555037 1
2556205 1
2560442 1
2561329 1
2566813 1
2567414 1
2568514 1
2569141 1
2569146 1
2569417 1
2573279 1
2575031 1
2577269 1
2578568 1
2579401 1
2579422 1
2579694 1
2580627 1
2580699 1
2580857 1
2583190 1
2590221 1
2592127 1
2593923 1
2598678 1
2606973 1
2614274 1
2614798 1
2622263 1
2629301 1
2629406 1
2629917 1
2631242 1
2634219 1
2638570 1
2641488 1
2650868 1
2652671 1
2660508 1
2661857 1
2663415 1
2665074 1
2666917 1
2671511 1
2672085 1
2675796 1
2677238 1
2685763 1
2701667 1
2703761 1
2708300 1
2711813 1
2720383 1
2721603 1
2727309 1
2730651 1
2731525 1
2737076 1
2737350 1
2739793 1
2740764 1
2744479 1
2747934 1
2749029 1
2753263 1
2753557 1
2755737 1
2755829 1
2760987 1
2763851 1
2767901 1
2773559 1
2786173 1
2804668 1
2806818 1
2807560 1
2807585 1
2808193 1
2810404 1
2810610 1
2810914 1
2815646 1
2817813 1
2817978 1
2821963 1
2822644 1
2827789 1
2832975 1
2833453 1
2833468 1
2834158 1
2835977 1
2846118 1
2849086 1
2850606 1
2853015 1
2854848 1
2855035 1
2855631 1
2865176 1
2871032 1
2881770 1
2885813 1
2886586 1
2890657 1
2893647 1
2894668 1
2894812 1
2909713 1
2911613 1
2913344 1
2914598 1
2915581 1
2923620 1
2924607 1
2926931 1
2928271 1
2932350 1
2932992 1
2937210 1
2940491 1
2943774 1
2944202 1
2944901 1
2954750 1
2955107 1
2955522 1
2958915 1
2962934 1
2966638 1
2974369 1
2974491 1
2988315 1
2990766 1
2998428 1
3005042 1
3005061 1
3007221 1
3012897 1
3013168 1
3016603 1
3018129 1
3018780 1
3028718 1
3030270 1
3031202 1
3033210 1
3037069 1
3039347 1
3041740 1
3041773 1
3042094 1
3047246 1
3048659 1
3049604 1
3050030 1
3051855 1
3054520 1
3057484 1
3057766 1
3060074 1
3061040 1
3062270 1
3062436 1
3066238 1
3067870 1
3068786 1
3069245 1
3073507 1
3076380 1
3077756 1
3078130 1
3078164 1
3078480 1
3079080 1
3084825 1
3087868 1
3095373 1
3095482 1
3096748 1
3101599 1
3102472 1
3105530 1
3109164 1
3113534 1
3113638 1
3114506 1
3114549 1
3116814 1
3118179 1
3118245 1
3118709 1
3121915 1
3123487 1
3134699 1
3136406 1
3138901 1
3140752 1
3142973 1
3144296 1
3144469 1
3144754 1
3145129 1
3145286 1
3150969 1
3151403 1
3155844 1
3160162 1
3164538 1
3169482 1
3171132 1
3175072 1
3175446 1
3175555 1
3175880 1
3176300 1
3177755 1
3178548 1
3178913 1
3179492 1
3182741 1
3184622 1
3187515 1
3188652 1
3191479 1
3191544 1
3193977 1
3195120 1
3200914 1
3201483 1
3203086 1
3203842 1
3204114 1
3205065 1
3210507 1
3211733 1
3212006 1
3212825 1
3214367 1
3216143 1
3219863 1
3224366 1
3224977 1
3227115 1
3234309 1
3236093 1
3236645 1
3239947 1
3248380 1
3249618 1
3255530 1
3256157 1
3256758 1
3257880 1
3260374 1
3260614 1
3260842 1
3261885 1
3263183 1
3263454 1
3264525 1
3265451 1
3268828 1
3269239 1
3271276 1
3274164 1
3277039 1
3280596 1
3286766 1
3289549 1
3289605 1
3291958 1
3292168 1
3292586 1
3301879 1
3308529 1
3310230 1
3312499 1
3313920 1
3316558 1
3320991 1
3323701 1
3326961 1
3328020 1
3329721 1
3330122 1
3331897 1
3337005 1
3343498 1
3344865 1
3349674 1
3355042 1
3358738 1
3365692 1
3367250 1
3373499 1
3374573 1
3376368 1
3381009 1
3381934 1
3382866 1
3389017 1
3389872 1
3390170 1
3394170 1
3395968 1
3396643 1
3406440 1
3408411 1
3418369 1
3423521 1
3425072 1
3426064 1
3426403 1
3433178 1
3435523 1
3443267 1
3444967 1
3446339 1
3447364 1
3447479 1
3451784 1
3453286 1
3456806 1
3462687 1
3462728 1
3463973 1
3469565 1
3469650 1
3472974 1
3476197 1
3478391 1
3479102 1
3486487 1
3489949 1
3493214 1
3493726 1
3494319 1
3496543 1
3501253 1
3501262 1
3501262 1
3508190 1
3509876 1
3513780 1
3513788 1
3516774 1
3519053 1
3519531 1
3520263 1
3522255 1
3522625 1
3525554 1
3538911 1
3549731 1
3553466 1
3560651 1
3564005 1
3567308 1
3567513 1
3571330 1
3579086 1
3581731 1
3583310 1
3583329 1
3584267 1
3588126 1
3589832 1
3591108 1
3597909 1
3598210 1
3599471 1
3600719 1
3605211 1
3605425 1
3615213 1
3615581 1
3619992 1
3620414 1
3621805 1
3624063 1
3626215 1
3638068 1
3640436 1
3642138 1
3646714 1
3648489 1
3649166 1
3650652 1
3655487 1
3657517 1
3660035 1
3662590 1
3664091 1
3664752 1
3664956 1
3666592 1
3669080 1
3671034 1
3675348 1
3675932 1
3678517 1
3680920 1
3689980 1
3690042 1
3695000 1
3699274 1
3699909 1
3700766 1
3710161 1
3710822 1
3711801 1
3712521 1
3717640 1
3721506 1
3724674 1
3737293 1
3739325 1
3741211 1
3741475 1
3746839 1
3748762 1
3750799 1
3751839 1
3756085 1
3756239 1
3756773 1
3756773 1
3757605 1
3758662 1
3759836 1
3761837 1
3764666 1
3771398 1
3776756 1
3777924 1
3782388 1
3782513 1
3785250 1
3789798 1
3793049 1
3797373 1
3803353 1
3803583 1
3805741 1
3809151 1
3813154 1
3817147 1
3821694 1
3822915 1
3822972 1
3825979 1
3826994 1
3828398 1
3831617 1
3833231 1
3835318 1
3836496 1
3837602 1
3839992 1
3839993 1
3842750 1
3845994 1
3850788 1
3857310 1
3865311 1
3866332 1
3868223 1
3880473 1
3891743 1
3914762 1
3915520 1
3925456 1
3927210 1
3929617 1
3931445 1
3931468 1
3931489 1
3932520 1
3935679 1
3938549 1
3943154 1
3943433 1
3943748 1
3944055 1
3944638 1
3951543 1
3953800 1
3954462 1
3956452 1
3960318 1
3963333 1
3969926 1
3970554 1
3970637 1
3971765 1
3973163 1
3973523 1
3975677 1
3976255 1
3983136 1
3986036 1
3987255 1
3991803 1
3992017 1
3992980 1
3994953 1
3996403 1
4001666 1
4007671 1
4008362 1
4010831 1
4011607 1
4016613 1
4020823 1
4026943 1
4027130 1
4029896 1
4032554 1
4034893 1
4041234 1
4055368 1
4060317 1
4061863 1
4062748 1
4063105 1
4063389 1
4065460 1
4068570 1
4072138 1
4072275 1
4075000 1
4075331 1
4080937 1
4081263 1
4084836 1
4088431 1
4093637 1
4095622 1
4096279 1
4103313 1
4104003 1
4104149 1
4104868 1
4116208 1
4121069 1
4126931 1
4136064 1
4137612 1
4138637 1
4140899 1
4143315 1
4144494 1
4149816 1
4151326 1
4153495 1
4156829 1
4157926 1
4161745 1
4162201 1
4163057 1
4168947 1
4169477 1
4172500 1
4174636 1
4186974 1
4187923 1
4188786 1
4190356 1
4190687 1
4191777 1
4194614 1
4194865 1
4203496 1
4204838 1
4212409 1
4213429 1
4215874 1
4216101 1
4216573 1
4217721 1
4218165 1
4221483 1
4225005 1
4226042 1
4233362 1
4234262 1
4234584 1
4240144 1
4243239 1
4244819 1
4245140 1
4250205 1
4251748 1
4255029 1
4255199 1
4259448 1
4259473 1
4260431 1
4262959 1
4268639 1
4270079 1
4275809 1
4278406 1
4278799 1
4281132 1
4283049 1
4284676 1
4287867 1
4288355 1
4294810 1
4298120 1
4298505 1
4299046 1
4301236 1
4304332 1
4304787 1
4308708 1
4310777 1
4311225 1
4311758 1
4321724 1
4324015 1
4325717 1
4326382 1
4335346 1
4336193 1
4338706 1
4338875 1
4339343 1
4340846 1
4342970 1
4343575 1
4346253 1
4346612 1
4348273 1
4348577 1
4352088 1
4355692 1
4359057 1
4362216 1
4363734 1
4364977 1
4366610 1
4369078 1
4369680 1
4369782 1
4370106 1
4380140 1
4380660 1
4383290 1
4385861 1
4389154 1
4391163 1
4396549 1
4410438 1
4415480 1
4416511 1
4419037 1
4421980 1
4423903 1
4427204 1
4430827 1
4430833 1
4431018 1
4431753 1
4432581 1
4434185 1
4435068 1
4435086 1
4437889 1
4439679 1
4441684 1
4444917 1
4445658 1
4447081 1
4454087 1
4459731 1
4460797 1
4463612 1
4464485 1
4465147 1
4466289 1
4466663 1
4469969 1
4471203 1
4476522 1
4478460 1
4480158 1
4480592 1
4481290 1
4492211 1
4493147 1
4499167 1
4501057 1
4501647 1
4504932 1
4505426 1
4509865 1
4514679 1
4515208 1
4516268 1
4519034 1
4523932 1
4525691 1
4530939 1
4531736 1
4532159 1
4532930 1
4537464 1
4539888 1
4539962 1
4541852 1
4542477 1
4543253 1
4544601 1
4546572 1
4549882 1
4551341 1
4554525 1
4557346 1
4558753 1
4558922 1
4561506 1
4562505 1
4565772 1
4577550 1
4589341 1
4589540 1
4593815 1
4596164 1
4603207 1
4604892 1
4605414 1
4607011 1
4607227 1
4607470 1
4610745 1
4611905 1
4612739 1
4612945 1
4616269 1
4621168 1
4628327 1
4630895 1
4639667 1
4639893 1
4640186 1
4642863 1
4647012 1
4649809 1
4651677 1
4652208 1
4660327 1
4660347 1
4661905 1
4663268 1
4671786 1
4672161 1
4672606 1
4674077 1
4675041 1
4677799 1
4681108 1
4684487 1
4685997 1
4688711 1
4688970 1
4689548 1
4690995 1
4693923 1
4694583 1
4699997 1
4706890 1
4712963 1
4713582 1
4713807 1
4715309 1
4716919 1
4720364 1
4721171 1
4721948 1
4722261 1
4725027 1
4726088 1
4730424 1
4730930 1
4732324 1
4734010 1
4735425 1
4736307 1
4739108 1
4741327 1
4748473 1
4752432 1
4761420 1
4761939 1
4767513 1
4770739 1
4772606 1
4773206 1
4776500 1
4777378 1
4778846 1
4791024 1
4794373 1
4800976 1
4804932 1
4808033 1
4808245 1
4809027 1
4810192 1
4810192 1
4813110 1
4814043 1
4816513 1
4822186 1
4825514 1
4830793 1
4830793 1
4831777 1
4835444 1
4836326 1
4838441 1
4849256 1
4849276 1
4849611 1
4850692 1
4854566 1
4857269 1
4860155 1
4862066 1
4863701 1
4870391 1
4871044 1
4873833 1
4878856 1
4878887 1
4881123 1
4881349 1
4891728 1
4893063 1
4896346 1
4897102 1
4897775 1
4898565 1
4898811 1
4910091 1
4915636 1
4917849 1
4927238 1
4938710 1
4942023 1
4943961 1
4951071 1
4953140 1
4955159 1
4956277 1
4956854 1
4959643 1
4960236 1
4960997 1
4961218 1
4962215 1
4964480 1
4964964 1
4965973 1
4969579 1
4974623 1
4977971 1
4987815 1
4988528 1
4990924 1
4994414 1
5000303 1
5000315 1
5002531 1
5003161 1
5004479 1
5005429 1
5009220 1
5009659 1
5010025 1
5012572 1
5014604 1
5019948 1
5023632 1
5023658 1
5025642 1
5030721 1
5032088 1
5032464 1
5035399 1
5038183 1
5043012 1
5047794 1
5048949 1
5049757 1
5053341 1
5055703 1
5057077 1
5069258 1
5072749 1
5073634 1
5074527 1
5074897 1
5081153 1
5087246 1
5090338 1
5094387 1
5099255 1
5101790 1
5101795 1
5103385 1
5112416 1
5114481 1
5118789 1
5119412 1
5122280 1
5122368 1
5127473 1
5141730 1
5147169 1
5148802 1
5151813 1
5153672 1
5153962 1
5156687 1
5156986 1
5157145 1
5160195 1
5164689 1
5167350 1
5169014 1
5175437 1
5188114 1
5194536 1
5194551 1
5197091 1
5200260 1
5208028 1
5211381 1
5217902 1
5220155 1
5220879 1
5221854 1
5226812 1
5226931 1
5228498 1
5238926 1
5242952 1
5243137 1
5244673 1
5249996 1
5251018 1
5251444 1
5254750 1
5262120 1
5262183 1
5268022 1
5273144 1
5276110 1
5280867 1
5282188 1
5285889 1
5293604 1
5293943 1
5295484 1
5298904 1
5308663 1
5314098 1
5323099 1
5323561 1
5325627 1
5330128 1
5330725 1
5331402 1
5333464 1
5335734 1
5343286 1
5344573 1
5345340 1
5350141 1
5350507 1
5370453 1
5371951 1
5373846 1
5374090 1
5378303 1
5378320 1
5383251 1
5385297 1
5393955 1
5393970 1
5406304 1
5414257 1
5416905 1
5421794 1
5424321 1
5427099 1
5435773 1
5436063 1
5436085 1
5440631 1
5445158 1
5451016 1
5452642 1
5452642 1
5455834 1
5458678 1
5461593 1
5461865 1
5463458 1
5464054 1
5467011 1
5468909 1
5472277 1
5474853 1
5481137 1
5482948 1
5486650 1
5489772 1
5492380 1
5494490 1
5495426 1
5503016 1
5505120 1
5506352 1
5508127 1
5510932 1
5512877 1
5513060 1
5516678 1
5521392 1
5524949 1
5525669 1
5530566 1
5548286 1
5550934 1
5553095 1
5558710 1
5561066 1
5565482 1
5567737 1
5580603 1
5585574 1
5586045 1
5589360 1
5595751 1
5598725 1
5598969 1
5602403 1
5605731 1
5606426 1
5607374 1
5615337 1
5615925 1
5622003 1
5626219 1
5627753 1
5627782 1
5630357 1
5636070 1
5636801 1
5637814 1
5640205 1
5641038 1
5641175 1
5643024 1
5648637 1
5651709 1
5657063 1
5664203 1
5664935 1
5665391 1
5667930 1
5667989 1
5672585 1
5675070 1
5677316 1
5680103 1
5683860 1
5687975 1
5689567 1
5692114 1
5692707 1
5696382 1
5699785 1
5700520 1
5701383 1
5701437 1
5701510 1
5702006 1
5709426 1
5712418 1
5716293 1
5716705 1
5718365 1
5722364 1
5725098 1
5729306 1
5742049 1
5755291 1
5761921 1
5762442 1
5766151 1
5766440 1
5767100 1
5767544 1
5769850 1
5769960 1
5769967 1
5782141 1
5783246 1
5786278 1
5790673 1
5792893 1
5793895 1
5794448 1
5798202 1
5802145 1
5808984 1
5809585 1
5816001 1
5817064 1
5819468 1
5819567 1
5820641 1
5824016 1
5825020 1
5826369 1
5830240 1
5830682 1
5833421 1
5837274 1
5848328 1
5850163 1
5851224 1
5852557 1
5852972 1
5858541 1
5861607 1
5862360 1
5862816 1
5870017 1
5874957 1
5875555 1
5876043 1
5877476 1
5877476 1
5878155 1
5878889 1
5879032 1
5880908 1
5881950 1
5881962 1
5889489 1
5892024 1
5899370 1
5903950 1
5905341 1
5911126 1
5911954 1
5915707 1
5917425 1
5920054 1
5920445 1
5922344 1
5923612 1
5924607 1
5926185 1
5926203 1
5926522 1
5927762 1
5931633 1
5935145 1
5936089 1
5936252 1
5938642 1
5948258 1
5949948 1
5949952 1
5954451 1
5955290 1
5956158 1
5957100 1
5964000 1
5965026 1
5968562 1
5969202 1
5970469 1
5972949 1
5982959 1
5984387 1
5985772 1
5986118 1
5986696 1
5994933 1
5997863 1
5998553 1
5999773 1
6004556 1
6004712 1
6009126 1
6009628 1
6013979 1
6014762 1
6016310 1
6017435 1
6018960 1
6019272 1
6023335 1
6027079 1
6028957 1
6029932 1
6033507 1
6036730 1
6040901 1
6044299 1
6045834 1
6053749 1
6058268 1
6061916 1
6069493 1
6073395 1
6079382 1
6086402 1
6092508 1
6098661 1
6111741 1
6113871 1
6119507 1
6120004 1
6122877 1
6126210 1
6130925 1
6138116 1
6138209 1
6142880 1
6143433 1
6151479 1
6153014 1
6154937 1
6157578 1
6173921 1
6180538 1
6181823 1
6186918 1
6187828 1
6188324 1
6198326 1
6201035 1
6203601 1
6225134 1
6225628 1
6229303 1
6230196 1
6237340 1
6237434 1
6254183 1
6259551 1
6260231 1
6264993 1
6265158 1
6265365 1
6269015 1
6278617 1
6283237 1
6284822 1
6286303 1
6289235 1
6293481 1
6294045 1
6294850 1
6300663 1
6305207 1
6306435 1
6307840 1
6315379 1
6317037 1
6325983 1
6326531 1
6326813 1
6330608 1
6338089 1
6341660 1
6348213 1
6357918 1
6359908 1
6360233 1
6363623 1
6368777 1
6370481 1
6371679 1
6373178 1
6374889 1
6379240 1
6381323 1
6381826 1
6382100 1
6386843 1
6393922 1
6403578 1
6404946 1
6405721 1
6405812 1
6406368 1
6407387 1
6410047 1
6419999 1
6420378 1
6422309 1
6424074 1
6425185 1
6425443 1
6426131 1
6431455 1
6432254 1
6436596 1
6444951 1
6449353 1
6454860 1
6455376 1
6457338 1
6465925 1
6466326 1
6468697 1
6470006 1
6475146 1
6480864 1
6484682 1
6485012 1
6489206 1
6492493 1
6493726 1
6497711 1
6501444 1
6501628 1
6502312 1
6502532 1
6507077 1
6509753 1
6510298 1
6511568 1
6511806 1
6512861 1
6524182 1
6528208 1
6532353 1
6533528 1
6533843 1
6535404 1
6542326 1
6542761 1
6543672 1
6546580 1
6547531 1
6551754 1
6555994 1
6557522 1
6563469 1
6568246 1
6584809 1
6586168 1
6588781 1
6588956 1
6589662 1
6591344 1
6591457 1
6592449 1
6593228 1
6600629 1
6600642 1
6602440 1
6604285 1
6605884 1
6606031 1
6606369 1
6608238 1
6609990 1
6611015 1
6611202 1
6612378 1
6613594 1
6614764 1
6616648 1
6617290 1
6617572 1
6617893 1
6619504 1
6619877 1
6624232 1
6626582 1
6627725 1
6629930 1
6630046 1
6630643 1
6632314 1
6633100 1
6633192 1
6634837 1
6634837 1
6639377 1
6640618 1
6640701 1
6646232 1
6646363 1
6647765 1
6648071 1
6649525 1
6653852 1
6664522 1
6667626 1
6672901 1
6681020 1
6681031 1
6684771 1
6686482 1
6689146 1
6694303 1
6696894 1
6698626 1
6700838 1
6700973 1
6702610 1
6703184 1
6704720 1
6705969 1
6708942 1
6709724 1
6711409 1
6716834 1
6717454 1
6717480 1
6718643 1
6718972 1
6724737 1
6724879 1
6733543 1
6734535 1
6735396 1
6738833 1
6739612 1
6740023 1
6740432 1
6741053 1
6741808 1
6744254 1
6750162 1
6753441 1
6764026 1
6765577 1
6765880 1
6768788 1
6769710 1
6770220 1
6772653 1
6775280 1
6780043 1
6781643 1
6781846 1
6789076 1
6789703 1
6789971 1
6797217 1
6806681 1
6810493 1
6812319 1
6817998 1
6821117 1
6822198 1
6828748 1
6830333 1
6830530 1
6831854 1
6832468 1
6832908 1
6833501 1
6834062 1
6834089 1
6836725 1
6837961 1
6839152 1
6841621 1
6842629 1
6844952 1
6845661 1
6846669 1
6849487 1
6861041 1
6863131 1
6865335 1
6865990 1
6868180 1
6869472 1
6869484 1
6869664 1
6870247 1
6870276 1
6875756 1
6878014 1
6879602 1
6891550 1
6896415 1
6898910 1
6899211 1
6900056 1
6900197 1
6900455 1
6903010 1
6904350 1
6906917 1
6907797 1
6908873 1
6909144 1
6914591 1
6914722 1
6915721 1
6919152 1
6920621 1
6920621 1
6920621 1
6924320 1
6929245 1
6930027 1
6933793 1
6934620 1
6934880 1
6935041 1
6937232 1
6937514 1
6938021 1
6938276 1
6939783 1
6939802 1
6943823 1
6943893 1
6947627 1
6950713 1
6950990 1
6951404 1
6954638 1
6965560 1
6966763 1
6967522 1
6969680 1
6970309 1
6970717 1
6974813 1
6975349 1
6976198 1
6977529 1
6978705 1
6980021 1
6983984 1
6994200 1
6994405 1
6996038 1
6996429 1
7001339 1
7002036 1
7002591 1
7005257 1
7007561 1
7013590 1
7020326 1
7020453 1
7022189 1
7023037 1
7027170 1
7027520 1
7036459 1
7040819 1
7045470 1
7047265 1
7048616 1
7048826 1
7051022 1
7051227 1
7056332 1
7057047 1
7057187 1
7059560 1
7059799 1
7062235 1
7064169 1
7064936 1
7065252 1
7065769 1
7065951 1
7066053 1
7067469 1
7068991 1
7071968 1
7075274 1
7076211 1
7080365 1
7082858 1
7086972 1
7101295 1
7101359 1
7101978 1
7106115 1
7106164 1
7106849 1
7107721 1
7108380 1
7108407 1
7109177 1
7109901 1
7114554 1
7116447 1
7117074 1
7117919 1
7123691 1
7123954 1
7129796 1
7138098 1
7148193 1
7150140 1
7150272 1
7153788 1
7154391 1
7154440 1
7157598 1
7159789 1
7166327 1
7170722 1
7175635 1
7189059 1
7190072 1
7191052 1
7198344 1
7200444 1
7214060 1
7215006 1
7219622 1
7223654 1
7225564 1
7232324 1
7232571 1
7234594 1
7235694 1
7236976 1
7238731 1
7239615 1
7239681 1
7241710 1
7242608 1
7245793 1
7246266 1
7249365 1
7249883 1
7249919 1
7254823 1
7258356 1
7259613 1
7260723 1
7261537 1
7261992 1
7265394 1
7265411 1
7266528 1
7268844 1
7269755 1
7270625 1
7272265 1
7275454 1
7276928 1
7279505 1
7279505 1
7279683 1
7283670 1
7285976 1
7288408 1
7290667 1
7296009 1
7296262 1
7297627 1
7299190 1
7302957 1
7304163 1
7306160 1
7311623 1
7315342 1
7317496 1
7317548 1
7319576 1
7325600 1
7325908 1
7325930 1
7327284 1
7327467 1
7327913 1
7328933 1
7332282 1
7333149 1
7333917 1
7334456 1
7337051 1
7338189 1
7338572 1
7340756 1
7341679 1
7341831 1
7342938 1
7343313 1
7344456 1
7344634 1
7347908 1
7350261 1
7357176 1
7357582 1
7360458 1
7364936 1
7366452 1
7367970 1
7370698 1
7372272 1
7372497 1
7372568 1
7375001 1
7381583 1
7385082 1
7385304 1
7385868 1
7387422 1
7389859 1
7393137 1
7403020 1
7407338 1
7409039 1
7411526 1
7413896 1
7414771 1
7414989 1
7416634 1
7418006 1
7422767 1
7428955 1
7435873 1
7442282 1
7448828 1
7454662 1
7455804 1
7460234 1
7464111 1
7468490 1
7473661 1
7473750 1
7473929 1
7474058 1
7475467 1
7475846 1
7480481 1
7481110 1
7482313 1
7483372 1
7487810 1
7498373 1
7501999 1
7505676 1
7508575 1
7508793 1
7511193 1
7518975 1
7520036 1
7522862 1
7522941 1
7530637 1
7534828 1
7536694 1
7538191 1
7540702 1
7541393 1
7541895 1
7546391 1
7552259 1
7556271 1
7557818 1
7557903 1
7566659 1
7567734 1
7572386 1
7576056 1
7576190 1
7576744 1
7579281 1
7579823 1
7585321 1
7585370 1
7586992 1
7587051 1
7587485 1
7590199 1
7593905 1
7594593 1
7594666 1
7595122 1
7595376 1
7596653 1
7599342 1
7602152 1
7603483 1
7604342 1
7606132 1
7606970 1
7614528 1
7616161 1
7627991 1
7629239 1
7630507 1
7634097 1
7642951 1
7646327 1
7647833 1
7653935 1
7654163 1
7654634 1
7657282 1
7663432 1
7669438 1
7673755 1
7675289 1
7676474 1
7677151 1
7680039 1
7680781 1
7685168 1
7687689 1
7690830 1
7691088 1
7694139 1
7696672 1
7703987 1
7704860 1
7707506 1
7715127 1
7717218 1
7726687 1
7727225 1
7728281 1
7728281 1
7732708 1
7733707 1
7734526 1
7741713 1
7741805 1
7742219 1
7742881 1
7746633 1
7746995 1
7751938 1
7751997 1
7754162 1
7754622 1
7765162 1
7767184 1
7767698 1
7772388 1
7772457 1
7777791 1
7779047 1
7792896 1
7800767 1
7803771 1
7818517 1
7822009 1
7828124 1
7829266 1
7829896 1
7831341 1
7833846 1
7835757 1
7837800 1
7844101 1
7844349 1
7848631 1
7850736 1
7851412 1
7858918 1
7859341 1
7860211 1
7861500 1
7864113 1
7865931 1
7870405 1
7873199 1
7881114 1
7886279 1
7888360 1
7889932 1
7890455 1
7890959 1
7900815 1
7902054 1
7905507 1
7910498 1
7911115 1
7911838 1
7916164 1
7919282 1
7919976 1
7920001 1
7926350 1
7927121 1
7928943 1
7934839 1
7942533 1
7945431 1
7946063 1
7951009 1
7951553 1
7958348 1
7959940 1
7963690 1
7967722 1
7968264 1
7970088 1
7970173 1
7971758 1
7972328 1
7979107 1
7979159 1
7980021 1
7985699 1
7987153 1
7987546 1
7996082 1
7996718 1
7996872 1
7997194 1
7997707 1
7999364 1
8002278 1
8003617 1
8004212 1
8013319 1
8013429 1
8017486 1
8017872 1
8018932 1
8019391 1
8019778 1
8021562 1
8021844 1
8021923 1
8022781 1
8022861 1
8025381 1
8025410 1
8025939 1
8029363 1
8029585 1
8031911 1
8032811 1
8032832 1
8033255 1
8035947 1
8037304 1
8037476 1
8039519 1
8041559 1
8041912 1
8044251 1
8047586 1
8051451 1
8052015 1
8052751 1
8053279 1
8056214 1
8060057 1
8061663 1
8063336 1
8065789 1
8066103 1
8066659 1
8069565 1
8071986 1
8072121 1
8072427 1
8074187 1
8076439 1
8078213 1
8079342 1
8083686 1
8083868 1
8085100 1
8087654 1
8088688 1
8088952 1
8093200 1
8094945 1
8099375 1
8099985 1
8101539 1
8102257 1
8105782 1
8107032 1
8107464 1
8107788 1
8108157 1
8109160 1
8110061 1
8110907 1
8113068 1
8115166 1
8115559 1
8118499 1
8118546 1
8118920 1
8120670 1
8120911 1
8122990 1
8123575 1
8124990 1
8127683 1
8132117 1
8133696 1
8134020 1
8134295 1
8135420 1
8135432 1
8137723 1
8138808 1
8138943 1
8139060 1
8139473 1
8141649 1
8141792 1
8144443 1
8146517 1
8148852 1
8156671 1
8161916 1
8166564 1
8166890 1
8167964 1
8171599 1
8173391 1
8175003 1
8175727 1
8176753 1
8181678 1
8184731 1
8187165 1
8187357 1
8187517 1
8190352 1
8190927 1
8191345 1
8192223 1
8193085 1
8196230 1
8199850 1
8200642 1
8211592 1
8211592 1
8220371 1
8222102 1
8222287 1
8222791 1
8225157 1
8232918 1
8242927 1
8249089 1
8250281 1
8258564 1
8274598 1
8274637 1
8274983 1
8276919 1
8277746 1
8282979 1
8284788 1
8293312 1
8293866 1
8299806 1
8301920 1
8302987 1
8303271 1
13498 1
16687 1
26778 1
26853 1
29812 1
35551 1
48886 1
81761 1
82832 1
103472 1
104561 1
111487 1
113088 1
119576 1
121201 1
128475 1
129139 1
131442 1
137205 1
145967 1
149217 1
153209 1
162541 1
167431 1
167451 1
169659 1
185986 1
201045 1
202514 1
205788 1
208319 1
209073 1
211669 1
231199 1
249384 1
249736 1
255497 1
261016 1
280877 1
342823 1
347377 1
365760 1
368093 1
380519 1
381439 1
494179 1
497903 1
499084 1
520157 1
530244 1
541067 1
543623 1
559627 1
564625 1
571527 1
577341 1
579478 1
599855 1
600148 1
612059 1
613953 1
637577 1
676752 1
677837 1
691853 1
693800 1
697491 1
702354 1
712040 1
716163 1
721282 1
734278 1
735934 1
737697 1
747402 1
749747 1
770832 1
773940 1
781132 1
797086 1
798342 1
800606 1
803839 1
818918 1
837025 1
837164 1
837759 1
850261 1
865267 1
895283 1
912481 1
937938 1
941290 1
942086 1
952524 1
987908 1
1004555 1
1030866 1
1040811 1
1044146 1
1056870 1
1062218 1
1063301 1
1066282 1
1078028 1
1083311 1
1084738 1
1094178 1
1094859 1
1100789 1
1103686 1
1116845 1
1146393 1
1153824 1
1174417 1
1176440 1
1188687 1
1190664 1
1192567 1
1200234 1
1201861 1
1208293 1
1217611 1
1222149 1
1224184 1
1225984 1
1266388 1
1276347 1
1286757 1
1289380 1
1298897 1
1302776 1
1306811 1
1313160 1
1331486 1
1331639 1
1338224 1
1338693 1
1340331 1
1346744 1
1349694 1
1361144 1
1361525 1
1371376 1
1381838 1
1382373 1
1383045 1
1390845 1
1392122 1
1412780 1
1428793 1
1432717 1
1439010 1
1464734 1
1467747 1
1471831 1
1471841 1
1476517 1
1484481 1
1494446 1
1501379 1
1504123 1
1505329 1
1508908 1
1528814 1
1543054 1
1549470 1
1555617 1
1558457 1
1564703 1
1575791 1
1576799 1
1577014 1
1577741 1
1584880 1
1590636 1
1593081 1
1609837 1
1618184 1
1622331 1
1630053 1
1636501 1
1638759 1
1639990 1
1653332 1
1660527 1
1663935 1
1664667 1
1671017 1
1675538 1
1686641 1
1690534 1
1704007 1
1740923 1
1743222 1
1745144 1
1745608 1
1773699 1
1774085 1
1796401 1
1798817 1
1803221 1
1805161 1
1806712 1
1808270 1
1811401 1
1852254 1
1857606 1
1862566 1
1883235 1
1907746 1
1910199 1
1919784 1
1952856 1
1997214 1
1999507 1
2001896 1
2019315 1
2026204 1
2027959 1
2053542 1
2095803 1
2116290 1
2118902 1
2149876 1
2157422 1
2163274 1
2170811 1
2171581 1
2176052 1
2180987 1
2189137 1
2201146 1
2205100 1
2208121 1
2231813 1
2233949 1
2234247 1
2258615 1
2260821 1
2261141 1
2269207 1
2273393 1
2273505 1
2296682 1
2297698 1
2300133 1
2301874 1
2308152 1
2328741 1
2343968 1
2358033 1
2364041 1
2387412 1
2387412 1
2389682 1
2398897 1
2399854 1
2415247 1
2419818 1
2420394 1
2420644 1
2422885 1
2435142 1
2456477 1
2465361 1
2468071 1
2469313 1
2472486 1
2472869 1
2476713 1
2476858 1
2480899 1
2494985 1
2503131 1
2521361 1
2524597 1
2524823 1
2529346 1
2582083 1
2590102 1
2596455 1
2610530 1
2617056 1
2634971 1
2635547 1
2660676 1
2673901 1
2673924 1
2687506 1
2688942 1
2729232 1
2775880 1
2785502 1
2789762 1
2796009 1
2807568 1
2808518 1
2808518 1
2809047 1
2810324 1
2835137 1
2840814 1
2846804 1
2859237 1
2884493 1
2888378 1
2890866 1
2890968 1
2892483 1
2906476 1
2913618 1
2933756 1
2934660 1
2953158 1
2966236 1
2966258 1
2973762 1
2982290 1
2987454 1
2993794 1
2994536 1
3001411 1
3003209 1
3008052 1
3016583 1
3027094 1
3027550 1
3030895 1
3031037 1
3032612 1
3037297 1
3052672 1
3055726 1
3069909 1
3073744 1
3090528 1
3100569 1
3104344 1
3105197 1
3118285 1
3122014 1
3122282 1
3149468 1
3163891 1
3174941 1
3178653 1
3186970 1
3192291 1
3200718 1
3200718 1
3204126 1
3205831 1
3206340 1
3211449 1
3217306 1
3222132 1
3222685 1
3222817 1
3226317 1
3231843 1
3236508 1
3238037 1
3238040 1
3245828 1
3267107 1
3267313 1
3271071 1
3272709 1
3282554 1
3285749 1
3286059 1
3287598 1
3292117 1
3293750 1
3296798 1
3314247 1
3314815 1
3318503 1
3320910 1
3327571 1
3329114 1
3342726 1
3364010 1
3367731 1
3379409 1
3384087 1
3385278 1
3394912 1
3406834 1
3415477 1
3417725 1
3426323 1
3429904 1
3436883 1
3452327 1
3469469 1
3471185 1
3473124 1
3476361 1
3481369 1
3495551 1
3509209 1
3515218 1
3517384 1
3521183 1
3522769 1
3529990 1
3529990 1
3531615 1
3539385 1
3549964 1
3556236 1
3558072 1
3558317 1
3567728 1
3572631 1
3573005 1
3578781 1
3589692 1
3590168 1
3591602 1
3593224 1
3603640 1
3634724 1
3647406 1
3663309 1
3673006 1
3676173 1
3679473 1
3685396 1
3712917 1
3717358 1
3724121 1
3743437 1
3744425 1
3760908 1
3770340 1
3771163 1
3779504 1
3780956 1
3786346 1
3789461 1
3793134 1
3797608 1
3807855 1
3839632 1
3843189 1
3846808 1
3847098 1
3853862 1
3855305 1
3857383 1
3863747 1
3865571 1
3874018 1
3874365 1
3896421 1
3902216 1
3913981 1
3917184 1
3932320 1
3943213 1
3962253 1
3977189 1
3978667 1
3979186 1
3998591 1
4003029 1
4003740 1
4005957 1
4013094 1
4017406 1
4018581 1
4022378 1
4033841 1
4034003 1
4063849 1
4085140 1
4093060 1
4104185 1
4123455 1
4160054 1
4163917 1
4170003 1
4190701 1
4198413 1
4202890 1
4204050 1
4211289 1
4213942 1
4214133 1
4231556 1
4242306 1
4256630 1
4292084 1
4293811 1
4299341 1
4320195 1
4321340 1
4326766 1
4339919 1
4340422 1
4347509 1
4347872 1
4355086 1
4363339 1
4372037 1
4390757 1
4401010 1
4402541 1
4406265 1
4411407 1
4435195 1
4437902 1
4438472 1
4444329 1
4451429 1
4462978 1
4482389 1
4485158 1
4489794 1
4490245 1
4530502 1
4540185 1
4541730 1
4566160 1
4577765 1
4579443 1
4585552 1
4586414 1
4611265 1
4611854 1
4617015 1
4624071 1
4627351 1
4632210 1
4632397 1
4632852 1
4659725 1
4666748 1
4679396 1
4687959 1
4691608 1
4697489 1
4715465 1
4725147 1
4736728 1
4745082 1
4748088 1
4749252 1
4751097 1
4751254 1
4767027 1
4771199 1
4778493 1
4778676 1
4792112 1
4795917 1
4808986 1
4815506 1
4821536 1
4837480 1
4837613 1
4853425 1
4854082 1
4856311 1
4884617 1
4892547 1
4922231 1
4925914 1
4936623 1
4948199 1
4952550 1
4967412 1
4986853 1
5008172 1
5017818 1
5030603 1
5032786 1
5038038 1
5043706 1
5047867 1
5081471 1
5085561 1
5087932 1
5119903 1
5126186 1
5149456 1
5196399 1
5204181 1
5209993 1
5217864 1
5219875 1
5237944 1
5239490 1
5257606 1
5262247 1
5263003 1
5265388 1
5273099 1
5281391 1
5289126 1
5298384 1
5306589 1
5362106 1
5381887 1
5416681 1
5417391 1
5423007 1
5428811 1
5441140 1
5442886 1
5453161 1
5453193 1
5465040 1
5469283 1
5471187 1
5499733 1
5505758 1
5506946 1
5527045 1
5538880 1
5539873 1
5540903 1
5549130 1
5574827 1
5582612 1
5584195 1
5584195 1
5605252 1
5618704 1
5637363 1
5650276 1
5672556 1
5676817 1
5681029 1
5683368 1
5684775 1
5685016 1
5693149 1
5696644 1
5710095 1
5732336 1
5734890 1
5742009 1
5744429 1
5744864 1
5767774 1
5801361 1
5814892 1
5824515 1
5824740 1
5829092 1
5848522 1
5873711 1
5876672 1
5877378 1
5882330 1
5884956 1
5886612 1
5893831 1
5900012 1
5924965 1
5948401 1
5953646 1
5961091 1
5965257 1
5965321 1
5971179 1
5973603 1
5973832 1
5992756 1
6030670 1
6051550 1
6065102 1
6071212 1
6072206 1
6080312 1
6088211 1
6092701 1
6100041 1
6114809 1
6115725 1
6121461 1
6135721 1
6138950 1
6143375 1
6144908 1
6148238 1
6151224 1
6193157 1
6225301 1
6230872 1
6234802 1
6253514 1
6293366 1
6304403 1
6320468 1
6321819 1
6331850 1
6346533 1
6353756 1
6376394 1
6381546 1
6382073 1
6395084 1
6424466 1
6434052 1
6434241 1
6437104 1
6452829 1
6470401 1
6470957 1
6472819 1
6479837 1
6483110 1
6488736 1
6494951 1
6497836 1
6503850 1
6524595 1
6526004 1
6528084 1
6531303 1
6548612 1
6557718 1
6574388 1
6584955 1
6590038 1
6591130 1
6612968 1
6618534 1
6620169 1
6620169 1
6634307 1
6641665 1
6647332 1
6650647 1
6655129 1
6658211 1
6659446 1
6669961 1
6674687 1
6674902 1
6688198 1
6689561 1
6690340 1
6694380 1
6698649 1
6700614 1
6706807 1
6707290 1
6710211 1
6714448 1
6751926 1
6766438 1
6769101 1
6778272 1
6796385 1
6849498 1
6851318 1
6860911 1
6862461 1
6868258 1
6870071 1
6871113 1
6872727 1
6879137 1
6884474 1
6887477 1
6889080 1
6905713 1
6916736 1
6919071 1
6921358 1
6922109 1
6926333 1
6929150 1
6932493 1
6937843 1
6941030 1
6947740 1
6967967 1
6975075 1
6981055 1
6993284 1
6999068 1
7004221 1
7032251 1
7033715 1
7036760 1
7052057 1
7052313 1
7067043 1
7104396 1
7105805 1
7117272 1
7152137 1
7153262 1
7164010 1
7166789 1
7168573 1
7173953 1
7175473 1
7178890 1
7188912 1
7197699 1
7202787 1
7203809 1
7219458 1
7230787 1
7267504 1
7282480 1
7285940 1
7291921 1
7307878 1
7323843 1
7333810 1
7337464 1
7339901 1
7340224 1
7343627 1
7344346 1
7370737 1
7388386 1
7390058 1
7390058 1
7391288 1
7418342 1
7422341 1
7463371 1
7494498 1
7494652 1
7495081 1
7517071 1
7535893 1
7538390 1
7543239 1
7543697 1
7548462 1
7559307 1
7573276 1
7592554 1
7599553 1
7603200 1
7604728 1
7617684 1
7618727 1
7621534 1
7633082 1
7642473 1
7653386 1
7663173 1
7667836 1
7667843 1
7682550 1
7707950 1
7712837 1
7730456 1
7745308 1
7748686 1
7761909 1
7764466 1
7805629 1
7817423 1
7841614 1
7850528 1
7852872 1
7865984 1
7874039 1
7888685 1
7905480 1
7923888 1
7967344 1
7972716 1
7986449 1
7986883 1
7991283 1
7996173 1
7996562 1
8000593 1
8008095 1
8011311 1
8011605 1
8017327 1
8025040 1
8033355 1
8036948 1
8045968 1
8061698 1
8072220 1
8076679 1
8077279 1
8083415 1
8087755 1
8101115 1
8106312 1
8108898 1
8118690 1
8124745 1
8126910 1
8130892 1
8137686 1
8141782 1
8143556 1
8157143 1
8159672 1
8174744 1
8209258 1
8220816 1
8228343 1
8245472 1
8246627 1
8251852 1
8259684 1
8261707 1
8267034 1
8293415 1
