5433 1
15711 1
16869 1
25988 1
30838 1
30838 1
31565 1
34245 1
47396 1
50520 1
54766 1
73076 1
73936 1
78974 1
90152 1
99153 1
100058 1
103001 1
103036 1
103639 1
104495 1
105267 1
105291 1
106686 1
108068 1
108309 1
110205 1
113031 1
114665 1
115689 1
119020 1
119370 1
120439 1
120577 1
123615 1
127400 1
128237 1
135220 1
135875 1
135949 1
140157 1
140336 1
143531 1
147089 1
150142 1
153350 1
153726 1
156470 1
157832 1
162945 1
164767 1
165666 1
174471 1
178034 1
181954 1
182230 1
182368 1
182772 1
183202 1
189107 1
190392 1
191894 1
192581 1
194469 1
194959 1
195596 1
202698 1
202791 1
204023 1
204055 1
204328 1
206714 1
213311 1
214232 1
214952 1
216429 1
217818 1
219640 1
220598 1
223613 1
225164 1
226977 1
230731 1
237822 1
238570 1
240993 1
243222 1
245110 1
251813 1
263742 1
269116 1
273235 1
275030 1
278338 1
280743 1
286392 1
287768 1
293469 1
296193 1
296286 1
309276 1
315329 1
320340 1
322779 1
324052 1
325548 1
328521 1
338634 1
340750 1
346387 1
351175 1
357942 1
357947 1
371002 1
380734 1
381265 1
383631 1
385049 1
389869 1
390317 1
397145 1
406392 1
411976 1
415556 1
421871 1
424314 1
427116 1
429676 1
434591 1
448330 1
453819 1
457638 1
458737 1
470290 1
476262 1
476293 1
478142 1
489951 1
500053 1
505895 1
508070 1
519430 1
519564 1
519678 1
523244 1
532476 1
549155 1
576145 1
576453 1
588401 1
590135 1
601296 1
611583 1
623272 1
644407 1
648979 1
650184 1
651007 1
651121 1
651541 1
665214 1
666192 1
667456 1
670406 1
687014 1
687342 1
695319 1
706299 1
711703 1
713528 1
718855 1
721719 1
725099 1
754930 1
757069 1
757619 1
760871 1
762750 1
763328 1
768024 1
768824 1
770244 1
770862 1
773966 1
777287 1
792394 1
795580 1
795650 1
798794 1
798799 1
800293 1
816545 1
819142 1
820968 1
826481 1
829231 1
829545 1
833308 1
860831 1
871032 1
877781 1
881201 1
893059 1
893200 1
910003 1
918916 1
919852 1
920190 1
924217 1
924234 1
925097 1
931707 1
941132 1
949893 1
950353 1
952372 1
952393 1
953763 1
955485 1
971329 1
978090 1
978090 1
978090 1
978090 1
978090 1
978090 1
978090 1
978090 1
978090 1
978090 1
984485 1
985067 1
992733 1
995263 1
1015484 1
1024277 1
1025431 1
1027724 1
1028098 1
1044809 1
1046087 1
1049651 1
1050642 1
1054207 1
1066176 1
1066292 1
1067448 1
1070364 1
1070800 1
1085695 1
1091699 1
1093810 1
1098051 1
1098051 1
1099858 1
1101442 1
1104088 1
1107476 1
1109510 1
1110007 1
1115527 1
1117687 1
1126736 1
1127287 1
1137011 1
1148286 1
1151136 1
1157511 1
1159590 1
1159610 1
1163871 1
1164006 1
1165216 1
1170555 1
1172611 1
1183051 1
1185776 1
1187926 1
1189051 1
1189051 1
1206409 1
1207400 1
1216429 1
1218687 1
1218913 1
1221441 1
1227355 1
1230302 1
1240947 1
1241818 1
1246971 1
1255673 1
1256536 1
1259060 1
1259091 1
1261271 1
1268185 1
1287637 1
1287873 1
1289705 1
1290054 1
1295912 1
1301499 1
1301797 1
1302978 1
1307717 1
1307807 1
1309319 1
1309904 1
1311412 1
1313872 1
1320436 1
1322670 1
1326434 1
1326747 1
1328031 1
1328321 1
1342028 1
1342942 1
1347351 1
1350556 1
1356214 1
1359674 1
1362902 1
1363307 1
1366351 1
1367287 1
1370646 1
1392535 1
1413108 1
1415644 1
1427379 1
1427383 1
1428032 1
1430221 1
1431258 1
1434006 1
1435070 1
1445729 1
1449037 1
1453189 1
1455869 1
1462003 1
1463311 1
1464984 1
1469146 1
1470639 1
1472256 1
1480411 1
1486216 1
1513276 1
1530633 1
1533703 1
1541262 1
1548143 1
1548596 1
1551636 1
1560920 1
1566012 1
1572189 1
1581881 1
1585460 1
1586060 1
1604174 1
1606163 1
1635492 1
1637799 1
1638325 1
1644622 1
1646053 1
1646053 1
1647586 1
1655684 1
1656091 1
1666296 1
1671344 1
1674903 1
1677628 1
1678718 1
1679480 1
1682583 1
1685726 1
1690664 1
1699550 1
1703635 1
1705589 1
1714306 1
1720174 1
1723881 1
1725820 1
1728865 1
1731554 1
1732700 1
1738913 1
1739211 1
1752792 1
1772224 1
1774865 1
1779004 1
1780452 1
1786739 1
1789739 1
1790282 1
1794128 1
1814417 1
1816847 1
1819989 1
1821210 1
1828050 1
1828075 1
1829950 1
1829950 1
1832725 1
1834000 1
1834000 1
1852375 1
1855426 1
1857455 1
1861864 1
1874050 1
1878576 1
1879495 1
1890067 1
1896445 1
1898229 1
1898521 1
1923875 1
1924285 1
1951405 1
1951405 1
1956933 1
1971910 1
1974108 1
1979075 1
1980304 1
1980426 1
1982601 1
1991939 1
1993961 1
1994714 1
1999201 1
1999930 1
2000839 1
2001251 1
2014965 1
2019272 1
2022607 1
2027064 1
2037178 1
2049192 1
2054000 1
2056543 1
2056880 1
2066718 1
2068428 1
2071227 1
2082520 1
2097561 1
2098417 1
2112913 1
2114720 1
2115861 1
2116456 1
2120453 1
2124120 1
2136064 1
2139905 1
2140724 1
2143019 1
2160968 1
2163248 1
2163849 1
2164381 1
2168899 1
2173253 1
2173632 1
2177439 1
2180500 1
2188947 1
2190889 1
2192053 1
2216466 1
2216466 1
2216470 1
2216478 1
2218384 1
2236725 1
2236934 1
2238874 1
2240376 1
2240376 1
2248115 1
2248115 1
2254260 1
2254260 1
2254522 1
2259710 1
2272636 1
2278833 1
2285501 1
2288724 1
2292286 1
2304806 1
2304806 1
2315840 1
2315877 1
2319862 1
2320349 1
2327305 1
2342700 1
2367893 1
2378230 1
2382488 1
2384318 1
2396842 1
2404462 1
2408055 1
2412054 1
2413602 1
2417675 1
2417752 1
2418834 1
2423371 1
2424404 1
2424404 1
2425980 1
2431703 1
2432540 1
2440191 1
2442256 1
2442256 1
2448080 1
2448876 1
2448876 1
2452669 1
2459825 1
2459882 1
2460069 1
2460532 1
2461170 1
2465914 1
2466300 1
2468725 1
2472316 1
2486802 1
2488924 1
2496744 1
2496961 1
2498964 1
2505116 1
2515161 1
2515811 1
2517976 1
2521181 1
2532473 1
2534861 1
2540826 1
2540953 1
2540953 1
2544043 1
2546208 1
2548731 1
2551125 1
2553478 1
2553980 1
2560621 1
2564594 1
2572185 1
2572185 1
2574198 1
2576202 1
2588073 1
2592844 1
2598492 1
2625311 1
2625471 1
2633551 1
2633551 1
2634072 1
2636514 1
2637250 1
2660338 1
2664637 1
2668029 1
2672619 1
2674574 1
2682672 1
2684868 1
2687298 1
2689440 1
2693315 1
2696449 1
2700285 1
2700285 1
2702926 1
2708973 1
2715014 1
2715875 1
2716131 1
2718169 1
2723098 1
2723825 1
2726622 1
2728149 1
2730256 1
2730256 1
2732002 1
2744370 1
2753430 1
2754284 1
2761250 1
2761405 1
2762224 1
2766240 1
2783239 1
2792535 1
2793255 1
2793574 1
2794519 1
2795902 1
2801050 1
2817301 1
2822571 1
2823877 1
2836768 1
2843837 1
2848716 1
2852855 1
2863824 1
2868061 1
2869918 1
2871820 1
2875999 1
2890988 1
2898993 1
2899370 1
2904801 1
2914811 1
2915953 1
2918129 1
2922120 1
2922172 1
2925337 1
2927453 1
2955266 1
2957148 1
2958447 1
2964285 1
2983241 1
2998139 1
3002343 1
3003665 1
3003799 1
3004064 1
3010717 1
3012510 1
3018815 1
3018815 1
3026756 1
3029052 1
3039075 1
3043901 1
3046699 1
3053161 1
3056076 1
3056076 1
3056711 1
3059503 1
3064037 1
3068133 1
3068864 1
3073863 1
3079829 1
3097900 1
3097930 1
3106646 1
3107851 1
3125620 1
3126163 1
3131814 1
3133005 1
3161826 1
3163164 1
3169200 1
3169506 1
3173079 1
3177406 1
3186887 1
3188393 1
3191314 1
3192100 1
3193750 1
3198330 1
3200554 1
3203029 1
3208000 1
3208537 1
3214243 1
3214734 1
3215748 1
3222414 1
3229061 1
3237695 1
3238445 1
3240932 1
3241353 1
3241353 1
3245099 1
3246181 1
3247967 1
3252098 1
3262991 1
3264216 1
3265244 1
3269810 1
3292239 1
3293855 1
3294648 1
3294745 1
3297464 1
3299085 1
3304885 1
3305901 1
3306668 1
3308514 1
3313144 1
3313842 1
3334540 1
3338228 1
3339635 1
3348066 1
3352457 1
3362101 1
3390962 1
3404609 1
3404609 1
3413126 1
3427488 1
3436461 1
3436598 1
3438326 1
3446139 1
3459415 1
3463163 1
3464984 1
3465524 1
3472224 1
3476952 1
3478419 1
3490068 1
3490232 1
3490999 1
3493695 1
3499516 1
3503168 1
3508190 1
3508961 1
3511493 1
3525818 1
3526848 1
3533098 1
3539605 1
3550959 1
3569229 1
3572531 1
3583901 1
3589361 1
3595584 1
3595804 1
3609367 1
3611291 1
3613558 1
3615714 1
3619092 1
3621953 1
3625611 1
3634234 1
3642447 1
3650496 1
3653675 1
3659455 1
3660511 1
3665268 1
3672037 1
3691542 1
3693073 1
3695126 1
3695807 1
3701272 1
3706996 1
3709190 1
3710387 1
3713744 1
3723614 1
3726650 1
3735810 1
3745720 1
3758366 1
3758891 1
3765445 1
3767867 1
3770174 1
3775941 1
3779914 1
3780333 1
3783867 1
3785083 1
3805517 1
3812697 1
3812740 1
3813791 1
3820428 1
3824574 1
3825936 1
3826383 1
3826956 1
3828535 1
3834934 1
3835656 1
3838893 1
3840041 1
3842144 1
3851723 1
3852779 1
3858178 1
3860704 1
3861430 1
3861608 1
3861608 1
3862558 1
3865075 1
3866681 1
3871651 1
3873789 1
3875762 1
3876972 1
3877849 1
3885985 1
3885985 1
3886920 1
3895806 1
3895825 1
3896977 1
3899571 1
3904583 1
3917563 1
3924946 1
3933899 1
3936066 1
3952527 1
3954509 1
3957716 1
3957996 1
3961563 1
3968661 1
3970222 1
3973613 1
3980385 1
3983248 1
3983664 1
3994372 1
3994943 1
3999408 1
4001984 1
4002615 1
4005314 1
4006623 1
4007941 1
4012687 1
4012861 1
4019293 1
4019444 1
4020999 1
4021746 1
4022870 1
4034960 1
4035786 1
4043380 1
4044478 1
4046670 1
4046899 1
4047063 1
4060124 1
4068602 1
4068604 1
4071298 1
4076950 1
4084295 1
4088358 1
4090481 1
4096160 1
4104808 1
4104853 1
4111285 1
4112090 1
4112662 1
4114768 1
4116341 1
4116526 1
4116558 1
4116564 1
4117583 1
4131663 1
4139810 1
4139810 1
4140622 1
4140622 1
4141228 1
4141656 1
4142558 1
4143632 1
4152117 1
4152117 1
4156829 1
4159511 1
4163752 1
4174152 1
4176941 1
4178748 1
4179792 1
4182490 1
4187401 1
4189189 1
4192961 1
4196722 1
4199624 1
4200408 1
4200409 1
4207916 1
4220786 1
4225263 1
4235837 1
4236460 1
4237080 1
4241875 1
4261797 1
4263498 1
4264733 1
4271551 1
4271551 1
4273564 1
4277502 1
4278551 1
4289713 1
4300922 1
4308492 1
4309841 1
4312091 1
4313242 1
4313440 1
4322178 1
4325502 1
4330630 1
4336075 1
4342119 1
4352743 1
4354527 1
4360431 1
4361782 1
4364665 1
4364860 1
4368215 1
4369045 1
4369991 1
4370567 1
4373087 1
4374849 1
4374856 1
4389245 1
4396884 1
4408090 1
4411761 1
4411931 1
4422743 1
4422743 1
4423357 1
4424886 1
4426289 1
4426843 1
4433078 1
4437137 1
4449096 1
4450464 1
4468516 1
4469492 1
4469637 1
4472856 1
4473880 1
4477402 1
4490860 1
4495349 1
4506765 1
4507848 1
4507863 1
4507898 1
4509889 1
4513221 1
4515734 1
4515944 1
4516754 1
4525925 1
4529444 1
4529444 1
4536212 1
4537607 1
4541499 1
4549488 1
4552124 1
4558427 1
4562027 1
4562200 1
4568610 1
4571467 1
4572779 1
4576313 1
4582505 1
4586969 1
4587522 1
4598433 1
4598433 1
4601009 1
4602364 1
4609614 1
4612026 1
4612575 1
4629839 1
4629839 1
4630207 1
4631186 1
4632076 1
4632311 1
4641297 1
4645816 1
4648062 1
4648649 1
4656346 1
4662105 1
4668043 1
4669882 1
4671401 1
4681060 1
4688874 1
4688874 1
4695470 1
4695627 1
4696283 1
4701342 1
4716030 1
4717357 1
4723311 1
4731770 1
4733831 1
4745019 1
4745309 1
4745662 1
4759961 1
4761025 1
4767295 1
4768933 1
4770774 1
4771666 1
4779174 1
4781903 1
4785587 1
4790097 1
4797529 1
4799696 1
4800698 1
4800720 1
4803006 1
4804138 1
4805494 1
4805664 1
4807037 1
4807690 1
4807815 1
4807815 1
4807815 1
4809219 1
4812088 1
4813573 1
4815290 1
4816200 1
4818183 1
4823985 1
4827744 1
4830221 1
4831727 1
4837127 1
4838876 1
4845649 1
4859283 1
4859507 1
4860974 1
4867016 1
4870455 1
4875605 1
4877066 1
4879974 1
4880306 1
4880543 1
4888076 1
4889062 1
4889648 1
4896542 1
4899191 1
4900916 1
4905975 1
4909599 1
4915141 1
4935199 1
4965439 1
4965816 1
4967512 1
4968527 1
4981402 1
4993672 1
4995891 1
4997729 1
4999974 1
5002665 1
5016057 1
5019921 1
5027817 1
5029846 1
5031647 1
5033645 1
5033970 1
5035683 1
5039979 1
5040474 1
5040780 1
5041476 1
5042458 1
5049031 1
5050592 1
5051563 1
5052657 1
5054678 1
5067052 1
5067673 1
5071742 1
5073391 1
5077815 1
5080575 1
5080615 1
5083166 1
5088292 1
5094106 1
5099506 1
5103716 1
5110436 1
5115964 1
5117892 1
5119990 1
5141274 1
5150068 1
5154322 1
5155415 1
5155603 1
5177511 1
5178563 1
5193703 1
5194092 1
5194092 1
5198853 1
5203206 1
5206945 1
5219837 1
5221922 1
5226713 1
5226777 1
5228937 1
5235005 1
5242217 1
5243153 1
5256390 1
5257987 1
5262980 1
5263301 1
5263320 1
5265801 1
5267679 1
5268346 1
5270837 1
5271056 1
5272511 1
5273743 1
5277954 1
5281286 1
5287193 1
5301435 1
5309011 1
5309044 1
5311001 1
5311001 1
5311773 1
5311773 1
5313587 1
5331103 1
5334175 1
5334602 1
5336658 1
5338090 1
5338874 1
5339267 1
5354462 1
5355532 1
5364213 1
5364703 1
5368424 1
5369395 1
5370360 1
5371594 1
5374134 1
5374296 1
5376801 1
5378608 1
5379531 1
5379719 1
5379766 1
5381393 1
5385266 1
5386454 1
5386857 1
5394339 1
5395314 1
5417385 1
5418565 1
5426664 1
5441554 1
5446555 1
5448859 1
5452446 1
5457760 1
5471242 1
5474682 1
5474711 1
5479399 1
5485392 1
5486810 1
5490164 1
5495405 1
5498992 1
5498992 1
5500765 1
5504371 1
5510533 1
5511656 1
5520392 1
5521463 1
5527132 1
5536684 1
5536959 1
5538444 1
5548461 1
5548461 1
5549203 1
5555066 1
5555262 1
5557029 1
5558903 1
5561256 1
5565938 1
5568964 1
5592911 1
5592920 1
5602335 1
5603769 1
5607624 1
5609887 1
5616174 1
5622440 1
5628036 1
5628316 1
5629828 1
5633575 1
5646592 1
5654577 1
5662946 1
5669086 1
5669637 1
5676324 1
5679934 1
5680646 1
5681431 1
5683916 1
5684646 1
5685851 1
5686632 1
5687054 1
5688196 1
5691488 1
5692169 1
5693086 1
5694431 1
5705948 1
5708678 1
5708678 1
5715066 1
5719124 1
5726949 1
5731506 1
5740568 1
5743304 1
5748039 1
5748065 1
5752491 1
5756798 1
5757338 1
5757962 1
5761816 1
5763187 1
5765281 1
5770466 1
5774302 1
5775789 1
5777296 1
5780829 1
5787484 1
5806968 1
5809270 1
5822413 1
5823508 1
5825090 1
5841783 1
5850486 1
5863359 1
5866495 1
5875525 1
5876090 1
5886750 1
5887006 1
5888363 1
5888611 1
5888611 1
5893557 1
5896421 1
5897502 1
5898514 1
5903817 1
5930893 1
5931810 1
5933772 1
5939240 1
5941221 1
5947800 1
5950590 1
5953216 1
5953216 1
5955171 1
5957807 1
5959080 1
5962479 1
5963673 1
5969916 1
5971216 1
5978312 1
5979583 1
5983009 1
5986604 1
6012339 1
6038180 1
6038465 1
6038582 1
6043166 1
6045918 1
6046333 1
6047083 1
6050161 1
6050692 1
6055351 1
6055520 1
6057746 1
6058256 1
6060519 1
6092388 1
6095950 1
6099173 1
6099423 1
6100818 1
6105661 1
6109591 1
6111339 1
6111339 1
6116391 1
6119086 1
6120966 1
6122111 1
6134879 1
6136074 1
6146104 1
6147198 1
6150299 1
6170552 1
6173609 1
6182941 1
6183988 1
6188311 1
6195807 1
6207112 1
6225471 1
6237306 1
6244262 1
6247209 1
6252509 1
6260045 1
6261912 1
6264425 1
6274249 1
6284877 1
6290393 1
6294472 1
6297601 1
6299509 1
6307513 1
6308077 1
6310049 1
6311627 1
6322054 1
6333680 1
6336272 1
6338476 1
6345861 1
6361402 1
6368624 1
6371026 1
6376831 1
6388004 1
6404834 1
6409120 1
6415816 1
6427220 1
6433574 1
6440493 1
6452096 1
6453459 1
6453922 1
6453938 1
6455183 1
6477707 1
6483013 1
6484967 1
6488679 1
6490944 1
6501168 1
6514652 1
6521279 1
6539308 1
6540631 1
6550528 1
6573109 1
6578090 1
6579222 1
6579809 1
6579944 1
6580869 1
6581362 1
6581476 1
6601552 1
6603095 1
6606488 1
6615717 1
6615924 1
6617010 1
6625218 1
6626598 1
6627363 1
6627410 1
6637162 1
6644312 1
6649451 1
6650525 1
6657183 1
6663450 1
6663710 1
6663911 1
6666516 1
6672414 1
6673385 1
6678525 1
6679357 1
6684676 1
6686953 1
6690399 1
6700024 1
6706516 1
6711165 1
6712997 1
6718753 1
6730318 1
6730318 1
6731869 1
6733485 1
6733485 1
6738368 1
6742310 1
6773853 1
6781350 1
6784966 1
6787268 1
6787592 1
6796321 1
6802552 1
6804601 1
6805145 1
6812771 1
6817821 1
6820055 1
6823189 1
6833483 1
6843418 1
6843461 1
6844559 1
6847609 1
6849768 1
6851225 1
6862571 1
6863164 1
6884063 1
6884335 1
6885192 1
6887618 1
6892645 1
6896975 1
6899140 1
6915538 1
6918802 1
6922371 1
6923416 1
6925499 1
6927837 1
6928848 1
6930693 1
6931581 1
6931786 1
6932765 1
6937406 1
6941028 1
6943864 1
6943864 1
6948136 1
6953385 1
6954849 1
6957472 1
6960644 1
6967748 1
6973117 1
6976607 1
6986668 1
6987242 1
6987324 1
6994062 1
7003694 1
7014439 1
7014439 1
7014665 1
7014665 1
7014724 1
7017370 1
7021434 1
7022023 1
7022999 1
7027921 1
7028574 1
7029927 1
7035241 1
7051476 1
7057731 1
7057850 1
7059154 1
7060691 1
7061178 1
7061376 1
7062503 1
7063598 1
7068991 1
7075290 1
7077200 1
7078575 1
7078841 1
7079287 1
7087829 1
7100039 1
7100204 1
7102702 1
7104649 1
7120549 1
7121550 1
7136037 1
7137412 1
7138450 1
7140143 1
7140153 1
7140242 1
7141155 1
7149239 1
7152007 1
7156934 1
7161322 1
7164221 1
7166601 1
7175094 1
7180465 1
7189063 1
7195849 1
7200413 1
7200426 1
7203613 1
7216089 1
7217348 1
7227208 1
7228935 1
7229989 1
7234609 1
7236948 1
7239183 1
7244096 1
7254914 1
7258455 1
7260690 1
7275032 1
7278901 1
7302499 1
7302773 1
7304309 1
7305166 1
7308299 1
7310176 1
7311842 1
7314848 1
7317284 1
7317433 1
7318108 1
7321164 1
7321164 1
7330623 1
7330774 1
7336180 1
7342335 1
7343818 1
7352312 1
7355590 1
7362950 1
7372230 1
7378764 1
7385797 1
7388900 1
7390019 1
7390944 1
7394126 1
7396336 1
7396671 1
7402145 1
7402628 1
7403995 1
7403995 1
7404216 1
7404344 1
7404573 1
7405754 1
7423996 1
7424556 1
7434914 1
7434914 1
7442319 1
7442845 1
7453483 1
7453797 1
7464919 1
7468344 1
7468344 1
7475436 1
7477884 1
7479044 1
7484579 1
7490903 1
7495412 1
7499042 1
7499150 1
7499600 1
7501791 1
7514070 1
7514070 1
7517700 1
7517700 1
7520253 1
7528811 1
7529788 1
7537104 1
7544015 1
7553223 1
7553426 1
7562232 1
7568159 1
7568438 1
7569932 1
7585071 1
7585759 1
7586285 1
7588406 1
7590618 1
7600110 1
7615642 1
7621027 1
7621779 1
7621913 1
7623688 1
7627822 1
7646139 1
7652927 1
7656779 1
7657195 1
7660194 1
7661044 1
7662094 1
7667924 1
7672023 1
7678746 1
7679069 1
7684759 1
7688646 1
7691682 1
7694323 1
7702466 1
7704124 1
7704987 1
7706722 1
7708457 1
7710480 1
7712333 1
7716149 1
7716540 1
7716560 1
7730529 1
7732572 1
7737567 1
7739926 1
7740010 1
7743006 1
7744561 1
7745020 1
7745243 1
7748919 1
7749860 1
7751572 1
7766822 1
7769279 1
7773638 1
7773731 1
7777160 1
7777637 1
7784930 1
7785144 1
7786227 1
7790072 1
7790152 1
7792187 1
7797322 1
7800656 1
7826113 1
7827457 1
7829636 1
7835572 1
7836849 1
7837120 1
7839576 1
7843570 1
7846879 1
7856036 1
7862420 1
7872848 1
7873152 1
7873434 1
7874297 1
7877274 1
7877440 1
7877455 1
7884537 1
7892690 1
7895400 1
7901443 1
7904119 1
7913850 1
7918820 1
7920349 1
7933314 1
7937623 1
7941200 1
7943738 1
7943860 1
7948928 1
7950293 1
7951136 1
7955720 1
7956035 1
7966195 1
7980427 1
7982069 1
7985207 1
7985367 1
7994444 1
7996594 1
7997939 1
8002961 1
8003843 1
8005633 1
8014779 1
8017288 1
8018479 1
8018556 1
8018556 1
8019254 1
8021547 1
8033689 1
8040300 1
8042142 1
8043197 1
8044384 1
8044868 1
8046765 1
8047089 1
8055295 1
8055928 1
8057920 1
8060409 1
8062670 1
8064635 1
8071835 1
8082741 1
8084731 1
8085749 1
8089127 1
8089127 1
8093825 1
8094513 1
8095689 1
8099260 1
8103794 1
8103838 1
8104895 1
8106289 1
8106622 1
8106630 1
8108980 1
8110657 1
8112544 1
8120488 1
8121756 1
8121774 1
8122577 1
8125496 1
8127150 1
8129255 1
8129841 1
8133190 1
8133913 1
8133939 1
8135217 1
8137153 1
8140446 1
8143922 1
8152016 1
8152865 1
8157462 1
8159534 1
8176406 1
8185117 1
8187560 1
8193485 1
8211781 1
8213836 1
8218146 1
8220555 1
8242342 1
8251894 1
8262213 1
8265573 1
8267508 1
8285813 1
8286062 1
8288512 1
8289903 1
8297809 1
74 1
74 1
78 1
1100 1
9887 1
18539 1
20693 1
28145 1
30050 1
33998 1
48417 1
48420 1
48448 1
51653 1
63950 1
65448 1
74924 1
85804 1
89929 1
97718 1
100408 1
101140 1
102353 1
104931 1
105825 1
108150 1
108150 1
108898 1
109467 1
110722 1
111811 1
114733 1
120033 1
120058 1
124464 1
125270 1
126882 1
126882 1
127764 1
128066 1
128132 1
128655 1
129363 1
129402 1
137354 1
137798 1
138211 1
138214 1
138691 1
139282 1
142425 1
146001 1
148288 1
149187 1
153914 1
155807 1
156317 1
158054 1
160771 1
162834 1
164236 1
173167 1
173214 1
173452 1
173543 1
176272 1
181042 1
182700 1
183313 1
190600 1
191962 1
197901 1
213741 1
214108 1
218026 1
218876 1
224714 1
225432 1
226828 1
228002 1
228713 1
230779 1
231940 1
232174 1
235118 1
235861 1
237675 1
239764 1
241043 1
243244 1
244423 1
247574 1
256494 1
256909 1
272983 1
274134 1
275254 1
275526 1
278037 1
281882 1
286918 1
293341 1
299351 1
301112 1
309354 1
309904 1
310103 1
310555 1
316478 1
332447 1
334486 1
340959 1
342396 1
358474 1
359470 1
364499 1
367501 1
369552 1
376244 1
379879 1
380136 1
390786 1
395677 1
404302 1
410502 1
410839 1
419401 1
425118 1
433514 1
437782 1
439043 1
443306 1
449624 1
456832 1
471947 1
473326 1
477916 1
478394 1
480977 1
483793 1
485275 1
490939 1
491495 1
491960 1
497487 1
500373 1
500532 1
502409 1
502466 1
507240 1
519301 1
519303 1
520358 1
521383 1
529437 1
534233 1
535745 1
558417 1
560033 1
560933 1
562011 1
573238 1
576443 1
599091 1
599395 1
607338 1
610262 1
630376 1
640575 1
655088 1
659502 1
672294 1
694569 1
702388 1
702936 1
704170 1
708634 1
711411 1
716386 1
719928 1
721369 1
723933 1
742740 1
747289 1
747582 1
766591 1
770045 1
776671 1
782395 1
783377 1
795002 1
798333 1
798599 1
809493 1
810167 1
810602 1
839814 1
842144 1
848713 1
854713 1
862322 1
864383 1
864903 1
867666 1
871018 1
878621 1
879048 1
891917 1
892994 1
899415 1
901812 1
905164 1
910029 1
918264 1
919243 1
920612 1
920931 1
924507 1
927355 1
934847 1
936781 1
944178 1
946269 1
953400 1
956272 1
959008 1
959008 1
959309 1
970861 1
970861 1
974244 1
974523 1
976030 1
977300 1
985136 1
992891 1
993928 1
996563 1
1009235 1
1019590 1
1021660 1
1022570 1
1023840 1
1025952 1
1028184 1
1030686 1
1030686 1
1030979 1
1032153 1
1037517 1
1038385 1
1043221 1
1046130 1
1050727 1
1054895 1
1059330 1
1063422 1
1065996 1
1073245 1
1077730 1
1077941 1
1082145 1
1088329 1
1095207 1
1098953 1
1099491 1
1099635 1
1104432 1
1112950 1
1114933 1
1124053 1
1127746 1
1127966 1
1127966 1
1131561 1
1133129 1
1141054 1
1153645 1
1157774 1
1163100 1
1170902 1
1172151 1
1173754 1
1177787 1
1179932 1
1181814 1
1186922 1
1187070 1
1188939 1
1203631 1
1205577 1
1205622 1
1205622 1
1214107 1
1216060 1
1216447 1
1222738 1
1222862 1
1229613 1
1243717 1
1244359 1
1247881 1
1256184 1
1256184 1
1265855 1
1274302 1
1289820 1
1293141 1
1295647 1
1300244 1
1302575 1
1311252 1
1317814 1
1321751 1
1329566 1
1330383 1
1331834 1
1334340 1
1339295 1
1339728 1
1344412 1
1351248 1
1351428 1
1354621 1
1356163 1
1357676 1
1357841 1
1362130 1
1364269 1
1364269 1
1365136 1
1369334 1
1370914 1
1373106 1
1379557 1
1382025 1
1383247 1
1385713 1
1388776 1
1396326 1
1397216 1
1397586 1
1398245 1
1404224 1
1407398 1
1411218 1
1411886 1
1418706 1
1420954 1
1424655 1
1429219 1
1431400 1
1432210 1
1437879 1
1439143 1
1440419 1
1441839 1
1444889 1
1452510 1
1459780 1
1460008 1
1460882 1
1463933 1
1466535 1
1470462 1
1473815 1
1476655 1
1477321 1
1477321 1
1478989 1
1494588 1
1500997 1
1500997 1
1504605 1
1516558 1
1516640 1
1524123 1
1527085 1
1530645 1
1531078 1
1532637 1
1533217 1
1535264 1
1539600 1
1543319 1
1546449 1
1548057 1
1552132 1
1556104 1
1556958 1
1558466 1
1563192 1
1565513 1
1575137 1
1576736 1
1582408 1
1584610 1
1587581 1
1592839 1
1593074 1
1598683 1
1599243 1
1609375 1
1618757 1
1629775 1
1633901 1
1641157 1
1641357 1
1646022 1
1649271 1
1655982 1
1656406 1
1656406 1
1656433 1
1665898 1
1671331 1
1671862 1
1682596 1
1684226 1
1685913 1
1698593 1
1698593 1
1699470 1
1701972 1
1714569 1
1730385 1
1732924 1
1744943 1
1748237 1
1751200 1
1758161 1
1768148 1
1768530 1
1768530 1
1768563 1
1779279 1
1782607 1
1783090 1
1789055 1
1797937 1
1800935 1
1800935 1
1804512 1
1825877 1
1833252 1
1840081 1
1856386 1
1868743 1
1868864 1
1868869 1
1877800 1
1883341 1
1884763 1
1885749 1
1887169 1
1902343 1
1905699 1
1915635 1
1920284 1
1924909 1
1928808 1
1930972 1
1934830 1
1937925 1
1938268 1
1938465 1
1942659 1
1944659 1
1952757 1
1955061 1
1960226 1
1964068 1
1964668 1
1966485 1
1966943 1
1967203 1
1979263 1
1981760 1
1983222 1
1988330 1
1991031 1
1998504 1
1998613 1
1999546 1
2004802 1
2006755 1
2009513 1
2010581 1
2012209 1
2012292 1
2012292 1
2013801 1
2015151 1
2017304 1
2048016 1
2051693 1
2055129 1
2058725 1
2064556 1
2064712 1
2072920 1
2073813 1
2083554 1
2083630 1
2087492 1
2099729 1
2102165 1
2116541 1
2120173 1
2120173 1
2120401 1
2120507 1
2126025 1
2126334 1
2128647 1
2128647 1
2141698 1
2144436 1
2150618 1
2150703 1
2153622 1
2158115 1
2174701 1
2174701 1
2182205 1
2185657 1
2186638 1
2187066 1
2193618 1
2197177 1
2201723 1
2235805 1
2236108 1
2236632 1
2246918 1
2247561 1
2256233 1
2256237 1
2258596 1
2266407 1
2269889 1
2270211 1
2270222 1
2273351 1
2280373 1
2280501 1
2286377 1
2286473 1
2288456 1
2289507 1
2295171 1
2295171 1
2300837 1
2308382 1
2309501 1
2313879 1
2314628 1
2315445 1
2319395 1
2320533 1
2328672 1
2329585 1
2331077 1
2331679 1
2342061 1
2360247 1
2363232 1
2367000 1
2370512 1
2374465 1
2374465 1
2381534 1
2392872 1
2396073 1
2396461 1
2397224 1
2405750 1
2413257 1
2415863 1
2417424 1
2417434 1
2417557 1
2418939 1
2420609 1
2422453 1
2424621 1
2425138 1
2428270 1
2434125 1
2448609 1
2448617 1
2453756 1
2459017 1
2459744 1
2459768 1
2459842 1
2459843 1
2459878 1
2459978 1
2460393 1
2460498 1
2461114 1
2461230 1
2461232 1
2461242 1
2461430 1
2462614 1
2470476 1
2472826 1
2481374 1
2483438 1
2483885 1
2487449 1
2489305 1
2490227 1
2491012 1
2493656 1
2496870 1
2498085 1
2499460 1
2511334 1
2514928 1
2518316 1
2518987 1
2519581 1
2528299 1
2533999 1
2544719 1
2552161 1
2552533 1
2556708 1
2558229 1
2565126 1
2586024 1
2587088 1
2589822 1
2595502 1
2596187 1
2597370 1
2603856 1
2608614 1
2609244 1
2612039 1
2619650 1
2620303 1
2627559 1
2632819 1
2637214 1
2637249 1
2643104 1
2648584 1
2649957 1
2653724 1
2654146 1
2655234 1
2656935 1
2657570 1
2660972 1
2661476 1
2666666 1
2681377 1
2684663 1
2685778 1
2686321 1
2690741 1
2695132 1
2704498 1
2706699 1
2707216 1
2713015 1
2718743 1
2722126 1
2728318 1
2732454 1
2732616 1
2736311 1
2742180 1
2754246 1
2765381 1
2770462 1
2776550 1
2779767 1
2786314 1
2788287 1
2791808 1
2792650 1
2792650 1
2792661 1
2794320 1
2801196 1
2801380 1
2802444 1
2804113 1
2807818 1
2815003 1
2815976 1
2820361 1
2826977 1
2827082 1
2828955 1
2833150 1
2836720 1
2839014 1
2844208 1
2848856 1
2849140 1
2849159 1
2850536 1
2852171 1
2853676 1
2855265 1
2858833 1
2865145 1
2866805 1
2866920 1
2868091 1
2869149 1
2871325 1
2889082 1
2892254 1
2892781 1
2892781 1
2903182 1
2905149 1
2911695 1
2920415 1
2927464 1
2929339 1
2929881 1
2958737 1
2967882 1
2970751 1
2973298 1
2977565 1
2986442 1
2999557 1
3003707 1
3003882 1
3003882 1
3010540 1
3011763 1
3016969 1
3018695 1
3026588 1
3031555 1
3034644 1
3039956 1
3047388 1
3049010 1
3049938 1
3051014 1
3051039 1
3051203 1
3051573 1
3052584 1
3058190 1
3060763 1
3062965 1
3068277 1
3071117 1
3075999 1
3079753 1
3084447 1
3086101 1
3105006 1
3106623 1
3113728 1
3118879 1
3121931 1
3121934 1
3123488 1
3123514 1
3125929 1
3125976 1
3125976 1
3126111 1
3126115 1
3127900 1
3140435 1
3144714 1
3144819 1
3151016 1
3151025 1
3152361 1
3155008 1
3155101 1
3156698 1
3169148 1
3169435 1
3175264 1
3176756 1
3179026 1
3183977 1
3184340 1
3186769 1
3189577 1
3190818 1
3192541 1
3192691 1
3193448 1
3209376 1
3212207 1
3213214 1
3214138 1
3217355 1
3218010 1
3220217 1
3224302 1
3227336 1
3236651 1
3243153 1
3243153 1
3246715 1
3247299 1
3249691 1
3265201 1
3267050 1
3280349 1
3285546 1
3290825 1
3304922 1
3307113 1
3307113 1
3312098 1
3315556 1
3316098 1
3318714 1
3318714 1
3318805 1
3319330 1
3320962 1
3331046 1
3333265 1
3333740 1
3335760 1
3338500 1
3340323 1
3341094 1
3352223 1
3357487 1
3369130 1
3374362 1
3377707 1
3378355 1
3379034 1
3382114 1
3385679 1
3391109 1
3392771 1
3394378 1
3394405 1
3395486 1
3405133 1
3406320 1
3418630 1
3424540 1
3430894 1
3431566 1
3444441 1
3462091 1
3465932 1
3467581 1
3474416 1
3476185 1
3481300 1
3481300 1
3489929 1
3491308 1
3502674 1
3506794 1
3508463 1
3518246 1
3527497 1
3533579 1
3544162 1
3549287 1
3554103 1
3559962 1
3570910 1
3575910 1
3581471 1
3581478 1
3584959 1
3604519 1
3605767 1
3610220 1
3614984 1
3617331 1
3622039 1
3624677 1
3643998 1
3644532 1
3651506 1
3662265 1
3665239 1
3673968 1
3687772 1
3695056 1
3714718 1
3721559 1
3724046 1
3725163 1
3729307 1
3730692 1
3733148 1
3736870 1
3737206 1
3743433 1
3745804 1
3745879 1
3749112 1
3758930 1
3761455 1
3763652 1
3764167 1
3774085 1
3776061 1
3776061 1
3778957 1
3780444 1
3784258 1
3788223 1
3790647 1
3797859 1
3800571 1
3800571 1
3800576 1
3810124 1
3820075 1
3826437 1
3829357 1
3829836 1
3831126 1
3836330 1
3837284 1
3845641 1
3847300 1
3850497 1
3854560 1
3855948 1
3857433 1
3859358 1
3861234 1
3861736 1
3863641 1
3865675 1
3865675 1
3867229 1
3867275 1
3870442 1
3870968 1
3873157 1
3878033 1
3908706 1
3913926 1
3916798 1
3937345 1
3943017 1
3950674 1
3956800 1
3958821 1
3959415 1
3961076 1
3965401 1
3969996 1
3977225 1
3982634 1
3984056 1
3984056 1
3992453 1
3993524 1
4007868 1
4012008 1
4016776 1
4022667 1
4025325 1
4029231 1
4031585 1
4036592 1
4038458 1
4039445 1
4039445 1
4040284 1
4044294 1
4045933 1
4049124 1
4049281 1
4049299 1
4049691 1
4055225 1
4056037 1
4061950 1
4063518 1
4065891 1
4075543 1
4089778 1
4092659 1
4095109 1
4095893 1
4096796 1
4109549 1
4111429 1
4113734 1
4133755 1
4133755 1
4137822 1
4161892 1
4163523 1
4165564 1
4168749 1
4169388 1
4171138 1
4176197 1
4185611 1
4190333 1
4209215 1
4214966 1
4215061 1
4219078 1
4219078 1
4219556 1
4219947 1
4229952 1
4230181 1
4234984 1
4236897 1
4237226 1
4239893 1
4241307 1
4249477 1
4250051 1
4253470 1
4258241 1
4262500 1
4264200 1
4265985 1
4271984 1
4272269 1
4272682 1
4277485 1
4279139 1
4279621 1
4290990 1
4308532 1
4310648 1
4311370 1
4311959 1
4313501 1
4315160 1
4315491 1
4320558 1
4322159 1
4322265 1
4325717 1
4327378 1
4330910 1
4337743 1
4341466 1
4348826 1
4350543 1
4351530 1
4355292 1
4360133 1
4360320 1
4360446 1
4361090 1
4361678 1
4361859 1
4362415 1
4363434 1
4366341 1
4366578 1
4374173 1
4379454 1
4383440 1
4384295 1
4384461 1
4391933 1
4394809 1
4396326 1
4400385 1
4406549 1
4410470 1
4416424 1
4419131 1
4419634 1
4420348 1
4421654 1
4424032 1
4427698 1
4427698 1
4430435 1
4431389 1
4437929 1
4442520 1
4449761 1
4455822 1
4469734 1
4477716 1
4484534 1
4493986 1
4498747 1
4500507 1
4512055 1
4512389 1
4518756 1
4522278 1
4526533 1
4529638 1
4532035 1
4541521 1
4549544 1
4559721 1
4560163 1
4574214 1
4574214 1
4575820 1
4584663 1
4588670 1
4592542 1
4597201 1
4597951 1
4619693 1
4619944 1
4620819 1
4623404 1
4623404 1
4632075 1
4658169 1
4661372 1
4665009 1
4667650 1
4668719 1
4673870 1
4676209 1
4676618 1
4679927 1
4681775 1
4690709 1
4708410 1
4712270 1
4722785 1
4738435 1
4739416 1
4740483 1
4743153 1
4745115 1
4760769 1
4762011 1
4762109 1
4768852 1
4780795 1
4782630 1
4785068 1
4789591 1
4789688 1
4791193 1
4795809 1
4795942 1
4800984 1
4802110 1
4802636 1
4807363 1
4808359 1
4809407 1
4811452 1
4816875 1
4833216 1
4833966 1
4836513 1
4842442 1
4843448 1
4861018 1
4861856 1
4863052 1
4867063 1
4870631 1
4875621 1
4881231 1
4881971 1
4881971 1
4884118 1
4887631 1
4893782 1
4898139 1
4901290 1
4903058 1
4917555 1
4922194 1
4922587 1
4923657 1
4949197 1
4953716 1
4954395 1
4958830 1
4961336 1
4961749 1
4969349 1
4971459 1
4974972 1
4979423 1
4984234 1
4987351 1
4990071 1
4995695 1
5014335 1
5014504 1
5019071 1
5022264 1
5022477 1
5025842 1
5026947 1
5027175 1
5035345 1
5051366 1
5052775 1
5053408 1
5092277 1
5107553 1
5117586 1
5119857 1
5124121 1
5125166 1
5127779 1
5138800 1
5140175 1
5148074 1
5152272 1
5155700 1
5173456 1
5177679 1
5187143 1
5187886 1
5190308 1
5200000 1
5202044 1
5202936 1
5203981 1
5208501 1
5233730 1
5250692 1
5251092 1
5253488 1
5253843 1
5268364 1
5270602 1
5271843 1
5296822 1
5299892 1
5300627 1
5302568 1
5306905 1
5315094 1
5315094 1
5320451 1
5321701 1
5323212 1
5323889 1
5323947 1
5327545 1
5328257 1
5341713 1
5349549 1
5361300 1
5362049 1
5368362 1
5370416 1
5372548 1
5373713 1
5373971 1
5376003 1
5381326 1
5389909 1
5403421 1
5410957 1
5417263 1
5420418 1
5429423 1
5431691 1
5431835 1
5432130 1
5432420 1
5432542 1
5432546 1
5435774 1
5436653 1
5436851 1
5436851 1
5440492 1
5441863 1
5445174 1
5448202 1
5448584 1
5448651 1
5449281 1
5449576 1
5450346 1
5455838 1
5457719 1
5466039 1
5477527 1
5482468 1
5482740 1
5489801 1
5490811 1
5491043 1
5504040 1
5521376 1
5523732 1
5530098 1
5553705 1
5553705 1
5555886 1
5596258 1
5599722 1
5615225 1
5615832 1
5630248 1
5652328 1
5655792 1
5655792 1
5656159 1
5662714 1
5663635 1
5665147 1
5667268 1
5677774 1
5677939 1
5677956 1
5677956 1
5678410 1
5680598 1
5680843 1
5685536 1
5686539 1
5687090 1
5687390 1
5687390 1
5693132 1
5700252 1
5701546 1
5708739 1
5709725 1
5709725 1
5711270 1
5711283 1
5711283 1
5711584 1
5730388 1
5731862 1
5732539 1
5733416 1
5736595 1
5742523 1
5746800 1
5748781 1
5765099 1
5775151 1
5780745 1
5780745 1
5782421 1
5783885 1
5788386 1
5788386 1
5798257 1
5800374 1
5801697 1
5808779 1
5808983 1
5809319 1
5810884 1
5812791 1
5816305 1
5818014 1
5822163 1
5822784 1
5822894 1
5823220 1
5823220 1
5833138 1
5839019 1
5847920 1
5856843 1
5859901 1
5860266 1
5860330 1
5862892 1
5862892 1
5870484 1
5873097 1
5873399 1
5887275 1
5891491 1
5893651 1
5893677 1
5894627 1
5896445 1
5896929 1
5899291 1
5923991 1
5925495 1
5929291 1
5938548 1
5940848 1
5942616 1
5947551 1
5950374 1
5958057 1
5969525 1
5970758 1
5982401 1
5982708 1
5989801 1
5996291 1
6004059 1
6006800 1
6008451 1
6021668 1
6031371 1
6037904 1
6042009 1
6045194 1
6060488 1
6065618 1
6071581 1
6072978 1
6073177 1
6085082 1
6085892 1
6089367 1
6101176 1
6114886 1
6114886 1
6116845 1
6121121 1
6122011 1
6122011 1
6127584 1
6129478 1
6129478 1
6135927 1
6146025 1
6146594 1
6153830 1
6154497 1
6155246 1
6156436 1
6156773 1
6157529 1
6157754 1
6161801 1
6172566 1
6181280 1
6187783 1
6188031 1
6195191 1
6196376 1
6197972 1
6209576 1
6213720 1
6214315 1
6223218 1
6224971 1
6229836 1
6238048 1
6255232 1
6265149 1
6271348 1
6271427 1
6272877 1
6274480 1
6279122 1
6282189 1
6285333 1
6287445 1
6297640 1
6299984 1
6307738 1
6309903 1
6310100 1
6314957 1
6318451 1
6337159 1
6338104 1
6345907 1
6361661 1
6363630 1
6363630 1
6372085 1
6387501 1
6403115 1
6408992 1
6408992 1
6414832 1
6426310 1
6435189 1
6435392 1
6439338 1
6442458 1
6444973 1
6448787 1
6452536 1
6465254 1
6468802 1
6478195 1
6478372 1
6478976 1
6482923 1
6487251 1
6487251 1
6496642 1
6502490 1
6507215 1
6514417 1
6518581 1
6523291 1
6530604 1
6538224 1
6554019 1
6557393 1
6558983 1
6560613 1
6565078 1
6570141 1
6570372 1
6575927 1
6575927 1
6579054 1
6581366 1
6582695 1
6584017 1
6586986 1
6588494 1
6595240 1
6595918 1
6605931 1
6610209 1
6619068 1
6619388 1
6626601 1
6636786 1
6641693 1
6649321 1
6651499 1
6651753 1
6654370 1
6654817 1
6654960 1
6661794 1
6663233 1
6670168 1
6670168 1
6680775 1
6691300 1
6692879 1
6695769 1
6696605 1
6700448 1
6700647 1
6700851 1
6723593 1
6724589 1
6725063 1
6725947 1
6726549 1
6728113 1
6736272 1
6738060 1
6748586 1
6749884 1
6752003 1
6755804 1
6760692 1
6761434 1
6763434 1
6773614 1
6774634 1
6776221 1
6787491 1
6797282 1
6803974 1
6804541 1
6806653 1
6818205 1
6822316 1
6825451 1
6832995 1
6840296 1
6842344 1
6844050 1
6849811 1
6859941 1
6863735 1
6866219 1
6876077 1
6877179 1
6889743 1
6897677 1
6900590 1
6902393 1
6913891 1
6914788 1
6921831 1
6935414 1
6939532 1
6953759 1
6954499 1
6954922 1
6957813 1
6966098 1
6970933 1
6994811 1
7005467 1
7007471 1
7013180 1
7014013 1
7014553 1
7014566 1
7024330 1
7025057 1
7028024 1
7029253 1
7035302 1
7041528 1
7041698 1
7044132 1
7051719 1
7055869 1
7063423 1
7064313 1
7067972 1
7069352 1
7071947 1
7073819 1
7074102 1
7079051 1
7079926 1
7079926 1
7080227 1
7088519 1
7088886 1
7098260 1
7098510 1
7099253 1
7100424 1
7103782 1
7105042 1
7110745 1
7113446 1
7118854 1
7120994 1
7125482 1
7126602 1
7126899 1
7138950 1
7149248 1
7151774 1
7152122 1
7163567 1
7164496 1
7171259 1
7173654 1
7176394 1
7178134 1
7193288 1
7201487 1
7206042 1
7212136 1
7219961 1
7220996 1
7220996 1
7223211 1
7223427 1
7224225 1
7226880 1
7231249 1
7232788 1
7238792 1
7269762 1
7272216 1
7275497 1
7275812 1
7276233 1
7288498 1
7303090 1
7303090 1
7318261 1
7324733 1
7339922 1
7342454 1
7342797 1
7348053 1
7351519 1
7364617 1
7371891 1
7385454 1
7387676 1
7390156 1
7390156 1
7392005 1
7395502 1
7396115 1
7402058 1
7412475 1
7416271 1
7419311 1
7426295 1
7429117 1
7434956 1
7436705 1
7448104 1
7457261 1
7467828 1
7468576 1
7491304 1
7492956 1
7505355 1
7506139 1
7510040 1
7510882 1
7510985 1
7520625 1
7528450 1
7529412 1
7532813 1
7533120 1
7535724 1
7551991 1
7552952 1
7562449 1
7587756 1
7589895 1
7591311 1
7591698 1
7601879 1
7618649 1
7623965 1
7641175 1
7643662 1
7643903 1
7645388 1
7654081 1
7668282 1
7669783 1
7671140 1
7671145 1
7677223 1
7687490 1
7694984 1
7695153 1
7698021 1
7698741 1
7700331 1
7700331 1
7702647 1
7707665 1
7713531 1
7721048 1
7725847 1
7725877 1
7727352 1
7733629 1
7737485 1
7740355 1
7744578 1
7745195 1
7745197 1
7745198 1
7745380 1
7747570 1
7753021 1
7755287 1
7755665 1
7758035 1
7758866 1
7764319 1
7773171 1
7773325 1
7773348 1
7773431 1
7776298 1
7779021 1
7790684 1
7794355 1
7801404 1
7802582 1
7827545 1
7827545 1
7834424 1
7835757 1
7836369 1
7838526 1
7838526 1
7851506 1
7853425 1
7853425 1
7856153 1
7859590 1
7861524 1
7872064 1
7877409 1
7883806 1
7883806 1
7889850 1
7890982 1
7891435 1
7901174 1
7901814 1
7908393 1
7918028 1
7932092 1
7937711 1
7941856 1
7944399 1
7952184 1
7961655 1
7974363 1
7981089 1
7986308 1
7992179 1
7995096 1
7998619 1
7999190 1
7999381 1
8002053 1
8003868 1
8006420 1
8007404 1
8007732 1
8012375 1
8019298 1
8031527 1
8035584 1
8039128 1
8041237 1
8041823 1
8045073 1
8045921 1
8045933 1
8052204 1
8052975 1
8057542 1
8062831 1
8076795 1
8081261 1
8086893 1
8088024 1
8088553 1
8090303 1
8091075 1
8096140 1
8096154 1
8096719 1
8098362 1
8100676 1
8103032 1
8103885 1
8106035 1
8107697 1
8110522 1
8112356 1
8112500 1
8114219 1
8124127 1
8124999 1
8127279 1
8130967 1
8132751 1
8136231 1
8139461 1
8140015 1
8140464 1
8142602 1
8142602 1
8152692 1
8161151 1
8165016 1
8165020 1
8165953 1
8180621 1
8184858 1
8191829 1
8195533 1
8210040 1
8223265 1
8229146 1
8229802 1
8235898 1
8236050 1
8251260 1
8296681 1
8296681 1
8296681 1
8296681 1
8297062 1
8306517 1
180 1
1993 1
4749 1
23647 1
32502 1
35354 1
48176 1
55328 1
61849 1
62023 1
71259 1
85750 1
92266 1
100349 1
101332 1
101518 1
106862 1
106877 1
109101 1
109238 1
109304 1
110643 1
110770 1
112347 1
114709 1
118248 1
118642 1
120925 1
121957 1
123885 1
124000 1
125200 1
125745 1
125859 1
127591 1
128329 1
129304 1
131474 1
132421 1
132814 1
137876 1
141264 1
142637 1
142755 1
143506 1
143626 1
146596 1
148675 1
149231 1
149300 1
152159 1
155248 1
155248 1
155328 1
157784 1
158994 1
159252 1
160826 1
166366 1
166478 1
167418 1
171758 1
172410 1
172410 1
173243 1
174816 1
176502 1
177865 1
179506 1
180955 1
189329 1
191288 1
192071 1
201633 1
203106 1
203975 1
209019 1
209311 1
211243 1
212969 1
217448 1
218040 1
221221 1
223067 1
224123 1
231838 1
231909 1
232061 1
235369 1
241378 1
244712 1
244712 1
248471 1
251472 1
252415 1
253733 1
254045 1
263218 1
268445 1
268484 1
274173 1
275205 1
275560 1
281199 1
285045 1
288952 1
290919 1
302251 1
304833 1
305854 1
308024 1
309035 1
311235 1
311235 1
317390 1
321023 1
321216 1
321216 1
326640 1
338738 1
345150 1
346158 1
355184 1
356143 1
372532 1
381135 1
381135 1
385369 1
387912 1
425613 1
426317 1
427667 1
428163 1
430495 1
441932 1
455069 1
455698 1
459484 1
465096 1
469593 1
475531 1
477501 1
488047 1
493155 1
493155 1
493155 1
493252 1
497080 1
505789 1
508549 1
510728 1
513874 1
515200 1
523349 1
526387 1
531221 1
546649 1
548890 1
554048 1
556822 1
560366 1
560551 1
562623 1
564653 1
566069 1
573058 1
573733 1
580715 1
584092 1
596438 1
599053 1
619511 1
622334 1
637007 1
647518 1
651336 1
656663 1
657343 1
674198 1
675946 1
681158 1
691127 1
700345 1
702449 1
703138 1
704428 1
712245 1
715785 1
718171 1
720491 1
726436 1
739511 1
752865 1
757080 1
763096 1
778758 1
779685 1
781468 1
790004 1
800045 1
805669 1
808180 1
810054 1
811272 1
812945 1
815221 1
828609 1
830869 1
832476 1
833052 1
837085 1
847185 1
847661 1
847758 1
860541 1
873315 1
875582 1
879383 1
880821 1
882343 1
890355 1
894880 1
895806 1
910093 1
920652 1
921275 1
922388 1
922949 1
923236 1
925212 1
927520 1
927537 1
929460 1
949852 1
952524 1
954707 1
957309 1
959273 1
980339 1
983182 1
983375 1
993487 1
996852 1
998893 1
1004697 1
1010720 1
1015455 1
1020453 1
1022468 1
1038838 1
1039826 1
1040870 1
1048493 1
1048667 1
1051700 1
1054440 1
1056162 1
1069494 1
1078023 1
1078940 1
1083404 1
1093621 1
1094604 1
1098787 1
1114317 1
1119980 1
1119982 1
1137926 1
1144451 1
1161042 1
1168258 1
1169184 1
1170316 1
1170321 1
1181609 1
1187504 1
1196669 1
1197065 1
1201580 1
1205795 1
1205838 1
1208011 1
1208177 1
1214238 1
1214459 1
1225398 1
1226882 1
1228897 1
1251196 1
1257956 1
1260693 1
1263459 1
1266054 1
1271902 1
1273111 1
1278128 1
1278215 1
1282986 1
1286880 1
1286880 1
1298414 1
1302776 1
1303527 1
1304301 1
1306881 1
1319245 1
1323920 1
1324982 1
1327386 1
1328109 1
1328469 1
1331590 1
1334191 1
1334925 1
1336902 1
1343025 1
1347952 1
1352935 1
1353643 1
1381608 1
1386920 1
1400966 1
1405378 1
1407456 1
1416468 1
1417147 1
1418222 1
1418264 1
1418614 1
1420867 1
1420911 1
1423622 1
1430186 1
1437571 1
1438036 1
1438178 1
1446345 1
1456430 1
1458760 1
1462822 1
1467282 1
1469471 1
1472167 1
1472242 1
1473756 1
1477218 1
1477884 1
1485385 1
1495899 1
1506316 1
1507737 1
1509507 1
1513093 1
1518850 1
1523030 1
1523631 1
1530328 1
1531658 1
1536027 1
1537719 1
1546163 1
1548841 1
1550934 1
1555317 1
1579506 1
1581416 1
1584308 1
1586789 1
1587380 1
1593504 1
1601145 1
1608788 1
1614248 1
1616192 1
1616984 1
1620121 1
1628945 1
1629786 1
1636501 1
1643805 1
1645857 1
1647081 1
1649675 1
1654286 1
1682124 1
1684766 1
1690400 1
1693247 1
1696975 1
1700062 1
1700130 1
1700443 1
1700710 1
1706984 1
1716013 1
1723594 1
1729580 1
1732089 1
1732663 1
1733302 1
1739173 1
1740541 1
1745535 1
1745949 1
1754179 1
1765126 1
1765126 1
1766602 1
1767647 1
1773906 1
1780188 1
1798882 1
1798983 1
1800015 1
1812352 1
1817310 1
1834163 1
1852262 1
1855683 1
1863540 1
1864487 1
1864659 1
1870337 1
1873720 1
1876783 1
1890991 1
1891043 1
1897465 1
1905114 1
1906188 1
1907026 1
1907746 1
1934519 1
1937045 1
1937675 1
1964924 1
1967103 1
1973035 1
1973178 1
1979213 1
1980835 1
2001945 1
2006666 1
2009425 1
2010356 1
2010356 1
2012680 1
2018339 1
2019255 1
2024625 1
2030803 1
2052397 1
2056715 1
2057167 1
2065381 1
2067386 1
2093628 1
2096801 1
2104542 1
2104565 1
2107645 1
2114697 1
2125918 1
2132014 1
2134460 1
2139412 1
2144922 1
2147937 1
2150923 1
2165278 1
2165486 1
2165486 1
2172347 1
2173283 1
2175975 1
2181111 1
2181111 1
2185022 1
2190620 1
2198433 1
2201195 1
2205367 1
2216593 1
2227958 1
2231160 1
2232796 1
2233582 1
2233586 1
2236013 1
2237116 1
2238684 1
2239387 1
2239659 1
2253584 1
2260150 1
2268101 1
2273678 1
2274327 1
2280288 1
2285385 1
2293775 1
2299352 1
2304001 1
2308684 1
2308684 1
2311737 1
2318223 1
2329920 1
2332730 1
2333589 1
2334506 1
2345845 1
2348629 1
2348666 1
2349661 1
2351059 1
2357112 1
2358059 1
2358337 1
2360026 1
2362437 1
2363296 1
2366699 1
2366725 1
2366725 1
2370016 1
2370175 1
2370943 1
2377449 1
2384640 1
2385337 1
2394747 1
2398508 1
2401265 1
2401363 1
2405526 1
2406848 1
2407072 1
2407072 1
2408297 1
2415367 1
2415982 1
2419870 1
2420357 1
2423455 1
2430484 1
2434510 1
2436005 1
2436005 1
2438464 1
2440076 1
2442543 1
2448897 1
2453737 1
2459886 1
2460260 1
2460605 1
2460733 1
2460733 1
2460804 1
2461269 1
2461303 1
2461324 1
2461327 1
2461473 1
2472495 1
2477197 1
2486373 1
2497032 1
2502289 1
2513014 1
2513014 1
2518020 1
2519519 1
2520603 1
2523767 1
2527397 1
2531221 1
2537116 1
2544132 1
2550996 1
2555348 1
2565908 1
2568787 1
2580693 1
2584292 1
2607361 1
2608948 1
2611923 1
2613321 1
2614503 1
2616988 1
2620339 1
2629462 1
2632844 1
2634814 1
2643154 1
2647106 1
2647940 1
2658260 1
2660000 1
2660433 1
2664177 1
2665607 1
2665734 1
2665748 1
2672080 1
2684190 1
2697753 1
2697893 1
2703939 1
2708842 1
2710640 1
2710979 1
2712118 1
2713088 1
2714407 1
2724475 1
2731927 1
2733876 1
2738957 1
2762834 1
2770977 1
2776898 1
2778121 1
2781632 1
2803163 1
2804756 1
2805209 1
2805301 1
2806020 1
2812764 1
2828622 1
2829775 1
2832842 1
2850208 1
2852044 1
2852457 1
2860002 1
2860812 1
2861112 1
2880271 1
2886176 1
2891805 1
2895340 1
2897705 1
2907080 1
2929051 1
2933142 1
2933465 1
2947783 1
2966332 1
2973741 1
2978466 1
2987982 1
2989824 1
2992002 1
2993793 1
2994484 1
2999448 1
3003302 1
3007445 1
3007906 1
3014800 1
3016710 1
3017005 1
3020764 1
3027410 1
3029506 1
3036928 1
3037783 1
3043986 1
3049445 1
3057852 1
3057852 1
3060239 1
3062856 1
3066321 1
3066529 1
3076121 1
3077305 1
3079883 1
3085747 1
3096774 1
3105873 1
3107480 1
3107837 1
3108164 1
3110191 1
3116520 1
3126497 1
3127543 1
3127543 1
3141159 1
3143813 1
3147476 1
3149015 1
3154129 1
3154224 1
3154395 1
3175696 1
3183849 1
3183951 1
3187718 1
3199125 1
3205213 1
3205570 1
3214416 1
3214876 1
3215478 1
3224720 1
3226112 1
3248479 1
3251561 1
3255142 1
3273134 1
3276226 1
3277531 1
3277531 1
3283051 1
3283400 1
3287445 1
3287598 1
3299959 1
3301602 1
3303461 1
3305108 1
3310359 1
3311889 1
3313651 1
3316642 1
3319220 1
3326669 1
3341111 1
3344835 1
3349128 1
3351615 1
3355571 1
3356320 1
3357285 1
3358478 1
3369649 1
3370140 1
3370672 1
3371238 1
3374473 1
3379706 1
3379730 1
3380106 1
3389085 1
3393908 1
3396627 1
3406196 1
3421151 1
3427071 1
3431157 1
3431288 1
3433771 1
3441015 1
3459663 1
3462289 1
3476523 1
3486952 1
3486952 1
3499952 1
3502016 1
3506138 1
3507645 1
3510023 1
3514548 1
3515704 1
3516637 1
3530666 1
3530824 1
3535520 1
3541018 1
3542840 1
3552679 1
3552679 1
3555841 1
3555841 1
3558580 1
3564260 1
3569182 1
3577150 1
3581451 1
3589876 1
3607734 1
3612120 1
3614983 1
3623711 1
3624793 1
3625135 1
3642829 1
3643207 1
3662337 1
3671357 1
3673460 1
3675405 1
3682622 1
3690791 1
3690871 1
3693808 1
3694365 1
3694929 1
3696351 1
3700926 1
3708520 1
3715172 1
3717457 1
3720433 1
3722760 1
3727969 1
3728911 1
3733196 1
3744780 1
3748967 1
3750954 1
3758865 1
3760754 1
3762175 1
3768582 1
3781523 1
3784384 1
3791747 1
3796904 1
3804640 1
3813620 1
3816187 1
3821396 1
3824280 1
3828886 1
3828966 1
3831900 1
3851347 1
3855750 1
3858459 1
3860052 1
3861015 1
3864355 1
3873049 1
3874558 1
3878057 1
3882510 1
3893769 1
3900591 1
3904143 1
3920946 1
3922447 1
3927362 1
3943056 1
3948264 1
3953676 1
3956370 1
3956558 1
3978640 1
3984277 1
3985653 1
3991982 1
3994061 1
3994507 1
3998778 1
4001268 1
4008378 1
4014467 1
4019220 1
4019355 1
4020870 1
4022768 1
4023965 1
4033863 1
4037510 1
4047526 1
4058857 1
4061850 1
4064840 1
4068038 1
4073123 1
4080489 1
4087787 1
4089026 1
4092803 1
4102835 1
4109748 1
4110197 1
4110380 1
4111647 1
4112201 1
4114776 1
4140273 1
4143562 1
4157907 1
4160377 1
4165623 1
4167965 1
4171766 1
4183108 1
4183264 1
4184041 1
4186098 1
4187526 1
4193504 1
4194025 1
4194054 1
4210325 1
4211835 1
4219671 1
4236911 1
4237418 1
4241547 1
4246246 1
4247986 1
4249869 1
4250218 1
4255106 1
4255852 1
4265643 1
4267287 1
4267331 1
4276375 1
4282631 1
4286028 1
4287154 1
4290918 1
4291718 1
4292129 1
4299565 1
4305474 1
4306945 1
4308426 1
4309754 1
4309761 1
4322777 1
4334808 1
4336329 1
4340671 1
4351645 1
4352523 1
4360861 1
4363198 1
4371853 1
4374098 1
4374098 1
4375432 1
4377748 1
4378515 1
4378817 1
4380569 1
4385496 1
4387823 1
4390859 1
4392201 1
4397346 1
4400503 1
4402770 1
4409970 1
4416952 1
4419626 1
4421647 1
4423108 1
4423612 1
4426262 1
4426262 1
4427546 1
4429529 1
4432206 1
4432206 1
4436572 1
4436844 1
4437953 1
4444416 1
4448201 1
4451713 1
4452744 1
4460912 1
4462197 1
4467033 1
4469939 1
4479114 1
4479715 1
4495962 1
4497715 1
4498233 1
4500737 1
4512172 1
4514356 1
4527026 1
4531511 1
4532407 1
4537639 1
4538218 1
4542421 1
4545233 1
4547226 1
4560360 1
4562398 1
4579059 1
4588182 1
4593328 1
4602600 1
4606205 1
4608914 1
4621225 1
4623039 1
4634201 1
4640810 1
4644372 1
4644372 1
4651763 1
4654497 1
4658015 1
4660428 1
4663457 1
4666857 1
4669347 1
4675743 1
4677523 1
4682651 1
4686854 1
4687924 1
4695598 1
4714608 1
4723144 1
4741156 1
4749325 1
4758545 1
4760969 1
4762902 1
4768373 1
4776504 1
4780962 1
4783760 1
4790397 1
4791034 1
4797911 1
4800374 1
4804085 1
4804085 1
4806421 1
4810569 1
4810569 1
4811258 1
4812338 1
4813483 1
4813864 1
4815027 1
4815796 1
4819170 1
4824402 1
4836411 1
4836559 1
4837620 1
4841900 1
4858655 1
4858954 1
4866523 1
4870584 1
4874435 1
4875904 1
4889441 1
4893591 1
4893695 1
4893929 1
4895427 1
4895672 1
4911616 1
4913729 1
4913729 1
4923415 1
4924330 1
4943118 1
4945781 1
4949465 1
4963193 1
4963899 1
4977380 1
4979527 1
4988065 1
4989195 1
5014544 1
5019893 1
5023575 1
5023575 1
5025593 1
5029500 1
5033284 1
5039105 1
5042681 1
5043962 1
5054691 1
5057346 1
5075351 1
5076882 1
5077981 1
5078715 1
5085541 1
5088391 1
5093827 1
5103495 1
5113323 1
5119794 1
5138530 1
5140423 1
5144822 1
5160013 1
5163504 1
5168851 1
5171761 1
5172639 1
5179080 1
5182768 1
5182965 1
5190216 1
5199385 1
5202974 1
5204282 1
5210281 1
5216806 1
5221073 1
5222143 1
5231849 1
5237031 1
5241157 1
5250266 1
5261721 1
5264961 1
5269003 1
5272800 1
5272800 1
5275310 1
5283507 1
5284233 1
5284534 1
5289234 1
5301387 1
5314293 1
5327318 1
5327450 1
5330078 1
5331308 1
5331733 1
5337639 1
5342819 1
5343745 1
5349568 1
5349884 1
5362285 1
5367323 1
5369666 1
5369814 1
5371701 1
5371716 1
5372295 1
5375371 1
5376430 1
5377128 1
5379992 1
5388173 1
5393461 1
5395201 1
5402394 1
5416815 1
5417890 1
5424098 1
5428663 1
5428677 1
5437659 1
5439095 1
5446322 1
5446839 1
5446996 1
5455174 1
5460018 1
5470845 1
5484983 1
5493211 1
5498730 1
5504929 1
5510865 1
5514940 1
5526154 1
5529898 1
5534407 1
5537705 1
5537974 1
5538294 1
5541176 1
5541342 1
5545016 1
5551052 1
5561685 1
5566846 1
5567331 1
5570618 1
5570678 1
5570900 1
5571061 1
5571061 1
5576252 1
5591863 1
5594937 1
5599098 1
5612247 1
5620133 1
5622396 1
5630961 1
5630961 1
5634956 1
5644160 1
5646049 1
5656308 1
5659308 1
5660786 1
5662139 1
5662562 1
5666901 1
5668295 1
5673926 1
5682113 1
5684165 1
5686520 1
5688353 1
5689397 1
5690262 1
5690516 1
5690529 1
5694833 1
5696123 1
5701614 1
5706352 1
5708015 1
5709994 1
5724339 1
5737753 1
5741037 1
5742208 1
5742579 1
5747845 1
5752508 1
5758385 1
5758419 1
5761439 1
5763409 1
5769110 1
5771417 1
5771561 1
5772407 1
5773606 1
5775123 1
5776178 1
5780171 1
5780310 1
5780310 1
5780315 1
5781480 1
5783917 1
5788195 1
5788326 1
5789243 1
5794344 1
5805293 1
5809040 1
5810293 1
5810835 1
5822072 1
5825810 1
5825810 1
5835250 1
5857711 1
5881077 1
5882272 1
5883297 1
5889723 1
5891319 1
5892000 1
5894107 1
5902622 1
5906041 1
5919470 1
5924539 1
5943770 1
5945660 1
5948907 1
5949030 1
5952282 1
5955531 1
5957590 1
5965962 1
5966301 1
5968340 1
5968340 1
5969869 1
5970874 1
5971797 1
5974452 1
5985806 1
5993221 1
5993957 1
5995101 1
6014278 1
6015332 1
6015510 1
6017073 1
6019859 1
6042144 1
6049477 1
6059357 1
6072594 1
6074635 1
6080449 1
6085734 1
6087585 1
6090465 1
6099839 1
6102996 1
6108015 1
6116239 1
6116756 1
6119318 1
6122105 1
6126062 1
6152693 1
6152770 1
6156319 1
6157418 1
6157418 1
6162239 1
6178095 1
6178423 1
6181036 1
6183474 1
6192281 1
6192281 1
6197485 1
6199390 1
6200555 1
6227376 1
6233641 1
6243575 1
6253065 1
6254821 1
6257781 1
6259151 1
6281929 1
6286461 1
6288784 1
6325230 1
6329175 1
6339811 1
6358982 1
6359123 1
6367911 1
6369915 1
6382121 1
6384168 1
6384168 1
6392897 1
6398979 1
6407429 1
6410978 1
6411595 1
6425701 1
6429225 1
6431698 1
6432866 1
6435409 1
6436155 1
6446064 1
6453261 1
6453538 1
6456966 1
6456966 1
6458655 1
6470419 1
6475664 1
6479592 1
6481246 1
6486227 1
6488435 1
6496720 1
6496720 1
6497205 1
6497836 1
6498639 1
6517158 1
6517167 1
6520889 1
6523357 1
6526782 1
6533474 1
6535780 1
6535856 1
6535948 1
6538466 1
6538650 1
6557823 1
6561659 1
6573268 1
6575254 1
6576082 1
6588345 1
6598129 1
6601224 1
6602741 1
6605898 1
6612340 1
6616541 1
6617271 1
6624947 1
6644133 1
6645263 1
6647666 1
6651284 1
6651716 1
6652001 1
6652996 1
6653504 1
6681177 1
6686229 1
6692381 1
6693871 1
6698649 1
6703639 1
6707794 1
6709702 1
6711927 1
6717811 1
6717811 1
6719137 1
6724371 1
6732427 1
6735977 1
6735992 1
6740429 1
6747926 1
6750018 1
6755529 1
6758184 1
6769139 1
6771977 1
6774053 1
6774803 1
6777743 1
6779701 1
6784548 1
6785384 1
6789257 1
6789370 1
6789423 1
6799509 1
6803019 1
6804126 1
6806668 1
6816185 1
6818649 1
6818930 1
6819714 1
6820498 1
6820498 1
6825701 1
6828168 1
6840739 1
6841293 1
6845827 1
6849332 1
6856917 1
6859113 1
6860318 1
6868721 1
6887571 1
6888918 1
6893672 1
6896835 1
6898373 1
6900148 1
6905748 1
6906624 1
6912040 1
6914087 1
6916426 1
6922696 1
6922797 1
6929637 1
6931250 1
6931259 1
6932658 1
6938041 1
6938041 1
6938465 1
6951599 1
6952596 1
6960043 1
6963484 1
6968842 1
6972208 1
6974347 1
6974850 1
6974850 1
6985896 1
6985983 1
6990450 1
6990450 1
7001356 1
7003980 1
7007237 1
7008837 1
7008979 1
7010914 1
7012596 1
7014314 1
7014492 1
7017597 1
7022860 1
7023125 1
7030769 1
7033702 1
7043907 1
7044267 1
7050948 1
7053902 1
7057227 1
7064444 1
7068836 1
7070597 1
7072716 1
7074133 1
7074398 1
7078011 1
7078902 1
7081465 1
7095462 1
7100636 1
7103458 1
7108273 1
7133144 1
7142663 1
7146941 1
7148367 1
7152642 1
7153064 1
7153395 1
7168557 1
7198424 1
7203958 1
7210111 1
7219860 1
7226846 1
7228997 1
7232296 1
7232586 1
7234182 1
7239834 1
7246202 1
7249189 1
7260014 1
7271558 1
7271820 1
7284662 1
7285672 1
7285953 1
7287250 1
7300432 1
7303255 1
7303255 1
7321046 1
7325600 1
7331496 1
7331496 1
7341510 1
7347197 1
7348980 1
7349275 1
7353312 1
7357582 1
7366681 1
7368240 1
7369127 1
7369900 1
7372071 1
7374531 1
7377801 1
7378546 1
7388672 1
7388790 1
7388790 1
7391940 1
7396009 1
7404170 1
7405049 1
7411069 1
7419245 1
7436659 1
7437940 1
7441669 1
7451621 1
7460841 1
7468463 1
7468531 1
7477933 1
7481110 1
7483791 1
7485718 1
7485876 1
7487351 1
7493633 1
7502556 1
7502712 1
7505402 1
7506886 1
7506886 1
7507084 1
7507956 1
7513152 1
7516325 1
7522064 1
7522336 1
7528465 1
7528610 1
7529281 1
7534771 1
7536052 1
7537786 1
7540154 1
7553358 1
7567925 1
7579937 1
7587452 1
7587452 1
7590919 1
7591610 1
7594820 1
7596163 1
7604007 1
7604007 1
7607940 1
7608784 1
7612257 1
7628874 1
7634012 1
7634072 1
7634956 1
7640084 1
7642008 1
7642220 1
7644263 1
7648538 1
7657595 1
7659864 1
7663156 1
7673715 1
7700281 1
7705303 1
7706548 1
7710137 1
7718656 1
7727936 1
7729189 1
7732845 1
7733389 1
7734985 1
7742411 1
7755176 1
7770905 1
7771836 1
7772586 1
7772639 1
7772824 1
7772917 1
7773337 1
7773771 1
7774433 1
7774985 1
7776178 1
7776752 1
7781674 1
7784227 1
7784235 1
7787159 1
7789213 1
7802417 1
7802534 1
7807869 1
7829752 1
7830523 1
7838794 1
7843255 1
7846280 1
7846748 1
7849839 1
7850307 1
7853301 1
7856316 1
7859003 1
7859336 1
7863970 1
7864864 1
7868115 1
7869313 1
7869869 1
7870241 1
7878708 1
7889242 1
7892051 1
7892488 1
7896062 1
7897648 1
7906434 1
7913737 1
7916082 1
7917754 1
7917957 1
7917957 1
7919660 1
7919905 1
7922918 1
7930608 1
7932570 1
7941491 1
7942488 1
7960346 1
7967750 1
7995761 1
7995887 1
7999870 1
8000226 1
8003222 1
8008849 1
8010463 1
8015081 1
8017597 1
8018596 1
8018688 1
8019770 1
8024668 1
8026498 1
8026975 1
8028731 1
8029883 1
8034651 1
8036718 1
8039164 1
8041999 1
8042790 1
8044154 1
8055691 1
8055691 1
8061004 1
8065190 1
8066292 1
8073872 1
8076694 1
8080962 1
8082335 1
8085299 1
8088240 1
8089023 1
8089541 1
8089813 1
8095179 1
8095179 1
8097030 1
8097745 1
8104937 1
8105316 1
8107734 1
8112046 1
8112623 1
8112623 1
8113964 1
8114740 1
8115258 1
8121569 1
8121586 1
8121586 1
8126053 1
8127367 1
8130483 1
8134666 1
8135835 1
8136498 1
8145433 1
8147448 1
8157831 1
8161322 1
8162767 1
8171444 1
8173475 1
8184704 1
8190455 1
8195993 1
8196706 1
8199913 1
8203602 1
8208190 1
8209006 1
8216171 1
8232840 1
8235712 1
8236063 1
8236908 1
8237490 1
8237876 1
8244989 1
8245075 1
8247423 1
8252133 1
8255863 1
8265508 1
8274890 1
8293607 1
8296506 1
8300073 1
8304851 1
8305907 1
1759 1
16306 1
19428 1
24867 1
27810 1
29004 1
29880 1
41366 1
42798 1
45617 1
61692 1
66687 1
68292 1
70201 1
70759 1
74482 1
84195 1
94362 1
99527 1
100112 1
102296 1
102497 1
102554 1
102747 1
105952 1
106140 1
106542 1
108552 1
109992 1
110298 1
111193 1
111193 1
113296 1
119188 1
119543 1
121927 1
123455 1
127212 1
127734 1
129787 1
131608 1
133193 1
134095 1
137467 1
138188 1
142187 1
143605 1
143608 1
146247 1
146538 1
146759 1
150048 1
150048 1
150281 1
150904 1
153597 1
158766 1
165399 1
167465 1
168619 1
169369 1
170533 1
170834 1
170834 1
172041 1
174596 1
176751 1
176845 1
178280 1
178352 1
179465 1
183941 1
189666 1
190217 1
191971 1
193786 1
194249 1
194614 1
194879 1
195107 1
197934 1
198209 1
202350 1
203636 1
206308 1
206625 1
206625 1
208347 1
209511 1
211302 1
218309 1
220294 1
221290 1
222762 1
222974 1
223285 1
224137 1
227056 1
231451 1
236593 1
239986 1
244464 1
246053 1
246819 1
265450 1
274294 1
274384 1
284704 1
286411 1
288701 1
302670 1
316009 1
317687 1
317963 1
319210 1
319899 1
334321 1
338910 1
351874 1
356309 1
359346 1
360291 1
369052 1
372153 1
375441 1
391957 1
391976 1
397149 1
415930 1
416745 1
426783 1
428708 1
429226 1
437334 1
456101 1
456880 1
478988 1
479421 1
480656 1
480992 1
482340 1
498753 1
499393 1
502189 1
505365 1
510493 1
512628 1
512757 1
515479 1
523670 1
525906 1
526821 1
529484 1
532720 1
540840 1
563705 1
563888 1
567472 1
570906 1
587545 1
589956 1
598337 1
611600 1
613494 1
614723 1
621839 1
622025 1
628650 1
630395 1
636810 1
642816 1
651497 1
652003 1
652003 1
661773 1
680655 1
697813 1
703592 1
707515 1
714937 1
717308 1
717523 1
731349 1
734753 1
741150 1
746055 1
747498 1
750216 1
751169 1
752595 1
757374 1
757635 1
761715 1
765337 1
774371 1
774371 1
776018 1
779961 1
786495 1
789089 1
789792 1
795162 1
798843 1
798843 1
801884 1
802147 1
807473 1
809532 1
818720 1
818948 1
819198 1
825937 1
831737 1
845065 1
849251 1
857143 1
870760 1
873176 1
881756 1
881876 1
883000 1
886498 1
901467 1
910909 1
911415 1
913434 1
921242 1
921622 1
922516 1
926849 1
926849 1
942624 1
952997 1
953128 1
955509 1
955509 1
955544 1
956035 1
957543 1
969973 1
976711 1
980100 1
986158 1
986985 1
1002880 1
1013081 1
1016141 1
1018859 1
1020818 1
1033610 1
1037306 1
1037851 1
1039766 1
1043823 1
1046174 1
1051505 1
1060119 1
1063925 1
1064013 1
1065070 1
1065070 1
1071732 1
1078728 1
1084926 1
1088478 1
1090340 1
1097451 1
1099891 1
1099904 1
1110689 1
1126847 1
1127070 1
1128966 1
1131680 1
1132016 1
1133487 1
1148227 1
1152368 1
1153446 1
1165582 1
1166773 1
1170491 1
1171655 1
1181097 1
1181629 1
1182992 1
1199394 1
1200043 1
1205279 1
1210454 1
1225252 1
1230051 1
1234049 1
1256963 1
1257936 1
1260624 1
1261165 1
1266627 1
1267199 1
1269172 1
1270010 1
1272272 1
1277803 1
1277986 1
1281323 1
1283054 1
1291558 1
1291558 1
1296634 1
1298004 1
1301909 1
1302724 1
1306456 1
1314982 1
1320929 1
1320942 1
1321947 1
1326823 1
1328438 1
1341343 1
1343019 1
1347141 1
1347922 1
1356602 1
1366844 1
1367259 1
1370755 1
1372530 1
1373900 1
1378256 1
1382348 1
1393114 1
1393209 1
1397027 1
1413114 1
1416864 1
1424297 1
1425570 1
1426334 1
1431911 1
1438830 1
1438966 1
1441760 1
1446809 1
1449576 1
1454084 1
1456275 1
1456502 1
1459560 1
1459768 1
1460485 1
1466880 1
1478981 1
1479763 1
1480579 1
1482511 1
1482929 1
1485552 1
1495755 1
1495755 1
1495832 1
1496283 1
1498321 1
1505110 1
1512755 1
1519941 1
1520147 1
1521613 1
1523728 1
1526046 1
1530268 1
1531545 1
1537270 1
1543153 1
1543158 1
1543978 1
1545533 1
1548179 1
1549255 1
1555390 1
1557224 1
1560906 1
1570305 1
1572428 1
1572651 1
1578160 1
1580739 1
1580770 1
1580974 1
1588884 1
1589878 1
1600736 1
1606362 1
1611121 1
1617394 1
1628220 1
1633845 1
1638295 1
1645893 1
1645894 1
1645899 1
1652423 1
1658929 1
1666105 1
1666878 1
1672670 1
1673059 1
1676723 1
1678285 1
1680124 1
1680404 1
1684819 1
1692826 1
1700041 1
1700041 1
1702647 1
1717150 1
1719787 1
1726507 1
1730015 1
1734536 1
1741916 1
1748527 1
1751936 1
1765681 1
1768601 1
1779635 1
1787311 1
1789448 1
1789469 1
1790893 1
1795231 1
1797703 1
1801143 1
1805200 1
1805322 1
1811627 1
1815469 1
1828570 1
1833474 1
1834475 1
1834475 1
1846555 1
1856036 1
1857103 1
1857272 1
1859576 1
1870868 1
1884211 1
1887365 1
1889893 1
1892175 1
1892175 1
1896782 1
1898207 1
1908019 1
1913215 1
1913380 1
1928952 1
1937047 1
1938192 1
1938195 1
1940178 1
1940938 1
1948565 1
1949895 1
1951146 1
1953180 1
1953819 1
1954447 1
1955206 1
1958424 1
1959186 1
1961850 1
1965455 1
1972051 1
1975217 1
1975348 1
1978187 1
1982152 1
1985505 1
1986940 1
1987966 1
1993769 1
1994059 1
1994137 1
1999179 1
2012940 1
2013472 1
2019277 1
2023061 1
2023121 1
2030187 1
2052346 1
2057984 1
2065053 1
2068478 1
2070337 1
2080598 1
2091585 1
2092533 1
2104455 1
2113581 1
2114918 1
2122332 1
2127700 1
2129239 1
2132401 1
2133793 1
2141985 1
2145959 1
2146535 1
2157470 1
2163551 1
2164617 1
2185807 1
2189228 1
2191174 1
2195492 1
2197943 1
2198197 1
2200173 1
2200173 1
2201449 1
2202754 1
2203332 1
2214913 1
2233797 1
2234471 1
2234620 1
2235827 1
2236424 1
2238996 1
2240017 1
2254340 1
2254340 1
2254843 1
2256994 1
2266156 1
2270675 1
2270675 1
2273948 1
2274759 1
2278654 1
2288517 1
2289459 1
2293202 1
2299348 1
2303157 1
2309681 1
2311111 1
2314540 1
2320791 1
2328262 1
2328272 1
2334625 1
2342088 1
2345004 1
2348217 1
2350654 1
2350720 1
2356052 1
2359825 1
2373675 1
2378195 1
2381770 1
2381842 1
2397830 1
2401235 1
2406230 1
2407042 1
2407042 1
2408525 1
2415921 1
2425956 1
2428344 1
2434599 1
2435186 1
2441532 1
2447110 1
2451301 1
2451526 1
2452965 1
2455580 1
2459449 1
2460021 1
2460154 1
2460340 1
2460405 1
2460946 1
2461019 1
2461140 1
2461140 1
2461146 1
2461227 1
2469779 1
2470274 1
2474935 1
2478691 1
2480481 1
2480709 1
2488217 1
2488414 1
2494712 1
2496514 1
2501176 1
2507906 1
2512799 1
2521451 1
2522027 1
2523133 1
2528019 1
2531325 1
2535046 1
2543744 1
2543744 1
2547255 1
2563938 1
2567147 1
2567486 1
2568880 1
2580889 1
2581833 1
2587336 1
2603427 1
2617873 1
2619946 1
2623858 1
2632349 1
2638629 1
2661289 1
2663502 1
2663502 1
2667073 1
2671257 1
2672536 1
2674776 1
2680400 1
2687216 1
2687579 1
2691071 1
2712238 1
2712238 1
2714247 1
2714247 1
2716058 1
2720347 1
2728487 1
2732464 1
2747586 1
2747842 1
2755804 1
2756300 1
2775078 1
2776661 1
2776941 1
2780178 1
2780855 1
2782126 1
2782786 1
2784160 1
2787520 1
2788341 1
2793043 1
2793478 1
2793657 1
2795179 1
2800599 1
2800688 1
2800699 1
2803829 1
2809111 1
2812120 1
2817474 1
2819099 1
2823376 1
2843649 1
2850389 1
2851993 1
2855238 1
2866919 1
2870349 1
2877601 1
2878755 1
2885006 1
2887665 1
2889227 1
2891681 1
2895711 1
2897756 1
2904662 1
2908085 1
2911753 1
2918705 1
2919626 1
2919626 1
2922445 1
2929409 1
2930490 1
2930981 1
2932311 1
2935239 1
2939193 1
2942555 1
2942723 1
2954682 1
2959883 1
2961744 1
2964152 1
2970849 1
2982971 1
2988186 1
2988813 1
2989718 1
2991724 1
3000973 1
3002124 1
3006829 1
3010069 1
3027115 1
3039791 1
3041529 1
3043732 1
3045131 1
3048951 1
3049332 1
3050694 1
3055445 1
3059260 1
3059901 1
3061766 1
3063523 1
3065844 1
3068744 1
3070855 1
3078372 1
3094520 1
3094941 1
3097799 1
3098193 1
3103685 1
3104599 1
3117036 1
3117521 1
3121833 1
3125891 1
3131764 1
3134395 1
3148945 1
3150571 1
3151475 1
3155253 1
3155721 1
3158749 1
3163597 1
3164787 1
3167712 1
3168798 1
3171519 1
3174388 1
3177139 1
3180474 1
3182661 1
3184771 1
3185130 1
3192203 1
3195659 1
3200221 1
3201167 1
3209892 1
3215652 1
3222768 1
3225440 1
3228295 1
3228427 1
3242322 1
3251932 1
3252975 1
3253696 1
3254760 1
3271012 1
3275119 1
3279362 1
3282916 1
3284466 1
3284466 1
3289748 1
3289748 1
3292416 1
3298352 1
3298362 1
3299057 1
3302862 1
3304473 1
3306371 1
3321823 1
3327257 1
3338950 1
3339039 1
3345466 1
3364435 1
3366461 1
3372927 1
3385937 1
3386270 1
3387017 1
3401422 1
3404078 1
3411087 1
3411850 1
3414211 1
3421525 1
3426588 1
3433832 1
3436930 1
3449586 1
3453674 1
3458158 1
3461220 1
3461227 1
3462311 1
3464683 1
3471092 1
3478439 1
3479657 1
3493985 1
3499291 1
3507359 1
3514710 1
3517046 1
3519828 1
3519867 1
3537235 1
3539512 1
3544648 1
3552347 1
3562802 1
3584997 1
3589332 1
3596467 1
3605337 1
3617397 1
3631492 1
3635091 1
3640076 1
3640076 1
3640705 1
3641029 1
3662913 1
3663905 1
3669378 1
3684042 1
3686031 1
3688801 1
3702862 1
3703451 1
3708233 1
3710225 1
3712028 1
3712119 1
3718880 1
3721202 1
3726788 1
3730667 1
3731873 1
3736384 1
3745172 1
3751055 1
3757677 1
3758286 1
3758573 1
3775195 1
3777041 1
3777041 1
3777707 1
3778770 1
3778903 1
3779554 1
3784822 1
3784975 1
3789227 1
3799166 1
3799488 1
3799874 1
3805943 1
3806002 1
3806701 1
3810752 1
3818766 1
3819084 1
3828182 1
3831776 1
3841534 1
3846432 1
3854022 1
3858499 1
3859053 1
3859956 1
3859956 1
3860991 1
3861198 1
3862453 1
3869146 1
3871496 1
3873121 1
3874643 1
3877870 1
3880584 1
3901006 1
3917036 1
3917681 1
3930533 1
3934584 1
3935181 1
3939506 1
3944003 1
3948444 1
3965571 1
3972104 1
3977870 1
3983489 1
3984587 1
3994434 1
4001780 1
4002927 1
4003790 1
4003836 1
4005367 1
4005965 1
4014233 1
4015797 1
4031341 1
4033597 1
4035867 1
4037422 1
4056613 1
4062212 1
4068070 1
4069342 1
4071774 1
4073043 1
4074215 1
4075650 1
4076413 1
4081225 1
4089653 1
4091910 1
4093412 1
4093554 1
4096076 1
4101577 1
4107719 1
4108970 1
4111020 1
4114004 1
4117128 1
4129324 1
4130494 1
4130786 1
4132811 1
4140787 1
4147263 1
4151610 1
4156116 1
4158156 1
4159639 1
4165069 1
4185113 1
4187220 1
4188626 1
4190956 1
4191544 1
4205373 1
4205970 1
4206732 1
4208635 1
4213292 1
4217465 1
4218573 1
4221107 1
4227209 1
4229770 1
4232559 1
4233793 1
4240585 1
4242466 1
4256067 1
4257336 1
4261379 1
4263775 1
4268364 1
4270337 1
4271411 1
4279948 1
4285920 1
4290049 1
4296298 1
4308794 1
4322903 1
4322903 1
4324724 1
4324961 1
4343083 1
4344773 1
4348565 1
4352424 1
4353744 1
4356454 1
4361019 1
4362475 1
4363051 1
4363290 1
4363853 1
4366622 1
4371104 1
4371154 1
4373331 1
4373438 1
4374582 1
4375963 1
4380731 1
4384727 1
4385044 1
4386043 1
4386146 1
4388360 1
4391075 1
4391075 1
4394739 1
4400420 1
4402654 1
4409810 1
4411271 1
4422799 1
4422957 1
4426195 1
4432157 1
4437469 1
4437596 1
4449592 1
4469879 1
4475231 1
4480504 1
4490562 1
4498720 1
4506782 1
4525501 1
4535059 1
4558563 1
4559593 1
4561418 1
4561441 1
4569549 1
4571722 1
4576361 1
4597652 1
4599100 1
4599878 1
4607305 1
4623346 1
4635291 1
4640610 1
4648988 1
4652054 1
4661115 1
4667307 1
4668696 1
4672188 1
4672650 1
4672718 1
4675371 1
4687055 1
4698844 1
4704350 1
4706182 1
4712676 1
4714300 1
4716762 1
4724219 1
4724529 1
4726445 1
4727713 1
4733916 1
4733916 1
4735060 1
4737603 1
4738051 1
4757202 1
4760613 1
4760877 1
4761124 1
4761209 1
4763418 1
4763902 1
4779417 1
4785661 1
4785711 1
4797818 1
4798340 1
4801471 1
4802594 1
4803202 1
4806974 1
4809783 1
4809878 1
4811447 1
4812031 1
4812120 1
4812240 1
4814903 1
4815750 1
4816175 1
4817509 1
4818146 1
4819399 1
4819847 1
4819860 1
4832217 1
4835312 1
4838368 1
4841694 1
4844517 1
4844547 1
4846564 1
4847392 1
4848088 1
4852657 1
4858780 1
4863576 1
4869563 1
4872393 1
4876016 1
4877159 1
4877988 1
4889269 1
4898685 1
4898763 1
4910650 1
4913058 1
4913841 1
4926692 1
4927553 1
4932280 1
4934375 1
4935146 1
4959953 1
4961447 1
4963316 1
4963674 1
4964312 1
4995951 1
5005826 1
5007160 1
5013352 1
5015331 1
5020357 1
5020928 1
5023955 1
5023955 1
5026317 1
5027722 1
5035031 1
5035457 1
5039159 1
5050711 1
5053085 1
5064328 1
5073625 1
5074715 1
5076732 1
5077313 1
5080185 1
5082035 1
5085121 1
5087818 1
5088080 1
5089646 1
5112960 1
5136500 1
5145232 1
5149558 1
5154227 1
5156237 1
5156649 1
5162333 1
5164268 1
5167795 1
5170542 1
5176728 1
5176975 1
5191791 1
5191807 1
5193100 1
5202034 1
5202666 1
5207092 1
5208907 1
5208908 1
5232351 1
5234344 1
5247541 1
5260215 1
5260990 1
5268261 1
5274917 1
5292513 1
5300731 1
5307592 1
5311718 1
5313865 1
5313892 1
5313892 1
5317559 1
5327165 1
5328523 1
5328583 1
5330009 1
5332550 1
5334412 1
5335295 1
5340259 1
5346431 1
5368073 1
5371749 1
5375728 1
5376793 1
5376905 1
5377673 1
5378070 1
5378515 1
5379582 1
5382627 1
5386038 1
5391179 1
5391179 1
5406703 1
5415336 1
5420137 1
5436171 1
5437728 1
5452225 1
5455723 1
5456801 1
5462813 1
5469727 1
5486202 1
5489627 1
5499468 1
5503083 1
5503083 1
5504613 1
5505066 1
5510003 1
5510031 1
5510903 1
5527093 1
5529375 1
5530880 1
5542209 1
5547869 1
5549441 1
5549998 1
5554989 1
5555817 1
5562087 1
5567277 1
5570542 1
5572718 1
5579241 1
5583562 1
5583562 1
5591837 1
5592450 1
5592677 1
5594135 1
5599249 1
5599249 1
5608772 1
5610825 1
5610825 1
5618236 1
5618236 1
5621274 1
5622297 1
5623951 1
5637559 1
5659826 1
5665060 1
5670153 1
5672362 1
5676767 1
5679536 1
5680691 1
5681776 1
5689187 1
5689610 1
5689632 1
5690305 1
5693237 1
5693765 1
5699237 1
5707894 1
5709808 1
5712955 1
5715576 1
5720280 1
5720283 1
5720387 1
5721578 1
5721578 1
5723056 1
5729889 1
5731774 1
5742708 1
5744527 1
5747263 1
5754636 1
5754920 1
5757304 1
5757309 1
5758482 1
5762767 1
5763260 1
5770270 1
5788313 1
5793942 1
5798275 1
5802502 1
5805780 1
5807981 1
5808072 1
5808921 1
5816402 1
5820542 1
5822453 1
5825679 1
5825679 1
5826578 1
5830655 1
5843074 1
5858508 1
5871711 1
5876122 1
5879940 1
5879940 1
5881194 1
5882550 1
5886312 1
5888599 1
5890034 1
5892206 1
5892366 1
5893764 1
5905520 1
5907208 1
5911992 1
5921388 1
5924198 1
5924818 1
5926340 1
5929751 1
5933831 1
5942256 1
5947890 1
5949590 1
5949590 1
5956217 1
5958335 1
5960738 1
5963665 1
5968929 1
5970277 1
5972527 1
5992506 1
5993207 1
5999258 1
6001738 1
6010612 1
6011254 1
6014598 1
6026319 1
6029790 1
6030545 1
6030621 1
6033905 1
6040455 1
6042349 1
6042634 1
6043361 1
6043361 1
6044452 1
6047262 1
6049421 1
6061039 1
6073425 1
6075206 1
6078317 1
6079560 1
6085193 1
6086143 1
6090886 1
6102449 1
6105437 1
6128802 1
6129782 1
6140060 1
6145745 1
6149615 1
6152380 1
6157458 1
6157832 1
6170768 1
6182837 1
6185326 1
6187279 1
6191774 1
6200099 1
6218417 1
6226944 1
6227263 1
6227329 1
6227329 1
6227669 1
6228739 1
6232400 1
6240340 1
6244456 1
6251025 1
6264582 1
6278033 1
6279239 1
6279967 1
6280695 1
6282274 1
6286893 1
6292413 1
6293645 1
6294177 1
6299497 1
6302445 1
6303733 1
6304648 1
6308856 1
6309256 1
6315207 1
6326306 1
6328549 1
6340350 1
6352961 1
6354456 1
6355661 1
6359319 1
6362586 1
6363902 1
6373514 1
6377162 1
6380116 1
6382781 1
6385708 1
6387104 1
6387713 1
6388152 1
6392018 1
6397250 1
6402426 1
6410621 1
6418803 1
6418803 1
6420044 1
6422099 1
6436765 1
6439959 1
6454753 1
6458509 1
6465495 1
6477690 1
6480355 1
6483622 1
6486809 1
6489695 1
6499038 1
6500611 1
6502014 1
6515031 1
6515265 1
6517836 1
6524392 1
6526299 1
6528534 1
6530263 1
6530442 1
6533223 1
6535530 1
6536219 1
6543880 1
6547690 1
6547690 1
6547755 1
6547755 1
6549694 1
6549887 1
6550615 1
6554283 1
6557269 1
6559186 1
6559444 1
6562365 1
6575999 1
6575999 1
6578544 1
6582049 1
6587561 1
6588142 1
6588544 1
6598831 1
6611350 1
6613304 1
6624955 1
6624955 1
6631026 1
6633214 1
6639205 1
6667023 1
6677690 1
6677690 1
6686021 1
6697637 1
6702590 1
6711895 1
6713758 1
6715574 1
6719067 1
6719339 1
6721079 1
6721759 1
6723349 1
6734136 1
6734277 1
6753126 1
6754639 1
6754826 1
6757774 1
6768240 1
6772159 1
6774270 1
6775004 1
6790914 1
6822575 1
6822835 1
6832883 1
6833167 1
6867124 1
6868351 1
6870022 1
6871489 1
6878405 1
6887434 1
6891063 1
6894992 1
6898233 1
6902936 1
6925018 1
6925710 1
6926782 1
6930004 1
6932930 1
6933375 1
6934666 1
6937832 1
6938500 1
6940282 1
6948848 1
6967580 1
6968292 1
6970604 1
6974961 1
6978490 1
6983132 1
6994070 1
6994956 1
7000341 1
7004680 1
7005784 1
7009451 1
7012678 1
7018128 1
7022189 1
7022448 1
7037857 1
7038927 1
7040442 1
7041066 1
7046321 1
7047957 1
7048663 1
7050336 1
7051120 1
7054770 1
7060274 1
7060274 1
7064686 1
7077113 1
7078132 1
7078404 1
7082944 1
7083056 1
7083057 1
7089710 1
7105819 1
7105830 1
7107308 1
7109665 1
7112846 1
7113369 1
7116293 1
7117486 1
7117499 1
7126483 1
7127735 1
7140597 1
7141091 1
7145695 1
7151759 1
7156228 1
7159773 1
7161626 1
7170412 1
7172406 1
7180383 1
7183796 1
7190442 1
7190536 1
7196445 1
7200019 1
7201799 1
7202671 1
7206646 1
7211471 1
7222906 1
7231966 1
7233110 1
7233110 1
7238917 1
7240584 1
7246160 1
7246600 1
7251154 1
7252467 1
7271788 1
7271788 1
7275176 1
7277712 1
7278456 1
7282077 1
7298177 1
7298824 1
7302006 1
7304728 1
7317452 1
7321055 1
7330812 1
7331019 1
7331110 1
7334899 1
7343732 1
7352549 1
7352549 1
7356284 1
7357016 1
7358980 1
7362642 1
7366890 1
7368789 1
7375432 1
7376692 1
7385675 1
7387164 1
7392183 1
7395077 1
7403703 1
7414312 1
7414312 1
7417876 1
7418575 1
7431723 1
7450351 1
7452700 1
7458629 1
7465150 1
7468514 1
7468606 1
7486359 1
7488916 1
7500727 1
7501055 1
7501200 1
7504402 1
7504402 1
7516175 1
7518361 1
7524732 1
7524735 1
7537075 1
7542428 1
7544119 1
7556885 1
7557195 1
7557195 1
7558414 1
7558556 1
7558556 1
7559169 1
7563003 1
7566551 1
7571256 1
7572744 1
7577245 1
7585089 1
7585149 1
7587492 1
7591703 1
7599830 1
7600938 1
7603889 1
7606376 1
7607774 1
7612339 1
7620354 1
7620354 1
7622517 1
7627952 1
7654759 1
7655981 1
7656597 1
7658783 1
7659509 1
7660628 1
7669118 1
7669204 1
7678362 1
7701662 1
7701662 1
7707092 1
7712741 1
7717637 1
7720621 1
7722362 1
7735197 1
7739167 1
7755848 1
7757098 1
7759006 1
7761017 1
7766447 1
7767500 1
7770289 1
7772908 1
7773448 1
7773799 1
7777029 1
7777671 1
7785373 1
7788479 1
7790339 1
7790760 1
7802476 1
7809162 1
7809383 1
7809871 1
7811405 1
7811573 1
7818226 1
7819838 1
7827380 1
7827380 1
7829257 1
7838005 1
7841314 1
7842225 1
7842225 1
7842686 1
7860029 1
7871924 1
7878578 1
7886328 1
7893465 1
7896169 1
7905311 1
7911968 1
7915018 1
7918849 1
7918849 1
7926438 1
7928574 1
7929702 1
7936952 1
7939383 1
7945803 1
7966034 1
7970548 1
7974164 1
7979046 1
7981959 1
7990489 1
7999415 1
8001617 1
8007839 1
8008914 1
8009778 1
8015264 1
8015466 1
8016633 1
8017373 1
8020534 1
8023666 1
8024382 1
8026161 1
8034615 1
8038073 1
8038926 1
8042353 1
8046687 1
8053551 1
8055533 1
8056246 1
8057664 1
8059899 1
8060352 1
8060430 1
8060979 1
8067133 1
8070442 1
8070536 1
8074835 1
8076181 1
8083118 1
8087671 1
8089774 1
8092506 1
8098176 1
8103095 1
8106954 1
8110977 1
8113032 1
8116642 1
8122936 1
8125601 1
8129701 1
8140235 1
8143711 1
8147896 1
8149139 1
8151540 1
8153157 1
8155133 1
8157164 1
8158598 1
8171202 1
8179043 1
8192637 1
8195079 1
8195939 1
8197631 1
8197745 1
8198023 1
8209352 1
8211178 1
8213719 1
8218731 1
8220729 1
8223032 1
8227194 1
8233166 1
8237594 1
8245033 1
8249888 1
8271679 1
8279713 1
8297288 1
8298159 1
8303821 1
8306617 1
8308532 1
8308532 1
26 1
1516 1
2477 1
2477 1
3031 1
4119 1
4465 1
5997 1
6617 1
7374 1
9237 1
10644 1
15871 1
23666 1
24576 1
27552 1
28946 1
34706 1
36027 1
36335 1
37602 1
40956 1
44610 1
52728 1
68058 1
76270 1
76926 1
99349 1
99349 1
99647 1
99886 1
102468 1
104383 1
107411 1
107989 1
108221 1
109867 1
110258 1
110343 1
114282 1
114282 1
116346 1
117231 1
119081 1
120517 1
124599 1
124757 1
124855 1
125482 1
129309 1
131748 1
132940 1
133025 1
137207 1
140843 1
140845 1
145604 1
152121 1
152985 1
156581 1
156754 1
162195 1
165402 1
169605 1
171925 1
173137 1
176142 1
180681 1
181940 1
182361 1
185822 1
189451 1
191163 1
194963 1
197368 1
199135 1
200019 1
201585 1
205729 1
210400 1
215839 1
217459 1
221029 1
223786 1
225753 1
232363 1
238180 1
270093 1
274594 1
288236 1
289150 1
290442 1
293108 1
303774 1
305114 1
305675 1
314489 1
315035 1
324255 1
327876 1
336796 1
341151 1
341319 1
341630 1
346561 1
346567 1
347883 1
354548 1
355007 1
359098 1
360850 1
367191 1
370994 1
382501 1
399681 1
403679 1
405459 1
426980 1
430889 1
436184 1
436700 1
452141 1
453242 1
456558 1
462280 1
471999 1
471999 1
474360 1
474736 1
475126 1
478648 1
478667 1
480783 1
487355 1
498390 1
499515 1
500699 1
500699 1
507719 1
507719 1
509199 1
515348 1
519278 1
520026 1
521833 1
527890 1
529190 1
531129 1
532595 1
538716 1
551646 1
552815 1
554142 1
554160 1
558087 1
559749 1
568477 1
568534 1
578932 1
584537 1
584537 1
600818 1
603403 1
615014 1
617643 1
617673 1
620247 1
622569 1
651252 1
654090 1
655520 1
660381 1
675489 1
676930 1
680645 1
688586 1
693888 1
695103 1
696089 1
697077 1
697307 1
703426 1
704707 1
704934 1
722770 1
725695 1
729597 1
730333 1
731147 1
731577 1
736804 1
738687 1
739950 1
742254 1
754688 1
756564 1
756924 1
758421 1
760103 1
763052 1
772812 1
781638 1
782357 1
788284 1
792298 1
794801 1
799930 1
801133 1
810897 1
814316 1
830762 1
833167 1
835076 1
839551 1
840181 1
844306 1
844701 1
850394 1
877726 1
884481 1
884875 1
894495 1
899193 1
907130 1
911582 1
919395 1
919793 1
920279 1
932100 1
936361 1
944634 1
953026 1
954376 1
961849 1
967982 1
975452 1
981161 1
985421 1
985896 1
989651 1
995312 1
995864 1
996424 1
1004130 1
1020134 1
1022198 1
1025216 1
1025243 1
1027848 1
1028200 1
1036113 1
1041831 1
1046497 1
1053263 1
1057408 1
1060679 1
1064416 1
1071522 1
1078286 1
1083311 1
1091586 1
1093303 1
1093303 1
1096229 1
1097815 1
1100205 1
1100205 1
1110404 1
1110404 1
1110891 1
1126625 1
1127510 1
1129778 1
1131867 1
1135491 1
1143144 1
1149830 1
1151010 1
1153786 1
1154375 1
1169633 1
1171563 1
1174913 1
1179530 1
1181145 1
1189200 1
1202284 1
1202474 1
1205835 1
1208508 1
1213291 1
1214528 1
1215475 1
1215950 1
1228944 1
1234390 1
1242400 1
1246653 1
1247591 1
1247689 1
1250217 1
1253225 1
1253245 1
1254932 1
1258517 1
1264975 1
1276252 1
1278170 1
1285433 1
1287834 1
1308088 1
1311649 1
1315316 1
1317965 1
1326717 1
1326818 1
1327278 1
1328364 1
1348797 1
1353584 1
1356412 1
1363908 1
1365095 1
1376068 1
1380026 1
1385077 1
1393344 1
1401410 1
1401667 1
1401704 1
1403407 1
1407548 1
1420390 1
1425297 1
1431750 1
1443702 1
1445919 1
1449276 1
1450874 1
1455943 1
1459327 1
1472743 1
1475125 1
1475931 1
1481772 1
1481796 1
1487238 1
1494536 1
1495093 1
1496484 1
1501134 1
1508801 1
1516530 1
1530225 1
1530234 1
1532334 1
1534820 1
1535939 1
1539121 1
1542311 1
1546674 1
1551424 1
1560663 1
1560908 1
1562576 1
1567527 1
1570261 1
1570261 1
1570676 1
1576599 1
1576757 1
1577443 1
1580936 1
1581623 1
1582085 1
1585395 1
1588192 1
1591050 1
1593085 1
1615485 1
1634640 1
1637658 1
1641793 1
1644868 1
1645992 1
1646080 1
1655134 1
1659315 1
1662454 1
1672624 1
1678803 1
1692146 1
1692322 1
1700289 1
1700631 1
1707069 1
1714278 1
1716297 1
1719609 1
1719615 1
1720166 1
1720928 1
1721023 1
1721025 1
1727292 1
1729606 1
1734506 1
1734506 1
1741135 1
1752311 1
1766487 1
1766977 1
1767816 1
1768598 1
1770562 1
1786088 1
1793020 1
1798749 1
1807989 1
1814647 1
1818640 1
1818652 1
1820155 1
1821021 1
1833350 1
1834053 1
1835658 1
1839105 1
1853813 1
1865944 1
1867402 1
1869893 1
1872840 1
1880879 1
1887726 1
1889406 1
1890726 1
1892819 1
1894255 1
1902835 1
1907807 1
1914488 1
1914612 1
1916405 1
1920890 1
1923124 1
1923124 1
1924874 1
1930885 1
1933831 1
1935802 1
1936137 1
1940619 1
1942549 1
1948144 1
1958656 1
1963185 1
1964365 1
1966438 1
1966888 1
1969512 1
1971809 1
1972609 1
1978552 1
1980616 1
1995848 1
1996467 1
2001513 1
2001893 1
2011956 1
2021834 1
2026279 1
2027740 1
2045105 1
2045248 1
2051153 1
2051413 1
2052944 1
2053487 1
2057448 1
2062311 1
2065402 1
2069427 1
2072550 1
2073351 1
2073444 1
2077441 1
2099265 1
2100461 1
2103899 1
2103929 1
2108595 1
2113138 1
2117032 1
2117501 1
2118095 1
2122497 1
2126219 1
2132721 1
2148423 1
2158748 1
2181448 1
2183600 1
2200529 1
2205319 1
2213020 1
2227733 1
2229631 1
2237091 1
2238065 1
2239030 1
2242323 1
2246307 1
2247176 1
2250441 1
2259021 1
2261857 1
2262520 1
2263247 1
2265615 1
2270231 1
2271094 1
2278840 1
2282074 1
2282920 1
2286966 1
2290067 1
2294475 1
2294762 1
2302517 1
2302532 1
2307596 1
2314057 1
2318290 1
2324534 1
2329114 1
2331880 1
2340391 1
2348061 1
2350203 1
2360455 1
2368294 1
2369176 1
2375775 1
2389857 1
2391647 1
2396081 1
2399018 1
2403204 1
2407099 1
2412725 1
2415476 1
2419863 1
2422374 1
2423643 1
2428183 1
2430261 1
2432128 1
2432377 1
2434170 1
2438689 1
2439003 1
2439003 1
2446101 1
2452621 1
2452949 1
2459736 1
2460138 1
2460217 1
2460413 1
2461166 1
2461175 1
2461263 1
2471609 1
2474905 1
2480846 1
2482683 1
2483169 1
2486114 1
2489767 1
2489774 1
2493908 1
2497705 1
2498762 1
2512875 1
2518058 1
2535265 1
2539976 1
2545109 1
2545625 1
2552692 1
2560679 1
2578891 1
2581314 1
2581314 1
2586495 1
2586909 1
2590115 1
2593344 1
2593344 1
2593725 1
2593921 1
2597605 1
2599320 1
2610407 1
2612569 1
2619397 1
2634515 1
2642200 1
2647658 1
2656672 1
2662087 1
2663402 1
2666122 1
2670314 1
2679234 1
2699971 1
2702703 1
2711250 1
2712527 1
2718419 1
2723496 1
2726538 1
2727042 1
2727537 1
2737707 1
2744648 1
2746016 1
2750447 1
2753937 1
2754077 1
2755813 1
2761091 1
2761091 1
2761091 1
2761091 1
2776175 1
2780080 1
2781449 1
2792578 1
2793370 1
2793370 1
2793951 1
2794732 1
2800395 1
2800751 1
2803676 1
2812465 1
2820763 1
2824746 1
2836686 1
2839266 1
2840390 1
2860540 1
2861276 1
2870123 1
2876220 1
2881933 1
2889265 1
2896085 1
2901567 1
2922582 1
2933835 1
2942584 1
2943461 1
2944696 1
2950148 1
2956531 1
2962880 1
2969331 1
2970100 1
2985650 1
2985862 1
2986364 1
2991708 1
2994610 1
2994610 1
2994611 1
3005764 1
3008905 1
3026585 1
3029585 1
3036472 1
3036674 1
3045761 1
3056112 1
3064001 1
3070984 1
3075367 1
3085069 1
3086472 1
3093661 1
3106608 1
3109388 1
3110993 1
3111423 1
3113368 1
3114671 1
3118326 1
3124425 1
3124616 1
3125590 1
3127592 1
3132165 1
3134153 1
3151439 1
3168997 1
3177411 1
3177801 1
3182429 1
3185718 1
3192979 1
3202047 1
3203174 1
3209983 1
3212556 1
3216355 1
3221694 1
3224353 1
3227355 1
3233528 1
3242417 1
3249702 1
3256881 1
3266009 1
3270111 1
3272256 1
3287526 1
3291654 1
3298114 1
3304702 1
3307181 1
3309756 1
3316663 1
3317093 1
3318614 1
3320139 1
3323786 1
3326730 1
3330738 1
3331236 1
3334689 1
3339165 1
3343200 1
3355369 1
3358315 1
3365087 1
3368628 1
3377246 1
3381253 1
3383916 1
3385373 1
3390457 1
3390457 1
3391498 1
3405288 1
3406622 1
3408776 1
3408806 1
3425509 1
3427201 1
3427445 1
3427949 1
3431899 1
3436291 1
3436965 1
3438856 1
3438870 1
3458128 1
3460565 1
3472205 1
3474975 1
3480857 1
3495548 1
3504425 1
3526959 1
3533100 1
3534106 1
3534946 1
3534946 1
3536567 1
3540462 1
3540690 1
3542002 1
3544698 1
3549598 1
3555452 1
3564126 1
3570861 1
3595091 1
3595847 1
3599946 1
3614031 1
3618615 1
3627774 1
3632603 1
3632947 1
3633908 1
3638512 1
3641092 1
3642536 1
3654340 1
3656109 1
3656988 1
3661300 1
3666994 1
3678609 1
3681313 1
3686106 1
3691377 1
3697955 1
3704780 1
3705580 1
3707696 1
3707865 1
3711413 1
3722495 1
3732430 1
3733085 1
3735339 1
3746311 1
3749258 1
3751394 1
3754720 1
3755189 1
3756652 1
3757413 1
3757605 1
3760314 1
3762736 1
3762802 1
3774111 1
3780367 1
3783068 1
3786688 1
3788129 1
3801155 1
3811409 1
3818777 1
3822533 1
3826611 1
3828149 1
3841867 1
3843237 1
3855560 1
3858063 1
3860545 1
3862417 1
3869612 1
3873819 1
3875721 1
3877236 1
3881255 1
3893859 1
3898867 1
3900857 1
3907275 1
3909507 1
3915619 1
3921516 1
3949684 1
3951854 1
3961536 1
3962615 1
3972471 1
3973523 1
3974591 1
3974591 1
3975438 1
3986460 1
4001715 1
4007698 1
4011577 1
4015206 1
4027126 1
4029966 1
4032206 1
4035169 1
4053820 1
4055763 1
4057634 1
4058656 1
4063233 1
4066183 1
4068125 1
4070808 1
4072066 1
4082002 1
4082004 1
4088425 1
4089634 1
4090451 1
4090660 1
4094973 1
4094973 1
4098969 1
4102448 1
4103413 1
4109096 1
4109783 1
4111089 1
4113568 1
4116217 1
4117816 1
4119600 1
4126396 1
4133141 1
4134410 1
4136469 1
4138915 1
4141954 1
4142838 1
4143252 1
4144822 1
4145134 1
4152248 1
4154886 1
4169347 1
4170139 1
4172985 1
4180763 1
4181052 1
4184549 1
4187102 1
4194121 1
4198413 1
4201608 1
4201608 1
4205541 1
4208705 1
4208891 1
4211117 1
4218255 1
4223938 1
4233591 1
4238962 1
4250698 1
4259838 1
4261853 1
4274651 1
4278138 1
4278138 1
4282247 1
4282929 1
4285063 1
4285230 1
4285268 1
4288189 1
4288352 1
4313333 1
4317157 1
4318981 1
4321851 1
4340886 1
4348460 1
4354402 1
4356521 1
4357190 1
4367091 1
4368525 1
4370705 1
4376846 1
4377134 1
4378718 1
4383389 1
4399306 1
4404540 1
4404540 1
4407590 1
4413583 1
4426461 1
4428135 1
4432108 1
4440005 1
4440697 1
4443355 1
4450131 1
4461091 1
4470038 1
4470876 1
4471678 1
4472772 1
4472772 1
4472945 1
4475596 1
4484105 1
4486997 1
4488855 1
4493145 1
4498070 1
4504958 1
4506423 1
4507817 1
4516626 1
4527259 1
4529882 1
4530546 1
4533330 1
4533972 1
4535524 1
4553077 1
4563436 1
4564461 1
4565851 1
4571086 1
4571183 1
4583814 1
4584158 1
4584177 1
4607579 1
4608715 1
4609489 1
4609533 1
4629381 1
4630709 1
4648963 1
4649686 1
4651311 1
4662893 1
4664606 1
4665243 1
4666711 1
4668391 1
4668488 1
4671228 1
4672628 1
4686046 1
4686229 1
4690311 1
4699942 1
4714039 1
4724734 1
4729931 1
4730427 1
4735864 1
4737318 1
4737588 1
4737674 1
4738854 1
4740514 1
4745885 1
4757358 1
4760574 1
4760741 1
4767443 1
4772459 1
4778694 1
4790603 1
4797016 1
4798410 1
4798421 1
4798421 1
4801877 1
4803996 1
4804108 1
4806390 1
4806926 1
4808867 1
4812051 1
4812259 1
4814275 1
4815707 1
4818506 1
4858372 1
4859151 1
4860570 1
4868189 1
4876373 1
4877705 1
4889004 1
4893621 1
4898367 1
4900558 1
4905157 1
4909893 1
4921735 1
4930767 1
4931322 1
4936059 1
4936931 1
4936931 1
4953150 1
4957024 1
4959511 1
4961571 1
4962129 1
4962152 1
4967449 1
4968396 1
4972927 1
4973355 1
4976487 1
4979154 1
4981219 1
4986690 1
4999573 1
5003680 1
5012184 1
5012374 1
5021244 1
5021926 1
5022630 1
5026416 1
5033079 1
5033789 1
5033794 1
5034722 1
5043662 1
5048654 1
5049286 1
5061501 1
5062361 1
5065844 1
5074880 1
5074880 1
5075175 1
5079958 1
5081955 1
5082022 1
5088370 1
5093065 1
5110540 1
5119617 1
5122059 1
5124032 1
5148728 1
5149657 1
5150593 1
5154019 1
5154704 1
5156038 1
5160435 1
5165454 1
5168038 1
5170432 1
5170761 1
5179929 1
5184627 1
5193866 1
5193875 1
5194136 1
5197324 1
5197324 1
5219721 1
5221578 1
5231624 1
5233035 1
5234721 1
5238758 1
5247759 1
5251398 1
5268130 1
5268515 1
5270786 1
5276949 1
5292161 1
5293838 1
5294708 1
5294708 1
5304737 1
5323519 1
5328529 1
5334728 1
5337241 1
5346379 1
5346634 1
5350419 1
5363136 1
5365811 1
5369207 1
5369306 1
5369326 1
5371671 1
5372246 1
5374269 1
5374490 1
5375000 1
5375001 1
5380115 1
5380364 1
5383045 1
5418078 1
5425715 1
5437688 1
5447846 1
5449608 1
5457507 1
5468289 1
5471795 1
5484056 1
5491276 1
5499819 1
5525313 1
5525736 1
5528756 1
5539823 1
5543358 1
5544047 1
5558267 1
5558482 1
5559345 1
5561090 1
5561093 1
5563277 1
5563665 1
5566736 1
5567397 1
5574943 1
5578104 1
5592729 1
5593221 1
5593265 1
5603390 1
5615162 1
5615601 1
5617231 1
5621348 1
5621779 1
5623190 1
5629785 1
5632527 1
5633732 1
5635561 1
5636665 1
5640069 1
5658643 1
5661805 1
5662881 1
5663874 1
5669257 1
5669911 1
5671631 1
5673571 1
5674384 1
5674384 1
5680500 1
5681590 1
5682380 1
5683167 1
5683614 1
5683757 1
5684114 1
5684684 1
5686489 1
5688694 1
5692458 1
5692962 1
5694543 1
5708698 1
5710634 1
5712717 1
5718127 1
5720704 1
5742848 1
5748570 1
5750423 1
5762003 1
5763158 1
5768603 1
5771084 1
5776207 1
5777625 1
5788719 1
5792238 1
5795445 1
5802136 1
5802613 1
5808572 1
5808851 1
5810184 1
5810576 1
5815605 1
5819162 1
5819880 1
5822867 1
5823283 1
5824978 1
5825408 1
5825768 1
5830682 1
5837804 1
5838694 1
5838703 1
5841468 1
5846793 1
5849817 1
5855512 1
5862757 1
5868946 1
5871015 1
5872709 1
5877284 1
5878639 1
5879773 1
5886230 1
5887373 1
5887899 1
5891927 1
5903200 1
5918953 1
5925343 1
5925919 1
5926556 1
5932314 1
5944823 1
5949493 1
5950496 1
5957256 1
5971701 1
5975511 1
5978182 1
5994339 1
5998892 1
6001657 1
6001872 1
6002116 1
6005731 1
6011449 1
6026021 1
6036872 1
6038779 1
6040461 1
6041132 1
6059652 1
6068649 1
6071154 1
6071507 1
6076865 1
6077452 1
6077546 1
6079815 1
6084730 1
6088042 1
6095051 1
6101080 1
6102832 1
6103746 1
6110486 1
6112404 1
6112673 1
6112967 1
6120331 1
6125062 1
6127696 1
6130689 1
6134965 1
6144500 1
6145201 1
6155819 1
6157869 1
6158056 1
6165815 1
6172509 1
6176322 1
6176322 1
6179848 1
6181719 1
6187437 1
6195439 1
6198653 1
6198661 1
6199659 1
6200760 1
6201772 1
6207276 1
6217314 1
6237084 1
6237084 1
6238090 1
6239530 1
6247206 1
6251173 1
6259253 1
6264893 1
6265513 1
6268178 1
6268637 1
6272048 1
6272048 1
6274362 1
6276823 1
6297967 1
6300843 1
6309945 1
6329792 1
6332044 1
6337460 1
6338340 1
6338379 1
6340816 1
6356180 1
6362641 1
6362988 1
6370703 1
6373357 1
6379495 1
6380077 1
6382760 1
6386945 1
6399261 1
6401143 1
6403375 1
6404383 1
6405140 1
6407035 1
6414528 1
6421771 1
6421944 1
6424522 1
6428566 1
6436268 1
6436837 1
6437985 1
6440934 1
6449259 1
6455233 1
6459375 1
6478005 1
6478005 1
6480381 1
6480777 1
6480976 1
6483495 1
6483834 1
6491664 1
6498063 1
6507513 1
6514254 1
6522098 1
6526080 1
6529340 1
6533990 1
6535601 1
6536188 1
6541403 1
6541908 1
6545058 1
6545157 1
6551597 1
6555453 1
6556272 1
6556396 1
6557522 1
6558347 1
6566535 1
6569929 1
6571463 1
6577616 1
6579484 1
6582600 1
6585203 1
6587722 1
6605496 1
6610542 1
6610856 1
6616049 1
6618692 1
6623321 1
6625365 1
6626696 1
6626954 1
6630736 1
6637122 1
6639188 1
6639226 1
6639268 1
6640660 1
6640660 1
6641416 1
6646065 1
6648201 1
6661115 1
6664715 1
6665345 1
6665345 1
6666207 1
6670720 1
6674299 1
6675633 1
6679292 1
6684349 1
6684530 1
6685613 1
6695225 1
6695786 1
6696785 1
6699594 1
6699594 1
6699675 1
6712146 1
6716444 1
6717431 1
6722142 1
6723186 1
6725269 1
6733901 1
6733925 1
6739891 1
6746264 1
6772283 1
6772591 1
6775703 1
6776992 1
6777002 1
6782553 1
6783756 1
6786171 1
6789075 1
6790562 1
6793561 1
6803221 1
6806472 1
6806949 1
6816875 1
6819347 1
6823056 1
6826569 1
6827826 1
6828150 1
6828242 1
6829438 1
6835193 1
6836867 1
6840820 1
6843996 1
6849615 1
6849615 1
6850018 1
6851315 1
6852076 1
6867988 1
6872735 1
6875369 1
6884154 1
6884619 1
6886867 1
6896415 1
6905395 1
6905411 1
6909827 1
6915609 1
6916707 1
6919166 1
6923769 1
6923910 1
6924179 1
6926186 1
6929973 1
6936528 1
6937299 1
6943651 1
6947516 1
6950532 1
6950957 1
6951600 1
6952153 1
6952866 1
6953205 1
6958701 1
6962982 1
6994506 1
6997460 1
7001172 1
7002081 1
7014743 1
7015456 1
7018635 1
7021394 1
7022466 1
7023621 1
7032313 1
7040767 1
7043292 1
7046986 1
7050067 1
7051227 1
7062696 1
7071676 1
7072190 1
7074961 1
7077162 1
7086138 1
7087240 1
7103777 1
7106746 1
7109314 1
7109527 1
7113519 1
7115259 1
7115259 1
7115476 1
7116319 1
7117822 1
7117957 1
7118682 1
7119303 1
7123270 1
7126464 1
7129356 1
7135790 1
7139547 1
7142455 1
7147339 1
7152049 1
7159765 1
7162136 1
7164862 1
7169604 1
7174402 1
7175011 1
7180808 1
7182166 1
7182194 1
7186069 1
7196404 1
7198373 1
7199063 1
7222224 1
7227142 1
7230426 1
7232018 1
7233756 1
7244052 1
7251641 1
7257592 1
7265363 1
7271508 1
7273472 1
7275127 1
7278320 1
7287665 1
7290240 1
7299707 1
7305975 1
7311507 1
7312848 1
7318682 1
7327765 1
7340695 1
7341949 1
7343995 1
7344420 1
7347337 1
7348106 1
7364386 1
7364965 1
7368408 1
7372458 1
7372458 1
7372663 1
7378734 1
7379143 1
7381889 1
7381889 1
7384157 1
7384931 1
7387031 1
7392524 1
7396307 1
7405229 1
7416369 1
7418310 1
7421605 1
7422387 1
7431374 1
7437245 1
7438197 1
7440673 1
7441004 1
7441881 1
7444296 1
7445245 1
7451958 1
7458141 1
7467074 1
7468772 1
7482773 1
7483372 1
7487485 1
7487902 1
7492161 1
7493294 1
7506278 1
7512567 1
7520792 1
7525961 1
7528378 1
7535957 1
7539065 1
7546023 1
7548524 1
7565531 1
7567999 1
7579765 1
7584677 1
7589763 1
7590397 1
7596646 1
7597962 1
7599550 1
7599565 1
7602175 1
7604342 1
7605894 1
7609891 1
7615059 1
7640227 1
7643145 1
7645306 1
7651749 1
7657864 1
7666816 1
7668539 1
7668779 1
7675631 1
7676859 1
7686091 1
7687741 1
7694910 1
7695212 1
7707778 1
7721923 1
7727987 1
7730459 1
7735084 1
7747822 1
7755435 1
7759652 1
7764788 1
7769409 1
7773086 1
7774815 1
7777125 1
7779620 1
7780186 1
7780291 1
7784237 1
7784916 1
7784916 1
7788581 1
7807673 1
7812950 1
7824940 1
7825181 1
7833052 1
7834262 1
7837734 1
7837734 1
7851206 1
7856579 1
7864006 1
7864015 1
7868595 1
7870604 1
7879284 1
7879729 1
7882658 1
7884976 1
7886245 1
7890293 1
7892042 1
7892053 1
7893217 1
7897600 1
7902251 1
7907334 1
7909600 1
7915623 1
7916517 1
7917968 1
7918131 1
7923301 1
7926160 1
7930955 1
7931250 1
7938005 1
7941412 1
7942401 1
7950473 1
7952634 1
7964916 1
7965776 1
7966216 1
7967283 1
7967531 1
7968247 1
7972178 1
7975866 1
7978239 1
7979144 1
7983036 1
7995470 1
7996208 1
7996700 1
8004186 1
8004479 1
8005443 1
8006079 1
8006686 1
8007994 1
8010810 1
8016941 1
8016978 1
8017036 1
8020197 1
8021115 1
8029998 1
8030162 1
8037447 1
8041962 1
8042983 1
8054179 1
8058423 1
8059422 1
8065176 1
8071521 1
8071527 1
8078555 1
8082664 1
8087904 1
8091454 1
8094480 1
8099985 1
8100962 1
8101773 1
8105083 1
8106798 1
8107395 1
8110030 1
8117302 1
8122942 1
8126240 1
8128415 1
8131598 1
8132423 1
8134327 1
8135656 1
8137886 1
8139673 1
8140493 1
8141127 1
8146487 1
8157514 1
8159498 1
8161109 1
8166707 1
8167598 1
8171729 1
8182667 1
8185606 1
8188047 1
8192762 1
8196506 1
8208554 1
8208999 1
8211255 1
8217313 1
8217929 1
8224546 1
8232829 1
8239246 1
8241777 1
8251342 1
8254693 1
8268319 1
8300330 1
8306146 1
168820 1
202433 1
696687 1
724422 1
777667 1
833412 1
924999 1
1036120 1
1064456 1
1083035 1
1264965 1
1398949 1
1790408 1
2258835 1
2666370 1
3027782 1
3179625 1
3371118 1
3570187 1
3615273 1
3658571 1
3694985 1
3724408 1
4027268 1
4100679 1
4100679 1
4184515 1
4216014 1
4328953 1
4555421 1
4712574 1
5025300 1
5380076 1
5460780 1
5717785 1
5806520 1
5824990 1
6018964 1
6273110 1
6973448 1
7233318 1
7306171 1
7319015 1
7365009 1
7474261 1
7683069 1
7904949 1
7926424 1
7979101 1
7987386 1
