1469 1
4378 1
7476 1
29122 1
31028 1
42515 1
68343 1
68343 1
69724 1
75456 1
87398 1
87398 1
95677 1
98091 1
98741 1
106686 1
113373 1
115298 1
115689 1
120623 1
125680 1
127400 1
128077 1
128833 1
134041 1
137917 1
143898 1
145058 1
150077 1
154622 1
155680 1
155907 1
157850 1
157867 1
161723 1
163994 1
164767 1
171231 1
172160 1
174471 1
176735 1
177550 1
185091 1
189011 1
195596 1
199312 1
214032 1
214860 1
214946 1
219116 1
222063 1
223121 1
225448 1
237230 1
249600 1
262639 1
263742 1
265649 1
267396 1
268710 1
269133 1
270142 1
275298 1
276016 1
276632 1
284595 1
284956 1
296960 1
308173 1
315719 1
317317 1
320416 1
324052 1
327073 1
327926 1
330780 1
334187 1
338634 1
341667 1
353242 1
354335 1
356903 1
356903 1
358878 1
362559 1
366590 1
368901 1
372926 1
376383 1
385332 1
386390 1
388820 1
390373 1
395245 1
406392 1
409878 1
411976 1
418157 1
421871 1
423029 1
424497 1
429640 1
432034 1
440465 1
448283 1
450534 1
457004 1
461347 1
462268 1
465363 1
473988 1
476262 1
476293 1
478938 1
479177 1
479865 1
488815 1
489436 1
493444 1
493738 1
495700 1
499936 1
500053 1
500508 1
500510 1
522019 1
557470 1
561221 1
561517 1
565225 1
575702 1
580367 1
580595 1
581281 1
589495 1
602001 1
605154 1
617807 1
620266 1
643752 1
647309 1
648979 1
650184 1
651467 1
654368 1
658516 1
659439 1
660231 1
660231 1
662282 1
663305 1
663338 1
667456 1
669212 1
669974 1
675673 1
679727 1
679756 1
680693 1
681660 1
683158 1
683491 1
688629 1
694193 1
701354 1
710636 1
725387 1
743091 1
745413 1
745799 1
745799 1
746786 1
749747 1
757069 1
762197 1
763328 1
766905 1
768824 1
774175 1
778131 1
782270 1
782543 1
802632 1
802901 1
803596 1
813713 1
816545 1
819142 1
820552 1
825313 1
836975 1
839172 1
847782 1
851969 1
851969 1
865823 1
865823 1
869551 1
874129 1
877570 1
890124 1
890158 1
891471 1
893817 1
894818 1
895418 1
897474 1
905512 1
910764 1
914027 1
919449 1
920778 1
923629 1
924013 1
932728 1
934060 1
938001 1
945532 1
946732 1
946732 1
953019 1
960058 1
962654 1
975152 1
977395 1
983009 1
995263 1
998154 1
998456 1
1008275 1
1019892 1
1027724 1
1031597 1
1031925 1
1040685 1
1040977 1
1047322 1
1049459 1
1049651 1
1057642 1
1058199 1
1063460 1
1066176 1
1073159 1
1082496 1
1083736 1
1084334 1
1090992 1
1091191 1
1094335 1
1099129 1
1103210 1
1106389 1
1113025 1
1113552 1
1126731 1
1129036 1
1137851 1
1139707 1
1160863 1
1167027 1
1167136 1
1174959 1
1175915 1
1182260 1
1185776 1
1186262 1
1201608 1
1216227 1
1216429 1
1218687 1
1226844 1
1229543 1
1230302 1
1238507 1
1238646 1
1240947 1
1242391 1
1249839 1
1253273 1
1255673 1
1266087 1
1268075 1
1272686 1
1278765 1
1285021 1
1285967 1
1287611 1
1291596 1
1300406 1
1301753 1
1302978 1
1307606 1
1318131 1
1318928 1
1328031 1
1331174 1
1334220 1
1341808 1
1347336 1
1351115 1
1356667 1
1357912 1
1363307 1
1368501 1
1388668 1
1392983 1
1397490 1
1401505 1
1404827 1
1406559 1
1409494 1
1413323 1
1420594 1
1421426 1
1427383 1
1427847 1
1431751 1
1442405 1
1442714 1
1442962 1
1448994 1
1450551 1
1451538 1
1459840 1
1460057 1
1461139 1
1462537 1
1471153 1
1474741 1
1475378 1
1486724 1
1493478 1
1493478 1
1494495 1
1500156 1
1501153 1
1504036 1
1506461 1
1506461 1
1508082 1
1524002 1
1543885 1
1546242 1
1555348 1
1559661 1
1562286 1
1569891 1
1571241 1
1572189 1
1572978 1
1573891 1
1581880 1
1582469 1
1586064 1
1596501 1
1597381 1
1604068 1
1604647 1
1604647 1
1609135 1
1609545 1
1611340 1
1613363 1
1618930 1
1629739 1
1631377 1
1633116 1
1637017 1
1638934 1
1640055 1
1640059 1
1645163 1
1649810 1
1662931 1
1664322 1
1672705 1
1672909 1
1673563 1
1673565 1
1675594 1
1678415 1
1679654 1
1682340 1
1687508 1
1690839 1
1717961 1
1718286 1
1723546 1
1727466 1
1727586 1
1729111 1
1730375 1
1736907 1
1738900 1
1744097 1
1744383 1
1746317 1
1762667 1
1763934 1
1765316 1
1766588 1
1769660 1
1772400 1
1774604 1
1774865 1
1778785 1
1779218 1
1786594 1
1786747 1
1803949 1
1807411 1
1818538 1
1819304 1
1827357 1
1827543 1
1839307 1
1848327 1
1850491 1
1852375 1
1852913 1
1859371 1
1861610 1
1863419 1
1866149 1
1878056 1
1889092 1
1898521 1
1902498 1
1904736 1
1908219 1
1910449 1
1911211 1
1912520 1
1912611 1
1914311 1
1914471 1
1919879 1
1926118 1
1926259 1
1933752 1
1933756 1
1934515 1
1948667 1
1976468 1
1977911 1
1979062 1
1985493 1
1988859 1
1991494 1
2002475 1
2006244 1
2009223 1
2009871 1
2027064 1
2028537 1
2039635 1
2040573 1
2046107 1
2047345 1
2049192 1
2056881 1
2066718 1
2071238 1
2073666 1
2077382 1
2080853 1
2087860 1
2090755 1
2093355 1
2093815 1
2093915 1
2097781 1
2098416 1
2098417 1
2098892 1
2099651 1
2104118 1
2106049 1
2109294 1
2111881 1
2122671 1
2123280 1
2137944 1
2139905 1
2142261 1
2143373 1
2147622 1
2155871 1
2156023 1
2157294 1
2160968 1
2163848 1
2176874 1
2177439 1
2187779 1
2188349 1
2193146 1
2193365 1
2194875 1
2196549 1
2200757 1
2200922 1
2201868 1
2202571 1
2203996 1
2205084 1
2205795 1
2208292 1
2209741 1
2227956 1
2245016 1
2249150 1
2254267 1
2259989 1
2262153 1
2264995 1
2265239 1
2270257 1
2270279 1
2270304 1
2270442 1
2272624 1
2281640 1
2282456 1
2300976 1
2308197 1
2313245 1
2313335 1
2323543 1
2323562 1
2326462 1
2327645 1
2328726 1
2329554 1
2338479 1
2338958 1
2342412 1
2346237 1
2359471 1
2363550 1
2373411 1
2382567 1
2382837 1
2384075 1
2385280 1
2385280 1
2385953 1
2387424 1
2388245 1
2389040 1
2392180 1
2393995 1
2395732 1
2397373 1
2399790 1
2408021 1
2408055 1
2410828 1
2420597 1
2420922 1
2421133 1
2423136 1
2423878 1
2426096 1
2430742 1
2431670 1
2446230 1
2446230 1
2471598 1
2477178 1
2477517 1
2485781 1
2486802 1
2495737 1
2495737 1
2523360 1
2527741 1
2529787 1
2529942 1
2530553 1
2531189 1
2533163 1
2533913 1
2542665 1
2542665 1
2544043 1
2553337 1
2557008 1
2570923 1
2571993 1
2572189 1
2580219 1
2584555 1
2585188 1
2590264 1
2603879 1
2604033 1
2605066 1
2617993 1
2622823 1
2624013 1
2624691 1
2627166 1
2636957 1
2640782 1
2641105 1
2641264 1
2650271 1
2652363 1
2653362 1
2653552 1
2656599 1
2670039 1
2670763 1
2680427 1
2687298 1
2712907 1
2717168 1
2732119 1
2734942 1
2735032 1
2739632 1
2740914 1
2740914 1
2742382 1
2743102 1
2747174 1
2754680 1
2760253 1
2762572 1
2768969 1
2772186 1
2775368 1
2777355 1
2782249 1
2789740 1
2789762 1
2792997 1
2793180 1
2797196 1
2801050 1
2803349 1
2808672 1
2814352 1
2816935 1
2825610 1
2828381 1
2829281 1
2829410 1
2830897 1
2836128 1
2837341 1
2849708 1
2851197 1
2857897 1
2857897 1
2862764 1
2863790 1
2875497 1
2878134 1
2880881 1
2891080 1
2893751 1
2898981 1
2901210 1
2901210 1
2901210 1
2901210 1
2901210 1
2901210 1
2901210 1
2901210 1
2905102 1
2908242 1
2908242 1
2911498 1
2917974 1
2917974 1
2918999 1
2920011 1
2925337 1
2940569 1
2967305 1
2974222 1
2978650 1
2986777 1
2991149 1
2992431 1
2992656 1
2999676 1
3002343 1
3005921 1
3006496 1
3011289 1
3012481 1
3013343 1
3019045 1
3019060 1
3020559 1
3022163 1
3026291 1
3029594 1
3039245 1
3040710 1
3041466 1
3041587 1
3045312 1
3047103 1
3047431 1
3055381 1
3060518 1
3064850 1
3067126 1
3068316 1
3072046 1
3073665 1
3079905 1
3101938 1
3103666 1
3104636 1
3104754 1
3106990 1
3107429 1
3123307 1
3125187 1
3138863 1
3149088 1
3149834 1
3152213 1
3152319 1
3154911 1
3158867 1
3164790 1
3168558 1
3169200 1
3172623 1
3172623 1
3172628 1
3173801 1
3174412 1
3181741 1
3183531 1
3195394 1
3196310 1
3202966 1
3207503 1
3208537 1
3210682 1
3211699 1
3214734 1
3216014 1
3220557 1
3229061 1
3248491 1
3248491 1
3272876 1
3282029 1
3284903 1
3290888 1
3299085 1
3302241 1
3302383 1
3303182 1
3306075 1
3310451 1
3311213 1
3316467 1
3316691 1
3319929 1
3334540 1
3338228 1
3339442 1
3351152 1
3352457 1
3360250 1
3363652 1
3379077 1
3381406 1
3382032 1
3384457 1
3386518 1
3388654 1
3394688 1
3398519 1
3402266 1
3403233 1
3407858 1
3409161 1
3413401 1
3415826 1
3416317 1
3419094 1
3421978 1
3436461 1
3437387 1
3443021 1
3444169 1
3444169 1
3451688 1
3451812 1
3452117 1
3457294 1
3458405 1
3470585 1
3470649 1
3470649 1
3471320 1
3472408 1
3476023 1
3476860 1
3476952 1
3477053 1
3478571 1
3481812 1
3486876 1
3492756 1
3492756 1
3493796 1
3493904 1
3500543 1
3501606 1
3515035 1
3515124 1
3515314 1
3521834 1
3529871 1
3530435 1
3537874 1
3542097 1
3544898 1
3545399 1
3549154 1
3555479 1
3560153 1
3568602 1
3572030 1
3572531 1
3574032 1
3579635 1
3582490 1
3583936 1
3589900 1
3595804 1
3602650 1
3606086 1
3606563 1
3608157 1
3608331 1
3610285 1
3612292 1
3617895 1
3619158 1
3619908 1
3621953 1
3622991 1
3629841 1
3636719 1
3646739 1
3648781 1
3650121 1
3650796 1
3658942 1
3662216 1
3662256 1
3665321 1
3667030 1
3673576 1
3675724 1
3684430 1
3685418 1
3690016 1
3690610 1
3690882 1
3690991 1
3706996 1
3708330 1
3709586 1
3710387 1
3711536 1
3711548 1
3720137 1
3722353 1
3722539 1
3732644 1
3737165 1
3738735 1
3741806 1
3741904 1
3748266 1
3748323 1
3757948 1
3763564 1
3764082 1
3765106 1
3767360 1
3768710 1
3770733 1
3771145 1
3773648 1
3777129 1
3778398 1
3780333 1
3785759 1
3791348 1
3791594 1
3794002 1
3795181 1
3797933 1
3801578 1
3801961 1
3801961 1
3805650 1
3806390 1
3821448 1
3830689 1
3834730 1
3835656 1
3842047 1
3852362 1
3853711 1
3856644 1
3857582 1
3858133 1
3858178 1
3859235 1
3864874 1
3866868 1
3867125 1
3867402 1
3867553 1
3870099 1
3870257 1
3872074 1
3872732 1
3879113 1
3879374 1
3879762 1
3884834 1
3892524 1
3892719 1
3893394 1
3895421 1
3900315 1
3901131 1
3914637 1
3917109 1
3917563 1
3923506 1
3928077 1
3932932 1
3943484 1
3949153 1
3949899 1
3951135 1
3961603 1
3970911 1
3973543 1
3975248 1
3975682 1
3979333 1
3986574 1
3987195 1
3987295 1
4007941 1
4007956 1
4010915 1
4018211 1
4018666 1
4022209 1
4022344 1
4026125 1
4033161 1
4037363 1
4037542 1
4039709 1
4052746 1
4056589 1
4057258 1
4063375 1
4063650 1
4067420 1
4075787 1
4078971 1
4085528 1
4091348 1
4104821 1
4104989 1
4108270 1
4109860 1
4112586 1
4114428 1
4114768 1
4120788 1
4134162 1
4138422 1
4144747 1
4144770 1
4150886 1
4153906 1
4158738 1
4163752 1
4169440 1
4177369 1
4179699 1
4185639 1
4188035 1
4193067 1
4193296 1
4200408 1
4200409 1
4201405 1
4205279 1
4217609 1
4219511 1
4219517 1
4225970 1
4229346 1
4234409 1
4249990 1
4252226 1
4253855 1
4254326 1
4258362 1
4259485 1
4260604 1
4263498 1
4264287 1
4274378 1
4281912 1
4293979 1
4309085 1
4313914 1
4314054 1
4316360 1
4328003 1
4334757 1
4336060 1
4337908 1
4339720 1
4348932 1
4353079 1
4360431 1
4377072 1
4386752 1
4387286 1
4387286 1
4391918 1
4394945 1
4396208 1
4399091 1
4399677 1
4402234 1
4412830 1
4416989 1
4419809 1
4424785 1
4425932 1
4427481 1
4427825 1
4432482 1
4439070 1
4447609 1
4447639 1
4448623 1
4449174 1
4462781 1
4463938 1
4469211 1
4470664 1
4477960 1
4478772 1
4491687 1
4493508 1
4498212 1
4506765 1
4518663 1
4519079 1
4522088 1
4522342 1
4526446 1
4527597 1
4528548 1
4541214 1
4541332 1
4554207 1
4558427 1
4560150 1
4562200 1
4578639 1
4586948 1
4595167 1
4597229 1
4597229 1
4602534 1
4605181 1
4606283 1
4607481 1
4611365 1
4614217 1
4617376 1
4619584 1
4620536 1
4624203 1
4625118 1
4626341 1
4631325 1
4638334 1
4648917 1
4653891 1
4656346 1
4661558 1
4668898 1
4672349 1
4676073 1
4676322 1
4679975 1
4683787 1
4697025 1
4701813 1
4706699 1
4715967 1
4716030 1
4716747 1
4724276 1
4733043 1
4733831 1
4735596 1
4743328 1
4745763 1
4761528 1
4770774 1
4779766 1
4783910 1
4791135 1
4793929 1
4793952 1
4797511 1
4800199 1
4802163 1
4803006 1
4804240 1
4809219 1
4810097 1
4812539 1
4818724 1
4818724 1
4819239 1
4823985 1
4824853 1
4825366 1
4827744 1
4828906 1
4829195 1
4834868 1
4835396 1
4840192 1
4841334 1
4862786 1
4867612 1
4870712 1
4874372 1
4874372 1
4874499 1
4886685 1
4892295 1
4893835 1
4895243 1
4897090 1
4899191 1
4900916 1
4906834 1
4906834 1
4912291 1
4913650 1
4918654 1
4941030 1
4942989 1
4953506 1
4960049 1
4971443 1
4986076 1
4986173 1
4990034 1
4993684 1
4993690 1
4996848 1
5003479 1
5010538 1
5016599 1
5025886 1
5033027 1
5033578 1
5040361 1
5042114 1
5042592 1
5046883 1
5047200 1
5047838 1
5047838 1
5049996 1
5053001 1
5054678 1
5055931 1
5056305 1
5066805 1
5071047 1
5077815 1
5085432 1
5091943 1
5103716 1
5105619 1
5105619 1
5107812 1
5113764 1
5114918 1
5130558 1
5136738 1
5143026 1
5144224 1
5144554 1
5144594 1
5147277 1
5151320 1
5151320 1
5151691 1
5152103 1
5152112 1
5154321 1
5155603 1
5156691 1
5163871 1
5181834 1
5185190 1
5188232 1
5195958 1
5202702 1
5205122 1
5206784 1
5207910 1
5209214 1
5219661 1
5222774 1
5228324 1
5228324 1
5228937 1
5235486 1
5238330 1
5248848 1
5258406 1
5258741 1
5266793 1
5269548 1
5276886 1
5279988 1
5287193 1
5292369 1
5300578 1
5303140 1
5314511 1
5315743 1
5317080 1
5319919 1
5322670 1
5323242 1
5326303 1
5331103 1
5336298 1
5346494 1
5346645 1
5351593 1
5352058 1
5356436 1
5375108 1
5376794 1
5390897 1
5404878 1
5418565 1
5435268 1
5435828 1
5436996 1
5443860 1
5444112 1
5448315 1
5452603 1
5455266 1
5462091 1
5464145 1
5466667 1
5466952 1
5467283 1
5468016 1
5477029 1
5493199 1
5494311 1
5502921 1
5511656 1
5511959 1
5512205 1
5536515 1
5537687 1
5539152 1
5547162 1
5557676 1
5557949 1
5557949 1
5559107 1
5569300 1
5575382 1
5575382 1
5586176 1
5588147 1
5594671 1
5594678 1
5609887 1
5628317 1
5637722 1
5640053 1
5650009 1
5650844 1
5654223 1
5659812 1
5661123 1
5665666 1
5680646 1
5681655 1
5683424 1
5686540 1
5686870 1
5690585 1
5691836 1
5693073 1
5694431 1
5703143 1
5708678 1
5708678 1
5710410 1
5719934 1
5741460 1
5743338 1
5749292 1
5751139 1
5752881 1
5757338 1
5760264 1
5761809 1
5764234 1
5764563 1
5788115 1
5791972 1
5796776 1
5800198 1
5808216 1
5810749 1
5811510 1
5816573 1
5816573 1
5824590 1
5841593 1
5848328 1
5849603 1
5849904 1
5853229 1
5854372 1
5857949 1
5876878 1
5880428 1
5882896 1
5883824 1
5888611 1
5888611 1
5892185 1
5892448 1
5894294 1
5894858 1
5896276 1
5902971 1
5918000 1
5919388 1
5927289 1
5931357 1
5934248 1
5935385 1
5935465 1
5938639 1
5939916 1
5941517 1
5946986 1
5951038 1
5959796 1
5962127 1
5964621 1
5968025 1
5971216 1
5976037 1
5976725 1
5984784 1
5987236 1
5987491 1
5989752 1
5993068 1
6001037 1
6005107 1
6005107 1
6010285 1
6011421 1
6011423 1
6011792 1
6023370 1
6025400 1
6033340 1
6034156 1
6035546 1
6038375 1
6044432 1
6052047 1
6052047 1
6053918 1
6054572 1
6063321 1
6071442 1
6072383 1
6073976 1
6076543 1
6082539 1
6088550 1
6088685 1
6089692 1
6095950 1
6099173 1
6120005 1
6121712 1
6130844 1
6130916 1
6147625 1
6152973 1
6155091 1
6163033 1
6163033 1
6177621 1
6183196 1
6186471 1
6205145 1
6225445 1
6227756 1
6232942 1
6236062 1
6237528 1
6250897 1
6256855 1
6258929 1
6262194 1
6262194 1
6263085 1
6264392 1
6264425 1
6267327 1
6272376 1
6273892 1
6277712 1
6278569 1
6280644 1
6281753 1
6287115 1
6287353 1
6288179 1
6289856 1
6293754 1
6293869 1
6299509 1
6301158 1
6310049 1
6315130 1
6316135 1
6317261 1
6319955 1
6325947 1
6326550 1
6331549 1
6333801 1
6340594 1
6347211 1
6356721 1
6359975 1
6360057 1
6372003 1
6374186 1
6377578 1
6392354 1
6394709 1
6400181 1
6403989 1
6407837 1
6410829 1
6410829 1
6411987 1
6417642 1
6425118 1
6434970 1
6435954 1
6437207 1
6437207 1
6440493 1
6440916 1
6442476 1
6443648 1
6451313 1
6457598 1
6457598 1
6462051 1
6464926 1
6472957 1
6474267 1
6478902 1
6485188 1
6487754 1
6487754 1
6491977 1
6503352 1
6504718 1
6505227 1
6507853 1
6509614 1
6516705 1
6523777 1
6525042 1
6530558 1
6534503 1
6536683 1
6537773 1
6558721 1
6564232 1
6571489 1
6572900 1
6579571 1
6582280 1
6582955 1
6584449 1
6595834 1
6601675 1
6601676 1
6606773 1
6614961 1
6620888 1
6622870 1
6625272 1
6626342 1
6627363 1
6627372 1
6635404 1
6642462 1
6642781 1
6642789 1
6645620 1
6650652 1
6651029 1
6656491 1
6657854 1
6658899 1
6663436 1
6665458 1
6666601 1
6666601 1
6667862 1
6670872 1
6674141 1
6676898 1
6682178 1
6684632 1
6691402 1
6697964 1
6698847 1
6704567 1
6713172 1
6714990 1
6715475 1
6725595 1
6726858 1
6731057 1
6733832 1
6733966 1
6733966 1
6735359 1
6738755 1
6741129 1
6741129 1
6742007 1
6745483 1
6749641 1
6755295 1
6761747 1
6766720 1
6770877 1
6774757 1
6781827 1
6783146 1
6785917 1
6786056 1
6788770 1
6800893 1
6801810 1
6801921 1
6803086 1
6805135 1
6805145 1
6820127 1
6821512 1
6824838 1
6826604 1
6829245 1
6835692 1
6840146 1
6854760 1
6855873 1
6863918 1
6866988 1
6866992 1
6869511 1
6871619 1
6876580 1
6879136 1
6886003 1
6887658 1
6890996 1
6894619 1
6894871 1
6896986 1
6900328 1
6900798 1
6907028 1
6907753 1
6913736 1
6921229 1
6926153 1
6929840 1
6930097 1
6931581 1
6931848 1
6934431 1
6939725 1
6944037 1
6951186 1
6957179 1
6957602 1
6960760 1
6962003 1
6966112 1
6967748 1
6972953 1
6975562 1
6979050 1
6979114 1
6980890 1
6987478 1
6990953 1
6993751 1
7009831 1
7010077 1
7012109 1
7014703 1
7015516 1
7017569 1
7021434 1
7022988 1
7022999 1
7023664 1
7027438 1
7030056 1
7031634 1
7038989 1
7044955 1
7049634 1
7050539 1
7051071 1
7055499 1
7058097 1
7068889 1
7072232 1
7074015 1
7082519 1
7082647 1
7083189 1
7088589 1
7100125 1
7111396 1
7111411 1
7115904 1
7118343 1
7121550 1
7129275 1
7130680 1
7133488 1
7138450 1
7143164 1
7153081 1
7153245 1
7158157 1
7159096 1
7159470 1
7165767 1
7167260 1
7171751 1
7176607 1
7182235 1
7183854 1
7189063 1
7191776 1
7200413 1
7201725 1
7206682 1
7209721 1
7214336 1
7216724 1
7217348 1
7232136 1
7237010 1
7240734 1
7242093 1
7244865 1
7244865 1
7248255 1
7254847 1
7262661 1
7264973 1
7271102 1
7271731 1
7272492 1
7287768 1
7290337 1
7292006 1
7300620 1
7304381 1
7308812 1
7308812 1
7308831 1
7311842 1
7312134 1
7312163 1
7317016 1
7321816 1
7323968 1
7329648 1
7333330 1
7334953 1
7337135 1
7340393 1
7348476 1
7350620 1
7357718 1
7361584 1
7366143 1
7374494 1
7377153 1
7381130 1
7381130 1
7397090 1
7401022 1
7410506 1
7414836 1
7420175 1
7432915 1
7443692 1
7444072 1
7445834 1
7449838 1
7467038 1
7475536 1
7478193 1
7481738 1
7489925 1
7493278 1
7493474 1
7506943 1
7506943 1
7514570 1
7517700 1
7517700 1
7520292 1
7521715 1
7530498 1
7535406 1
7535406 1
7535766 1
7542137 1
7545505 1
7546764 1
7558066 1
7561876 1
7566695 1
7567000 1
7568159 1
7569595 1
7575286 1
7575286 1
7584864 1
7588406 1
7591794 1
7593734 1
7605302 1
7609844 1
7612396 1
7621928 1
7627560 1
7627560 1
7628898 1
7630472 1
7635599 1
7649026 1
7651822 1
7656623 1
7660194 1
7662094 1
7666502 1
7667924 1
7670797 1
7698734 1
7704124 1
7706032 1
7707076 1
7707977 1
7713908 1
7728915 1
7735504 1
7737567 1
7742765 1
7752663 1
7771248 1
7773731 1
7775593 1
7776544 1
7780540 1
7786335 1
7787703 1
7789194 1
7793225 1
7801887 1
7803326 1
7807573 1
7807601 1
7811018 1
7811455 1
7822047 1
7824960 1
7824960 1
7825426 1
7829809 1
7838806 1
7850984 1
7852295 1
7854095 1
7855996 1
7857264 1
7864801 1
7864801 1
7865991 1
7866355 1
7867004 1
7869486 1
7870031 1
7873152 1
7873990 1
7874297 1
7874529 1
7877442 1
7879407 1
7881251 1
7889657 1
7897536 1
7900704 1
7919356 1
7923981 1
7923981 1
7923981 1
7923981 1
7925258 1
7925473 1
7925473 1
7925655 1
7928913 1
7933338 1
7933897 1
7933990 1
7942338 1
7943563 1
7943860 1
7947263 1
7948343 1
7950293 1
7951036 1
7952557 1
7954283 1
7955720 1
7955840 1
7956967 1
7960193 1
7966078 1
7970198 1
7976117 1
7981197 1
7981197 1
7982762 1
7984794 1
7987774 1
7996237 1
7997165 1
7998585 1
7998674 1
8003088 1
8009671 1
8010075 1
8015212 1
8021158 1
8022218 1
8034239 1
8038353 1
8038353 1
8038708 1
8042868 1
8053096 1
8056134 1
8061587 1
8070982 1
8071052 1
8082741 1
8085808 1
8087397 1
8091251 1
8093349 1
8100661 1
8106612 1
8107369 1
8107813 1
8108980 1
8110109 1
8112234 1
8113406 1
8116144 1
8118135 1
8121631 1
8124811 1
8124811 1
8125023 1
8125589 1
8129255 1
8129950 1
8132520 1
8134374 1
8137323 1
8140446 1
8141177 1
8141672 1
8145081 1
8161404 1
8162303 1
8162991 1
8166059 1
8175337 1
8183335 1
8184903 1
8192107 1
8192732 1
8193485 1
8199043 1
8208296 1
8210169 1
8215864 1
8217779 1
8223832 1
8250097 1
8252337 1
8255876 1
8256607 1
8261689 1
8264508 1
8264572 1
8268877 1
8272406 1
8274659 1
8275490 1
8276186 1
8276186 1
8276812 1
8283068 1
8285813 1
8288512 1
8297542 1
8309453 1
12017 1
15593 1
35993 1
43752 1
46092 1
46211 1
47451 1
48147 1
51560 1
51761 1
58942 1
59654 1
68156 1
68238 1
71388 1
73168 1
74959 1
86965 1
89275 1
98713 1
102880 1
103926 1
104112 1
104442 1
108874 1
111811 1
111970 1
117145 1
117368 1
117368 1
122707 1
122777 1
123935 1
125394 1
127764 1
128132 1
128374 1
128655 1
137071 1
139390 1
143392 1
148997 1
155825 1
158434 1
158883 1
160769 1
161968 1
165138 1
166379 1
173028 1
173047 1
173167 1
173452 1
176796 1
179267 1
180218 1
186443 1
191248 1
191962 1
196037 1
197238 1
197354 1
198885 1
202589 1
204743 1
215118 1
215174 1
215523 1
215523 1
218867 1
222870 1
225214 1
225432 1
226837 1
228924 1
235630 1
251290 1
258703 1
259915 1
261533 1
267081 1
267362 1
272983 1
272984 1
273132 1
275431 1
283035 1
284198 1
284297 1
284793 1
287655 1
292513 1
294907 1
305318 1
308642 1
316418 1
316990 1
318861 1
321712 1
330636 1
335191 1
347587 1
349663 1
350683 1
353108 1
354228 1
356008 1
358322 1
363945 1
364499 1
369552 1
370943 1
371606 1
373464 1
376928 1
377852 1
379862 1
384479 1
388340 1
395939 1
400935 1
403732 1
419771 1
425342 1
425811 1
427553 1
427553 1
427694 1
429798 1
443457 1
449560 1
453012 1
453012 1
459379 1
462454 1
465850 1
481899 1
483793 1
488946 1
490775 1
491579 1
492906 1
494450 1
500532 1
504560 1
514333 1
528079 1
529264 1
537718 1
551173 1
555471 1
555609 1
558959 1
560933 1
564583 1
565312 1
565953 1
565953 1
568866 1
578141 1
584993 1
587359 1
587825 1
588620 1
603503 1
603784 1
612564 1
614023 1
619108 1
621381 1
622267 1
628107 1
647720 1
650384 1
652792 1
653813 1
655895 1
659502 1
660227 1
677674 1
682242 1
690207 1
694569 1
696665 1
698948 1
709294 1
713249 1
715544 1
721369 1
721414 1
725703 1
728563 1
728568 1
740313 1
743101 1
747582 1
759390 1
759398 1
760778 1
766356 1
767339 1
770339 1
775778 1
778532 1
782051 1
783377 1
784638 1
785738 1
812165 1
812875 1
814074 1
815534 1
816578 1
826348 1
829244 1
832412 1
834785 1
836338 1
838057 1
838405 1
855444 1
855857 1
856070 1
858748 1
860964 1
864830 1
864903 1
867666 1
870249 1
870249 1
874832 1
878095 1
885627 1
886880 1
889699 1
894478 1
915233 1
933797 1
935753 1
938433 1
938433 1
942729 1
953400 1
964560 1
976030 1
977300 1
979055 1
982837 1
984778 1
992217 1
993604 1
1003572 1
1005434 1
1008190 1
1014159 1
1018315 1
1021735 1
1021735 1
1022732 1
1023840 1
1024094 1
1024381 1
1024825 1
1034151 1
1038348 1
1044391 1
1051205 1
1060911 1
1060973 1
1061028 1
1062707 1
1076920 1
1081093 1
1084621 1
1085081 1
1086411 1
1086431 1
1091768 1
1094114 1
1099170 1
1100010 1
1106670 1
1139473 1
1146127 1
1150578 1
1151080 1
1153328 1
1153653 1
1153753 1
1157774 1
1174876 1
1174877 1
1179932 1
1183756 1
1184493 1
1195882 1
1196088 1
1196626 1
1199111 1
1205372 1
1207189 1
1208025 1
1209974 1
1211763 1
1216279 1
1216279 1
1218132 1
1225917 1
1227287 1
1227510 1
1229101 1
1230558 1
1239674 1
1243724 1
1247881 1
1249392 1
1251028 1
1251306 1
1252575 1
1252575 1
1258379 1
1266801 1
1272162 1
1275264 1
1275360 1
1275360 1
1279775 1
1280323 1
1283308 1
1284503 1
1286690 1
1286955 1
1289572 1
1302511 1
1302511 1
1302897 1
1305130 1
1305130 1
1305234 1
1314547 1
1319649 1
1322034 1
1324661 1
1326303 1
1327579 1
1331007 1
1339295 1
1347452 1
1348481 1
1350408 1
1357841 1
1365328 1
1369330 1
1373000 1
1373102 1
1373106 1
1381029 1
1385713 1
1388066 1
1396459 1
1413272 1
1421059 1
1424972 1
1427067 1
1431576 1
1436133 1
1436410 1
1436433 1
1436565 1
1437618 1
1440363 1
1443328 1
1458914 1
1458968 1
1459942 1
1460882 1
1461224 1
1463706 1
1466628 1
1468141 1
1470296 1
1470744 1
1472066 1
1474211 1
1474513 1
1477325 1
1480393 1
1481212 1
1483588 1
1486641 1
1488575 1
1492901 1
1506785 1
1524115 1
1525529 1
1528566 1
1537819 1
1542180 1
1547923 1
1553086 1
1556104 1
1559487 1
1559863 1
1559929 1
1561973 1
1567190 1
1569246 1
1569246 1
1581503 1
1582403 1
1584610 1
1587848 1
1588112 1
1593793 1
1594413 1
1596104 1
1604381 1
1608840 1
1609375 1
1610530 1
1617437 1
1619837 1
1627802 1
1632137 1
1636623 1
1639416 1
1640762 1
1641157 1
1653711 1
1663490 1
1670479 1
1675442 1
1689583 1
1689640 1
1699598 1
1701039 1
1706570 1
1713671 1
1715703 1
1722508 1
1729691 1
1732924 1
1734814 1
1751526 1
1751677 1
1755406 1
1757733 1
1762931 1
1764374 1
1764948 1
1767460 1
1772969 1
1780317 1
1788987 1
1803026 1
1808562 1
1812609 1
1822994 1
1824001 1
1824698 1
1824698 1
1825049 1
1825058 1
1827307 1
1828220 1
1835379 1
1837186 1
1839459 1
1839854 1
1843382 1
1843672 1
1847398 1
1854622 1
1856457 1
1857980 1
1857980 1
1872119 1
1872156 1
1875486 1
1893054 1
1897293 1
1897461 1
1902270 1
1910338 1
1914590 1
1915028 1
1915156 1
1921564 1
1933460 1
1935615 1
1941140 1
1945246 1
1945538 1
1947547 1
1950424 1
1955115 1
1955128 1
1955307 1
1960900 1
1964068 1
1965568 1
1969600 1
1970599 1
1988330 1
1989033 1
1997586 1
1999542 1
2003782 1
2006755 1
2009513 1
2015812 1
2026957 1
2037871 1
2041754 1
2042188 1
2043318 1
2045689 1
2050406 1
2051693 1
2054754 1
2065229 1
2072394 1
2073542 1
2088313 1
2097718 1
2097718 1
2103059 1
2120772 1
2122173 1
2124095 1
2129324 1
2132828 1
2142585 1
2150194 1
2155420 1
2163930 1
2164002 1
2167699 1
2167958 1
2168611 1
2178418 1
2183240 1
2193539 1
2197705 1
2208304 1
2212857 1
2215471 1
2218973 1
2224142 1
2228019 1
2236108 1
2251502 1
2254689 1
2255518 1
2270222 1
2270961 1
2271013 1
2271013 1
2272725 1
2273239 1
2273351 1
2274122 1
2285176 1
2287666 1
2304294 1
2305966 1
2308382 1
2308389 1
2314273 1
2314445 1
2320163 1
2324604 1
2330958 1
2331679 1
2338430 1
2352939 1
2356600 1
2356600 1
2357675 1
2366602 1
2373634 1
2377015 1
2382875 1
2383189 1
2383377 1
2396701 1
2397224 1
2402236 1
2412577 1
2417424 1
2417434 1
2420941 1
2431347 1
2443515 1
2448617 1
2449046 1
2453261 1
2455839 1
2473325 1
2476883 1
2482675 1
2482824 1
2489318 1
2491725 1
2493560 1
2493560 1
2493798 1
2495014 1
2509208 1
2520117 1
2523046 1
2533016 1
2535886 1
2537419 1
2541730 1
2541902 1
2543149 1
2548299 1
2556001 1
2557347 1
2557370 1
2565006 1
2575987 1
2579597 1
2581294 1
2581566 1
2589721 1
2589822 1
2592216 1
2594059 1
2597957 1
2604653 1
2607042 1
2607509 1
2608614 1
2614014 1
2622867 1
2623012 1
2632800 1
2634286 1
2635072 1
2641826 1
2643104 1
2644503 1
2644503 1
2650210 1
2651508 1
2651530 1
2652183 1
2653724 1
2666080 1
2666666 1
2667455 1
2671101 1
2674383 1
2680299 1
2683995 1
2695613 1
2708731 1
2708960 1
2721870 1
2721870 1
2727570 1
2727570 1
2751334 1
2756074 1
2758826 1
2761543 1
2762877 1
2767794 1
2768779 1
2770855 1
2772094 1
2775860 1
2777351 1
2786314 1
2788287 1
2789692 1
2790018 1
2791808 1
2800545 1
2801122 1
2805279 1
2808191 1
2810130 1
2814801 1
2822250 1
2824653 1
2826977 1
2830758 1
2833150 1
2834236 1
2845754 1
2846028 1
2851547 1
2853060 1
2862463 1
2865145 1
2866920 1
2869773 1
2873955 1
2877536 1
2884326 1
2889919 1
2890638 1
2895451 1
2897637 1
2901678 1
2902862 1
2906124 1
2906476 1
2907545 1
2908057 1
2916057 1
2916591 1
2923476 1
2925768 1
2935182 1
2938341 1
2956029 1
2957979 1
2958737 1
2959100 1
2963215 1
2964064 1
2968934 1
2970313 1
2973298 1
2973480 1
2973480 1
2973480 1
2973480 1
2975866 1
2976255 1
2977565 1
2985193 1
2992545 1
2994119 1
2995279 1
2995730 1
2996213 1
2997661 1
2998428 1
2999756 1
3001449 1
3003452 1
3005075 1
3005075 1
3011763 1
3012717 1
3017295 1
3022300 1
3027682 1
3033336 1
3034644 1
3041428 1
3045159 1
3046625 1
3055630 1
3058476 1
3061329 1
3073454 1
3075999 1
3081668 1
3082791 1
3086101 1
3089502 1
3091973 1
3094264 1
3106500 1
3106500 1
3106500 1
3109316 1
3109726 1
3118327 1
3118879 1
3119641 1
3119669 1
3121432 1
3126832 1
3140298 1
3151995 1
3152360 1
3152361 1
3155008 1
3157536 1
3162809 1
3164327 1
3169148 1
3169435 1
3170047 1
3181601 1
3182536 1
3195361 1
3205242 1
3209914 1
3221283 1
3225390 1
3227181 1
3227938 1
3238500 1
3238500 1
3249444 1
3254868 1
3257702 1
3261411 1
3264637 1
3267391 1
3269026 1
3281433 1
3284673 1
3285192 1
3285546 1
3287919 1
3292999 1
3297728 1
3297728 1
3299060 1
3301400 1
3302546 1
3309053 1
3315556 1
3321991 1
3325052 1
3325362 1
3331851 1
3332044 1
3332399 1
3334186 1
3343421 1
3347036 1
3353225 1
3358064 1
3359208 1
3369140 1
3369613 1
3369613 1
3369947 1
3370484 1
3373763 1
3379645 1
3394405 1
3397141 1
3403613 1
3403859 1
3406032 1
3407015 1
3409820 1
3413882 1
3414325 1
3414325 1
3435113 1
3440646 1
3445483 1
3446117 1
3446875 1
3455702 1
3462091 1
3463221 1
3465426 1
3466769 1
3467103 1
3473989 1
3477794 1
3481472 1
3485409 1
3499977 1
3503690 1
3507081 1
3507320 1
3507722 1
3507876 1
3508111 1
3510132 1
3510132 1
3512751 1
3516617 1
3518246 1
3519396 1
3520738 1
3523993 1
3525560 1
3529111 1
3532468 1
3538424 1
3543671 1
3551061 1
3552977 1
3557691 1
3560657 1
3560704 1
3561691 1
3565536 1
3570405 1
3570405 1
3574883 1
3583531 1
3583546 1
3587884 1
3592738 1
3605538 1
3605559 1
3613408 1
3615854 1
3616362 1
3620613 1
3621877 1
3627490 1
3633615 1
3641653 1
3644532 1
3651406 1
3655867 1
3656309 1
3660062 1
3667739 1
3667739 1
3673148 1
3676393 1
3677034 1
3698428 1
3713761 1
3716630 1
3716698 1
3729307 1
3741821 1
3755476 1
3755476 1
3758010 1
3759613 1
3761324 1
3762272 1
3770221 1
3771894 1
3786630 1
3788308 1
3788459 1
3795454 1
3798484 1
3799124 1
3800571 1
3800571 1
3809467 1
3810869 1
3826333 1
3826333 1
3829353 1
3830879 1
3831453 1
3835811 1
3836881 1
3836881 1
3853447 1
3855948 1
3856660 1
3859787 1
3865742 1
3867229 1
3870186 1
3871716 1
3872879 1
3875306 1
3876477 1
3884506 1
3888705 1
3902998 1
3913628 1
3913718 1
3917575 1
3919166 1
3924619 1
3928631 1
3930295 1
3930295 1
3930295 1
3930295 1
3937375 1
3938141 1
3949032 1
3954679 1
3965995 1
3970669 1
3972591 1
3972978 1
3973041 1
3973550 1
3975562 1
3978509 1
3982352 1
3983018 1
3989874 1
3993450 1
3993510 1
3993776 1
4006486 1
4007044 1
4008237 1
4008237 1
4010348 1
4021625 1
4022631 1
4023944 1
4025213 1
4031933 1
4032742 1
4032746 1
4052821 1
4060062 1
4065814 1
4067088 1
4074641 1
4077793 1
4084924 1
4089815 1
4101026 1
4103371 1
4104490 1
4104795 1
4106228 1
4109549 1
4111446 1
4112431 1
4135826 1
4145846 1
4161979 1
4167939 1
4188240 1
4188247 1
4188946 1
4189325 1
4192278 1
4192927 1
4194358 1
4197968 1
4202806 1
4205448 1
4205448 1
4206221 1
4206221 1
4210333 1
4216356 1
4224301 1
4229898 1
4230947 1
4234304 1
4248460 1
4251437 1
4254875 1
4264322 1
4265857 1
4277911 1
4281541 1
4282456 1
4285613 1
4289936 1
4293958 1
4295324 1
4303882 1
4314353 1
4314353 1
4316497 1
4319477 1
4322265 1
4327688 1
4328920 1
4328929 1
4330910 1
4331507 1
4336879 1
4339933 1
4340362 1
4341279 1
4343545 1
4346507 1
4348826 1
4349750 1
4352606 1
4357361 1
4361678 1
4365151 1
4371976 1
4372397 1
4376484 1
4379454 1
4379640 1
4380999 1
4384295 1
4393777 1
4400965 1
4401896 1
4406266 1
4408649 1
4426114 1
4431389 1
4435065 1
4437106 1
4441422 1
4442418 1
4442520 1
4447045 1
4453856 1
4464557 1
4466392 1
4467649 1
4468859 1
4471597 1
4478914 1
4488909 1
4497723 1
4512389 1
4520969 1
4526522 1
4529034 1
4539974 1
4543623 1
4558815 1
4562664 1
4564194 1
4565624 1
4578256 1
4578490 1
4582757 1
4587121 1
4590595 1
4603076 1
4603620 1
4604239 1
4604239 1
4606916 1
4615175 1
4622350 1
4628795 1
4629047 1
4630942 1
4638739 1
4640932 1
4643686 1
4644345 1
4645010 1
4650764 1
4650764 1
4650902 1
4658169 1
4668377 1
4670961 1
4677371 1
4679927 1
4683596 1
4684438 1
4685454 1
4685657 1
4685657 1
4692918 1
4693114 1
4693753 1
4703500 1
4708450 1
4710196 1
4711301 1
4711466 1
4714559 1
4726289 1
4728522 1
4737465 1
4738435 1
4739396 1
4740581 1
4741149 1
4747243 1
4755127 1
4759720 1
4760103 1
4761598 1
4761598 1
4762109 1
4762895 1
4766941 1
4767820 1
4768766 1
4769327 1
4772292 1
4772292 1
4773908 1
4778005 1
4778005 1
4782630 1
4783427 1
4789591 1
4789691 1
4789825 1
4798598 1
4799066 1
4800467 1
4800502 1
4807250 1
4809090 1
4813380 1
4814043 1
4816150 1
4821496 1
4821946 1
4824708 1
4826454 1
4829271 1
4832975 1
4837314 1
4837742 1
4842442 1
4845328 1
4854729 1
4858605 1
4863732 1
4872950 1
4885194 1
4893196 1
4898132 1
4898139 1
4899338 1
4900288 1
4900929 1
4901290 1
4901827 1
4903282 1
4914505 1
4914505 1
4923657 1
4926610 1
4929586 1
4931194 1
4936990 1
4938987 1
4949809 1
4955588 1
4960236 1
4963256 1
4976463 1
4985684 1
4990762 1
4991832 1
5000809 1
5001041 1
5004400 1
5005305 1
5007858 1
5025955 1
5030531 1
5044275 1
5045116 1
5047551 1
5048377 1
5048859 1
5056939 1
5063738 1
5063739 1
5080877 1
5086982 1
5086982 1
5091865 1
5091865 1
5091921 1
5091921 1
5097014 1
5113708 1
5117586 1
5124121 1
5133996 1
5138374 1
5146084 1
5153129 1
5158822 1
5159883 1
5167469 1
5168860 1
5176408 1
5186602 1
5190308 1
5193693 1
5198099 1
5201274 1
5212371 1
5216625 1
5221115 1
5221781 1
5227656 1
5235757 1
5235930 1
5237653 1
5240121 1
5246562 1
5246562 1
5246562 1
5247916 1
5250594 1
5258205 1
5258766 1
5269441 1
5275383 1
5281459 1
5299892 1
5322185 1
5340825 1
5348169 1
5350877 1
5355819 1
5358282 1
5358282 1
5361300 1
5361481 1
5362443 1
5363547 1
5363884 1
5365504 1
5367641 1
5382522 1
5382522 1
5405177 1
5427839 1
5430933 1
5431588 1
5439404 1
5444558 1
5449392 1
5454198 1
5455152 1
5463702 1
5467940 1
5491360 1
5494707 1
5499477 1
5500378 1
5510203 1
5510204 1
5516608 1
5516608 1
5529746 1
5532135 1
5534777 1
5537382 1
5537597 1
5541646 1
5547691 1
5548162 1
5549415 1
5553271 1
5556780 1
5560280 1
5563798 1
5572573 1
5576369 1
5586793 1
5592959 1
5597225 1
5597630 1
5613800 1
5616795 1
5618789 1
5623055 1
5625102 1
5630299 1
5639705 1
5641775 1
5644780 1
5645445 1
5648003 1
5650419 1
5650752 1
5655672 1
5655800 1
5656808 1
5660684 1
5662714 1
5666503 1
5667640 1
5672260 1
5675956 1
5677117 1
5677117 1
5682477 1
5682622 1
5684892 1
5689634 1
5691278 1
5693797 1
5699124 1
5700500 1
5703252 1
5707662 1
5709725 1
5709725 1
5709733 1
5711476 1
5731799 1
5736595 1
5742523 1
5753736 1
5758023 1
5773134 1
5783675 1
5786080 1
5797755 1
5801697 1
5802060 1
5811935 1
5818260 1
5818260 1
5818260 1
5818260 1
5818260 1
5818260 1
5818962 1
5820218 1
5822894 1
5829077 1
5841550 1
5845541 1
5845541 1
5847849 1
5847849 1
5855474 1
5860329 1
5861509 1
5862372 1
5862543 1
5871792 1
5873799 1
5874089 1
5879425 1
5891491 1
5893975 1
5899047 1
5905237 1
5906060 1
5906060 1
5906395 1
5914590 1
5916062 1
5920156 1
5929424 1
5929928 1
5929931 1
5929947 1
5939940 1
5942139 1
5945788 1
5948102 1
5951843 1
5951843 1
5972032 1
5976011 1
5976358 1
5976433 1
5979394 1
5983241 1
5985807 1
5996291 1
6004708 1
6007275 1
6010448 1
6012543 1
6014621 1
6016904 1
6016904 1
6021727 1
6032597 1
6042474 1
6043180 1
6043180 1
6052673 1
6060877 1
6062238 1
6062570 1
6068842 1
6069235 1
6069235 1
6069484 1
6072774 1
6074905 1
6075413 1
6080793 1
6085456 1
6097171 1
6104957 1
6106862 1
6106862 1
6108149 1
6108677 1
6116845 1
6120447 1
6122011 1
6122011 1
6123045 1
6143765 1
6144466 1
6146594 1
6150517 1
6150517 1
6151529 1
6152733 1
6158513 1
6161804 1
6161804 1
6162091 1
6167151 1
6174252 1
6181690 1
6184264 1
6188059 1
6191352 1
6192516 1
6197972 1
6198476 1
6199782 1
6200685 1
6204021 1
6215527 1
6218266 1
6220619 1
6225014 1
6226237 1
6229378 1
6240193 1
6240848 1
6249179 1
6252341 1
6258596 1
6266255 1
6272875 1
6285333 1
6294284 1
6294288 1
6297059 1
6305112 1
6318451 1
6322121 1
6323779 1
6323810 1
6324708 1
6325181 1
6335355 1
6337143 1
6338519 1
6338887 1
6354023 1
6355774 1
6361504 1
6363372 1
6363630 1
6363630 1
6372282 1
6373232 1
6375528 1
6377554 1
6380230 1
6385623 1
6387970 1
6388771 1
6388817 1
6388817 1
6389676 1
6392958 1
6394182 1
6400541 1
6401106 1
6401432 1
6410045 1
6414088 1
6422959 1
6424845 1
6425061 1
6435189 1
6439166 1
6439252 1
6442458 1
6451177 1
6453410 1
6459304 1
6468671 1
6476914 1
6479493 1
6488999 1
6493590 1
6498356 1
6498602 1
6501957 1
6509078 1
6515645 1
6518581 1
6521650 1
6539732 1
6543014 1
6558028 1
6558983 1
6561310 1
6564387 1
6566182 1
6568027 1
6568131 1
6570372 1
6579025 1
6580418 1
6581418 1
6585407 1
6585407 1
6586689 1
6590375 1
6598560 1
6604826 1
6605266 1
6612778 1
6619388 1
6621905 1
6622232 1
6624515 1
6624785 1
6632115 1
6634635 1
6640653 1
6649321 1
6659385 1
6659583 1
6662417 1
6663637 1
6663637 1
6665387 1
6669921 1
6674230 1
6680973 1
6681600 1
6682676 1
6696571 1
6707586 1
6712922 1
6712958 1
6728982 1
6733826 1
6734827 1
6748202 1
6757068 1
6762466 1
6762470 1
6763246 1
6763288 1
6764197 1
6766742 1
6773248 1
6781763 1
6791513 1
6794915 1
6795496 1
6797849 1
6808317 1
6811839 1
6813687 1
6813808 1
6824294 1
6825451 1
6832995 1
6835952 1
6842036 1
6842414 1
6842516 1
6847390 1
6848012 1
6850559 1
6855724 1
6856398 1
6863812 1
6866216 1
6874860 1
6877179 1
6881830 1
6883962 1
6884903 1
6888691 1
6900590 1
6905871 1
6911122 1
6912362 1
6931762 1
6934446 1
6935565 1
6936190 1
6937267 1
6938033 1
6940550 1
6966497 1
6967987 1
6971799 1
6973919 1
6986429 1
6996190 1
7002564 1
7005467 1
7009767 1
7010036 1
7010952 1
7011247 1
7015954 1
7022036 1
7035714 1
7039590 1
7052366 1
7052366 1
7066053 1
7067853 1
7083541 1
7088600 1
7101537 1
7101549 1
7104599 1
7105676 1
7106304 1
7110745 1
7111604 1
7119069 1
7123927 1
7130987 1
7159492 1
7164238 1
7171259 1
7174114 1
7176394 1
7188854 1
7193139 1
7195119 1
7198871 1
7198871 1
7200597 1
7207829 1
7209644 1
7214798 1
7217198 1
7220996 1
7220996 1
7223211 1
7224034 1
7224126 1
7224763 1
7224763 1
7225080 1
7228766 1
7229433 1
7231862 1
7232788 1
7235814 1
7236069 1
7236326 1
7237500 1
7239144 1
7239639 1
7239857 1
7241061 1
7252239 1
7256269 1
7256311 1
7259108 1
7268207 1
7272150 1
7274620 1
7275497 1
7281260 1
7283667 1
7288120 1
7293304 1
7297503 1
7313668 1
7313668 1
7313998 1
7325295 1
7326212 1
7338226 1
7339887 1
7339887 1
7343505 1
7343565 1
7350955 1
7356754 1
7363027 1
7372380 1
7378699 1
7379584 1
7382177 1
7382177 1
7383040 1
7383040 1
7388214 1
7390486 1
7394419 1
7400045 1
7400723 1
7409191 1
7409191 1
7413239 1
7415825 1
7416239 1
7416271 1
7418749 1
7420672 1
7426295 1
7439109 1
7440152 1
7447920 1
7453388 1
7456740 1
7468234 1
7474503 1
7476584 1
7479109 1
7481106 1
7487254 1
7494285 1
7500535 1
7504257 1
7515297 1
7521143 1
7525350 1
7529748 1
7536292 1
7539088 1
7541042 1
7541042 1
7542098 1
7549324 1
7550407 1
7551898 1
7556271 1
7559650 1
7562449 1
7562525 1
7571608 1
7582566 1
7593208 1
7596253 1
7598730 1
7613669 1
7613729 1
7618649 1
7620584 1
7629701 1
7637136 1
7638616 1
7641175 1
7646154 1
7646481 1
7648354 1
7650425 1
7656639 1
7669797 1
7673906 1
7680659 1
7691247 1
7700238 1
7702647 1
7705186 1
7705344 1
7705492 1
7705696 1
7705696 1
7708237 1
7708237 1
7708237 1
7708237 1
7708237 1
7708237 1
7708237 1
7708237 1
7709611 1
7712532 1
7721610 1
7734054 1
7750566 1
7779869 1
7790684 1
7802559 1
7804913 1
7805581 1
7823816 1
7829101 1
7831167 1
7835370 1
7835374 1
7840391 1
7850406 1
7853425 1
7853425 1
7854127 1
7857753 1
7873946 1
7879525 1
7888110 1
7888370 1
7894423 1
7897828 1
7917768 1
7918028 1
7919088 1
7919088 1
7931229 1
7936539 1
7937711 1
7941159 1
7941159 1
7949246 1
7960386 1
7960409 1
7967983 1
7971141 1
7971866 1
7976025 1
7976025 1
7980152 1
7980519 1
7992179 1
7995793 1
7996652 1
7996780 1
7999190 1
8005573 1
8011615 1
8012375 1
8013152 1
8013343 1
8016759 1
8020785 1
8021038 1
8023198 1
8031527 1
8034823 1
8035584 1
8038441 1
8039128 1
8039691 1
8042900 1
8045921 1
8052355 1
8054792 1
8058868 1
8062573 1
8062820 1
8068305 1
8078770 1
8081008 1
8083763 1
8086893 1
8087095 1
8087359 1
8087956 1
8096140 1
8097760 1
8097794 1
8100695 1
8103032 1
8104130 1
8104975 1
8105940 1
8109886 1
8115921 1
8119597 1
8119803 1
8120890 1
8126992 1
8128684 1
8129282 1
8130372 1
8137255 1
8137255 1
8140124 1
8140464 1
8141435 1
8142989 1
8143697 1
8144521 1
8145439 1
8152825 1
8161555 1
8161578 1
8165016 1
8176229 1
8176314 1
8178042 1
8182431 1
8184001 1
8188155 1
8188753 1
8205069 1
8206049 1
8207838 1
8219633 1
8229146 1
8231066 1
8237460 1
8243689 1
8249786 1
8253570 1
8257139 1
8259734 1
8263054 1
8268288 1
8272258 1
8276670 1
8282939 1
8283270 1
8283456 1
8285675 1
8287280 1
8292153 1
8294550 1
8297130 1
8297656 1
8298602 1
8299445 1
8301760 1
5266 1
13004 1
18988 1
34258 1
34445 1
38015 1
43679 1
50878 1
51201 1
53124 1
86921 1
99464 1
102797 1
105102 1
108882 1
109101 1
112868 1
114273 1
116579 1
117078 1
117338 1
121954 1
126307 1
129021 1
135380 1
137876 1
140223 1
143626 1
147885 1
150445 1
155536 1
158169 1
158646 1
160138 1
163856 1
165157 1
166462 1
180129 1
182896 1
189091 1
195666 1
203103 1
207446 1
210104 1
213730 1
215512 1
216326 1
221545 1
222607 1
225283 1
228995 1
232061 1
249290 1
254127 1
276229 1
281199 1
281223 1
285532 1
286549 1
292758 1
294186 1
297651 1
297854 1
299175 1
301437 1
304100 1
311169 1
313493 1
314895 1
315344 1
318703 1
318944 1
319328 1
320776 1
326346 1
330027 1
331470 1
352114 1
361980 1
362759 1
367148 1
367330 1
369495 1
372500 1
373827 1
379082 1
381135 1
381135 1
387776 1
390159 1
390159 1
398784 1
419972 1
425613 1
426953 1
429580 1
430269 1
430486 1
443058 1
445085 1
445090 1
450019 1
452416 1
454837 1
455069 1
456136 1
458014 1
460414 1
470618 1
478778 1
480744 1
482989 1
507103 1
508492 1
511696 1
512074 1
516590 1
520200 1
524882 1
539449 1
546649 1
550661 1
557803 1
560423 1
561422 1
565552 1
566367 1
567585 1
567697 1
568320 1
569792 1
569838 1
576429 1
582994 1
583368 1
585327 1
586347 1
589112 1
590248 1
590841 1
612430 1
613941 1
614674 1
616878 1
616886 1
634288 1
638280 1
641270 1
657343 1
659118 1
666277 1
672641 1
680823 1
684733 1
688825 1
689148 1
691520 1
696502 1
706517 1
707676 1
710547 1
712245 1
716163 1
724618 1
724938 1
734103 1
736950 1
750033 1
750361 1
753428 1
753607 1
765859 1
766869 1
771352 1
784140 1
789970 1
792623 1
810122 1
811097 1
814433 1
816144 1
818717 1
823649 1
830751 1
832847 1
836532 1
848774 1
851386 1
855878 1
860541 1
861268 1
864703 1
871180 1
873490 1
878475 1
895806 1
895822 1
905641 1
913163 1
917637 1
917929 1
920837 1
922387 1
923387 1
927538 1
938446 1
939085 1
953275 1
957319 1
957634 1
965840 1
966706 1
967803 1
971247 1
978413 1
991312 1
1000043 1
1002296 1
1002296 1
1003923 1
1005221 1
1008738 1
1008981 1
1012447 1
1015455 1
1019093 1
1020632 1
1024321 1
1025630 1
1041456 1
1047718 1
1048916 1
1049963 1
1051902 1
1052133 1
1054149 1
1057087 1
1058423 1
1061755 1
1062930 1
1064055 1
1064554 1
1067844 1
1070698 1
1071588 1
1072458 1
1077377 1
1077400 1
1081651 1
1082552 1
1083502 1
1083515 1
1087032 1
1094177 1
1094579 1
1095382 1
1095390 1
1098908 1
1100104 1
1101343 1
1102286 1
1131925 1
1141189 1
1144451 1
1145767 1
1148203 1
1148203 1
1151320 1
1172597 1
1175816 1
1179371 1
1181219 1
1200701 1
1206089 1
1212549 1
1213260 1
1214238 1
1214523 1
1216098 1
1219071 1
1220306 1
1226321 1
1226428 1
1235526 1
1240611 1
1258352 1
1261206 1
1263459 1
1273111 1
1280893 1
1291123 1
1291822 1
1296288 1
1298256 1
1298414 1
1304044 1
1304044 1
1304449 1
1304880 1
1305158 1
1305815 1
1318999 1
1321134 1
1323718 1
1323867 1
1324982 1
1328469 1
1331471 1
1334914 1
1334914 1
1334925 1
1336902 1
1337543 1
1338709 1
1349269 1
1349972 1
1351490 1
1355861 1
1356550 1
1361922 1
1363366 1
1363366 1
1363366 1
1363366 1
1368915 1
1369570 1
1383292 1
1387354 1
1394405 1
1403179 1
1411231 1
1414231 1
1417371 1
1421842 1
1422143 1
1424680 1
1426894 1
1431045 1
1431891 1
1439012 1
1440288 1
1440291 1
1441165 1
1441784 1
1446222 1
1449426 1
1451237 1
1458911 1
1461215 1
1470434 1
1471240 1
1471576 1
1472149 1
1475518 1
1476712 1
1476728 1
1478632 1
1483361 1
1488209 1
1488515 1
1488543 1
1488543 1
1494041 1
1495028 1
1495840 1
1495903 1
1496479 1
1497114 1
1501490 1
1513916 1
1517817 1
1523414 1
1540330 1
1542192 1
1543277 1
1545790 1
1545875 1
1546295 1
1547464 1
1553127 1
1553348 1
1554688 1
1556021 1
1556021 1
1562656 1
1577174 1
1580572 1
1581430 1
1597685 1
1602809 1
1605797 1
1614248 1
1628832 1
1633030 1
1638623 1
1647307 1
1647408 1
1650613 1
1655944 1
1662985 1
1663671 1
1666992 1
1670853 1
1671128 1
1675438 1
1675502 1
1678495 1
1680983 1
1680983 1
1681823 1
1683093 1
1683240 1
1690055 1
1696544 1
1705432 1
1707351 1
1708619 1
1709529 1
1709793 1
1709793 1
1716615 1
1721628 1
1725240 1
1726754 1
1729580 1
1739173 1
1747892 1
1751864 1
1752031 1
1756816 1
1756839 1
1760132 1
1761655 1
1762232 1
1766602 1
1767063 1
1770631 1
1783149 1
1787694 1
1788265 1
1790857 1
1793901 1
1818782 1
1819292 1
1823363 1
1826104 1
1826104 1
1829009 1
1830055 1
1831363 1
1832451 1
1839294 1
1850402 1
1854853 1
1855125 1
1869846 1
1870337 1
1873071 1
1880369 1
1881454 1
1882463 1
1882658 1
1887586 1
1887586 1
1890228 1
1891286 1
1895371 1
1905114 1
1932528 1
1934500 1
1938438 1
1941830 1
1942257 1
1944933 1
1947473 1
1948288 1
1950071 1
1965748 1
1977425 1
1977734 1
1978181 1
1982396 1
1992064 1
1992296 1
1993702 1
1999985 1
2005626 1
2006289 1
2006289 1
2008225 1
2013080 1
2015246 1
2019333 1
2020813 1
2023489 1
2030280 1
2041422 1
2044477 1
2044755 1
2050962 1
2056715 1
2062435 1
2068441 1
2072141 1
2072141 1
2079520 1
2080734 1
2086121 1
2094745 1
2096343 1
2097438 1
2099444 1
2099444 1
2103949 1
2104565 1
2115226 1
2115926 1
2117907 1
2118044 1
2118415 1
2118602 1
2126980 1
2127561 1
2144925 1
2147937 1
2155041 1
2165278 1
2165938 1
2168784 1
2171309 1
2179928 1
2182904 1
2187786 1
2188452 1
2191145 1
2192408 1
2192418 1
2205074 1
2205367 1
2216155 1
2216175 1
2219803 1
2223616 1
2223616 1
2232903 1
2239287 1
2239659 1
2245382 1
2248681 1
2250659 1
2250824 1
2259240 1
2263716 1
2264857 1
2267308 1
2277262 1
2280623 1
2287763 1
2287763 1
2291798 1
2297665 1
2300878 1
2304757 1
2313749 1
2315034 1
2322301 1
2333587 1
2335918 1
2335918 1
2344036 1
2349661 1
2357220 1
2358059 1
2365335 1
2371801 1
2373416 1
2374429 1
2377460 1
2382250 1
2382250 1
2384640 1
2385933 1
2393329 1
2393479 1
2401265 1
2408695 1
2414301 1
2429196 1
2432924 1
2436002 1
2436002 1
2441087 1
2441951 1
2442543 1
2444275 1
2445743 1
2446075 1
2448065 1
2448726 1
2466976 1
2468786 1
2472495 1
2473209 1
2497032 1
2501304 1
2501845 1
2503581 1
2510053 1
2531221 1
2531845 1
2554155 1
2556237 1
2556408 1
2556408 1
2560284 1
2563419 1
2572370 1
2580261 1
2583887 1
2588793 1
2607322 1
2619765 1
2619834 1
2620872 1
2627184 1
2635278 1
2647106 1
2647290 1
2647940 1
2650975 1
2658645 1
2665734 1
2674122 1
2682967 1
2685066 1
2691984 1
2695600 1
2703011 1
2707849 1
2707849 1
2709014 1
2711360 1
2714710 1
2718678 1
2718720 1
2718986 1
2721135 1
2721692 1
2726433 1
2729416 1
2731348 1
2731927 1
2733219 1
2751471 1
2753692 1
2754562 1
2759542 1
2772608 1
2772610 1
2774535 1
2774623 1
2774623 1
2774777 1
2777775 1
2779928 1
2794966 1
2795403 1
2795403 1
2795403 1
2795403 1
2800263 1
2801182 1
2803909 1
2803942 1
2806020 1
2812714 1
2815348 1
2819782 1
2829616 1
2840292 1
2844688 1
2849333 1
2852778 1
2862227 1
2866668 1
2870724 1
2879241 1
2891805 1
2907660 1
2916491 1
2921208 1
2928617 1
2930708 1
2957833 1
2966332 1
2972870 1
2973741 1
2988286 1
2990534 1
2992002 1
2993098 1
2993359 1
2994483 1
2995593 1
3000253 1
3000273 1
3003105 1
3005347 1
3007758 1
3011484 1
3011978 1
3025501 1
3030098 1
3031406 1
3036075 1
3047988 1
3049445 1
3053981 1
3058079 1
3065522 1
3073183 1
3077305 1
3081017 1
3086441 1
3115299 1
3132227 1
3133608 1
3138058 1
3146054 1
3153893 1
3154129 1
3154224 1
3156285 1
3161562 1
3161838 1
3162659 1
3166259 1
3182377 1
3183951 1
3184789 1
3186475 1
3186475 1
3187254 1
3188289 1
3190973 1
3195026 1
3197709 1
3198492 1
3202144 1
3204114 1
3213728 1
3214876 1
3217307 1
3217871 1
3231843 1
3234739 1
3242066 1
3246637 1
3251105 1
3251561 1
3253425 1
3267675 1
3269762 1
3280686 1
3281950 1
3283823 1
3286327 1
3286722 1
3292668 1
3293642 1
3293642 1
3295268 1
3299285 1
3304161 1
3304161 1
3304848 1
3305108 1
3309685 1
3313137 1
3316642 1
3328628 1
3329606 1
3329702 1
3330306 1
3331747 1
3342807 1
3344716 1
3356320 1
3371238 1
3371792 1
3372236 1
3373108 1
3378251 1
3378747 1
3381012 1
3381012 1
3381816 1
3389085 1
3390486 1
3390486 1
3390529 1
3408306 1
3418113 1
3421145 1
3422446 1
3427463 1
3429153 1
3430839 1
3432788 1
3436327 1
3448549 1
3448827 1
3469469 1
3474827 1
3486952 1
3486952 1
3487487 1
3489265 1
3493567 1
3493705 1
3494921 1
3497410 1
3501501 1
3502889 1
3502889 1
3506138 1
3526605 1
3528615 1
3528936 1
3538328 1
3540929 1
3549720 1
3553266 1
3555302 1
3555612 1
3555841 1
3555841 1
3556076 1
3562500 1
3566040 1
3567011 1
3567406 1
3568489 1
3574612 1
3575216 1
3579276 1
3587959 1
3589486 1
3589876 1
3595722 1
3595774 1
3599447 1
3603429 1
3606309 1
3607839 1
3609542 1
3621621 1
3626622 1
3628535 1
3636857 1
3641043 1
3652406 1
3657373 1
3657863 1
3658931 1
3662631 1
3665293 1
3667028 1
3673127 1
3675898 1
3683540 1
3685760 1
3689373 1
3692944 1
3694275 1
3698650 1
3700959 1
3701663 1
3701663 1
3703775 1
3704638 1
3704667 1
3706327 1
3707916 1
3708406 1
3710047 1
3710905 1
3725000 1
3725000 1
3727969 1
3729990 1
3734251 1
3747837 1
3756916 1
3761037 1
3761754 1
3764417 1
3768907 1
3771654 1
3779415 1
3779894 1
3780287 1
3784384 1
3788810 1
3792712 1
3794300 1
3804640 1
3809200 1
3813395 1
3813527 1
3818653 1
3828192 1
3844056 1
3848970 1
3852454 1
3852529 1
3867570 1
3872662 1
3874841 1
3876231 1
3884698 1
3884785 1
3900591 1
3901465 1
3906074 1
3911585 1
3914502 1
3919694 1
3927287 1
3932023 1
3935092 1
3936082 1
3944675 1
3949270 1
3953676 1
3954106 1
3954827 1
3956370 1
3956558 1
3963112 1
3969067 1
3970317 1
3990802 1
3990872 1
4005959 1
4007241 1
4008372 1
4013479 1
4014467 1
4016523 1
4016842 1
4017736 1
4020043 1
4020196 1
4022708 1
4023612 1
4029250 1
4029557 1
4030828 1
4037113 1
4037510 1
4040622 1
4040748 1
4041625 1
4041625 1
4042598 1
4051143 1
4053688 1
4057369 1
4058193 1
4058193 1
4064321 1
4066709 1
4067002 1
4068375 1
4068971 1
4073123 1
4080186 1
4095324 1
4096523 1
4100601 1
4102090 1
4108348 1
4110376 1
4111647 1
4116246 1
4123437 1
4130395 1
4133742 1
4135732 1
4135732 1
4141145 1
4147520 1
4151361 1
4157999 1
4159442 1
4167980 1
4172817 1
4172830 1
4173113 1
4182548 1
4183108 1
4190268 1
4193356 1
4197774 1
4198803 1
4212409 1
4213942 1
4214517 1
4216554 1
4219671 1
4229844 1
4230170 1
4230170 1
4230170 1
4230170 1
4230703 1
4232077 1
4232226 1
4232908 1
4238189 1
4246272 1
4249848 1
4249907 1
4250233 1
4253113 1
4260973 1
4261950 1
4281268 1
4281271 1
4295778 1
4297500 1
4300483 1
4312006 1
4321638 1
4322283 1
4323267 1
4325137 1
4329352 1
4330724 1
4333259 1
4336928 1
4340875 1
4345438 1
4349605 1
4355076 1
4363867 1
4367472 1
4370915 1
4370915 1
4375379 1
4378179 1
4380569 1
4381672 1
4382206 1
4394297 1
4396467 1
4399445 1
4402573 1
4416916 1
4418087 1
4418388 1
4419550 1
4424361 1
4425529 1
4425571 1
4428387 1
4431037 1
4432576 1
4439120 1
4440949 1
4442515 1
4444416 1
4448587 1
4449046 1
4449046 1
4453443 1
4456532 1
4462197 1
4469679 1
4475290 1
4475630 1
4479003 1
4479715 1
4482808 1
4484367 1
4494082 1
4496262 1
4500938 1
4506717 1
4507452 1
4512556 1
4518435 1
4530671 1
4531508 1
4532834 1
4533512 1
4534270 1
4541507 1
4552662 1
4553251 1
4556276 1
4556932 1
4557992 1
4561932 1
4567184 1
4568554 1
4576268 1
4578214 1
4591115 1
4604761 1
4606301 1
4608914 1
4613432 1
4632468 1
4633156 1
4634488 1
4635932 1
4637962 1
4640810 1
4644372 1
4644372 1
4647460 1
4648979 1
4654785 1
4660642 1
4663442 1
4669162 1
4671800 1
4674739 1
4681587 1
4685616 1
4699834 1
4700643 1
4700824 1
4705983 1
4706958 1
4707957 1
4707964 1
4710710 1
4712244 1
4713144 1
4718138 1
4718793 1
4723144 1
4726223 1
4730447 1
4733343 1
4745707 1
4748728 1
4749810 1
4754684 1
4757044 1
4757115 1
4757265 1
4759489 1
4764873 1
4769977 1
4774730 1
4797318 1
4798940 1
4806435 1
4809095 1
4814335 1
4824421 1
4825858 1
4828143 1
4829741 1
4832345 1
4832345 1
4836900 1
4838502 1
4850583 1
4854977 1
4855304 1
4857398 1
4862531 1
4872030 1
4874435 1
4875846 1
4883284 1
4890205 1
4891454 1
4893695 1
4900008 1
4908885 1
4913170 1
4924692 1
4936733 1
4939240 1
4941131 1
4942254 1
4943118 1
4945486 1
4948315 1
4962703 1
4963343 1
4974515 1
4977380 1
4986832 1
4988065 1
4996504 1
4998006 1
4999136 1
5023107 1
5040877 1
5047104 1
5056783 1
5057346 1
5058662 1
5071713 1
5114392 1
5119794 1
5122424 1
5137707 1
5137758 1
5138258 1
5143658 1
5143987 1
5146278 1
5148137 1
5148137 1
5154685 1
5156729 1
5160013 1
5168936 1
5168958 1
5169664 1
5169990 1
5173736 1
5177708 1
5183163 1
5186741 1
5187142 1
5197272 1
5199558 1
5200976 1
5208408 1
5210906 1
5211848 1
5218199 1
5221418 1
5231296 1
5233700 1
5236081 1
5239588 1
5241552 1
5250587 1
5250587 1
5251393 1
5274332 1
5276425 1
5280196 1
5283507 1
5283541 1
5286927 1
5291808 1
5305726 1
5309829 1
5314293 1
5314961 1
5323593 1
5324160 1
5325651 1
5342353 1
5351575 1
5355616 1
5360476 1
5366889 1
5370459 1
5371701 1
5372295 1
5374329 1
5376152 1
5417890 1
5424422 1
5431306 1
5441911 1
5446996 1
5448420 1
5453770 1
5460710 1
5460825 1
5462298 1
5462726 1
5465460 1
5470845 1
5474372 1
5492805 1
5499479 1
5503869 1
5509580 1
5521652 1
5527495 1
5541115 1
5542583 1
5543895 1
5547410 1
5550146 1
5553088 1
5565726 1
5566846 1
5571061 1
5571061 1
5573572 1
5573572 1
5583341 1
5588739 1
5592589 1
5602148 1
5604489 1
5604489 1
5605271 1
5611346 1
5614805 1
5625227 1
5639626 1
5639632 1
5643404 1
5644059 1
5646048 1
5657705 1
5668771 1
5669261 1
5683077 1
5688362 1
5690250 1
5690529 1
5699785 1
5709847 1
5716184 1
5716552 1
5720035 1
5723764 1
5724339 1
5730274 1
5732706 1
5741193 1
5747940 1
5748926 1
5749720 1
5749983 1
5750842 1
5751490 1
5753370 1
5759217 1
5765340 1
5779100 1
5781651 1
5792068 1
5793950 1
5794344 1
5796047 1
5797100 1
5797375 1
5800005 1
5809107 1
5810120 1
5810621 1
5817196 1
5835250 1
5854671 1
5854807 1
5856189 1
5871327 1
5877967 1
5879094 1
5894167 1
5908558 1
5911708 1
5913730 1
5915479 1
5939301 1
5939549 1
5940087 1
5942178 1
5946835 1
5948614 1
5950262 1
5954377 1
5956248 1
5964910 1
5969392 1
5970874 1
5971658 1
5971914 1
5972018 1
5974452 1
5977217 1
5989306 1
5990120 1
5991601 1
5994933 1
6010987 1
6020426 1
6039290 1
6039290 1
6042556 1
6044516 1
6054596 1
6063834 1
6063834 1
6065625 1
6074427 1
6075809 1
6076302 1
6080137 1
6083390 1
6087585 1
6090465 1
6095661 1
6098428 1
6100529 1
6100780 1
6104376 1
6105849 1
6108864 1
6113800 1
6114631 1
6130192 1
6133036 1
6140045 1
6144030 1
6144590 1
6149536 1
6152099 1
6152292 1
6166782 1
6170662 1
6172099 1
6181669 1
6185808 1
6188242 1
6188454 1
6193200 1
6202766 1
6204069 1
6204110 1
6204463 1
6211597 1
6229526 1
6241505 1
6241505 1
6257127 1
6257781 1
6260146 1
6261226 1
6272389 1
6275928 1
6279784 1
6286539 1
6288499 1
6292714 1
6297878 1
6302986 1
6308868 1
6310837 1
6318521 1
6324993 1
6325164 1
6332537 1
6334308 1
6338552 1
6341084 1
6341183 1
6344179 1
6348120 1
6352094 1
6353461 1
6364522 1
6369198 1
6375224 1
6381118 1
6387633 1
6388981 1
6389500 1
6389605 1
6391454 1
6394485 1
6402602 1
6403061 1
6404150 1
6411207 1
6413141 1
6413141 1
6413179 1
6431432 1
6436330 1
6439410 1
6445373 1
6445374 1
6457231 1
6458999 1
6469345 1
6488027 1
6496010 1
6502117 1
6506002 1
6506851 1
6508027 1
6514912 1
6518070 1
6528471 1
6533315 1
6533474 1
6540649 1
6543423 1
6547618 1
6547618 1
6548419 1
6560605 1
6560882 1
6563606 1
6568140 1
6573661 1
6574153 1
6574332 1
6575778 1
6578500 1
6581552 1
6583926 1
6583926 1
6584289 1
6586498 1
6586558 1
6588345 1
6595722 1
6595950 1
6611637 1
6620031 1
6622439 1
6626672 1
6636770 1
6637581 1
6640975 1
6641059 1
6642719 1
6658605 1
6661180 1
6664078 1
6665060 1
6680731 1
6680753 1
6697353 1
6700240 1
6700603 1
6703639 1
6706713 1
6707557 1
6707557 1
6709247 1
6713199 1
6731585 1
6742832 1
6750259 1
6758184 1
6761739 1
6768031 1
6774053 1
6775386 1
6776298 1
6779701 1
6788639 1
6793715 1
6799059 1
6805819 1
6806668 1
6807169 1
6807782 1
6809500 1
6818649 1
6830359 1
6847531 1
6850373 1
6855127 1
6855468 1
6856051 1
6856689 1
6860241 1
6869048 1
6869309 1
6869954 1
6875628 1
6876323 1
6880068 1
6882779 1
6882911 1
6884087 1
6884846 1
6885503 1
6895501 1
6901723 1
6903358 1
6910004 1
6910111 1
6911752 1
6922092 1
6924950 1
6926257 1
6931636 1
6937193 1
6937876 1
6938582 1
6938909 1
6945588 1
6946377 1
6951599 1
6951936 1
6961445 1
6963735 1
6964662 1
6968842 1
6973786 1
6974813 1
6981215 1
6981238 1
6995065 1
6998215 1
7023013 1
7023267 1
7024750 1
7025179 1
7027792 1
7029247 1
7030769 1
7033702 1
7039873 1
7040631 1
7042513 1
7042513 1
7047043 1
7047043 1
7049110 1
7050482 1
7052668 1
7055252 1
7059799 1
7060943 1
7062223 1
7078633 1
7079015 1
7080070 1
7084286 1
7093971 1
7100636 1
7104609 1
7106245 1
7106295 1
7107722 1
7108092 1
7109867 1
7135060 1
7135468 1
7135719 1
7143306 1
7143306 1
7146148 1
7149957 1
7151452 1
7153395 1
7161667 1
7167063 1
7175729 1
7175961 1
7176647 1
7178683 1
7190625 1
7193093 1
7193941 1
7199219 1
7199234 1
7209340 1
7215228 1
7221872 1
7226879 1
7227907 1
7228056 1
7234182 1
7238203 1
7248450 1
7251469 1
7253716 1
7254444 1
7257818 1
7257818 1
7258172 1
7265840 1
7266422 1
7283850 1
7285014 1
7288368 1
7288577 1
7295102 1
7295102 1
7295261 1
7301191 1
7307943 1
7318369 1
7319031 1
7322711 1
7326044 1
7330302 1
7336758 1
7336758 1
7338354 1
7338568 1
7342593 1
7346368 1
7346441 1
7351611 1
7357928 1
7373120 1
7375847 1
7389046 1
7397839 1
7398254 1
7406666 1
7409150 1
7410870 1
7411280 1
7411810 1
7420076 1
7428372 1
7435842 1
7437940 1
7440028 1
7447960 1
7456164 1
7457084 1
7464834 1
7468866 1
7469086 1
7470149 1
7471512 1
7474682 1
7477299 1
7479723 1
7482141 1
7482141 1
7487304 1
7487378 1
7489720 1
7492376 1
7493633 1
7494685 1
7496572 1
7498629 1
7510965 1
7517663 1
7517833 1
7522010 1
7536052 1
7552481 1
7553358 1
7562645 1
7572980 1
7587465 1
7589284 1
7589284 1
7592705 1
7592886 1
7595192 1
7595197 1
7596583 1
7601948 1
7604020 1
7607456 1
7624973 1
7625248 1
7627670 1
7632279 1
7633081 1
7633825 1
7637383 1
7640140 1
7644355 1
7657132 1
7662226 1
7666283 1
7669728 1
7672251 1
7677499 1
7683316 1
7694740 1
7703731 1
7704860 1
7706548 1
7708253 1
7708320 1
7708320 1
7710948 1
7719455 1
7723448 1
7729189 1
7730456 1
7730781 1
7733284 1
7733389 1
7734029 1
7734404 1
7744737 1
7744737 1
7750893 1
7753617 1
7768692 1
7769911 1
7771978 1
7772917 1
7776117 1
7776195 1
7780113 1
7780871 1
7780874 1
7780995 1
7784376 1
7791598 1
7800592 1
7803778 1
7805976 1
7812712 1
7826161 1
7829752 1
7830475 1
7831016 1
7839778 1
7839778 1
7850634 1
7852872 1
7859003 1
7866383 1
7866393 1
7866465 1
7866465 1
7868067 1
7873940 1
7879225 1
7885545 1
7895647 1
7896062 1
7899677 1
7905470 1
7912365 1
7913737 1
7916923 1
7926499 1
7926852 1
7930290 1
7930608 1
7930652 1
7932230 1
7932268 1
7932268 1
7948623 1
7950503 1
7954480 1
7955063 1
7962196 1
7963100 1
7965006 1
7966890 1
7970933 1
7974500 1
7982273 1
7984370 1
7987008 1
7993471 1
7995638 1
8000226 1
8006374 1
8010436 1
8010463 1
8010466 1
8012119 1
8017597 1
8018596 1
8021295 1
8024668 1
8025830 1
8027399 1
8027399 1
8029486 1
8029883 1
8032090 1
8033992 1
8034684 1
8035074 1
8041159 1
8041293 1
8041994 1
8043398 1
8044978 1
8061237 1
8061815 1
8070668 1
8072333 1
8074128 1
8075522 1
8077060 1
8079700 1
8088132 1
8088908 1
8096160 1
8097745 1
8098476 1
8102388 1
8104937 1
8105209 1
8109741 1
8121586 1
8121586 1
8125861 1
8129845 1
8131575 1
8133330 1
8136542 1
8136960 1
8137643 1
8145507 1
8154772 1
8161966 1
8162653 1
8162669 1
8166698 1
8172097 1
8172366 1
8178146 1
8194850 1
8194850 1
8195216 1
8195993 1
8197206 1
8207757 1
8210303 1
8213119 1
8220903 1
8224123 1
8235532 1
8235712 1
8236371 1
8236505 1
8237568 1
8238807 1
8241776 1
8241912 1
8245145 1
8255228 1
8256487 1
8260929 1
8261408 1
8265179 1
8266488 1
8266584 1
8272797 1
8273527 1
8273980 1
8278291 1
8302243 1
8308790 1
8310476 1
37 1
7590 1
16711 1
16711 1
23024 1
24007 1
29167 1
34984 1
39985 1
51595 1
54372 1
56535 1
67754 1
77669 1
86083 1
92275 1
95095 1
97475 1
98309 1
100112 1
101875 1
110081 1
110466 1
111455 1
115233 1
117057 1
117949 1
126657 1
136285 1
139529 1
139846 1
142897 1
143605 1
144331 1
147400 1
150298 1
150751 1
155135 1
155961 1
162503 1
166985 1
167897 1
168398 1
169009 1
173251 1
178280 1
179638 1
180203 1
180909 1
188636 1
190754 1
195315 1
200071 1
202172 1
202377 1
203600 1
205245 1
212978 1
213799 1
218407 1
219549 1
224818 1
228374 1
229039 1
230110 1
231381 1
231641 1
234697 1
239986 1
254411 1
262191 1
264022 1
265450 1
277011 1
284704 1
296236 1
300485 1
302228 1
305624 1
317403 1
319210 1
322477 1
330544 1
338910 1
348348 1
348377 1
348652 1
349186 1
350064 1
356422 1
367154 1
370234 1
388665 1
389692 1
390763 1
397503 1
415821 1
415930 1
421127 1
440268 1
446481 1
446685 1
447099 1
447900 1
454562 1
456425 1
457311 1
464130 1
465274 1
466818 1
472337 1
476424 1
478999 1
479285 1
483197 1
483384 1
486245 1
487226 1
496375 1
499565 1
500036 1
509291 1
510469 1
510493 1
511173 1
521633 1
524074 1
525807 1
531261 1
533801 1
535909 1
539369 1
547148 1
547148 1
549434 1
549954 1
551290 1
560749 1
563888 1
564876 1
564876 1
564992 1
565397 1
570790 1
576759 1
577091 1
578464 1
578714 1
578714 1
580797 1
584476 1
589561 1
603942 1
607156 1
608206 1
608206 1
608370 1
608494 1
610592 1
610870 1
619835 1
634803 1
642593 1
647554 1
648072 1
655117 1
655438 1
661773 1
677402 1
683213 1
687105 1
703592 1
709850 1
713685 1
717067 1
717308 1
718384 1
726796 1
729178 1
731236 1
735314 1
735314 1
738885 1
747471 1
747471 1
751169 1
765496 1
770470 1
772799 1
775323 1
784910 1
792438 1
796445 1
796445 1
799960 1
801822 1
801884 1
801918 1
802731 1
810409 1
814916 1
819198 1
823308 1
826557 1
829295 1
831598 1
833585 1
833585 1
834132 1
835582 1
846452 1
854673 1
855688 1
872854 1
882040 1
882866 1
896838 1
905817 1
911545 1
922432 1
922887 1
928127 1
936478 1
936478 1
936529 1
938562 1
943813 1
952570 1
955737 1
956169 1
960419 1
964024 1
964107 1
965067 1
966173 1
972956 1
984438 1
986158 1
986168 1
990094 1
990094 1
995969 1
1007395 1
1015529 1
1021884 1
1024886 1
1026739 1
1032737 1
1037306 1
1039144 1
1039927 1
1041560 1
1042173 1
1043983 1
1049903 1
1051857 1
1056400 1
1061391 1
1063941 1
1065070 1
1065070 1
1066325 1
1073639 1
1077215 1
1080081 1
1081546 1
1084763 1
1086063 1
1086063 1
1087976 1
1088478 1
1089867 1
1096462 1
1097139 1
1097451 1
1097506 1
1098594 1
1102869 1
1103977 1
1104469 1
1116437 1
1133849 1
1136789 1
1144252 1
1144843 1
1151071 1
1152905 1
1157292 1
1161965 1
1166798 1
1167258 1
1172632 1
1173062 1
1175553 1
1177077 1
1190861 1
1205462 1
1207859 1
1213383 1
1219414 1
1223400 1
1229117 1
1230706 1
1232473 1
1248488 1
1254002 1
1255191 1
1256471 1
1263808 1
1265289 1
1265779 1
1290093 1
1295216 1
1311448 1
1314115 1
1330769 1
1332997 1
1334723 1
1336621 1
1340355 1
1341950 1
1343066 1
1345096 1
1347095 1
1347601 1
1347922 1
1348520 1
1350257 1
1351055 1
1353177 1
1355718 1
1356566 1
1366935 1
1373449 1
1379410 1
1384494 1
1385679 1
1402661 1
1405394 1
1406313 1
1410651 1
1411906 1
1428350 1
1438966 1
1443585 1
1444969 1
1450167 1
1456348 1
1456502 1
1458328 1
1458328 1
1459500 1
1462492 1
1471456 1
1471714 1
1473426 1
1475006 1
1475652 1
1478981 1
1479801 1
1480223 1
1480579 1
1486299 1
1488436 1
1495835 1
1499127 1
1499980 1
1503471 1
1505110 1
1507039 1
1517095 1
1535877 1
1542207 1
1546780 1
1548173 1
1550717 1
1551703 1
1558559 1
1563288 1
1564239 1
1565286 1
1571597 1
1574369 1
1586972 1
1592093 1
1592922 1
1600736 1
1602615 1
1604353 1
1604996 1
1609198 1
1618331 1
1628954 1
1629872 1
1634724 1
1638070 1
1649603 1
1652423 1
1658716 1
1658929 1
1661199 1
1664833 1
1666105 1
1666466 1
1675573 1
1676222 1
1689688 1
1692826 1
1692947 1
1694935 1
1704280 1
1704780 1
1729536 1
1729776 1
1733187 1
1734536 1
1734893 1
1738572 1
1740018 1
1742509 1
1744619 1
1751936 1
1759785 1
1762341 1
1769537 1
1773964 1
1780821 1
1781924 1
1786931 1
1787538 1
1792626 1
1805325 1
1805827 1
1806694 1
1808199 1
1813989 1
1825461 1
1826046 1
1828494 1
1829513 1
1837219 1
1850067 1
1851835 1
1861949 1
1866194 1
1869723 1
1870046 1
1870467 1
1880770 1
1884015 1
1884179 1
1884179 1
1887761 1
1891567 1
1892699 1
1893218 1
1897687 1
1905737 1
1908956 1
1916245 1
1926636 1
1932485 1
1937047 1
1938927 1
1944096 1
1946143 1
1947324 1
1947891 1
1948312 1
1951966 1
1959186 1
1961449 1
1965816 1
1965816 1
1978210 1
1979723 1
1983086 1
1984880 1
1990420 1
1994055 1
2002522 1
2003550 1
2006928 1
2013398 1
2015434 1
2018573 1
2020751 1
2024825 1
2029092 1
2057760 1
2057984 1
2062007 1
2072450 1
2078931 1
2083109 1
2085073 1
2090442 1
2092622 1
2093773 1
2094094 1
2100016 1
2100336 1
2104455 1
2113808 1
2114189 1
2116027 1
2116174 1
2118244 1
2126388 1
2133930 1
2145498 1
2151614 1
2166654 1
2173459 1
2174063 1
2185507 1
2185807 1
2189228 1
2189499 1
2191217 1
2192239 1
2193725 1
2193888 1
2197019 1
2201381 1
2201390 1
2217249 1
2222171 1
2222207 1
2233161 1
2234471 1
2235664 1
2235667 1
2245198 1
2246244 1
2255026 1
2260155 1
2263045 1
2265941 1
2272027 1
2273121 1
2275930 1
2278113 1
2278115 1
2284495 1
2289470 1
2295593 1
2299020 1
2305994 1
2306595 1
2310500 1
2311274 1
2314203 1
2320898 1
2322365 1
2325740 1
2330562 1
2333262 1
2334824 1
2336350 1
2343512 1
2345216 1
2352609 1
2358047 1
2359596 1
2370972 1
2371069 1
2376349 1
2378709 1
2382527 1
2383138 1
2391215 1
2398030 1
2398679 1
2402093 1
2406073 1
2407849 1
2409152 1
2411575 1
2412257 1
2424798 1
2425259 1
2428344 1
2428702 1
2433234 1
2439620 1
2441864 1
2442499 1
2443573 1
2445548 1
2445552 1
2447705 1
2453292 1
2464284 1
2473699 1
2476112 1
2478196 1
2481638 1
2486577 1
2494888 1
2496514 1
2499606 1
2506218 1
2513604 1
2517277 1
2521230 1
2521451 1
2526124 1
2526463 1
2527941 1
2534945 1
2536716 1
2536716 1
2539685 1
2548632 1
2548948 1
2555934 1
2556737 1
2562945 1
2563938 1
2576720 1
2578529 1
2590205 1
2591613 1
2596399 1
2596526 1
2608046 1
2619446 1
2623858 1
2628650 1
2646509 1
2651589 1
2652127 1
2652768 1
2653508 1
2654392 1
2654413 1
2661096 1
2661289 1
2664015 1
2664015 1
2670493 1
2671842 1
2672536 1
2674776 1
2675775 1
2676151 1
2688685 1
2697166 1
2701192 1
2705326 1
2707193 1
2708297 1
2708297 1
2711202 1
2711313 1
2720557 1
2722085 1
2724380 1
2731116 1
2731116 1
2732192 1
2732242 1
2735491 1
2736453 1
2741827 1
2744651 1
2745039 1
2747920 1
2747924 1
2754992 1
2755357 1
2756471 1
2768984 1
2775046 1
2777925 1
2779392 1
2781756 1
2788430 1
2790131 1
2795476 1
2799636 1
2800832 1
2813020 1
2815774 1
2815774 1
2840641 1
2851076 1
2853227 1
2860709 1
2867369 1
2869894 1
2872556 1
2876929 1
2881602 1
2890805 1
2891681 1
2892668 1
2892668 1
2895999 1
2896954 1
2897644 1
2897644 1
2904454 1
2906733 1
2907848 1
2921517 1
2931581 1
2935239 1
2936322 1
2936322 1
2942555 1
2943233 1
2950505 1
2950605 1
2959883 1
2960238 1
2961908 1
2962108 1
2967508 1
2973449 1
2977324 1
2982570 1
2984600 1
2984673 1
2988422 1
2988422 1
2993319 1
2997428 1
3000821 1
3014963 1
3016314 1
3020107 1
3024812 1
3025230 1
3025353 1
3025597 1
3025597 1
3025597 1
3025597 1
3031453 1
3033756 1
3041529 1
3053107 1
3053667 1
3054869 1
3064156 1
3065844 1
3066447 1
3066959 1
3070174 1
3070855 1
3076102 1
3080694 1
3086391 1
3090175 1
3090175 1
3102950 1
3115428 1
3119151 1
3119726 1
3121137 1
3123993 1
3131051 1
3131133 1
3139595 1
3158899 1
3162708 1
3167712 1
3175813 1
3177619 1
3179184 1
3179561 1
3200229 1
3202891 1
3203298 1
3206033 1
3207306 1
3210335 1
3222947 1
3225979 1
3227117 1
3230289 1
3232094 1
3234992 1
3235045 1
3236029 1
3237089 1
3239043 1
3239043 1
3242455 1
3246472 1
3246863 1
3254576 1
3255724 1
3260663 1
3271476 1
3271649 1
3272424 1
3273152 1
3279361 1
3282861 1
3284518 1
3291635 1
3293514 1
3295691 1
3296477 1
3300568 1
3302454 1
3302561 1
3303853 1
3305961 1
3306457 1
3306566 1
3323822 1
3323904 1
3326159 1
3326607 1
3327257 1
3334342 1
3334889 1
3335254 1
3337154 1
3343043 1
3343423 1
3345466 1
3345693 1
3346471 1
3358746 1
3364435 1
3371321 1
3374662 1
3385763 1
3388470 1
3403757 1
3404078 1
3414203 1
3414831 1
3417301 1
3420301 1
3425895 1
3425895 1
3433183 1
3435769 1
3440121 1
3453319 1
3453674 1
3462472 1
3462472 1
3463182 1
3463285 1
3463293 1
3463848 1
3470476 1
3474807 1
3474925 1
3475940 1
3481610 1
3481650 1
3494041 1
3495889 1
3502006 1
3505642 1
3505709 1
3505709 1
3507359 1
3507529 1
3512249 1
3515576 1
3526199 1
3532098 1
3537235 1
3538083 1
3552347 1
3558911 1
3568163 1
3577604 1
3586657 1
3591903 1
3608741 1
3610330 1
3610330 1
3612036 1
3616759 1
3620156 1
3620156 1
3623216 1
3624584 1
3624584 1
3634613 1
3635091 1
3643099 1
3646839 1
3647644 1
3660193 1
3662832 1
3663054 1
3675586 1
3677993 1
3679427 1
3692911 1
3692911 1
3697347 1
3697347 1
3702906 1
3706072 1
3707247 1
3712049 1
3716445 1
3718282 1
3718362 1
3718733 1
3718880 1
3724843 1
3728892 1
3731991 1
3743645 1
3757301 1
3761242 1
3761842 1
3765111 1
3778903 1
3783322 1
3783769 1
3784071 1
3789029 1
3789115 1
3799488 1
3802578 1
3804832 1
3804832 1
3810752 1
3818575 1
3827195 1
3829594 1
3831036 1
3831972 1
3845352 1
3847378 1
3849676 1
3867071 1
3874643 1
3874971 1
3875999 1
3876006 1
3878067 1
3880584 1
3881133 1
3885820 1
3887517 1
3888745 1
3889918 1
3892221 1
3911974 1
3915857 1
3936225 1
3941251 1
3944786 1
3948049 1
3953083 1
3967263 1
3968485 1
3970356 1
3973284 1
3974720 1
3977853 1
3977982 1
3988787 1
3991853 1
3992191 1
3994285 1
3997654 1
4000089 1
4002935 1
4005965 1
4006760 1
4007990 1
4016246 1
4016595 1
4020076 1
4020783 1
4021799 1
4022643 1
4024200 1
4025113 1
4038012 1
4042077 1
4047421 1
4050208 1
4058145 1
4059485 1
4061640 1
4064050 1
4065005 1
4065648 1
4065879 1
4077525 1
4079867 1
4087193 1
4090362 1
4101573 1
4107317 1
4108970 1
4113087 1
4115158 1
4117128 1
4129704 1
4137578 1
4149401 1
4162258 1
4163062 1
4165907 1
4175758 1
4176658 1
4191580 1
4191903 1
4203913 1
4207733 1
4212112 1
4217465 1
4224454 1
4226164 1
4226165 1
4226165 1
4230107 1
4235744 1
4236482 1
4240786 1
4242455 1
4244087 1
4253373 1
4257854 1
4259574 1
4262007 1
4263031 1
4269371 1
4271470 1
4274147 1
4281731 1
4284477 1
4284477 1
4287801 1
4289171 1
4292907 1
4301439 1
4310122 1
4317091 1
4326058 1
4331184 1
4331695 1
4332954 1
4332954 1
4337017 1
4340348 1
4345578 1
4348577 1
4349241 1
4352383 1
4365657 1
4371026 1
4378542 1
4378752 1
4379774 1
4380731 1
4384833 1
4386043 1
4390496 1
4394736 1
4395950 1
4401480 1
4402005 1
4407363 1
4407363 1
4413575 1
4415247 1
4415515 1
4415572 1
4417715 1
4421378 1
4422060 1
4427624 1
4429636 1
4430451 1
4440023 1
4449670 1
4450271 1
4450400 1
4472190 1
4476658 1
4477335 1
4479044 1
4480956 1
4481681 1
4482318 1
4484648 1
4493605 1
4494588 1
4494588 1
4501025 1
4505784 1
4509652 1
4517648 1
4521201 1
4523205 1
4527294 1
4530527 1
4537149 1
4542295 1
4543792 1
4544030 1
4545381 1
4547246 1
4553690 1
4559990 1
4560547 1
4587723 1
4591016 1
4597081 1
4607368 1
4607654 1
4613325 1
4617938 1
4625652 1
4632339 1
4632992 1
4642588 1
4653368 1
4661115 1
4662286 1
4663145 1
4670654 1
4670997 1
4672650 1
4675211 1
4679501 1
4687712 1
4694614 1
4697859 1
4698116 1
4701509 1
4704350 1
4704907 1
4706268 1
4713937 1
4721361 1
4724219 1
4725753 1
4726445 1
4735473 1
4744779 1
4744840 1
4745440 1
4756655 1
4772921 1
4776906 1
4777679 1
4787561 1
4788393 1
4789770 1
4790117 1
4790414 1
4792487 1
4795136 1
4802594 1
4807853 1
4809774 1
4812126 1
4812942 1
4816175 1
4818047 1
4829157 1
4830707 1
4837716 1
4839060 1
4840767 1
4844517 1
4845246 1
4847938 1
4850560 1
4875323 1
4885704 1
4888186 1
4891520 1
4892300 1
4894748 1
4898686 1
4902894 1
4914296 1
4916675 1
4917022 1
4924810 1
4929606 1
4930504 1
4932299 1
4937354 1
4942376 1
4963674 1
4964312 1
4965142 1
4979020 1
4979263 1
4991980 1
4991980 1
4998750 1
5000666 1
5001387 1
5003939 1
5007171 1
5022186 1
5031093 1
5031392 1
5036432 1
5039255 1
5044761 1
5047134 1
5047645 1
5048412 1
5049088 1
5049090 1
5053085 1
5053173 1
5055309 1
5065905 1
5073718 1
5074173 1
5075581 1
5085121 1
5087238 1
5119310 1
5122545 1
5126864 1
5135314 1
5142454 1
5143676 1
5144443 1
5146330 1
5147330 1
5149558 1
5155399 1
5156237 1
5156649 1
5157816 1
5166239 1
5167795 1
5168964 1
5169753 1
5173281 1
5186247 1
5191791 1
5194243 1
5197765 1
5202666 1
5204025 1
5218285 1
5229895 1
5231817 1
5233189 1
5233623 1
5236140 1
5238679 1
5240164 1
5243144 1
5252486 1
5258157 1
5258787 1
5259007 1
5260232 1
5273585 1
5279310 1
5281639 1
5283563 1
5286110 1
5311718 1
5317551 1
5318190 1
5324807 1
5326611 1
5326690 1
5329295 1
5348317 1
5363410 1
5369378 1
5371024 1
5377673 1
5381757 1
5383579 1
5384253 1
5398526 1
5406703 1
5411263 1
5411263 1
5415404 1
5416511 1
5418907 1
5426633 1
5428356 1
5437164 1
5438737 1
5439789 1
5447635 1
5467208 1
5470670 1
5471471 1
5475420 1
5475725 1
5486897 1
5491320 1
5491413 1
5494249 1
5504413 1
5508986 1
5517606 1
5517833 1
5518292 1
5519394 1
5526606 1
5527097 1
5543117 1
5549290 1
5565216 1
5574964 1
5577834 1
5579241 1
5579466 1
5594135 1
5603837 1
5606831 1
5609354 1
5611547 1
5612325 1
5615283 1
5618146 1
5620823 1
5620827 1
5621316 1
5627438 1
5629059 1
5631650 1
5653869 1
5663529 1
5664152 1
5667375 1
5685986 1
5685987 1
5689632 1
5690207 1
5691629 1
5694036 1
5694842 1
5699858 1
5707001 1
5708512 1
5710269 1
5720387 1
5729112 1
5729112 1
5729889 1
5737005 1
5738362 1
5743971 1
5752494 1
5762033 1
5767408 1
5768664 1
5770387 1
5770482 1
5781670 1
5788400 1
5795745 1
5800270 1
5807431 1
5811580 1
5811848 1
5822821 1
5825838 1
5826523 1
5833108 1
5847405 1
5851839 1
5852972 1
5858508 1
5861772 1
5862873 1
5869381 1
5871615 1
5874536 1
5881689 1
5883920 1
5886694 1
5890034 1
5890301 1
5891950 1
5892017 1
5892846 1
5896422 1
5896941 1
5898178 1
5901249 1
5901985 1
5912089 1
5917358 1
5917404 1
5919613 1
5923324 1
5924637 1
5929900 1
5939664 1
5945182 1
5947763 1
5947890 1
5950707 1
5962580 1
5962942 1
5966193 1
5966860 1
5968783 1
5969442 1
5971846 1
5972413 1
5975440 1
5975440 1
5987008 1
6004691 1
6010612 1
6010901 1
6014386 1
6020103 1
6020369 1
6028565 1
6029790 1
6029859 1
6033861 1
6033861 1
6036981 1
6040452 1
6042292 1
6042349 1
6060926 1
6068393 1
6074768 1
6080167 1
6080167 1
6083565 1
6085682 1
6090038 1
6096797 1
6099244 1
6102864 1
6113746 1
6117798 1
6128169 1
6129758 1
6132653 1
6132832 1
6135998 1
6138460 1
6140187 1
6145164 1
6145745 1
6146183 1
6147871 1
6149615 1
6157316 1
6157832 1
6162201 1
6164232 1
6167605 1
6177931 1
6178338 1
6179548 1
6179678 1
6182295 1
6186224 1
6186244 1
6189937 1
6189937 1
6195476 1
6197507 1
6200636 1
6210716 1
6223509 1
6226485 1
6228986 1
6230524 1
6240033 1
6252086 1
6253670 1
6253670 1
6262081 1
6264582 1
6265590 1
6265850 1
6265940 1
6268519 1
6277062 1
6277362 1
6279306 1
6281085 1
6282850 1
6284983 1
6291903 1
6291963 1
6295177 1
6295365 1
6296124 1
6296124 1
6302417 1
6302445 1
6303733 1
6308651 1
6308856 1
6314151 1
6315207 1
6315771 1
6324723 1
6339436 1
6339436 1
6348424 1
6353204 1
6360823 1
6363861 1
6364791 1
6364791 1
6364791 1
6364791 1
6364791 1
6365703 1
6365703 1
6376215 1
6376218 1
6379623 1
6380391 1
6382369 1
6388589 1
6392620 1
6396752 1
6400489 1
6422099 1
6425552 1
6439725 1
6439725 1
6444684 1
6449013 1
6458509 1
6459333 1
6466987 1
6472848 1
6476355 1
6478271 1
6479025 1
6483575 1
6484990 1
6487294 1
6489727 1
6492493 1
6499772 1
6503082 1
6503861 1
6504426 1
6505871 1
6506405 1
6507678 1
6516996 1
6517146 1
6518163 1
6523159 1
6524392 1
6536619 1
6540374 1
6543130 1
6546641 1
6551955 1
6558804 1
6558974 1
6559963 1
6562801 1
6564735 1
6578449 1
6583960 1
6588061 1
6608845 1
6609161 1
6612712 1
6612817 1
6615545 1
6616039 1
6618396 1
6627138 1
6629073 1
6629103 1
6631026 1
6632268 1
6632402 1
6636866 1
6646937 1
6649141 1
6649997 1
6650626 1
6657364 1
6673309 1
6679976 1
6683717 1
6693686 1
6696111 1
6697895 1
6700211 1
6708920 1
6709071 1
6718286 1
6725238 1
6725533 1
6733606 1
6733930 1
6734217 1
6746206 1
6751871 1
6753785 1
6754639 1
6757075 1
6763867 1
6767429 1
6785874 1
6795991 1
6796585 1
6798356 1
6803501 1
6822820 1
6828843 1
6833167 1
6834510 1
6834563 1
6845370 1
6865847 1
6871551 1
6871797 1
6881473 1
6882167 1
6882930 1
6887434 1
6891991 1
6916316 1
6918544 1
6918875 1
6920288 1
6920293 1
6921824 1
6923138 1
6923262 1
6931436 1
6934435 1
6935031 1
6936333 1
6937832 1
6941252 1
6941257 1
6946681 1
6965156 1
6968292 1
6975154 1
6992786 1
7004221 1
7004221 1
7010219 1
7016615 1
7027390 1
7033686 1
7039507 1
7040205 1
7040542 1
7041964 1
7045619 1
7048903 1
7050481 1
7050688 1
7054770 1
7055794 1
7058084 1
7058258 1
7062176 1
7065710 1
7068773 1
7072779 1
7080081 1
7084466 1
7086746 1
7087439 1
7087439 1
7103592 1
7107666 1
7110375 1
7110781 1
7113857 1
7114093 1
7115728 1
7115962 1
7117092 1
7117499 1
7121781 1
7130951 1
7131895 1
7141091 1
7142359 1
7147952 1
7154406 1
7159537 1
7159622 1
7160002 1
7160595 1
7171673 1
7175919 1
7182772 1
7183796 1
7190536 1
7198741 1
7216997 1
7223621 1
7228532 1
7228700 1
7236434 1
7236503 1
7249381 1
7255479 1
7265580 1
7274637 1
7276076 1
7276076 1
7277308 1
7282554 1
7287535 1
7288085 1
7296866 1
7298177 1
7298824 1
7310983 1
7321101 1
7324151 1
7325491 1
7326010 1
7330304 1
7330699 1
7332558 1
7333776 1
7352013 1
7352029 1
7352549 1
7352549 1
7353009 1
7353838 1
7357016 1
7366994 1
7366994 1
7368066 1
7380354 1
7388483 1
7396289 1
7403703 1
7430051 1
7431135 1
7431914 1
7433403 1
7437861 1
7440967 1
7441723 1
7441899 1
7455339 1
7455539 1
7460125 1
7462982 1
7465832 1
7470448 1
7471577 1
7472269 1
7478315 1
7481169 1
7494278 1
7494278 1
7499827 1
7501055 1
7501200 1
7501951 1
7506907 1
7509697 1
7516173 1
7519977 1
7536499 1
7537521 1
7539896 1
7551694 1
7552299 1
7553084 1
7557195 1
7557195 1
7559431 1
7561947 1
7567796 1
7572019 1
7573807 1
7581812 1
7590781 1
7594202 1
7600622 1
7600853 1
7600928 1
7606376 1
7617782 1
7629844 1
7636384 1
7637296 1
7642832 1
7643233 1
7646296 1
7653051 1
7654321 1
7656839 1
7660628 1
7666602 1
7669263 1
7671553 1
7673755 1
7678674 1
7678809 1
7689381 1
7694085 1
7696404 1
7701141 1
7704470 1
7722760 1
7724965 1
7729528 1
7742635 1
7744802 1
7754586 1
7756003 1
7766447 1
7773448 1
7773537 1
7781009 1
7785373 1
7793454 1
7803564 1
7812841 1
7817436 1
7817552 1
7833148 1
7834623 1
7836068 1
7842992 1
7849299 1
7849584 1
7852469 1
7853257 1
7853742 1
7855839 1
7859279 1
7867623 1
7867632 1
7870265 1
7874041 1
7874131 1
7875651 1
7875651 1
7886398 1
7902441 1
7903226 1
7904077 1
7909351 1
7915869 1
7916556 1
7916573 1
7916573 1
7916965 1
7925183 1
7928574 1
7929624 1
7929702 1
7930690 1
7933253 1
7934658 1
7938810 1
7942564 1
7942564 1
7944061 1
7948882 1
7952706 1
7959008 1
7962733 1
7971481 1
7971585 1
7971585 1
7973038 1
7976826 1
7978731 1
7996357 1
8000197 1
8001617 1
8007839 1
8009158 1
8013141 1
8016551 1
8016633 1
8017560 1
8023025 1
8023290 1
8024382 1
8026930 1
8027013 1
8027778 1
8028522 1
8030333 1
8031982 1
8036593 1
8037493 1
8038391 1
8038682 1
8038795 1
8038819 1
8039969 1
8040908 1
8044205 1
8050823 1
8050964 1
8052704 1
8055515 1
8056253 1
8058244 1
8058561 1
8060902 1
8067677 1
8068698 1
8069849 1
8070312 1
8073605 1
8076181 1
8077882 1
8085919 1
8090090 1
8090092 1
8091549 1
8096806 1
8105417 1
8109125 1
8109338 1
8112154 1
8115307 1
8118540 1
8118540 1
8121215 1
8123565 1
8123777 1
8123777 1
8124529 1
8127619 1
8127756 1
8131611 1
8132968 1
8134915 1
8135003 1
8135460 1
8142854 1
8146940 1
8147896 1
8155133 1
8155189 1
8155603 1
8158598 1
8159029 1
8160234 1
8160817 1
8164296 1
8165226 1
8170633 1
8171169 1
8177783 1
8185769 1
8187716 1
8195939 1
8197631 1
8200727 1
8208015 1
8211534 1
8215106 1
8218385 1
8233166 1
8237963 1
8246198 1
8254852 1
8256535 1
8259137 1
8267343 1
8269762 1
8276211 1
8278512 1
8279158 1
8279204 1
8286668 1
8286863 1
8287024 1
8296776 1
8297288 1
8302039 1
8302316 1
8302972 1
8304876 1
8305473 1
8305689 1
8311398 1
2477 1
2477 1
5787 1
5787 1
9587 1
11028 1
23748 1
25198 1
28946 1
35433 1
35592 1
36042 1
42968 1
50037 1
57063 1
61479 1
65800 1
76270 1
89424 1
97435 1
120371 1
124088 1
124855 1
126529 1
127378 1
129309 1
139646 1
139671 1
141733 1
142954 1
145193 1
145193 1
147910 1
149537 1
152663 1
157023 1
157640 1
161611 1
187841 1
204549 1
205729 1
209448 1
215856 1
217451 1
217459 1
219353 1
225367 1
225425 1
230022 1
230507 1
235575 1
235575 1
269254 1
275711 1
277443 1
280063 1
280518 1
289150 1
290470 1
290577 1
292046 1
293108 1
293169 1
297368 1
297421 1
298971 1
299779 1
307416 1
310509 1
316828 1
318837 1
324354 1
324904 1
326142 1
328448 1
329451 1
336935 1
337002 1
342766 1
345843 1
355300 1
355943 1
359097 1
364665 1
367191 1
381233 1
387312 1
392124 1
406319 1
407622 1
412550 1
412550 1
414693 1
418330 1
419853 1
426980 1
427180 1
429401 1
431492 1
440165 1
440653 1
448114 1
448661 1
453915 1
455110 1
455570 1
456558 1
460301 1
462143 1
463927 1
466938 1
466938 1
467767 1
474823 1
481508 1
483675 1
483675 1
485365 1
487031 1
494394 1
501265 1
501265 1
501704 1
502626 1
511150 1
511161 1
515284 1
517967 1
518505 1
527890 1
533364 1
539273 1
547214 1
550002 1
550002 1
552280 1
554663 1
563628 1
564143 1
565118 1
568454 1
569521 1
575850 1
576083 1
577679 1
577798 1
587402 1
597035 1
608053 1
610922 1
612059 1
622976 1
623219 1
635741 1
639362 1
642056 1
644380 1
645915 1
651252 1
658259 1
675489 1
681532 1
684215 1
704627 1
705397 1
705545 1
709337 1
712921 1
715569 1
725695 1
731132 1
742254 1
754035 1
760143 1
774060 1
774967 1
785173 1
788320 1
788896 1
800135 1
800965 1
811850 1
821419 1
835076 1
838139 1
843666 1
844966 1
845121 1
847607 1
858847 1
863546 1
867142 1
870600 1
880892 1
883731 1
893849 1
894088 1
899193 1
907616 1
910346 1
911582 1
920552 1
927196 1
928015 1
928695 1
928698 1
930688 1
935965 1
944462 1
946545 1
951824 1
953457 1
957174 1
959709 1
964291 1
972754 1
984638 1
985896 1
987438 1
996424 1
1017298 1
1026020 1
1028104 1
1028215 1
1028527 1
1029249 1
1032418 1
1038060 1
1051595 1
1059276 1
1059770 1
1060334 1
1060654 1
1064416 1
1064705 1
1075370 1
1078286 1
1083311 1
1090228 1
1092073 1
1095759 1
1098645 1
1099034 1
1100099 1
1102737 1
1102816 1
1103312 1
1107392 1
1119186 1
1126630 1
1129778 1
1130041 1
1135388 1
1139857 1
1143887 1
1144352 1
1146749 1
1146749 1
1149879 1
1154318 1
1157636 1
1169512 1
1182114 1
1185198 1
1185385 1
1202284 1
1203284 1
1207612 1
1209274 1
1211473 1
1214050 1
1214584 1
1218167 1
1219589 1
1238562 1
1239712 1
1245311 1
1264584 1
1271154 1
1279710 1
1288749 1
1289314 1
1296550 1
1309545 1
1310581 1
1317118 1
1319071 1
1324263 1
1326064 1
1326365 1
1347672 1
1349578 1
1351044 1
1356465 1
1359364 1
1362333 1
1362877 1
1376068 1
1376077 1
1377288 1
1383181 1
1386835 1
1390012 1
1400278 1
1400309 1
1400948 1
1403407 1
1405547 1
1405913 1
1406095 1
1407170 1
1416803 1
1417553 1
1420484 1
1421037 1
1421508 1
1423484 1
1423866 1
1437230 1
1437774 1
1443613 1
1448822 1
1449508 1
1452785 1
1453423 1
1459327 1
1459743 1
1460957 1
1461397 1
1463060 1
1470142 1
1470515 1
1471883 1
1474016 1
1474392 1
1476882 1
1483371 1
1487209 1
1488288 1
1490270 1
1494516 1
1496652 1
1497035 1
1497365 1
1497365 1
1508948 1
1514190 1
1516530 1
1528413 1
1529999 1
1553483 1
1553936 1
1560145 1
1582567 1
1583698 1
1589713 1
1590893 1
1591050 1
1591801 1
1607493 1
1617105 1
1618623 1
1618623 1
1630399 1
1630399 1
1631557 1
1633495 1
1635756 1
1639117 1
1642239 1
1648085 1
1653393 1
1655130 1
1657154 1
1657723 1
1657723 1
1659365 1
1659365 1
1665395 1
1667478 1
1670368 1
1670923 1
1670923 1
1672860 1
1676779 1
1680344 1
1685787 1
1685787 1
1686385 1
1686828 1
1688200 1
1693574 1
1693599 1
1693599 1
1696396 1
1700281 1
1704170 1
1706549 1
1710754 1
1714980 1
1716297 1
1717272 1
1722447 1
1722447 1
1725486 1
1740381 1
1751280 1
1752306 1
1756642 1
1757934 1
1762021 1
1763250 1
1769561 1
1773152 1
1774928 1
1777105 1
1781020 1
1785623 1
1787573 1
1796088 1
1798074 1
1798749 1
1799971 1
1805716 1
1807991 1
1808142 1
1809019 1
1817412 1
1818640 1
1818652 1
1819611 1
1826492 1
1830395 1
1830755 1
1836923 1
1839105 1
1846127 1
1847299 1
1849370 1
1853139 1
1853790 1
1856146 1
1856760 1
1858641 1
1859580 1
1863766 1
1866741 1
1871854 1
1884713 1
1887729 1
1889405 1
1896931 1
1897866 1
1899644 1
1900078 1
1907705 1
1912667 1
1914488 1
1916405 1
1917911 1
1918292 1
1919530 1
1922048 1
1922062 1
1927530 1
1931431 1
1951104 1
1953286 1
1954929 1
1959332 1
1962471 1
1966602 1
1966701 1
1971809 1
1973337 1
1980614 1
1980614 1
1981248 1
1983333 1
1984669 1
1986068 1
2004821 1
2007004 1
2009850 1
2009965 1
2010064 1
2010159 1
2011553 1
2016455 1
2024925 1
2033739 1
2039857 1
2043670 1
2046582 1
2047846 1
2049757 1
2052486 1
2052945 1
2054263 1
2064787 1
2068676 1
2070059 1
2073351 1
2074344 1
2074929 1
2078191 1
2081826 1
2103379 1
2104182 1
2116409 1
2126728 1
2138575 1
2143817 1
2148200 1
2152807 1
2153008 1
2157158 1
2158476 1
2161686 1
2163206 1
2163512 1
2163515 1
2167668 1
2169672 1
2169852 1
2171720 1
2183600 1
2183605 1
2183630 1
2183630 1
2192130 1
2192306 1
2196039 1
2200536 1
2214342 1
2215570 1
2217267 1
2219614 1
2219614 1
2237385 1
2240835 1
2248022 1
2248854 1
2251567 1
2252591 1
2263942 1
2268785 1
2273143 1
2275966 1
2277716 1
2281031 1
2281653 1
2294709 1
2294762 1
2301312 1
2304233 1
2309975 1
2313433 1
2322669 1
2323326 1
2325868 1
2332535 1
2338846 1
2341791 1
2341819 1
2343517 1
2350571 1
2355139 1
2356776 1
2366613 1
2367236 1
2375931 1
2378403 1
2385269 1
2387611 1
2389744 1
2390191 1
2396435 1
2401173 1
2403724 1
2408275 1
2412003 1
2416682 1
2429847 1
2433612 1
2436938 1
2441243 1
2445079 1
2460225 1
2470534 1
2475079 1
2481409 1
2482683 1
2488697 1
2493468 1
2498895 1
2499857 1
2511968 1
2516889 1
2525474 1
2530571 1
2531292 1
2536823 1
2539315 1
2541479 1
2541596 1
2552190 1
2554453 1
2567594 1
2574011 1
2574011 1
2583959 1
2584088 1
2584845 1
2587558 1
2589538 1
2593344 1
2593344 1
2593921 1
2608483 1
2610183 1
2623696 1
2625784 1
2630662 1
2632463 1
2634515 1
2637450 1
2641299 1
2643685 1
2644924 1
2650563 1
2673432 1
2674360 1
2674360 1
2677800 1
2682004 1
2696877 1
2702964 1
2708766 1
2713428 1
2714373 1
2715958 1
2727069 1
2727537 1
2730205 1
2731829 1
2735024 1
2737707 1
2750447 1
2753258 1
2761091 1
2761091 1
2761091 1
2761091 1
2765841 1
2766209 1
2766767 1
2777211 1
2781444 1
2782200 1
2790994 1
2793615 1
2794638 1
2801157 1
2801558 1
2802071 1
2806477 1
2806478 1
2808986 1
2812465 1
2820986 1
2823718 1
2828928 1
2837519 1
2849109 1
2850553 1
2851817 1
2853775 1
2857160 1
2857611 1
2860238 1
2876624 1
2880121 1
2881933 1
2882592 1
2886265 1
2889545 1
2890597 1
2898006 1
2901246 1
2921907 1
2927774 1
2931088 1
2940202 1
2942436 1
2944806 1
2944901 1
2948976 1
2952538 1
2968892 1
2976710 1
2977221 1
2978675 1
2980585 1
2993981 1
3001235 1
3001432 1
3005767 1
3011326 1
3016041 1
3017455 1
3017674 1
3020009 1
3026250 1
3029756 1
3039568 1
3040167 1
3040296 1
3045438 1
3050147 1
3057160 1
3058624 1
3068646 1
3079577 1
3081931 1
3082108 1
3082952 1
3105506 1
3106608 1
3113976 1
3125590 1
3127883 1
3144296 1
3149384 1
3151439 1
3157403 1
3160854 1
3165248 1
3166889 1
3167311 1
3175832 1
3176308 1
3177369 1
3177635 1
3177801 1
3179389 1
3190611 1
3192713 1
3192979 1
3199847 1
3204346 1
3208656 1
3210249 1
3211494 1
3213568 1
3213864 1
3217127 1
3227867 1
3229296 1
3229631 1
3248902 1
3250906 1
3252922 1
3253955 1
3254084 1
3254084 1
3256546 1
3257476 1
3257476 1
3267434 1
3288293 1
3291654 1
3293549 1
3300509 1
3301804 1
3302953 1
3302953 1
3306526 1
3310756 1
3310942 1
3313959 1
3317617 1
3319539 1
3319624 1
3320991 1
3323556 1
3326513 1
3327771 1
3331249 1
3332314 1
3333699 1
3337205 1
3339850 1
3342413 1
3345081 1
3363726 1
3364742 1
3370572 1
3381746 1
3382874 1
3386062 1
3405288 1
3406543 1
3428489 1
3431886 1
3440195 1
3441132 1
3441780 1
3443619 1
3448924 1
3453012 1
3453560 1
3459305 1
3460565 1
3474962 1
3478760 1
3478760 1
3479102 1
3480850 1
3483013 1
3526862 1
3529183 1
3535289 1
3535734 1
3536567 1
3544684 1
3546150 1
3553318 1
3554234 1
3558104 1
3560112 1
3565102 1
3565102 1
3569868 1
3571221 1
3571225 1
3571791 1
3574158 1
3579198 1
3583588 1
3595815 1
3603417 1
3607429 1
3613451 1
3616269 1
3616300 1
3616400 1
3617405 1
3627764 1
3632679 1
3632772 1
3638539 1
3639486 1
3639951 1
3649860 1
3657264 1
3658862 1
3660195 1
3664080 1
3667206 1
3675175 1
3678863 1
3681313 1
3681940 1
3684466 1
3691588 1
3693462 1
3699753 1
3704593 1
3707865 1
3711883 1
3712036 1
3717434 1
3723842 1
3727459 1
3733560 1
3734236 1
3742310 1
3742310 1
3750176 1
3750938 1
3754777 1
3757338 1
3757338 1
3760270 1
3766537 1
3772326 1
3772326 1
3778762 1
3785365 1
3792744 1
3801155 1
3809265 1
3814592 1
3818185 1
3823418 1
3824062 1
3826611 1
3826897 1
3828149 1
3828380 1
3828842 1
3835882 1
3838331 1
3844674 1
3845401 1
3845986 1
3846306 1
3848074 1
3852943 1
3857497 1
3858809 1
3859152 1
3864471 1
3866847 1
3868249 1
3875919 1
3890412 1
3894671 1
3896165 1
3901451 1
3913680 1
3920290 1
3926907 1
3930482 1
3931985 1
3937220 1
3940072 1
3941808 1
3946630 1
3948392 1
3953840 1
3971441 1
3973229 1
3975228 1
3975751 1
3990574 1
3991374 1
3996111 1
4010700 1
4015206 1
4018692 1
4033453 1
4035169 1
4036638 1
4045000 1
4047570 1
4048529 1
4050981 1
4053519 1
4053820 1
4053837 1
4058241 1
4063237 1
4063240 1
4075120 1
4081072 1
4081079 1
4089634 1
4094549 1
4095939 1
4096996 1
4096996 1
4096996 1
4096996 1
4097341 1
4101621 1
4108592 1
4116462 1
4116619 1
4119926 1
4120159 1
4129935 1
4131048 1
4131450 1
4138920 1
4142522 1
4151388 1
4151765 1
4153652 1
4162201 1
4168478 1
4169036 1
4169244 1
4170686 1
4173265 1
4175156 1
4177767 1
4190899 1
4194705 1
4196760 1
4200154 1
4211117 1
4213136 1
4213136 1
4216049 1
4216986 1
4220159 1
4231379 1
4232508 1
4238555 1
4250780 1
4252612 1
4261144 1
4269548 1
4274497 1
4275809 1
4275915 1
4276839 1
4276839 1
4277006 1
4289469 1
4297879 1
4297879 1
4298929 1
4300633 1
4310298 1
4314671 1
4315320 1
4315320 1
4315332 1
4316513 1
4322791 1
4330051 1
4330920 1
4332176 1
4340886 1
4344628 1
4344955 1
4346849 1
4351914 1
4355105 1
4356520 1
4359296 1
4362250 1
4363115 1
4372551 1
4372562 1
4372973 1
4376154 1
4378718 1
4378721 1
4379962 1
4380599 1
4380599 1
4383389 1
4386579 1
4394548 1
4399011 1
4407253 1
4417243 1
4419360 1
4422550 1
4422819 1
4424461 1
4426461 1
4427868 1
4428125 1
4428838 1
4433051 1
4433373 1
4433373 1
4440005 1
4440697 1
4458807 1
4459587 1
4461091 1
4463918 1
4468761 1
4471833 1
4473317 1
4475352 1
4485278 1
4485814 1
4489356 1
4490105 1
4499240 1
4502002 1
4503043 1
4508645 1
4508670 1
4511260 1
4516450 1
4521144 1
4528963 1
4532234 1
4532552 1
4534576 1
4536675 1
4537253 1
4540740 1
4546359 1
4556200 1
4560600 1
4562897 1
4564458 1
4565825 1
4583987 1
4590338 1
4591683 1
4596532 1
4597298 1
4597298 1
4606508 1
4610751 1
4614408 1
4619674 1
4642400 1
4649034 1
4651511 1
4651511 1
4652966 1
4660163 1
4668488 1
4674136 1
4682211 1
4686550 1
4689615 1
4694745 1
4704094 1
4705723 1
4707560 1
4715378 1
4728323 1
4731434 1
4733683 1
4733950 1
4739994 1
4753008 1
4753942 1
4759416 1
4760380 1
4771216 1
4783497 1
4784622 1
4785519 1
4786083 1
4787703 1
4791252 1
4795324 1
4797016 1
4798301 1
4802085 1
4802266 1
4805621 1
4807450 1
4812051 1
4814495 1
4818505 1
4820126 1
4825222 1
4825344 1
4825620 1
4825796 1
4825901 1
4827103 1
4830312 1
4835742 1
4837499 1
4842023 1
4873430 1
4873439 1
4873439 1
4875339 1
4875339 1
4877705 1
4877971 1
4878494 1
4881447 1
4889116 1
4891645 1
4891645 1
4892078 1
4896946 1
4897086 1
4900576 1
4905984 1
4909893 1
4910094 1
4917693 1
4918286 1
4921948 1
4928258 1
4931322 1
4936059 1
4939980 1
4942219 1
4946228 1
4948953 1
4951058 1
4951058 1
4953806 1
4954245 1
4960173 1
4960173 1
4968396 1
4972927 1
4977355 1
4981219 1
4987725 1
4989343 1
4992206 1
4992206 1
4996080 1
4998879 1
4999504 1
5003201 1
5011577 1
5023913 1
5028822 1
5029594 1
5030062 1
5034669 1
5046477 1
5046871 1
5047193 1
5047241 1
5049936 1
5052854 1
5064010 1
5075620 1
5076207 1
5081482 1
5090082 1
5092614 1
5103314 1
5110165 1
5114118 1
5120562 1
5134827 1
5137821 1
5137906 1
5140527 1
5142828 1
5142828 1
5146503 1
5148718 1
5150035 1
5152837 1
5153180 1
5154704 1
5154898 1
5155375 1
5163587 1
5163636 1
5168038 1
5174849 1
5180495 1
5185193 1
5190378 1
5193112 1
5198149 1
5198149 1
5201984 1
5203267 1
5232399 1
5233898 1
5238758 1
5239363 1
5253061 1
5254640 1
5258106 1
5258639 1
5281445 1
5289640 1
5290915 1
5299230 1
5301472 1
5304301 1
5309138 1
5323519 1
5328499 1
5329706 1
5333675 1
5337241 1
5347927 1
5372246 1
5374152 1
5374269 1
5385500 1
5405481 1
5406390 1
5413353 1
5416239 1
5418896 1
5419458 1
5419458 1
5427735 1
5429677 1
5429948 1
5430210 1
5433215 1
5438919 1
5440662 1
5441891 1
5445553 1
5456594 1
5465807 1
5473667 1
5479849 1
5480251 1
5481661 1
5484056 1
5495701 1
5497007 1
5499819 1
5509532 1
5509532 1
5511696 1
5511696 1
5513076 1
5515305 1
5525736 1
5526428 1
5528658 1
5529275 1
5549046 1
5554957 1
5568392 1
5568392 1
5568392 1
5568392 1
5576858 1
5585099 1
5586410 1
5587083 1
5593259 1
5595304 1
5595405 1
5598729 1
5601224 1
5602003 1
5602929 1
5611238 1
5616765 1
5624641 1
5631155 1
5636665 1
5639403 1
5639411 1
5641240 1
5641455 1
5644538 1
5651499 1
5656595 1
5657219 1
5665072 1
5670157 1
5673571 1
5674842 1
5677041 1
5681934 1
5683362 1
5689022 1
5694880 1
5705226 1
5707268 1
5711326 1
5711644 1
5712717 1
5714257 1
5722808 1
5732307 1
5732307 1
5732307 1
5732307 1
5738254 1
5744874 1
5746709 1
5747203 1
5747747 1
5750378 1
5751692 1
5752402 1
5761391 1
5762675 1
5764999 1
5778295 1
5779389 1
5781918 1
5782885 1
5790464 1
5799278 1
5800120 1
5825811 1
5828695 1
5833374 1
5836019 1
5842999 1
5843040 1
5848123 1
5848238 1
5849740 1
5862652 1
5862757 1
5862766 1
5863003 1
5874624 1
5877952 1
5890468 1
5891834 1
5903419 1
5904428 1
5905287 1
5905419 1
5919676 1
5919944 1
5920688 1
5925013 1
5929868 1
5932312 1
5933463 1
5945751 1
5947072 1
5949493 1
5951616 1
5952856 1
5954860 1
5961752 1
5965403 1
5984765 1
5989118 1
5991155 1
5993849 1
5999324 1
6002744 1
6008379 1
6008704 1
6010197 1
6010198 1
6011449 1
6017774 1
6018115 1
6019728 1
6020043 1
6030983 1
6031124 1
6035458 1
6040276 1
6043448 1
6051539 1
6055009 1
6062903 1
6063567 1
6068326 1
6068326 1
6070497 1
6071154 1
6072367 1
6083636 1
6084801 1
6095051 1
6095838 1
6100803 1
6100867 1
6105162 1
6115137 1
6116907 1
6116912 1
6121611 1
6133586 1
6134965 1
6135506 1
6137518 1
6153439 1
6155163 1
6155163 1
6155230 1
6157739 1
6163887 1
6165815 1
6176851 1
6185419 1
6185494 1
6187955 1
6188997 1
6193052 1
6193052 1
6195439 1
6197493 1
6198653 1
6202056 1
6207276 1
6215559 1
6223566 1
6227206 1
6233284 1
6233790 1
6237852 1
6243193 1
6243988 1
6250574 1
6255292 1
6261141 1
6273136 1
6274560 1
6277761 1
6280908 1
6285773 1
6289119 1
6294268 1
6296403 1
6315459 1
6323792 1
6329792 1
6336477 1
6338011 1
6338011 1
6341898 1
6347658 1
6359426 1
6373913 1
6374715 1
6378605 1
6379240 1
6379495 1
6387615 1
6389003 1
6393739 1
6394310 1
6399261 1
6404866 1
6405721 1
6412581 1
6421771 1
6422085 1
6422294 1
6441538 1
6443863 1
6448706 1
6451944 1
6452691 1
6457993 1
6465902 1
6466125 1
6471148 1
6473443 1
6476519 1
6477078 1
6478618 1
6478704 1
6483110 1
6490968 1
6494610 1
6506312 1
6506312 1
6507449 1
6508397 1
6516878 1
6524960 1
6539449 1
6541164 1
6541403 1
6544433 1
6545157 1
6546072 1
6546663 1
6546709 1
6551965 1
6553944 1
6555459 1
6557454 1
6562184 1
6562928 1
6563389 1
6567985 1
6585203 1
6587722 1
6591837 1
6597790 1
6600942 1
6601732 1
6604695 1
6609397 1
6619763 1
6623592 1
6625898 1
6632349 1
6637122 1
6639188 1
6644984 1
6650821 1
6653850 1
6657070 1
6657077 1
6657605 1
6658479 1
6661578 1
6662271 1
6662271 1
6667895 1
6671760 1
6676462 1
6683872 1
6684349 1
6686902 1
6688107 1
6690473 1
6690473 1
6692623 1
6693433 1
6707348 1
6712524 1
6722393 1
6723186 1
6733925 1
6736575 1
6752923 1
6767108 1
6769310 1
6769310 1
6770319 1
6770900 1
6781518 1
6783775 1
6785954 1
6789041 1
6791811 1
6794829 1
6798381 1
6806336 1
6807482 1
6811887 1
6828150 1
6832695 1
6837048 1
6846669 1
6849613 1
6851315 1
6852958 1
6862429 1
6869483 1
6876188 1
6877019 1
6884619 1
6885399 1
6886557 1
6886560 1
6887221 1
6887358 1
6895944 1
6897204 1
6897275 1
6907787 1
6909758 1
6909758 1
6909774 1
6910262 1
6912103 1
6916050 1
6916707 1
6923375 1
6923778 1
6923804 1
6926186 1
6929629 1
6929977 1
6934896 1
6934896 1
6944643 1
6945814 1
6946307 1
6947516 1
6951335 1
6953234 1
6956990 1
6967077 1
6971230 1
6971230 1
6980038 1
6986879 1
6988888 1
6994506 1
6994552 1
6999362 1
7001130 1
7008385 1
7011283 1
7013302 1
7015179 1
7022390 1
7022466 1
7032055 1
7035181 1
7037196 1
7038550 1
7040682 1
7041355 1
7046475 1
7062693 1
7063223 1
7066817 1
7066912 1
7084711 1
7090111 1
7101071 1
7109337 1
7114096 1
7117733 1
7118744 1
7119207 1
7125109 1
7125171 1
7126316 1
7126938 1
7134685 1
7134962 1
7134962 1
7138841 1
7139547 1
7140970 1
7141632 1
7142977 1
7144081 1
7145720 1
7154182 1
7159305 1
7160392 1
7167342 1
7170936 1
7173258 1
7173445 1
7176669 1
7180785 1
7183633 1
7183633 1
7186069 1
7187572 1
7189886 1
7193575 1
7197820 1
7200035 1
7202612 1
7207766 1
7213970 1
7214275 1
7220926 1
7225099 1
7226206 1
7226770 1
7226770 1
7231016 1
7245042 1
7250725 1
7257648 1
7258871 1
7265556 1
7270798 1
7271269 1
7281744 1
7293759 1
7295128 1
7298247 1
7299707 1
7302295 1
7306149 1
7308038 1
7314984 1
7316955 1
7326383 1
7328654 1
7333573 1
7338198 1
7340927 1
7342161 1
7346329 1
7346499 1
7350215 1
7351126 1
7364965 1
7370098 1
7370169 1
7376301 1
7376998 1
7377515 1
7380546 1
7384169 1
7386560 1
7387712 1
7387882 1
7390912 1
7392509 1
7396308 1
7401033 1
7404508 1
7406534 1
7407105 1
7415983 1
7415989 1
7422910 1
7424281 1
7424288 1
7428772 1
7430175 1
7433313 1
7440723 1
7441004 1
7445681 1
7448497 1
7455627 1
7459375 1
7459576 1
7468772 1
7476316 1
7482767 1
7487075 1
7499449 1
7507678 1
7512567 1
7514059 1
7518954 1
7521462 1
7535624 1
7545040 1
7552989 1
7555505 1
7556526 1
7556989 1
7570832 1
7578096 1
7578204 1
7578419 1
7579765 1
7585779 1
7586586 1
7587803 1
7589885 1
7590397 1
7597317 1
7598199 1
7598581 1
7599738 1
7608550 1
7609210 1
7624484 1
7632195 1
7636681 1
7646929 1
7648424 1
7651773 1
7651773 1
7655653 1
7655658 1
7656667 1
7658841 1
7659615 1
7667664 1
7668188 1
7673257 1
7674147 1
7674842 1
7686504 1
7688804 1
7691773 1
7697731 1
7697882 1
7700674 1
7710507 1
7712096 1
7713010 1
7715578 1
7717999 1
7718761 1
7723910 1
7728281 1
7737144 1
7740418 1
7750488 1
7753698 1
7755373 1
7755740 1
7756443 1
7763006 1
7764788 1
7769409 1
7773091 1
7777125 1
7777213 1
7777234 1
7783312 1
7785572 1
7792733 1
7808651 1
7824940 1
7839802 1
7840470 1
7848736 1
7850598 1
7855227 1
7856095 1
7861060 1
7867862 1
7883066 1
7890536 1
7896444 1
7897703 1
7904164 1
7905061 1
7906215 1
7907160 1
7909653 1
7912988 1
7915702 1
7923054 1
7923301 1
7925858 1
7931580 1
7932004 1
7934580 1
7935584 1
7949559 1
7950169 1
7954622 1
7954719 1
7962463 1
7975153 1
7980764 1
7980764 1
7981213 1
7988579 1
7988579 1
7994739 1
7996208 1
8003905 1
8004522 1
8005722 1
8006082 1
8011269 1
8011987 1
8014722 1
8019025 1
8022095 1
8025373 1
8025792 1
8026306 1
8028807 1
8032963 1
8038728 1
8040009 1
8054738 1
8055475 1
8058384 1
8058425 1
8058757 1
8059758 1
8064293 1
8064293 1
8065569 1
8065569 1
8066372 1
8067721 1
8070087 1
8071519 1
8080235 1
8080245 1
8080885 1
8081099 1
8082500 1
8085053 1
8086832 1
8092051 1
8092314 1
8096987 1
8103357 1
8103978 1
8104682 1
8108772 1
8110061 1
8110699 1
8115553 1
8120837 1
8122942 1
8124757 1
8125036 1
8125036 1
8127076 1
8128415 1
8135457 1
8137178 1
8140289 1
8141637 1
8143576 1
8149579 1
8151454 1
8155554 1
8159272 1
8161199 1
8182667 1
8188066 1
8189721 1
8192748 1
8203102 1
8204897 1
8208361 1
8220103 1
8232326 1
8236852 1
8238802 1
8242858 1
8242927 1
8248057 1
8273929 1
8280954 1
8282992 1
8282992 1
8286937 1
8303339 1
8305572 1
31926 1
172294 1
274786 1
372372 1
661650 1
743817 1
904085 1
1062327 1
1124678 1
1441771 1
1502684 1
1716254 1
1739013 1
1739014 1
1871901 1
2009100 1
2087240 1
2270249 1
2409722 1
2769861 1
2873487 1
3057346 1
3179625 1
3548621 1
3724408 1
4056477 1
4086578 1
4216014 1
4343113 1
4375150 1
4536738 1
4609210 1
4630748 1
4749071 1
4768805 1
4769281 1
4830549 1
4833009 1
4839206 1
4881422 1
4881422 1
4885113 1
4918910 1
5090615 1
5121167 1
5121167 1
5343080 1
5434561 1
5697062 1
5725990 1
5977237 1
6271986 1
6329050 1
6511692 1
6656485 1
6752237 1
6802036 1
6971579 1
7756474 1
7902753 1
7904949 1
8028229 1
8153229 1
8221655 1
8284718 1
8284718 1
