31028 1
31868 1
33891 1
36695 1
43523 1
47396 1
47853 1
59007 1
80225 1
87398 1
88481 1
92681 1
103641 1
106933 1
108309 1
112935 1
112937 1
117798 1
120553 1
126669 1
129142 1
130467 1
132985 1
134019 1
134019 1
134405 1
134923 1
135949 1
149284 1
150142 1
150285 1
152997 1
154868 1
155052 1
158677 1
167493 1
169730 1
169911 1
173220 1
178487 1
179112 1
181954 1
183733 1
186972 1
189849 1
190392 1
190825 1
191894 1
192202 1
200607 1
204994 1
206308 1
210565 1
215801 1
219127 1
220934 1
221029 1
229101 1
261555 1
282361 1
288184 1
290520 1
290524 1
290533 1
291420 1
291433 1
294597 1
316790 1
317861 1
328172 1
333884 1
345221 1
354335 1
368814 1
383816 1
390317 1
401807 1
404337 1
410070 1
421536 1
422364 1
424642 1
425231 1
427483 1
429327 1
430913 1
432034 1
442466 1
448330 1
453796 1
455754 1
460098 1
475126 1
486369 1
490958 1
491676 1
497023 1
499485 1
505505 1
508086 1
517428 1
538815 1
550055 1
551030 1
552850 1
557470 1
563688 1
563800 1
565640 1
566265 1
567899 1
575983 1
584263 1
584303 1
585075 1
591831 1
630726 1
648966 1
649684 1
651121 1
658516 1
659757 1
662121 1
666555 1
666581 1
669039 1
674253 1
677780 1
690447 1
696318 1
707836 1
718584 1
718855 1
719121 1
721549 1
723044 1
727438 1
734086 1
734531 1
742995 1
745413 1
748208 1
765714 1
774638 1
776534 1
779031 1
779619 1
788196 1
792394 1
793041 1
793994 1
802205 1
802632 1
811463 1
812586 1
813463 1
818244 1
826481 1
831657 1
834299 1
835204 1
835369 1
838392 1
841996 1
849369 1
853999 1
860605 1
864587 1
872717 1
873409 1
873419 1
884705 1
890158 1
891479 1
891865 1
893200 1
900327 1
904085 1
906952 1
911923 1
919449 1
919857 1
920948 1
921293 1
923443 1
923549 1
924262 1
939012 1
951194 1
952399 1
956243 1
960058 1
967788 1
971329 1
979608 1
982661 1
984485 1
998154 1
1003476 1
1010485 1
1011820 1
1020065 1
1023208 1
1026838 1
1030769 1
1030775 1
1049425 1
1049789 1
1058199 1
1058398 1
1059100 1
1062917 1
1063931 1
1086045 1
1096203 1
1097397 1
1099454 1
1100240 1
1104455 1
1107561 1
1110076 1
1117133 1
1118893 1
1122029 1
1126630 1
1126940 1
1127410 1
1134732 1
1143363 1
1147785 1
1166368 1
1167751 1
1170159 1
1171444 1
1178640 1
1185483 1
1187760 1
1194249 1
1200394 1
1201207 1
1206409 1
1209655 1
1209655 1
1211433 1
1211623 1
1211665 1
1211723 1
1211988 1
1211995 1
1220400 1
1221451 1
1226844 1
1228802 1
1229045 1
1231551 1
1234509 1
1235229 1
1236221 1
1239754 1
1240594 1
1245532 1
1245535 1
1249695 1
1264881 1
1265789 1
1268914 1
1273491 1
1280144 1
1280199 1
1289885 1
1295912 1
1296106 1
1296571 1
1298154 1
1301753 1
1309319 1
1311222 1
1311508 1
1319077 1
1321634 1
1325472 1
1331758 1
1339862 1
1340048 1
1346768 1
1356667 1
1358195 1
1361409 1
1372002 1
1374648 1
1378880 1
1380758 1
1381065 1
1393423 1
1395017 1
1397917 1
1403504 1
1414882 1
1427383 1
1428774 1
1442714 1
1448994 1
1450384 1
1450544 1
1457692 1
1458965 1
1462225 1
1469600 1
1471153 1
1472268 1
1472973 1
1473078 1
1473932 1
1484897 1
1488799 1
1490218 1
1492693 1
1493968 1
1495197 1
1496997 1
1503015 1
1504036 1
1504792 1
1507817 1
1516293 1
1517095 1
1518880 1
1528469 1
1532122 1
1539276 1
1544963 1
1544998 1
1548650 1
1548694 1
1550299 1
1560231 1
1561851 1
1564672 1
1566421 1
1566581 1
1568589 1
1571742 1
1586662 1
1590690 1
1590987 1
1593837 1
1603711 1
1608261 1
1615614 1
1620616 1
1621718 1
1622191 1
1623126 1
1627831 1
1630031 1
1631377 1
1632570 1
1637799 1
1645176 1
1646840 1
1648953 1
1654801 1
1671777 1
1673424 1
1675129 1
1676055 1
1676073 1
1679636 1
1679648 1
1686500 1
1695896 1
1697943 1
1698361 1
1700649 1
1701378 1
1701984 1
1703997 1
1708721 1
1711604 1
1712678 1
1718286 1
1720170 1
1721552 1
1729934 1
1730236 1
1730952 1
1733524 1
1737216 1
1738900 1
1744099 1
1773456 1
1777720 1
1777720 1
1786739 1
1787694 1
1788937 1
1789245 1
1793521 1
1795632 1
1804547 1
1810512 1
1815068 1
1816558 1
1817006 1
1818508 1
1820695 1
1825068 1
1826195 1
1830222 1
1836313 1
1841350 1
1848366 1
1848840 1
1850375 1
1859214 1
1860192 1
1873785 1
1878056 1
1883791 1
1890039 1
1898229 1
1910449 1
1910479 1
1912374 1
1918433 1
1918434 1
1951405 1
1952595 1
1954101 1
1955039 1
1977623 1
1977911 1
1991494 1
1992989 1
2011483 1
2013252 1
2014385 1
2019360 1
2039004 1
2039756 1
2039840 1
2047968 1
2049622 1
2049860 1
2050456 1
2055030 1
2063313 1
2069138 1
2073034 1
2075001 1
2087860 1
2097082 1
2098417 1
2102278 1
2102553 1
2103004 1
2103116 1
2104118 1
2104126 1
2104657 1
2111881 1
2112394 1
2112690 1
2114525 1
2114972 1
2117637 1
2132198 1
2137833 1
2137833 1
2138521 1
2144872 1
2145091 1
2151407 1
2153251 1
2155718 1
2155871 1
2156328 1
2165675 1
2173234 1
2195361 1
2197177 1
2197455 1
2197510 1
2203426 1
2203996 1
2204896 1
2208929 1
2234053 1
2237549 1
2238256 1
2239837 1
2239982 1
2240263 1
2243983 1
2245166 1
2245862 1
2248007 1
2248115 1
2252858 1
2256377 1
2256507 1
2271829 1
2281424 1
2282803 1
2287706 1
2290296 1
2294006 1
2295101 1
2302532 1
2310670 1
2312314 1
2323326 1
2324990 1
2330364 1
2330663 1
2341970 1
2348071 1
2354818 1
2357563 1
2359746 1
2360394 1
2366360 1
2376339 1
2381347 1
2389576 1
2397373 1
2402763 1
2408055 1
2408745 1
2411451 1
2416821 1
2423601 1
2426096 1
2428013 1
2429883 1
2446258 1
2451952 1
2452902 1
2458246 1
2482557 1
2489648 1
2491012 1
2492032 1
2523360 1
2525121 1
2526341 1
2526658 1
2527738 1
2527741 1
2533813 1
2543304 1
2549440 1
2558921 1
2561761 1
2564238 1
2569708 1
2569740 1
2580967 1
2589299 1
2592601 1
2593186 1
2599217 1
2599581 1
2599829 1
2599845 1
2604776 1
2626628 1
2636066 1
2643154 1
2645010 1
2646372 1
2650271 1
2657006 1
2673366 1
2685256 1
2691955 1
2695186 1
2695923 1
2701755 1
2703220 1
2707659 1
2709858 1
2716131 1
2734942 1
2744422 1
2758264 1
2766378 1
2768199 1
2772186 1
2773953 1
2785979 1
2786314 1
2789762 1
2801050 1
2817301 1
2821191 1
2823813 1
2839862 1
2851855 1
2852645 1
2854430 1
2854992 1
2872305 1
2880058 1
2882073 1
2882885 1
2888254 1
2897932 1
2900745 1
2906497 1
2907881 1
2909078 1
2918999 1
2928762 1
2931812 1
2931991 1
2936627 1
2949134 1
2951817 1
2963630 1
2966776 1
2974222 1
2975163 1
2975866 1
2978652 1
2978840 1
2985618 1
2986899 1
2993469 1
2994545 1
2997719 1
3001677 1
3005866 1
3017097 1
3038949 1
3040710 1
3049080 1
3051806 1
3055630 1
3057826 1
3058527 1
3061360 1
3063667 1
3063699 1
3071286 1
3072046 1
3075276 1
3080424 1
3082987 1
3085872 1
3086120 1
3089431 1
3099068 1
3100551 1
3103666 1
3104636 1
3128339 1
3140435 1
3144296 1
3150892 1
3162401 1
3172133 1
3177093 1
3182420 1
3185278 1
3187407 1
3192100 1
3195394 1
3198024 1
3198794 1
3203029 1
3224535 1
3235494 1
3243012 1
3250443 1
3252229 1
3259935 1
3264776 1
3266147 1
3272192 1
3284092 1
3284900 1
3287291 1
3287674 1
3289083 1
3293855 1
3299057 1
3302597 1
3306668 1
3310996 1
3312564 1
3317283 1
3321443 1
3325052 1
3355506 1
3359712 1
3359757 1
3363652 1
3370213 1
3381406 1
3381728 1
3382624 1
3383221 1
3384457 1
3387790 1
3390962 1
3394405 1
3396902 1
3403248 1
3416980 1
3429796 1
3432628 1
3436684 1
3436807 1
3443351 1
3454446 1
3459415 1
3461683 1
3463163 1
3463334 1
3469377 1
3471320 1
3476059 1
3476455 1
3481091 1
3481391 1
3481812 1
3499980 1
3511493 1
3516194 1
3523332 1
3528846 1
3529049 1
3529617 1
3530752 1
3536647 1
3537807 1
3555063 1
3562027 1
3568628 1
3577323 1
3579379 1
3580379 1
3584670 1
3601820 1
3613860 1
3614908 1
3616088 1
3619092 1
3619155 1
3628064 1
3634234 1
3639155 1
3649138 1
3657687 1
3659455 1
3660693 1
3661300 1
3663766 1
3667333 1
3669403 1
3684575 1
3688674 1
3696076 1
3699806 1
3701078 1
3702407 1
3705934 1
3706996 1
3709829 1
3711604 1
3712358 1
3718840 1
3720137 1
3720237 1
3730420 1
3736870 1
3739364 1
3747345 1
3749712 1
3750747 1
3757377 1
3761386 1
3762290 1
3767044 1
3769823 1
3771367 1
3777316 1
3780677 1
3780889 1
3785083 1
3791594 1
3793143 1
3801688 1
3805318 1
3811601 1
3813207 1
3814963 1
3823829 1
3839659 1
3844386 1
3858809 1
3859004 1
3862558 1
3875762 1
3884514 1
3888126 1
3904847 1
3912070 1
3916621 1
3921404 1
3949988 1
3951533 1
3956234 1
3958926 1
3970960 1
3971731 1
3973155 1
3982655 1
3988725 1
3994562 1
3999028 1
4000972 1
4005319 1
4008399 1
4012904 1
4017977 1
4018211 1
4023434 1
4025224 1
4026976 1
4027674 1
4037363 1
4045933 1
4046116 1
4046670 1
4051526 1
4053158 1
4061923 1
4063650 1
4064932 1
4065394 1
4071294 1
4074215 1
4075044 1
4077921 1
4084593 1
4086715 1
4093486 1
4100309 1
4106846 1
4151345 1
4173683 1
4174063 1
4174364 1
4178208 1
4178780 1
4182916 1
4191267 1
4195074 1
4197222 1
4198733 1
4204534 1
4204894 1
4211531 1
4212648 1
4213560 1
4213894 1
4214823 1
4226364 1
4226475 1
4234613 1
4248460 1
4249718 1
4257095 1
4261467 1
4271836 1
4272734 1
4272766 1
4272978 1
4283847 1
4293979 1
4294000 1
4296940 1
4309841 1
4313063 1
4314054 1
4316360 1
4322614 1
4323163 1
4330929 1
4331674 1
4339720 1
4345394 1
4347238 1
4350809 1
4355140 1
4360446 1
4361178 1
4368215 1
4371481 1
4375118 1
4396208 1
4401155 1
4401931 1
4403260 1
4404615 1
4412830 1
4413198 1
4415048 1
4417907 1
4421700 1
4421717 1
4423375 1
4424529 1
4426215 1
4427449 1
4427481 1
4429060 1
4430439 1
4434369 1
4439045 1
4439067 1
4440537 1
4447713 1
4449174 1
4449261 1
4451224 1
4451352 1
4452110 1
4453808 1
4453921 1
4454847 1
4462781 1
4472945 1
4478270 1
4489046 1
4502351 1
4505943 1
4507014 1
4513221 1
4514745 1
4515122 1
4516750 1
4519941 1
4533390 1
4540476 1
4542572 1
4549180 1
4554894 1
4554963 1
4554985 1
4555921 1
4561871 1
4567128 1
4586358 1
4601009 1
4604761 1
4608467 1
4612205 1
4612575 1
4615528 1
4620514 1
4620617 1
4626352 1
4629773 1
4633704 1
4665492 1
4668071 1
4670044 1
4670759 1
4684597 1
4685862 1
4691242 1
4692002 1
4694197 1
4700995 1
4707600 1
4709924 1
4709932 1
4711384 1
4714999 1
4722652 1
4725147 1
4727321 1
4745506 1
4750597 1
4762987 1
4762991 1
4770774 1
4779621 1
4779864 1
4783910 1
4788619 1
4790097 1
4790980 1
4797202 1
4800199 1
4802353 1
4805494 1
4805665 1
4806977 1
4808962 1
4810183 1
4819239 1
4820402 1
4823190 1
4825866 1
4832388 1
4833256 1
4838673 1
4844852 1
4850619 1
4862531 1
4863796 1
4866198 1
4868397 1
4871066 1
4872762 1
4880306 1
4883234 1
4887086 1
4894335 1
4896714 1
4897431 1
4898665 1
4899112 1
4899473 1
4913675 1
4920840 1
4927228 1
4930844 1
4930858 1
4942606 1
4942994 1
4947466 1
4953588 1
4955787 1
4967406 1
4969501 1
4971443 1
4973488 1
4983756 1
4987017 1
4987261 1
4987303 1
4993672 1
4993684 1
4997136 1
4999454 1
4999974 1
5002264 1
5005309 1
5015109 1
5016466 1
5019921 1
5020074 1
5035699 1
5039979 1
5044602 1
5079589 1
5090010 1
5092649 1
5101700 1
5104010 1
5122127 1
5152631 1
5154322 1
5158976 1
5164093 1
5171376 1
5171629 1
5178030 1
5179621 1
5181319 1
5186595 1
5199310 1
5204754 1
5242217 1
5251186 1
5254424 1
5255522 1
5258406 1
5259394 1
5260106 1
5261056 1
5261905 1
5265437 1
5268346 1
5273505 1
5281088 1
5282835 1
5289255 1
5290609 1
5292970 1
5297279 1
5302113 1
5313834 1
5318302 1
5326228 1
5334060 1
5343485 1
5349693 1
5371587 1
5376836 1
5393256 1
5394339 1
5420979 1
5434887 1
5441769 1
5445317 1
5447246 1
5448656 1
5456379 1
5457612 1
5467869 1
5471707 1
5472394 1
5473871 1
5474881 1
5486872 1
5488465 1
5494353 1
5510885 1
5516967 1
5523511 1
5529291 1
5538444 1
5560908 1
5570911 1
5586365 1
5592925 1
5605320 1
5607317 1
5612077 1
5613975 1
5622345 1
5629960 1
5631183 1
5640053 1
5641957 1
5648750 1
5659422 1
5660405 1
5662104 1
5662955 1
5668527 1
5674904 1
5676324 1
5677594 1
5677728 1
5681338 1
5683424 1
5684009 1
5685858 1
5688556 1
5688808 1
5692169 1
5696084 1
5696212 1
5698880 1
5714632 1
5722735 1
5726846 1
5740568 1
5741460 1
5747996 1
5756839 1
5764651 1
5766104 1
5769505 1
5770466 1
5774302 1
5775299 1
5779081 1
5781955 1
5783006 1
5783635 1
5786755 1
5790909 1
5806966 1
5818966 1
5822628 1
5840914 1
5843113 1
5849904 1
5858967 1
5859939 1
5860891 1
5877050 1
5877247 1
5878600 1
5880108 1
5882470 1
5884913 1
5885906 1
5885913 1
5889908 1
5894294 1
5896276 1
5896421 1
5902962 1
5914398 1
5914488 1
5914590 1
5916774 1
5917600 1
5918721 1
5921526 1
5930670 1
5930893 1
5931357 1
5933104 1
5945196 1
5947612 1
5966462 1
5966474 1
5968008 1
5969224 1
5969659 1
5981445 1
5984082 1
5987879 1
6001801 1
6002196 1
6002995 1
6011423 1
6014300 1
6025751 1
6049366 1
6055351 1
6057425 1
6058475 1
6058592 1
6059182 1
6060519 1
6064112 1
6065126 1
6073052 1
6079529 1
6090149 1
6095494 1
6095788 1
6095910 1
6095950 1
6098389 1
6101270 1
6108111 1
6121362 1
6122673 1
6133720 1
6147149 1
6155297 1
6157252 1
6157360 1
6171771 1
6173609 1
6182734 1
6182955 1
6186395 1
6186569 1
6195663 1
6196601 1
6204827 1
6238171 1
6240398 1
6254346 1
6255718 1
6257738 1
6261851 1
6274009 1
6278087 1
6290393 1
6302920 1
6311627 1
6316205 1
6319783 1
6326550 1
6330987 1
6340839 1
6342235 1
6348260 1
6356755 1
6359621 1
6361118 1
6370666 1
6374269 1
6378793 1
6397511 1
6398276 1
6402677 1
6409120 1
6409617 1
6431969 1
6438896 1
6449781 1
6454526 1
6455482 1
6459711 1
6478021 1
6484433 1
6486050 1
6491975 1
6504630 1
6505227 1
6508078 1
6509327 1
6518194 1
6522223 1
6526211 1
6526601 1
6530484 1
6532504 1
6544084 1
6544612 1
6546539 1
6548248 1
6549174 1
6575104 1
6579336 1
6586945 1
6588936 1
6588936 1
6595387 1
6607094 1
6607742 1
6623824 1
6623984 1
6625325 1
6627363 1
6638750 1
6640983 1
6647035 1
6647271 1
6647422 1
6648273 1
6648543 1
6652001 1
6657117 1
6659093 1
6678525 1
6688776 1
6691402 1
6707378 1
6725828 1
6726844 1
6726858 1
6730300 1
6732287 1
6733344 1
6735359 1
6741420 1
6748445 1
6749330 1
6773153 1
6784966 1
6785429 1
6786679 1
6788453 1
6789862 1
6790410 1
6797865 1
6809840 1
6817457 1
6826468 1
6829245 1
6844559 1
6849768 1
6851437 1
6852939 1
6855687 1
6856668 1
6856891 1
6866992 1
6875768 1
6876697 1
6884063 1
6887658 1
6892629 1
6892718 1
6894613 1
6899096 1
6899793 1
6900036 1
6913736 1
6915163 1
6915530 1
6915690 1
6925499 1
6930097 1
6937916 1
6938347 1
6943824 1
6955179 1
6967105 1
6975332 1
6982469 1
6982645 1
6986465 1
7007334 1
7009187 1
7011085 1
7012174 1
7013919 1
7022988 1
7022999 1
7025117 1
7027438 1
7028187 1
7029905 1
7032485 1
7032487 1
7049292 1
7049410 1
7050672 1
7056348 1
7061178 1
7066458 1
7068889 1
7069352 1
7070926 1
7073717 1
7075358 1
7077473 1
7104649 1
7107970 1
7111514 1
7113085 1
7113092 1
7114965 1
7115895 1
7115904 1
7118854 1
7120891 1
7122863 1
7145629 1
7154538 1
7159477 1
7174402 1
7176994 1
7178471 1
7181289 1
7189037 1
7200703 1
7213527 1
7219114 1
7222868 1
7224457 1
7225080 1
7229710 1
7229710 1
7229710 1
7233681 1
7234873 1
7241463 1
7245509 1
7247169 1
7251713 1
7254914 1
7257667 1
7272760 1
7280208 1
7280522 1
7283667 1
7283850 1
7284447 1
7294549 1
7295102 1
7301407 1
7304163 1
7308812 1
7310176 1
7314570 1
7318611 1
7323856 1
7325418 1
7329667 1
7334822 1
7348476 1
7350620 1
7355883 1
7362817 1
7370399 1
7372212 1
7372223 1
7372230 1
7379866 1
7380938 1
7407256 1
7410346 1
7414136 1
7418165 1
7420184 1
7420515 1
7424832 1
7432949 1
7433807 1
7439240 1
7453483 1
7456740 1
7470149 1
7471120 1
7473820 1
7473975 1
7478828 1
7479178 1
7480953 1
7482983 1
7490903 1
7491825 1
7500425 1
7514832 1
7519504 1
7525331 1
7529412 1
7532828 1
7533231 1
7541873 1
7545764 1
7547005 1
7560833 1
7561876 1
7569595 1
7571365 1
7572842 1
7589841 1
7591501 1
7594101 1
7601026 1
7602952 1
7604930 1
7605202 1
7605319 1
7606931 1
7608143 1
7608424 1
7619818 1
7621027 1
7621779 1
7622126 1
7627560 1
7636681 1
7641366 1
7645331 1
7649026 1
7652498 1
7653051 1
7656568 1
7657195 1
7671586 1
7696007 1
7696514 1
7700116 1
7701810 1
7704622 1
7706020 1
7706735 1
7706891 1
7707443 1
7707754 1
7710463 1
7726961 1
7727897 1
7735074 1
7743351 1
7753067 1
7757345 1
7760827 1
7770414 1
7772498 1
7776363 1
7779065 1
7800920 1
7813772 1
7821387 1
7824587 1
7826113 1
7828896 1
7830640 1
7831908 1
7834968 1
7840051 1
7854347 1
7868469 1
7872088 1
7873610 1
7874488 1
7879407 1
7879611 1
7892018 1
7893909 1
7894363 1
7896577 1
7897536 1
7898006 1
7905470 1
7905558 1
7905735 1
7906003 1
7909483 1
7910602 1
7923721 1
7926675 1
7928913 1
7938509 1
7941885 1
7947554 1
7949025 1
7951798 1
7952650 1
7953307 1
7953989 1
7964841 1
7966085 1
7966290 1
7976117 1
7992690 1
7996151 1
7996594 1
7997165 1
8004236 1
8009635 1
8013152 1
8015813 1
8023404 1
8024382 1
8032025 1
8033828 1
8040307 1
8041044 1
8045411 1
8049419 1
8053090 1
8053381 1
8060543 1
8065458 1
8073206 1
8081184 1
8082743 1
8088985 1
8103887 1
8104002 1
8106630 1
8107813 1
8108980 1
8117120 1
8120376 1
8121631 1
8122377 1
8127667 1
8131794 1
8132520 1
8136994 1
8137465 1
8141930 1
8144566 1
8146026 1
8148764 1
8153157 1
8154466 1
8154609 1
8189768 1
8192732 1
8202000 1
8202575 1
8203836 1
8208224 1
8218309 1
8240637 1
8241995 1
8249297 1
8256638 1
8264895 1
8267068 1
8272406 1
8272616 1
8283068 1
8286652 1
1469 1
3091 1
40641 1
53638 1
59654 1
68156 1
88951 1
93007 1
98420 1
102320 1
108641 1
110029 1
113832 1
124250 1
130859 1
131281 1
135539 1
138012 1
140302 1
140880 1
141498 1
141668 1
141900 1
149802 1
152663 1
153044 1
153597 1
159573 1
160915 1
163396 1
165242 1
172260 1
172282 1
174885 1
176796 1
180218 1
185167 1
190851 1
193639 1
204935 1
205812 1
206915 1
212738 1
219786 1
225234 1
228850 1
238200 1
256909 1
274134 1
274528 1
279402 1
279761 1
285358 1
287721 1
290577 1
291509 1
291518 1
291614 1
305318 1
311825 1
313708 1
334289 1
335295 1
338841 1
346192 1
349738 1
352301 1
355898 1
367798 1
380136 1
410311 1
425953 1
426498 1
429312 1
453184 1
453396 1
459379 1
470459 1
473737 1
478190 1
478961 1
481419 1
484023 1
498336 1
504105 1
508492 1
529264 1
561105 1
563199 1
563516 1
564583 1
564680 1
564790 1
571144 1
572788 1
573947 1
574365 1
577596 1
594947 1
603503 1
616878 1
647762 1
655710 1
656098 1
660222 1
662989 1
666482 1
684821 1
692150 1
692542 1
706512 1
713249 1
717483 1
721696 1
723933 1
726411 1
747582 1
752706 1
764688 1
766831 1
779847 1
781166 1
794448 1
798333 1
800421 1
809856 1
812875 1
820027 1
829244 1
837747 1
844229 1
844990 1
849040 1
855732 1
862322 1
863461 1
865117 1
866479 1
867049 1
867666 1
871531 1
874832 1
879312 1
881406 1
886880 1
890611 1
911653 1
915605 1
918401 1
918627 1
923008 1
932438 1
941713 1
944797 1
960300 1
960836 1
964560 1
964717 1
968967 1
980019 1
982837 1
992462 1
994408 1
997287 1
1003857 1
1004077 1
1021660 1
1031952 1
1034151 1
1035828 1
1040221 1
1047615 1
1050642 1
1050660 1
1050727 1
1051538 1
1052554 1
1057338 1
1067512 1
1074062 1
1076779 1
1077749 1
1082124 1
1082397 1
1086172 1
1090932 1
1094114 1
1094229 1
1095519 1
1096042 1
1097079 1
1100490 1
1102302 1
1103312 1
1103858 1
1106915 1
1108642 1
1111589 1
1116226 1
1118550 1
1120311 1
1123368 1
1126883 1
1127192 1
1138855 1
1147080 1
1153635 1
1161348 1
1174452 1
1183756 1
1184868 1
1187070 1
1187654 1
1187654 1
1187735 1
1187889 1
1189013 1
1189102 1
1196626 1
1196931 1
1198714 1
1199111 1
1205670 1
1206625 1
1208401 1
1211395 1
1211569 1
1211747 1
1211763 1
1211778 1
1212014 1
1212035 1
1215494 1
1222862 1
1229871 1
1233267 1
1240143 1
1241117 1
1247547 1
1255605 1
1259329 1
1264721 1
1275869 1
1278881 1
1280078 1
1280327 1
1285229 1
1287637 1
1295646 1
1301552 1
1306850 1
1306872 1
1308316 1
1308363 1
1308476 1
1309843 1
1310152 1
1319644 1
1321178 1
1321883 1
1322923 1
1326985 1
1340796 1
1350702 1
1358828 1
1369986 1
1370254 1
1372997 1
1388034 1
1397216 1
1397217 1
1397945 1
1400667 1
1403151 1
1407411 1
1424488 1
1425103 1
1426330 1
1426780 1
1429774 1
1455080 1
1460420 1
1460882 1
1462201 1
1463933 1
1467811 1
1469174 1
1470744 1
1470949 1
1473614 1
1476669 1
1478981 1
1492002 1
1493776 1
1494588 1
1500110 1
1505392 1
1512203 1
1521253 1
1527823 1
1534406 1
1543319 1
1545357 1
1549906 1
1552127 1
1556104 1
1559921 1
1561050 1
1568387 1
1576545 1
1577330 1
1578644 1
1582415 1
1589390 1
1590560 1
1597859 1
1602438 1
1608489 1
1608851 1
1610530 1
1634022 1
1635682 1
1642540 1
1647271 1
1650930 1
1662052 1
1663492 1
1663493 1
1670466 1
1672190 1
1673464 1
1677209 1
1677337 1
1684302 1
1686542 1
1689124 1
1693560 1
1693574 1
1701972 1
1704523 1
1706111 1
1706570 1
1715703 1
1721810 1
1726688 1
1734814 1
1735812 1
1736050 1
1742701 1
1750816 1
1774188 1
1777611 1
1780317 1
1785796 1
1788963 1
1791005 1
1796032 1
1802086 1
1815257 1
1819083 1
1819230 1
1820004 1
1824001 1
1825000 1
1833252 1
1843672 1
1850449 1
1853459 1
1854704 1
1863419 1
1864142 1
1864224 1
1868869 1
1870530 1
1877800 1
1878516 1
1889804 1
1894750 1
1902270 1
1902501 1
1905699 1
1910315 1
1914877 1
1918122 1
1918521 1
1918748 1
1928808 1
1935562 1
1945829 1
1947974 1
1955751 1
1963226 1
1965772 1
1972867 1
1975156 1
1975472 1
1998635 1
2005153 1
2006244 1
2008727 1
2009458 1
2012292 1
2012292 1
2012471 1
2015151 1
2015676 1
2018895 1
2019431 1
2020082 1
2045689 1
2048016 1
2055311 1
2061586 1
2064556 1
2073793 1
2088313 1
2090585 1
2091880 1
2093486 1
2097144 1
2097177 1
2097714 1
2103059 1
2103142 1
2103285 1
2103288 1
2103816 1
2103872 1
2104313 1
2109268 1
2110416 1
2113437 1
2117851 1
2120176 1
2123342 1
2123574 1
2125510 1
2132962 1
2133200 1
2138062 1
2149942 1
2150194 1
2151058 1
2153707 1
2161288 1
2161288 1
2163219 1
2165086 1
2174417 1
2187066 1
2188221 1
2192789 1
2193556 1
2195312 1
2198065 1
2219948 1
2225304 1
2233927 1
2235125 1
2246856 1
2246918 1
2265282 1
2270211 1
2284214 1
2284757 1
2284951 1
2286377 1
2287180 1
2287630 1
2292116 1
2294206 1
2295026 1
2295629 1
2307137 1
2313445 1
2320533 1
2323522 1
2328479 1
2328481 1
2328792 1
2331797 1
2336267 1
2337499 1
2347787 1
2351007 1
2361842 1
2362287 1
2382304 1
2384028 1
2397671 1
2397830 1
2418106 1
2420770 1
2420941 1
2423845 1
2423897 1
2424043 1
2424881 1
2428210 1
2439795 1
2444141 1
2444150 1
2448522 1
2450881 1
2451541 1
2451927 1
2452949 1
2453252 1
2455128 1
2464894 1
2466112 1
2482527 1
2486439 1
2495751 1
2497828 1
2510650 1
2521977 1
2522974 1
2523871 1
2524567 1
2529805 1
2531795 1
2533093 1
2541767 1
2542390 1
2550857 1
2555515 1
2556951 1
2558229 1
2563341 1
2567208 1
2569122 1
2573263 1
2579787 1
2584984 1
2589708 1
2589721 1
2592430 1
2592523 1
2596227 1
2599839 1
2603583 1
2607775 1
2608614 1
2613622 1
2626694 1
2629160 1
2631786 1
2634262 1
2651530 1
2675795 1
2684673 1
2693981 1
2695446 1
2704491 1
2708226 1
2717196 1
2719017 1
2727537 1
2742466 1
2758143 1
2777351 1
2794658 1
2795315 1
2795902 1
2801385 1
2808063 1
2816346 1
2825804 1
2827555 1
2832841 1
2836983 1
2837597 1
2849984 1
2851544 1
2851547 1
2862380 1
2865145 1
2867653 1
2869375 1
2869763 1
2873955 1
2875312 1
2875571 1
2875581 1
2880851 1
2893724 1
2897637 1
2902253 1
2908061 1
2916057 1
2916591 1
2932365 1
2936572 1
2945623 1
2947995 1
2964879 1
2967950 1
2977034 1
2994119 1
2997663 1
3002244 1
3002753 1
3004608 1
3009867 1
3010540 1
3017551 1
3020975 1
3020975 1
3023409 1
3023473 1
3029123 1
3030790 1
3034644 1
3040386 1
3043194 1
3045772 1
3055641 1
3058331 1
3059889 1
3060058 1
3061040 1
3066299 1
3067242 1
3067343 1
3067796 1
3073635 1
3075999 1
3076283 1
3079753 1
3087153 1
3097083 1
3097708 1
3098228 1
3102550 1
3113330 1
3131592 1
3137719 1
3138907 1
3143466 1
3144780 1
3144819 1
3146719 1
3148041 1
3152361 1
3158452 1
3161651 1
3167147 1
3172173 1
3172570 1
3174315 1
3177382 1
3180827 1
3184340 1
3188482 1
3192082 1
3196711 1
3197940 1
3200519 1
3201962 1
3203239 1
3214063 1
3218105 1
3218829 1
3223762 1
3226839 1
3229376 1
3231678 1
3233185 1
3242507 1
3242697 1
3246708 1
3250246 1
3251552 1
3260020 1
3267050 1
3270782 1
3275571 1
3278327 1
3279071 1
3287186 1
3303378 1
3306100 1
3318239 1
3319330 1
3329120 1
3334186 1
3335223 1
3338701 1
3339106 1
3343275 1
3350360 1
3358097 1
3359841 1
3361702 1
3390046 1
3396375 1
3399613 1
3407462 1
3413880 1
3424781 1
3428121 1
3434172 1
3441661 1
3443396 1
3445492 1
3464746 1
3465426 1
3474605 1
3478785 1
3480999 1
3481335 1
3483093 1
3485055 1
3485736 1
3490665 1
3491818 1
3500408 1
3504853 1
3505847 1
3513903 1
3520659 1
3521152 1
3521410 1
3533567 1
3538609 1
3545391 1
3547483 1
3547847 1
3549953 1
3552488 1
3554103 1
3555290 1
3566678 1
3570751 1
3572886 1
3581905 1
3583204 1
3583277 1
3586260 1
3591149 1
3594580 1
3594739 1
3598301 1
3599158 1
3606429 1
3608509 1
3613658 1
3613991 1
3624584 1
3624895 1
3639950 1
3640325 1
3645549 1
3653209 1
3659223 1
3667739 1
3668601 1
3673148 1
3675246 1
3677961 1
3680615 1
3690861 1
3691294 1
3722161 1
3723742 1
3723995 1
3724287 1
3731458 1
3734229 1
3745879 1
3755042 1
3762533 1
3764765 1
3770048 1
3773703 1
3773917 1
3775604 1
3778056 1
3779456 1
3780930 1
3783847 1
3810112 1
3813918 1
3827390 1
3829704 1
3841079 1
3843928 1
3844079 1
3858373 1
3865742 1
3870791 1
3871310 1
3873038 1
3873891 1
3875306 1
3876173 1
3878942 1
3879233 1
3882035 1
3890320 1
3894622 1
3897601 1
3899407 1
3934901 1
3935629 1
3936727 1
3940922 1
3944303 1
3952076 1
3954336 1
3955659 1
3989873 1
3996626 1
4003389 1
4008237 1
4011999 1
4018528 1
4021625 1
4022609 1
4025540 1
4027098 1
4036353 1
4038458 1
4047487 1
4047787 1
4052821 1
4053644 1
4056037 1
4061950 1
4069426 1
4069754 1
4075326 1
4076235 1
4080384 1
4092072 1
4094816 1
4096789 1
4097939 1
4102771 1
4114520 1
4115533 1
4116408 1
4133755 1
4136469 1
4138135 1
4141677 1
4148483 1
4151054 1
4151956 1
4173171 1
4183877 1
4184318 1
4184603 1
4188946 1
4189272 1
4191068 1
4195431 1
4198509 1
4211090 1
4216097 1
4234304 1
4246045 1
4246150 1
4246272 1
4254105 1
4256957 1
4257584 1
4258241 1
4264322 1
4271984 1
4272269 1
4275527 1
4277485 1
4280747 1
4291317 1
4302503 1
4304091 1
4305701 1
4306346 1
4314353 1
4327688 1
4330610 1
4335678 1
4341235 1
4341279 1
4347774 1
4351530 1
4352773 1
4353237 1
4354170 1
4355406 1
4357792 1
4358972 1
4368953 1
4374749 1
4376933 1
4380999 1
4382437 1
4400793 1
4401040 1
4406266 1
4419634 1
4420348 1
4422060 1
4428062 1
4429412 1
4430393 1
4443536 1
4447441 1
4447963 1
4448929 1
4455822 1
4461653 1
4470334 1
4471387 1
4477716 1
4478968 1
4481115 1
4481464 1
4485386 1
4496138 1
4503031 1
4516496 1
4517044 1
4533208 1
4533311 1
4535160 1
4537639 1
4544488 1
4549475 1
4562907 1
4564194 1
4569639 1
4579109 1
4584055 1
4592542 1
4596910 1
4602355 1
4604239 1
4616083 1
4622239 1
4631019 1
4632865 1
4647567 1
4659250 1
4665163 1
4669854 1
4670939 1
4676144 1
4678262 1
4678364 1
4678824 1
4687156 1
4707740 1
4709909 1
4724734 1
4726925 1
4731064 1
4734145 1
4737465 1
4738051 1
4741049 1
4742950 1
4747243 1
4747482 1
4754011 1
4765325 1
4776724 1
4782630 1
4789734 1
4791181 1
4803152 1
4803927 1
4807250 1
4807368 1
4816150 1
4819308 1
4824708 1
4836833 1
4845618 1
4847542 1
4856381 1
4870752 1
4879297 1
4881228 1
4881248 1
4883073 1
4885813 1
4887929 1
4893782 1
4895159 1
4896354 1
4906026 1
4916350 1
4916760 1
4922159 1
4928358 1
4929039 1
4933192 1
4936777 1
4951217 1
4952481 1
4955588 1
4966259 1
4985684 1
4985909 1
4987284 1
4988025 1
4995490 1
5000836 1
5001041 1
5003544 1
5012351 1
5015754 1
5019711 1
5026679 1
5030531 1
5031577 1
5038595 1
5039959 1
5041530 1
5044713 1
5052854 1
5067652 1
5074239 1
5093769 1
5107579 1
5109062 1
5109262 1
5122755 1
5127905 1
5131471 1
5150212 1
5181267 1
5181536 1
5186864 1
5190308 1
5203847 1
5206415 1
5211459 1
5221115 1
5227656 1
5232351 1
5236661 1
5240632 1
5250587 1
5255217 1
5256602 1
5258205 1
5258978 1
5260293 1
5264146 1
5264179 1
5268958 1
5281459 1
5283634 1
5285040 1
5286189 1
5298088 1
5317647 1
5320410 1
5322185 1
5328144 1
5328147 1
5333002 1
5334287 1
5334546 1
5342095 1
5343726 1
5350649 1
5350817 1
5354019 1
5354602 1
5366613 1
5380510 1
5413709 1
5414847 1
5417125 1
5434717 1
5436851 1
5441116 1
5442902 1
5449262 1
5451633 1
5455130 1
5455494 1
5461879 1
5473053 1
5473888 1
5478344 1
5489240 1
5493268 1
5510577 1
5523430 1
5523600 1
5529645 1
5529746 1
5532621 1
5532624 1
5537382 1
5543030 1
5567346 1
5568004 1
5568928 1
5571543 1
5576373 1
5588380 1
5589956 1
5596525 1
5598577 1
5610977 1
5613494 1
5615832 1
5616490 1
5617940 1
5618789 1
5638011 1
5639890 1
5640779 1
5644786 1
5651573 1
5656610 1
5657013 1
5659953 1
5660684 1
5660959 1
5669500 1
5669525 1
5680500 1
5683418 1
5683452 1
5686539 1
5686980 1
5693797 1
5694754 1
5698557 1
5701569 1
5706169 1
5711457 1
5715471 1
5718297 1
5731781 1
5734927 1
5735671 1
5742091 1
5742523 1
5744919 1
5759111 1
5761993 1
5769661 1
5779944 1
5780230 1
5781212 1
5789736 1
5803090 1
5810504 1
5829077 1
5835217 1
5835217 1
5841233 1
5844038 1
5859901 1
5860330 1
5864718 1
5876295 1
5876351 1
5877728 1
5882449 1
5882977 1
5887275 1
5888544 1
5891693 1
5893515 1
5904724 1
5911337 1
5915279 1
5923159 1
5923566 1
5924433 1
5931831 1
5942139 1
5942616 1
5944905 1
5945788 1
5950374 1
5951482 1
5954072 1
5955986 1
5964740 1
5966535 1
5969739 1
5970874 1
5972862 1
5973803 1
5974857 1
5976001 1
5976622 1
5982718 1
5985195 1
5987542 1
5994948 1
6004049 1
6005172 1
6009729 1
6014753 1
6015740 1
6015977 1
6030191 1
6032000 1
6036732 1
6038836 1
6042009 1
6043524 1
6060877 1
6083178 1
6089387 1
6092793 1
6099384 1
6108149 1
6108677 1
6117507 1
6128997 1
6131049 1
6135927 1
6138969 1
6144466 1
6148111 1
6149595 1
6152733 1
6157529 1
6162955 1
6163906 1
6177321 1
6178144 1
6183136 1
6184264 1
6187783 1
6188059 1
6191307 1
6196491 1
6198266 1
6200141 1
6206838 1
6224654 1
6225372 1
6228804 1
6252341 1
6265745 1
6269763 1
6273198 1
6276261 1
6287445 1
6291317 1
6294288 1
6303844 1
6304414 1
6313942 1
6336677 1
6339599 1
6340594 1
6345010 1
6348699 1
6353469 1
6354857 1
6361262 1
6367785 1
6373600 1
6376190 1
6376725 1
6377554 1
6377555 1
6377699 1
6388535 1
6392940 1
6398351 1
6398804 1
6409312 1
6409565 1
6423355 1
6423374 1
6425732 1
6426137 1
6432309 1
6442527 1
6445352 1
6445476 1
6446077 1
6453273 1
6453467 1
6455618 1
6458951 1
6474805 1
6485585 1
6485698 1
6486465 1
6490994 1
6491005 1
6501870 1
6509498 1
6517978 1
6525802 1
6528036 1
6533193 1
6539732 1
6542952 1
6543979 1
6549089 1
6549239 1
6550188 1
6552524 1
6560613 1
6565663 1
6581362 1
6584017 1
6587357 1
6606400 1
6616754 1
6617588 1
6621377 1
6624660 1
6624737 1
6628403 1
6629507 1
6631852 1
6632115 1
6634576 1
6636786 1
6639612 1
6643720 1
6644984 1
6647387 1
6647504 1
6648099 1
6649341 1
6654839 1
6659361 1
6660717 1
6667212 1
6668709 1
6673033 1
6673780 1
6674230 1
6680775 1
6680973 1
6696605 1
6696897 1
6714751 1
6715934 1
6722084 1
6732453 1
6739938 1
6743894 1
6747313 1
6753181 1
6766077 1
6766403 1
6775255 1
6777331 1
6781350 1
6797031 1
6800121 1
6804345 1
6806606 1
6811088 1
6817840 1
6824294 1
6824363 1
6824632 1
6831231 1
6840890 1
6848647 1
6850559 1
6851537 1
6853546 1
6855724 1
6868394 1
6871952 1
6880721 1
6881830 1
6885300 1
6892116 1
6892119 1
6892730 1
6893361 1
6897826 1
6898679 1
6904192 1
6915302 1
6918354 1
6922484 1
6925243 1
6925431 1
6926985 1
6929256 1
6929935 1
6929994 1
6931877 1
6933478 1
6937868 1
6940300 1
6940371 1
6940550 1
6944469 1
6946443 1
6949839 1
6949983 1
6952210 1
6955036 1
6963613 1
6966497 1
6969550 1
6970504 1
6973146 1
6981873 1
6988481 1
6991542 1
6994836 1
6994888 1
6998924 1
6999607 1
7022976 1
7029731 1
7035714 1
7041698 1
7042835 1
7044225 1
7047941 1
7058656 1
7061735 1
7063423 1
7064300 1
7065845 1
7066469 1
7071181 1
7073116 1
7075142 1
7076745 1
7078075 1
7078845 1
7080227 1
7081358 1
7082432 1
7086912 1
7106459 1
7106508 1
7113250 1
7113446 1
7113902 1
7114260 1
7115979 1
7116089 1
7116197 1
7120121 1
7120847 1
7123047 1
7127678 1
7140749 1
7144528 1
7144897 1
7154369 1
7157482 1
7164585 1
7193139 1
7199610 1
7200597 1
7223414 1
7230707 1
7232484 1
7237481 1
7238899 1
7241298 1
7248981 1
7261918 1
7265737 1
7267553 1
7273222 1
7275399 1
7277295 1
7281260 1
7285051 1
7286607 1
7289102 1
7294836 1
7298500 1
7303734 1
7303746 1
7306260 1
7313853 1
7314485 1
7315123 1
7317752 1
7320787 1
7328538 1
7330447 1
7334179 1
7334879 1
7339749 1
7343505 1
7345074 1
7345699 1
7346329 1
7348571 1
7356986 1
7364617 1
7375126 1
7378789 1
7379721 1
7387676 1
7388944 1
7399358 1
7409191 1
7436705 1
7437337 1
7441522 1
7447920 1
7456261 1
7459765 1
7475459 1
7489321 1
7489713 1
7493264 1
7498235 1
7505375 1
7505384 1
7509275 1
7510985 1
7521143 1
7524009 1
7524951 1
7525588 1
7532813 1
7537542 1
7541650 1
7542143 1
7542781 1
7550634 1
7551024 1
7552952 1
7555011 1
7557122 1
7575960 1
7585779 1
7588501 1
7590121 1
7597335 1
7602958 1
7608138 1
7609809 1
7639284 1
7640088 1
7640419 1
7640438 1
7641100 1
7650135 1
7650345 1
7650425 1
7657234 1
7671071 1
7680797 1
7681915 1
7698021 1
7699423 1
7700238 1
7703365 1
7705913 1
7707665 1
7709611 1
7722852 1
7724636 1
7731746 1
7732966 1
7738856 1
7741192 1
7741294 1
7742738 1
7761421 1
7761533 1
7769857 1
7772131 1
7772875 1
7773015 1
7773431 1
7773934 1
7775470 1
7787180 1
7793494 1
7793497 1
7797937 1
7801444 1
7805848 1
7828484 1
7829899 1
7833098 1
7835370 1
7839728 1
7841214 1
7842094 1
7848185 1
7849684 1
7852763 1
7854042 1
7854294 1
7855839 1
7857177 1
7857753 1
7877981 1
7887717 1
7888442 1
7889844 1
7903698 1
7904197 1
7910015 1
7917021 1
7919329 1
7924173 1
7924510 1
7926811 1
7928430 1
7939524 1
7945755 1
7961655 1
7968497 1
7985207 1
7990724 1
7995096 1
7998113 1
7999381 1
8000560 1
8009517 1
8011964 1
8014490 1
8014642 1
8015583 1
8017181 1
8020534 1
8023217 1
8026750 1
8035584 1
8035913 1
8036010 1
8039691 1
8042769 1
8045205 1
8048510 1
8049255 1
8052204 1
8053723 1
8053925 1
8060045 1
8060558 1
8064656 1
8070756 1
8074357 1
8076412 1
8077595 1
8081261 1
8084619 1
8087359 1
8096154 1
8098344 1
8100516 1
8103032 1
8103645 1
8104315 1
8104649 1
8106381 1
8108105 1
8110982 1
8112358 1
8117164 1
8124113 1
8126992 1
8130134 1
8133191 1
8140446 1
8143576 1
8149858 1
8149858 1
8150505 1
8152825 1
8163257 1
8165020 1
8165034 1
8178651 1
8180621 1
8185574 1
8188155 1
8191342 1
8192043 1
8193811 1
8219427 1
8233700 1
8240350 1
8249841 1
8250186 1
8255643 1
8261187 1
8266736 1
8296585 1
8299759 1
8305490 1
8308717 1
7757 1
15464 1
18988 1
28813 1
29804 1
76332 1
83419 1
98647 1
98995 1
101332 1
102688 1
105102 1
107192 1
112998 1
115235 1
118567 1
120925 1
124000 1
126096 1
126411 1
126972 1
130066 1
132421 1
132479 1
136914 1
140364 1
149981 1
152159 1
152916 1
153206 1
155561 1
158328 1
160622 1
166965 1
168060 1
170137 1
179933 1
188010 1
189357 1
192605 1
198599 1
201661 1
208253 1
209310 1
216359 1
217135 1
218452 1
221566 1
228071 1
229453 1
236608 1
248471 1
254127 1
259890 1
273325 1
275154 1
275560 1
279286 1
281569 1
291679 1
301437 1
302251 1
312062 1
317390 1
318837 1
318944 1
322898 1
323388 1
335939 1
351340 1
356240 1
361010 1
379837 1
419220 1
419771 1
427667 1
428654 1
428654 1
430152 1
443140 1
444991 1
447394 1
456722 1
457255 1
460414 1
465363 1
466104 1
470618 1
473842 1
474479 1
474648 1
478985 1
479181 1
485166 1
485643 1
492682 1
495604 1
495606 1
499393 1
500699 1
504047 1
507000 1
507328 1
516150 1
522590 1
525906 1
562623 1
566478 1
572065 1
572530 1
573886 1
575241 1
579217 1
592063 1
600598 1
600903 1
610242 1
615199 1
617851 1
638283 1
642645 1
645913 1
655378 1
660029 1
663412 1
666850 1
677415 1
678712 1
687473 1
700852 1
703274 1
703399 1
712245 1
716239 1
718445 1
724938 1
727184 1
730175 1
743686 1
753607 1
766138 1
771825 1
773773 1
782591 1
785381 1
796046 1
796654 1
796889 1
800893 1
801663 1
802465 1
802468 1
823649 1
829016 1
833055 1
833585 1
840103 1
841954 1
842195 1
847368 1
847491 1
855878 1
857367 1
860189 1
860541 1
861268 1
865265 1
867823 1
869198 1
881201 1
888810 1
896107 1
902650 1
905641 1
919019 1
922960 1
924680 1
935343 1
936285 1
943965 1
960212 1
962796 1
965190 1
965840 1
966718 1
969691 1
969973 1
972616 1
976550 1
980526 1
981490 1
994269 1
994500 1
1001875 1
1010720 1
1013585 1
1015521 1
1022621 1
1025825 1
1038154 1
1038385 1
1040217 1
1046130 1
1054440 1
1055351 1
1062930 1
1063974 1
1078940 1
1083515 1
1085827 1
1086239 1
1087032 1
1093705 1
1093983 1
1094579 1
1095382 1
1112809 1
1114352 1
1122528 1
1124108 1
1127156 1
1127841 1
1128985 1
1139881 1
1142316 1
1143959 1
1148992 1
1150353 1
1150536 1
1162218 1
1165096 1
1166586 1
1168821 1
1172667 1
1175809 1
1192599 1
1204173 1
1206804 1
1210963 1
1211354 1
1211412 1
1211681 1
1211817 1
1221057 1
1223102 1
1225237 1
1233228 1
1233520 1
1237483 1
1238562 1
1245593 1
1248973 1
1248973 1
1254149 1
1255889 1
1262913 1
1265260 1
1272824 1
1278966 1
1280018 1
1280893 1
1291487 1
1292176 1
1293742 1
1304054 1
1307740 1
1309446 1
1313175 1
1315257 1
1326265 1
1328123 1
1328444 1
1331920 1
1334159 1
1343019 1
1347697 1
1352491 1
1354534 1
1366408 1
1371431 1
1377388 1
1378147 1
1379565 1
1382150 1
1390098 1
1397373 1
1399774 1
1400948 1
1406340 1
1409534 1
1430844 1
1434767 1
1450966 1
1451882 1
1459000 1
1459975 1
1464072 1
1464120 1
1469823 1
1472157 1
1473544 1
1477884 1
1483941 1
1494164 1
1495481 1
1502149 1
1507029 1
1508354 1
1508744 1
1508744 1
1510627 1
1517046 1
1534611 1
1536308 1
1536644 1
1543277 1
1547953 1
1550300 1
1555226 1
1557486 1
1560641 1
1563419 1
1578191 1
1579409 1
1590687 1
1595931 1
1614270 1
1617189 1
1626169 1
1628954 1
1632855 1
1634925 1
1636159 1
1641407 1
1646626 1
1649976 1
1652311 1
1664692 1
1666935 1
1666992 1
1671134 1
1676536 1
1681383 1
1682124 1
1687174 1
1688100 1
1697636 1
1699737 1
1700130 1
1704689 1
1704780 1
1705432 1
1706609 1
1710896 1
1713383 1
1716615 1
1726413 1
1729580 1
1730311 1
1731051 1
1731130 1
1740700 1
1743193 1
1747892 1
1765681 1
1771005 1
1779063 1
1785167 1
1785189 1
1785924 1
1813216 1
1813778 1
1821677 1
1825820 1
1828802 1
1828825 1
1833477 1
1844579 1
1851944 1
1863302 1
1863373 1
1865987 1
1867492 1
1874962 1
1878662 1
1880432 1
1916405 1
1920861 1
1938283 1
1939884 1
1940685 1
1950050 1
1954537 1
1959484 1
1961413 1
1964259 1
1965843 1
1994526 1
1999985 1
2001843 1
2012120 1
2012680 1
2012789 1
2031748 1
2038431 1
2040472 1
2051951 1
2067175 1
2070189 1
2079236 1
2082519 1
2094526 1
2097436 1
2102003 1
2102545 1
2102754 1
2102886 1
2103092 1
2103918 1
2103949 1
2104430 1
2104568 1
2113705 1
2116667 1
2133220 1
2134090 1
2134095 1
2135532 1
2138808 1
2144925 1
2150025 1
2157328 1
2163727 1
2164330 1
2165472 1
2178776 1
2185993 1
2187279 1
2205367 1
2207097 1
2208705 1
2218844 1
2225056 1
2233314 1
2243761 1
2251628 1
2251656 1
2255768 1
2260122 1
2260532 1
2263045 1
2267305 1
2267669 1
2268830 1
2270657 1
2278335 1
2278777 1
2279326 1
2283290 1
2286840 1
2287868 1
2289632 1
2297665 1
2298122 1
2298175 1
2303051 1
2305269 1
2307909 1
2321460 1
2325830 1
2328577 1
2331859 1
2334325 1
2343969 1
2345758 1
2350128 1
2350449 1
2367059 1
2370553 1
2377460 1
2381832 1
2382471 1
2382622 1
2385306 1
2405790 1
2414301 1
2418834 1
2420507 1
2421540 1
2424007 1
2428450 1
2430787 1
2435150 1
2438992 1
2440076 1
2446855 1
2453422 1
2464559 1
2476107 1
2477684 1
2480692 1
2488578 1
2490929 1
2495955 1
2495972 1
2506918 1
2508132 1
2513477 1
2520603 1
2521007 1
2523767 1
2525188 1
2525831 1
2526504 1
2531221 1
2531603 1
2540329 1
2541730 1
2545167 1
2547433 1
2554374 1
2555348 1
2556187 1
2571176 1
2585588 1
2587258 1
2592322 1
2608216 1
2620872 1
2620886 1
2623862 1
2632844 1
2640248 1
2646790 1
2657088 1
2664015 1
2667932 1
2668707 1
2672560 1
2675180 1
2691882 1
2696052 1
2696212 1
2702515 1
2703704 1
2708766 1
2726882 1
2732862 1
2733517 1
2737026 1
2738578 1
2743931 1
2749071 1
2750572 1
2760555 1
2760900 1
2761484 1
2766363 1
2767340 1
2769535 1
2776232 1
2778559 1
2779519 1
2784573 1
2789362 1
2789368 1
2793467 1
2795351 1
2804193 1
2806594 1
2810244 1
2810895 1
2812764 1
2818061 1
2824393 1
2825269 1
2826188 1
2827568 1
2828367 1
2839026 1
2840824 1
2849688 1
2851571 1
2854902 1
2858922 1
2862981 1
2863344 1
2877646 1
2880409 1
2886713 1
2886763 1
2889481 1
2901246 1
2903386 1
2906277 1
2909109 1
2916491 1
2929460 1
2930708 1
2937449 1
2937730 1
2947402 1
2948242 1
2959154 1
2963731 1
2971585 1
2973741 1
2987982 1
2992002 1
2993793 1
2995377 1
3003105 1
3005045 1
3006488 1
3019455 1
3020515 1
3021622 1
3037377 1
3049311 1
3051438 1
3052429 1
3062507 1
3062869 1
3067399 1
3067856 1
3079858 1
3086494 1
3086895 1
3086950 1
3087745 1
3089390 1
3097864 1
3103988 1
3110193 1
3110852 1
3122053 1
3125108 1
3136858 1
3151535 1
3156285 1
3168347 1
3170750 1
3175844 1
3176764 1
3183655 1
3186520 1
3187269 1
3188289 1
3188348 1
3191544 1
3198195 1
3199460 1
3199912 1
3206958 1
3215478 1
3216000 1
3217660 1
3221413 1
3222978 1
3226112 1
3227297 1
3228656 1
3237278 1
3243939 1
3253720 1
3272704 1
3282861 1
3284612 1
3285662 1
3289033 1
3292709 1
3304195 1
3306828 1
3321772 1
3324218 1
3368628 1
3373863 1
3375885 1
3379730 1
3381082 1
3385601 1
3388192 1
3392374 1
3392841 1
3393049 1
3401268 1
3406827 1
3414342 1
3415118 1
3418613 1
3420547 1
3423692 1
3425190 1
3431861 1
3433771 1
3436279 1
3443590 1
3448549 1
3448791 1
3454461 1
3455140 1
3457950 1
3458036 1
3458966 1
3463556 1
3464390 1
3465864 1
3466002 1
3469201 1
3483620 1
3488076 1
3493611 1
3493705 1
3496903 1
3499516 1
3510023 1
3513687 1
3515704 1
3515713 1
3517425 1
3524281 1
3529999 1
3530824 1
3537019 1
3537546 1
3548243 1
3555612 1
3566715 1
3570599 1
3571065 1
3574612 1
3575216 1
3577867 1
3589486 1
3589581 1
3602662 1
3606309 1
3609658 1
3615676 1
3619052 1
3625126 1
3626622 1
3636580 1
3645433 1
3658111 1
3658429 1
3660224 1
3677611 1
3690149 1
3690871 1
3691780 1
3693126 1
3698620 1
3700815 1
3708660 1
3712559 1
3717069 1
3717358 1
3722996 1
3723842 1
3727969 1
3729988 1
3735276 1
3736202 1
3743746 1
3744687 1
3747023 1
3756629 1
3758155 1
3762570 1
3768693 1
3769996 1
3770690 1
3771589 1
3773998 1
3774522 1
3790130 1
3791638 1
3792942 1
3799549 1
3805188 1
3809344 1
3822629 1
3828459 1
3836061 1
3844212 1
3845147 1
3848835 1
3855775 1
3862762 1
3865708 1
3867181 1
3872109 1
3873049 1
3874558 1
3875911 1
3878057 1
3900591 1
3906074 1
3924991 1
3927362 1
3927379 1
3943056 1
3948264 1
3953676 1
3954339 1
3954501 1
3962989 1
3970086 1
4014467 1
4015734 1
4016342 1
4016523 1
4021053 1
4022708 1
4023853 1
4025648 1
4030235 1
4030703 1
4036378 1
4037113 1
4066762 1
4067977 1
4070260 1
4073459 1
4079549 1
4079898 1
4092262 1
4095548 1
4100186 1
4102094 1
4111647 1
4113238 1
4117313 1
4134249 1
4140593 1
4142033 1
4143562 1
4145846 1
4158692 1
4165175 1
4166076 1
4172817 1
4173113 1
4174386 1
4176504 1
4188614 1
4189479 1
4193356 1
4194838 1
4202908 1
4207346 1
4208498 1
4213328 1
4220786 1
4223038 1
4229844 1
4231487 1
4234407 1
4234409 1
4235114 1
4238189 1
4241547 1
4250157 1
4268245 1
4268496 1
4268849 1
4269704 1
4271241 1
4271554 1
4278391 1
4284286 1
4297262 1
4305474 1
4306105 1
4310709 1
4316947 1
4319497 1
4324934 1
4326270 1
4326605 1
4327514 1
4328451 1
4330724 1
4335853 1
4336329 1
4337017 1
4338122 1
4351986 1
4363874 1
4370809 1
4373754 1
4378515 1
4380055 1
4381190 1
4387823 1
4397374 1
4404780 1
4407962 1
4411129 1
4411239 1
4411670 1
4413779 1
4415711 1
4419545 1
4423108 1
4427535 1
4429468 1
4429535 1
4430065 1
4448862 1
4451434 1
4456413 1
4461848 1
4484764 1
4498940 1
4503024 1
4503223 1
4513806 1
4521621 1
4525501 1
4526328 1
4533003 1
4534480 1
4535854 1
4537346 1
4544064 1
4546810 1
4548746 1
4548816 1
4552730 1
4554694 1
4566908 1
4567599 1
4577782 1
4578321 1
4581544 1
4581879 1
4583541 1
4584409 1
4584571 1
4593428 1
4595095 1
4599828 1
4601684 1
4605237 1
4610083 1
4654785 1
4660642 1
4667307 1
4668230 1
4669643 1
4672837 1
4684164 1
4686854 1
4691475 1
4692364 1
4700824 1
4702570 1
4706766 1
4707930 1
4707964 1
4713144 1
4717232 1
4717446 1
4728559 1
4729229 1
4731567 1
4734253 1
4736831 1
4737261 1
4742883 1
4743485 1
4749810 1
4756668 1
4762925 1
4763038 1
4772515 1
4778353 1
4783519 1
4792758 1
4796556 1
4798734 1
4804085 1
4804646 1
4804848 1
4806421 1
4819092 1
4819098 1
4828701 1
4830116 1
4833959 1
4836187 1
4837620 1
4840948 1
4841900 1
4846670 1
4847713 1
4849361 1
4849509 1
4849683 1
4851347 1
4855051 1
4858651 1
4875846 1
4893463 1
4893929 1
4901492 1
4905125 1
4908885 1
4910153 1
4916015 1
4916071 1
4916681 1
4917577 1
4924494 1
4924685 1
4927238 1
4931487 1
4933308 1
4938626 1
4940655 1
4941229 1
4944955 1
4955924 1
4956751 1
4959961 1
4993029 1
4997084 1
4998125 1
4998883 1
5000783 1
5002564 1
5023545 1
5024192 1
5034155 1
5036837 1
5039909 1
5041844 1
5043693 1
5050315 1
5050470 1
5052647 1
5053026 1
5055704 1
5062983 1
5069592 1
5079997 1
5081261 1
5082229 1
5122708 1
5126746 1
5137707 1
5139535 1
5146277 1
5146278 1
5150572 1
5153503 1
5160013 1
5172469 1
5177281 1
5177708 1
5182494 1
5183319 1
5187147 1
5196924 1
5197272 1
5209015 1
5211689 1
5230833 1
5232950 1
5238072 1
5239688 1
5260227 1
5261721 1
5264077 1
5272191 1
5274185 1
5278436 1
5283507 1
5290601 1
5294036 1
5309471 1
5330078 1
5330644 1
5331061 1
5331448 1
5331733 1
5331988 1
5334421 1
5342565 1
5346415 1
5347546 1
5348781 1
5356461 1
5357328 1
5362285 1
5362287 1
5365042 1
5376366 1
5378678 1
5387003 1
5393232 1
5395201 1
5395710 1
5407949 1
5418907 1
5429468 1
5431546 1
5436286 1
5437936 1
5439801 1
5439917 1
5447891 1
5451492 1
5455385 1
5461704 1
5484983 1
5487817 1
5495037 1
5497683 1
5497695 1
5498033 1
5498730 1
5503869 1
5504929 1
5506593 1
5506939 1
5507447 1
5509580 1
5514593 1
5517337 1
5521769 1
5523023 1
5543895 1
5545016 1
5550454 1
5553088 1
5553249 1
5553317 1
5570900 1
5575541 1
5588947 1
5589776 1
5593909 1
5594209 1
5597630 1
5604776 1
5605513 1
5612247 1
5612937 1
5618094 1
5623210 1
5634865 1
5640229 1
5641033 1
5644811 1
5648512 1
5649546 1
5649600 1
5651757 1
5658967 1
5661186 1
5661198 1
5662187 1
5666901 1
5673926 1
5675901 1
5679705 1
5680784 1
5682784 1
5686513 1
5687275 1
5687995 1
5689676 1
5699656 1
5700265 1
5710738 1
5715421 1
5719145 1
5742563 1
5746008 1
5750378 1
5766263 1
5769920 1
5771886 1
5773519 1
5776130 1
5781631 1
5787623 1
5797375 1
5800203 1
5809136 1
5810070 1
5810678 1
5817196 1
5821068 1
5822408 1
5823894 1
5833983 1
5835250 1
5847261 1
5848298 1
5850173 1
5851983 1
5854671 1
5860116 1
5861454 1
5879648 1
5882272 1
5882878 1
5888256 1
5894216 1
5905610 1
5914373 1
5915479 1
5921983 1
5926397 1
5936075 1
5941142 1
5947684 1
5948614 1
5958535 1
5960637 1
5968340 1
5968356 1
5971162 1
5971281 1
5972458 1
5979350 1
5980219 1
5985498 1
5986782 1
5988188 1
5988760 1
5992603 1
5995101 1
6003050 1
6013242 1
6015510 1
6024719 1
6031031 1
6039290 1
6043304 1
6047358 1
6052513 1
6054596 1
6073426 1
6074441 1
6075809 1
6079408 1
6104569 1
6104573 1
6109966 1
6110736 1
6117931 1
6129539 1
6135904 1
6138711 1
6142227 1
6143249 1
6143937 1
6148025 1
6148504 1
6157555 1
6157739 1
6162868 1
6166782 1
6172099 1
6178990 1
6181669 1
6183988 1
6193496 1
6195283 1
6197557 1
6200685 1
6234928 1
6236933 1
6249136 1
6249668 1
6249828 1
6251540 1
6255859 1
6261538 1
6262609 1
6270032 1
6270142 1
6280986 1
6283767 1
6285356 1
6290570 1
6290887 1
6300519 1
6308223 1
6311912 1
6312116 1
6313253 1
6314286 1
6322775 1
6324241 1
6330817 1
6334458 1
6337904 1
6338011 1
6338823 1
6341146 1
6353461 1
6365664 1
6375124 1
6388683 1
6388841 1
6400617 1
6400708 1
6401065 1
6402074 1
6405721 1
6407429 1
6407574 1
6419978 1
6422646 1
6423771 1
6433200 1
6439410 1
6440536 1
6447279 1
6454616 1
6458077 1
6477805 1
6480617 1
6481513 1
6488872 1
6491474 1
6500599 1
6511352 1
6513230 1
6518956 1
6525010 1
6525042 1
6529911 1
6533479 1
6547807 1
6549405 1
6550073 1
6550419 1
6554304 1
6554813 1
6557590 1
6558119 1
6561048 1
6563328 1
6564026 1
6581562 1
6582114 1
6584329 1
6598129 1
6604967 1
6605965 1
6611098 1
6615319 1
6621656 1
6628441 1
6630509 1
6639738 1
6639857 1
6646494 1
6646618 1
6647090 1
6656507 1
6658289 1
6658899 1
6659960 1
6666030 1
6674961 1
6679986 1
6693174 1
6696407 1
6696439 1
6700240 1
6701225 1
6709247 1
6711882 1
6713764 1
6726365 1
6733982 1
6734031 1
6734358 1
6738251 1
6750976 1
6755529 1
6763455 1
6766159 1
6772252 1
6773257 1
6774803 1
6779701 1
6783556 1
6796112 1
6798168 1
6804541 1
6804766 1
6804945 1
6807169 1
6807782 1
6809726 1
6810478 1
6810508 1
6810971 1
6814271 1
6820786 1
6823362 1
6824167 1
6826353 1
6829761 1
6830282 1
6834748 1
6836506 1
6836867 1
6848471 1
6851094 1
6852743 1
6868610 1
6869954 1
6877952 1
6879136 1
6884087 1
6888368 1
6893329 1
6894027 1
6903654 1
6905748 1
6915322 1
6915373 1
6921573 1
6926046 1
6929188 1
6933325 1
6933999 1
6934538 1
6935934 1
6936746 1
6936748 1
6937172 1
6937629 1
6937993 1
6940334 1
6949007 1
6952053 1
6953560 1
6953560 1
6957401 1
6965078 1
6965198 1
6969603 1
6985896 1
6991350 1
6991413 1
6993986 1
6999630 1
7006391 1
7007422 1
7018339 1
7024726 1
7026399 1
7028502 1
7030640 1
7030769 1
7031427 1
7033702 1
7034376 1
7034756 1
7041654 1
7042774 1
7047957 1
7050016 1
7051525 1
7058697 1
7059542 1
7059569 1
7065758 1
7066339 1
7074818 1
7077581 1
7078383 1
7079015 1
7079701 1
7081738 1
7099949 1
7104030 1
7104142 1
7109875 1
7110763 1
7115997 1
7120355 1
7122598 1
7126142 1
7135064 1
7136892 1
7139918 1
7151452 1
7159489 1
7165311 1
7169799 1
7174806 1
7196404 1
7198110 1
7199219 1
7200588 1
7205629 1
7208259 1
7211554 1
7221194 1
7223159 1
7224811 1
7224840 1
7225110 1
7227606 1
7230504 1
7232297 1
7232599 1
7234320 1
7235570 1
7236573 1
7236997 1
7237549 1
7242637 1
7246202 1
7254444 1
7257082 1
7265840 1
7266422 1
7267799 1
7267836 1
7269779 1
7277522 1
7284357 1
7289284 1
7292750 1
7293530 1
7297985 1
7299094 1
7303925 1
7308415 1
7308512 1
7308657 1
7310013 1
7312998 1
7313902 1
7314003 1
7314167 1
7316124 1
7320220 1
7323520 1
7326922 1
7329069 1
7333236 1
7334248 1
7335439 1
7336693 1
7337642 1
7346430 1
7351795 1
7359491 1
7363521 1
7366481 1
7367085 1
7368242 1
7369121 1
7372038 1
7372162 1
7372282 1
7372936 1
7374015 1
7375847 1
7385496 1
7387482 1
7389046 1
7389066 1
7398254 1
7406666 1
7407577 1
7414508 1
7420320 1
7435842 1
7439150 1
7440407 1
7456040 1
7458464 1
7472104 1
7475659 1
7476394 1
7481110 1
7481225 1
7487857 1
7489710 1
7490505 1
7493633 1
7506664 1
7510965 1
7511380 1
7517833 1
7523347 1
7529534 1
7536674 1
7546787 1
7557796 1
7560956 1
7571179 1
7590153 1
7592033 1
7594487 1
7595939 1
7597722 1
7600449 1
7604020 1
7606077 1
7606077 1
7607479 1
7616531 1
7619441 1
7627024 1
7628480 1
7643385 1
7643680 1
7645306 1
7651491 1
7653675 1
7662005 1
7662563 1
7670876 1
7675102 1
7690432 1
7698491 1
7701400 1
7706424 1
7706424 1
7707536 1
7707631 1
7708135 1
7708878 1
7712412 1
7713806 1
7718656 1
7721853 1
7733664 1
7738650 1
7741494 1
7746726 1
7746840 1
7754054 1
7755389 1
7771665 1
7771794 1
7773337 1
7777196 1
7787114 1
7802534 1
7828822 1
7836731 1
7836944 1
7840052 1
7842816 1
7859184 1
7859564 1
7860158 1
7870241 1
7871317 1
7872591 1
7878062 1
7891224 1
7892308 1
7897868 1
7898811 1
7900275 1
7900907 1
7915515 1
7916082 1
7917754 1
7924856 1
7931504 1
7931863 1
7933484 1
7936154 1
7938163 1
7943860 1
7946006 1
7957445 1
7967058 1
7983528 1
7996044 1
8000584 1
8004137 1
8005158 1
8006305 1
8008282 1
8010436 1
8011442 1
8012119 1
8014163 1
8016983 1
8017594 1
8035885 1
8036067 1
8038855 1
8042790 1
8044154 1
8053899 1
8054726 1
8067939 1
8068698 1
8075419 1
8075500 1
8075522 1
8078074 1
8080145 1
8080598 1
8081882 1
8087879 1
8090916 1
8097030 1
8102853 1
8109016 1
8110872 1
8112623 1
8120837 1
8121684 1
8122105 1
8124230 1
8125483 1
8126710 1
8135113 1
8136542 1
8137643 1
8142549 1
8144592 1
8144607 1
8147448 1
8149965 1
8171901 1
8180446 1
8185475 1
8188659 1
8192345 1
8202931 1
8210303 1
8215682 1
8216171 1
8220870 1
8222257 1
8235611 1
8237098 1
8237491 1
8248095 1
8249440 1
8253837 1
8266559 1
8272797 1
8276603 1
8289332 1
8293880 1
8294399 1
8299723 1
8306095 1
8308828 1
8311669 1
18681 1
24909 1
28280 1
37640 1
43600 1
46092 1
48766 1
49988 1
50490 1
68585 1
71244 1
84192 1
98951 1
100112 1
107077 1
108419 1
111455 1
119965 1
126665 1
127006 1
127734 1
139367 1
144531 1
145566 1
151105 1
152708 1
156641 1
158417 1
164271 1
168000 1
169995 1
172572 1
176267 1
180788 1
182030 1
182815 1
184604 1
189666 1
190303 1
190754 1
191915 1
200659 1
202377 1
206677 1
208350 1
211110 1
212799 1
215643 1
215659 1
215794 1
218374 1
220256 1
223748 1
231451 1
243498 1
248303 1
255360 1
285800 1
285830 1
290589 1
291144 1
291817 1
292046 1
294011 1
294518 1
304549 1
308396 1
310367 1
315596 1
316326 1
321317 1
334125 1
340111 1
350063 1
351096 1
366235 1
370444 1
376551 1
383740 1
416745 1
417008 1
436300 1
443520 1
449724 1
451977 1
459716 1
460209 1
476117 1
483921 1
500171 1
500493 1
500770 1
507240 1
509393 1
515479 1
515895 1
516375 1
527214 1
539117 1
549417 1
552128 1
567039 1
570241 1
571962 1
575305 1
588930 1
592362 1
602673 1
609662 1
610225 1
610592 1
615200 1
634288 1
640275 1
652253 1
655864 1
656869 1
661773 1
674389 1
674970 1
679639 1
703682 1
705687 1
717111 1
717330 1
718388 1
720114 1
727482 1
728210 1
731470 1
732938 1
733053 1
733077 1
735817 1
739817 1
752807 1
772398 1
780541 1
799144 1
804727 1
807473 1
811376 1
814764 1
814963 1
818112 1
819198 1
824563 1
829294 1
835582 1
837348 1
845065 1
847230 1
848774 1
865266 1
873176 1
878147 1
894691 1
896270 1
915185 1
922601 1
926177 1
928127 1
928978 1
929054 1
931086 1
937079 1
938587 1
944350 1
952694 1
953392 1
955737 1
968128 1
973679 1
975041 1
979481 1
986985 1
1004444 1
1004666 1
1006590 1
1007395 1
1008838 1
1014357 1
1025495 1
1025754 1
1030637 1
1031054 1
1047846 1
1049813 1
1054660 1
1059198 1
1062633 1
1078504 1
1084388 1
1085119 1
1087123 1
1088584 1
1095683 1
1095699 1
1120015 1
1121821 1
1127289 1
1132750 1
1136411 1
1137078 1
1138738 1
1147221 1
1153443 1
1163610 1
1165052 1
1165582 1
1166707 1
1166798 1
1170268 1
1183790 1
1187196 1
1195371 1
1196332 1
1204881 1
1205241 1
1205321 1
1205462 1
1207071 1
1207295 1
1207786 1
1207833 1
1208508 1
1208642 1
1209469 1
1211782 1
1211820 1
1211951 1
1211987 1
1219414 1
1220294 1
1226006 1
1228777 1
1230051 1
1238638 1
1247867 1
1253195 1
1254104 1
1255191 1
1264353 1
1271257 1
1279091 1
1283379 1
1292211 1
1294194 1
1298134 1
1300406 1
1300829 1
1309193 1
1309812 1
1310321 1
1311669 1
1311912 1
1317485 1
1319803 1
1323948 1
1337327 1
1341950 1
1347095 1
1348443 1
1352484 1
1354023 1
1355808 1
1370284 1
1374888 1
1375979 1
1376846 1
1379063 1
1384196 1
1393971 1
1398144 1
1399304 1
1400473 1
1416803 1
1418887 1
1434412 1
1440252 1
1443585 1
1447072 1
1451842 1
1466880 1
1470619 1
1473424 1
1474380 1
1478529 1
1481933 1
1490669 1
1491203 1
1493304 1
1495141 1
1505708 1
1507133 1
1507992 1
1511931 1
1513886 1
1519687 1
1533976 1
1537337 1
1538846 1
1539187 1
1548094 1
1561912 1
1561970 1
1562178 1
1562219 1
1564252 1
1577384 1
1588192 1
1592093 1
1611226 1
1618331 1
1623583 1
1630576 1
1632697 1
1634819 1
1638070 1
1643953 1
1645496 1
1647015 1
1648262 1
1657094 1
1662985 1
1665958 1
1667930 1
1671785 1
1675970 1
1677476 1
1687949 1
1702761 1
1707717 1
1710420 1
1715121 1
1724759 1
1754645 1
1761655 1
1763546 1
1771460 1
1775554 1
1777137 1
1777565 1
1782945 1
1786244 1
1787333 1
1788600 1
1789282 1
1789282 1
1790027 1
1790779 1
1791391 1
1793957 1
1802583 1
1805325 1
1811134 1
1811627 1
1816645 1
1820798 1
1822286 1
1827769 1
1829270 1
1832180 1
1834849 1
1839692 1
1844696 1
1847723 1
1851835 1
1854823 1
1856357 1
1863328 1
1867152 1
1868523 1
1871912 1
1875630 1
1878352 1
1884219 1
1886603 1
1887432 1
1887761 1
1892891 1
1899896 1
1900698 1
1902531 1
1902533 1
1908019 1
1910398 1
1918526 1
1918575 1
1920846 1
1928915 1
1928952 1
1931169 1
1937047 1
1939769 1
1948882 1
1950730 1
1951928 1
1951966 1
1952120 1
1966701 1
1972068 1
1994137 1
1997241 1
2000858 1
2005732 1
2008464 1
2012454 1
2012489 1
2013398 1
2016026 1
2026279 1
2028098 1
2033739 1
2038716 1
2038952 1
2042332 1
2044261 1
2055868 1
2057504 1
2063931 1
2078147 1
2083109 1
2093222 1
2094094 1
2097368 1
2099088 1
2099834 1
2100954 1
2102432 1
2102602 1
2102715 1
2102837 1
2103206 1
2103423 1
2103689 1
2104291 1
2104455 1
2107468 1
2113543 1
2116027 1
2120807 1
2121146 1
2123866 1
2138824 1
2139681 1
2139697 1
2145978 1
2147310 1
2151145 1
2165557 1
2178266 1
2187578 1
2191176 1
2195637 1
2196973 1
2197019 1
2204840 1
2208073 1
2208718 1
2212412 1
2212906 1
2222881 1
2231489 1
2237181 1
2241803 1
2246307 1
2253676 1
2254843 1
2256994 1
2258291 1
2262245 1
2270381 1
2272269 1
2274060 1
2277854 1
2294752 1
2296213 1
2307723 1
2319560 1
2328304 1
2358730 1
2366440 1
2371811 1
2371815 1
2378018 1
2378775 1
2382002 1
2383226 1
2385478 1
2401235 1
2414751 1
2419142 1
2420707 1
2422351 1
2423928 1
2424233 1
2426324 1
2427057 1
2431280 1
2431290 1
2433324 1
2433486 1
2444608 1
2447000 1
2447705 1
2452966 1
2454049 1
2461146 1
2463673 1
2476234 1
2477709 1
2481859 1
2485203 1
2488419 1
2496870 1
2501813 1
2513604 1
2516524 1
2520496 1
2524025 1
2524118 1
2527247 1
2545902 1
2559235 1
2563195 1
2566036 1
2576609 1
2586830 1
2587569 1
2603718 1
2603861 1
2607310 1
2614100 1
2622542 1
2622565 1
2634072 1
2639417 1
2640507 1
2643502 1
2644013 1
2645282 1
2647097 1
2648542 1
2650964 1
2652127 1
2685769 1
2688685 1
2697717 1
2700469 1
2705493 1
2707849 1
2707849 1
2713498 1
2716058 1
2721953 1
2725000 1
2729387 1
2737660 1
2745962 1
2747463 1
2753433 1
2761048 1
2769986 1
2777806 1
2779392 1
2780753 1
2787088 1
2788430 1
2799769 1
2800688 1
2801157 1
2801825 1
2815282 1
2817448 1
2821278 1
2821312 1
2823699 1
2826840 1
2841299 1
2849324 1
2849474 1
2872579 1
2881637 1
2882814 1
2892800 1
2903526 1
2903527 1
2904454 1
2912800 1
2915573 1
2918705 1
2920252 1
2920900 1
2924290 1
2931581 1
2940659 1
2943244 1
2943245 1
2949216 1
2950505 1
2955892 1
2959833 1
2974978 1
2976519 1
2977263 1
2990921 1
2995621 1
2997428 1
2999676 1
3001965 1
3005281 1
3007394 1
3017465 1
3026246 1
3027235 1
3033966 1
3039081 1
3042519 1
3051480 1
3059260 1
3066262 1
3079108 1
3079520 1
3086391 1
3087990 1
3095063 1
3095405 1
3096890 1
3097798 1
3097830 1
3098049 1
3100446 1
3103610 1
3104925 1
3113175 1
3118519 1
3127896 1
3131133 1
3163671 1
3166304 1
3175687 1
3180410 1
3185130 1
3189055 1
3199886 1
3201167 1
3204319 1
3206918 1
3209892 1
3210346 1
3217272 1
3219484 1
3219895 1
3227867 1
3231874 1
3239137 1
3256130 1
3258160 1
3258413 1
3265551 1
3268181 1
3275119 1
3276393 1
3278976 1
3285972 1
3289546 1
3290888 1
3299224 1
3301779 1
3303616 1
3303853 1
3305326 1
3306371 1
3307101 1
3309354 1
3312913 1
3317864 1
3327750 1
3336103 1
3336234 1
3337142 1
3343043 1
3343605 1
3345454 1
3346491 1
3351176 1
3360060 1
3360738 1
3361087 1
3372295 1
3377674 1
3383193 1
3386757 1
3391281 1
3392301 1
3397362 1
3406401 1
3424706 1
3427778 1
3428036 1
3430867 1
3435426 1
3438415 1
3440680 1
3448500 1
3453674 1
3463841 1
3466824 1
3477906 1
3480241 1
3482660 1
3487514 1
3492314 1
3496841 1
3505370 1
3509587 1
3513749 1
3526671 1
3526742 1
3533926 1
3534358 1
3545411 1
3558911 1
3560257 1
3564932 1
3565958 1
3566422 1
3568805 1
3571742 1
3588474 1
3588859 1
3591903 1
3592635 1
3599666 1
3605337 1
3616131 1
3623220 1
3625881 1
3636083 1
3646839 1
3646978 1
3652078 1
3658400 1
3663054 1
3669037 1
3673603 1
3674386 1
3676730 1
3699311 1
3703451 1
3718150 1
3726788 1
3727000 1
3731873 1
3734974 1
3735808 1
3742889 1
3744990 1
3747319 1
3761735 1
3777707 1
3782879 1
3784682 1
3784822 1
3785850 1
3788582 1
3789202 1
3789229 1
3789975 1
3790194 1
3803184 1
3803692 1
3804895 1
3817945 1
3819730 1
3822781 1
3823456 1
3828192 1
3831972 1
3837664 1
3860295 1
3860350 1
3861916 1
3862453 1
3866303 1
3867060 1
3867671 1
3872654 1
3876006 1
3880596 1
3883697 1
3893859 1
3894563 1
3896733 1
3899042 1
3910874 1
3917599 1
3930533 1
3938588 1
3952996 1
3964105 1
3967087 1
3971291 1
3978418 1
3983489 1
3996154 1
4000089 1
4007890 1
4007990 1
4011415 1
4014198 1
4014775 1
4024200 1
4024543 1
4027768 1
4033869 1
4045893 1
4047063 1
4047421 1
4061627 1
4064050 1
4064925 1
4065005 1
4065477 1
4068154 1
4070124 1
4070230 1
4076242 1
4080665 1
4081969 1
4083759 1
4089321 1
4090362 1
4094734 1
4099754 1
4100879 1
4101147 1
4102316 1
4116919 1
4140787 1
4156116 1
4158173 1
4161261 1
4167541 1
4169534 1
4176285 1
4186618 1
4186770 1
4188579 1
4190474 1
4215871 1
4222689 1
4226169 1
4229258 1
4231949 1
4246201 1
4258565 1
4259268 1
4260018 1
4260202 1
4261645 1
4262993 1
4266234 1
4266761 1
4266972 1
4271093 1
4271411 1
4272440 1
4272625 1
4278099 1
4279106 1
4290929 1
4291960 1
4294966 1
4295003 1
4300879 1
4303630 1
4305594 1
4313045 1
4321677 1
4327612 1
4340450 1
4341584 1
4343550 1
4345494 1
4347105 1
4347735 1
4348148 1
4348636 1
4349241 1
4350230 1
4356453 1
4358475 1
4360629 1
4362475 1
4364146 1
4366649 1
4370798 1
4372222 1
4378006 1
4378542 1
4379768 1
4382180 1
4392373 1
4400412 1
4400424 1
4404238 1
4407851 1
4412287 1
4421348 1
4421401 1
4422277 1
4428265 1
4431475 1
4432157 1
4438578 1
4439276 1
4468945 1
4469013 1
4470385 1
4472381 1
4475486 1
4476139 1
4477331 1
4481681 1
4486572 1
4489982 1
4490764 1
4496385 1
4502893 1
4517648 1
4523205 1
4527098 1
4536086 1
4543007 1
4543761 1
4546113 1
4558642 1
4559990 1
4572880 1
4573355 1
4575952 1
4580697 1
4583309 1
4599233 1
4613325 1
4617938 1
4624327 1
4629309 1
4633769 1
4635054 1
4638675 1
4644941 1
4652054 1
4662477 1
4662698 1
4664374 1
4665507 1
4671313 1
4675326 1
4680239 1
4687739 1
4696095 1
4696555 1
4697859 1
4702361 1
4706724 1
4711872 1
4731251 1
4732082 1
4735543 1
4739122 1
4742560 1
4743300 1
4757745 1
4765558 1
4768954 1
4785119 1
4788263 1
4791505 1
4792090 1
4792379 1
4797672 1
4800414 1
4807164 1
4809878 1
4812031 1
4812745 1
4816175 1
4817888 1
4823042 1
4825921 1
4832857 1
4833127 1
4845396 1
4854368 1
4868947 1
4869834 1
4872364 1
4874655 1
4876016 1
4881869 1
4882594 1
4882935 1
4884599 1
4885356 1
4898948 1
4916675 1
4926545 1
4956130 1
4964847 1
4974053 1
4975262 1
4975832 1
4979452 1
4988887 1
4991977 1
4998879 1
5005826 1
5012114 1
5013591 1
5028567 1
5029289 1
5046289 1
5049088 1
5052693 1
5053961 1
5061165 1
5067249 1
5069434 1
5071983 1
5072446 1
5073626 1
5074473 1
5074477 1
5075194 1
5080725 1
5086554 1
5087019 1
5098922 1
5112237 1
5116456 1
5125617 1
5136102 1
5136285 1
5139452 1
5143849 1
5155802 1
5157628 1
5162333 1
5169990 1
5171386 1
5173161 1
5176030 1
5187353 1
5194092 1
5202666 1
5202867 1
5228907 1
5229895 1
5229974 1
5230088 1
5232658 1
5234672 1
5236364 1
5253306 1
5259845 1
5259845 1
5272564 1
5274859 1
5289515 1
5294282 1
5296206 1
5302243 1
5317743 1
5318069 1
5318912 1
5320033 1
5320510 1
5328387 1
5337509 1
5346249 1
5346258 1
5347172 1
5354689 1
5356030 1
5370830 1
5383394 1
5391179 1
5394717 1
5420781 1
5427669 1
5429620 1
5429784 1
5432671 1
5433326 1
5453900 1
5455372 1
5456801 1
5460705 1
5464299 1
5465658 1
5468180 1
5471028 1
5499150 1
5504799 1
5505600 1
5510003 1
5510865 1
5521705 1
5525429 1
5526357 1
5527086 1
5527093 1
5537002 1
5539929 1
5549173 1
5552656 1
5574964 1
5577387 1
5592244 1
5594620 1
5605835 1
5608746 1
5609649 1
5629059 1
5630583 1
5639556 1
5661275 1
5666093 1
5667807 1
5669598 1
5670265 1
5672881 1
5680048 1
5683841 1
5689632 1
5691633 1
5695689 1
5703757 1
5705616 1
5708471 1
5709588 1
5712069 1
5722924 1
5741075 1
5741900 1
5742324 1
5742330 1
5742894 1
5747412 1
5770387 1
5771640 1
5772913 1
5775816 1
5788557 1
5793942 1
5796395 1
5802502 1
5811580 1
5821555 1
5822583 1
5840763 1
5843074 1
5853684 1
5854550 1
5859240 1
5863063 1
5865606 1
5874075 1
5884634 1
5886909 1
5892206 1
5892544 1
5896941 1
5905928 1
5915427 1
5929333 1
5933654 1
5945883 1
5945984 1
5946862 1
5950062 1
5950252 1
5970452 1
5972678 1
5974848 1
5984354 1
5984772 1
5985340 1
5985348 1
5992628 1
6003168 1
6003727 1
6009501 1
6010945 1
6013306 1
6018328 1
6031550 1
6031916 1
6035967 1
6040750 1
6056560 1
6057794 1
6074038 1
6075610 1
6075884 1
6080167 1
6080242 1
6096742 1
6098246 1
6107552 1
6110486 1
6123403 1
6126252 1
6132832 1
6140975 1
6146183 1
6147871 1
6153244 1
6155155 1
6155920 1
6162201 1
6169719 1
6174020 1
6180487 1
6180788 1
6183949 1
6188460 1
6188950 1
6196263 1
6197514 1
6225800 1
6228507 1
6231320 1
6234778 1
6236376 1
6236809 1
6244456 1
6250781 1
6254998 1
6255904 1
6264582 1
6265852 1
6268847 1
6270110 1
6273179 1
6276311 1
6288664 1
6289191 1
6289910 1
6293287 1
6295177 1
6295803 1
6296646 1
6298072 1
6302241 1
6307690 1
6309479 1
6311796 1
6313854 1
6323833 1
6326036 1
6326306 1
6330960 1
6336459 1
6341038 1
6343880 1
6344753 1
6345449 1
6354456 1
6355186 1
6363092 1
6363143 1
6373386 1
6381118 1
6381557 1
6384266 1
6384658 1
6393302 1
6393560 1
6398725 1
6402220 1
6404315 1
6417211 1
6418803 1
6419039 1
6421931 1
6422271 1
6422306 1
6423152 1
6431827 1
6436000 1
6449017 1
6449103 1
6453201 1
6455112 1
6465225 1
6475823 1
6478123 1
6478271 1
6483959 1
6486962 1
6493883 1
6499524 1
6502264 1
6508718 1
6510103 1
6510709 1
6512227 1
6512738 1
6518163 1
6519511 1
6519523 1
6519551 1
6520074 1
6521936 1
6522030 1
6533300 1
6533308 1
6539101 1
6540293 1
6541651 1
6543130 1
6546110 1
6546343 1
6549601 1
6550029 1
6559954 1
6565192 1
6568524 1
6582049 1
6583961 1
6588029 1
6588142 1
6598233 1
6606606 1
6621803 1
6626099 1
6627749 1
6629073 1
6632251 1
6644795 1
6646040 1
6647372 1
6651499 1
6656311 1
6665001 1
6672407 1
6678804 1
6679871 1
6680007 1
6680679 1
6685292 1
6699543 1
6704923 1
6709105 1
6721695 1
6722911 1
6727237 1
6741098 1
6745363 1
6747912 1
6752876 1
6754639 1
6762090 1
6763021 1
6768240 1
6772606 1
6775066 1
6779421 1
6780199 1
6796585 1
6798192 1
6802552 1
6804680 1
6805123 1
6807482 1
6810559 1
6810956 1
6811370 1
6819992 1
6832482 1
6833413 1
6835266 1
6842716 1
6850939 1
6852028 1
6855468 1
6861249 1
6869845 1
6879141 1
6882930 1
6888645 1
6900465 1
6900507 1
6902728 1
6914246 1
6915191 1
6916858 1
6920730 1
6920733 1
6925519 1
6928550 1
6929825 1
6930013 1
6931108 1
6931994 1
6933137 1
6933419 1
6935031 1
6937637 1
6944664 1
6951061 1
6967588 1
6970763 1
6974301 1
6974322 1
6979962 1
6986253 1
6986828 1
6986906 1
6987726 1
6989843 1
6994684 1
7001637 1
7003797 1
7014943 1
7066080 1
7067561 1
7068529 1
7069821 1
7071741 1
7072779 1
7075044 1
7077571 1
7078111 1
7078172 1
7078175 1
7079998 1
7080618 1
7087260 1
7087656 1
7089710 1
7100761 1
7104319 1
7106829 1
7107478 1
7109982 1
7111143 1
7111411 1
7112846 1
7113880 1
7117860 1
7125650 1
7126483 1
7129315 1
7130557 1
7131412 1
7133468 1
7136170 1
7137532 1
7140597 1
7141434 1
7141772 1
7163132 1
7163771 1
7165305 1
7166237 1
7169523 1
7170412 1
7171095 1
7174532 1
7180383 1
7183765 1
7196445 1
7196676 1
7200206 1
7212729 1
7219488 1
7223942 1
7226292 1
7232813 1
7233110 1
7236636 1
7237221 1
7237699 1
7241958 1
7255803 1
7261731 1
7276844 1
7282077 1
7283963 1
7285612 1
7299920 1
7304728 1
7307267 1
7310347 1
7313951 1
7314043 1
7314063 1
7314640 1
7316849 1
7320348 1
7320951 1
7321053 1
7321101 1
7323974 1
7324574 1
7324600 1
7325523 1
7327203 1
7330874 1
7330877 1
7332558 1
7342722 1
7348165 1
7353527 1
7354158 1
7356371 1
7358450 1
7360607 1
7365906 1
7367730 1
7367738 1
7367739 1
7367867 1
7373174 1
7374799 1
7375145 1
7375403 1
7390189 1
7394154 1
7402770 1
7406552 1
7414921 1
7418641 1
7427855 1
7438245 1
7439198 1
7448838 1
7454795 1
7455339 1
7460125 1
7460810 1
7463929 1
7464320 1
7465150 1
7466620 1
7472621 1
7480197 1
7486353 1
7486359 1
7487601 1
7489560 1
7491924 1
7493278 1
7493969 1
7494995 1
7496591 1
7501055 1
7516173 1
7518689 1
7534766 1
7538856 1
7542117 1
7542428 1
7542733 1
7555800 1
7563926 1
7575458 1
7595796 1
7603889 1
7604033 1
7609170 1
7609339 1
7612921 1
7613526 1
7616946 1
7617782 1
7635983 1
7636260 1
7636818 1
7637715 1
7642501 1
7643449 1
7653633 1
7653731 1
7659853 1
7659997 1
7664858 1
7667053 1
7669110 1
7671798 1
7674212 1
7674844 1
7684047 1
7694629 1
7705582 1
7708614 1
7711707 1
7720621 1
7720745 1
7722760 1
7745214 1
7745720 1
7745984 1
7752196 1
7755681 1
7784914 1
7791371 1
7795637 1
7804805 1
7808516 1
7810203 1
7810420 1
7813334 1
7821697 1
7829456 1
7831681 1
7837711 1
7839961 1
7842992 1
7853057 1
7853428 1
7858615 1
7863908 1
7867380 1
7883659 1
7883998 1
7893468 1
7897850 1
7899873 1
7900596 1
7903883 1
7909974 1
7916965 1
7917128 1
7922090 1
7928574 1
7931495 1
7936121 1
7938810 1
7941386 1
7946112 1
7946795 1
7946808 1
7946881 1
7947965 1
7953058 1
7954512 1
7968279 1
7969034 1
7978731 1
7980877 1
7981168 1
7984252 1
7985178 1
7993995 1
7994139 1
8000197 1
8000322 1
8003577 1
8003914 1
8006949 1
8007485 1
8015110 1
8015264 1
8015451 1
8017560 1
8018829 1
8019110 1
8021782 1
8038792 1
8038952 1
8039128 1
8044116 1
8046006 1
8046490 1
8046593 1
8051071 1
8056361 1
8065965 1
8070536 1
8070559 1
8070668 1
8074835 1
8075719 1
8076181 1
8077882 1
8079128 1
8081848 1
8086393 1
8089774 1
8094054 1
8095997 1
8106556 1
8106954 1
8110020 1
8113817 1
8115323 1
8119473 1
8123558 1
8124729 1
8137826 1
8145843 1
8146388 1
8146940 1
8147896 1
8148193 1
8155827 1
8160376 1
8174678 1
8175804 1
8182921 1
8183384 1
8185346 1
8195079 1
8222550 1
8226646 1
8228451 1
8229441 1
8250829 1
8252700 1
8267605 1
8270166 1
8271307 1
8272072 1
8276360 1
8283819 1
8294444 1
8306798 1
93 1
2477 1
2477 1
8350 1
23878 1
27191 1
35433 1
40614 1
51668 1
75456 1
89424 1
93034 1
100820 1
101636 1
103926 1
112431 1
115781 1
124855 1
124959 1
126811 1
127985 1
129986 1
131620 1
132288 1
132839 1
135021 1
140390 1
140494 1
147431 1
151488 1
155823 1
156684 1
165254 1
167552 1
172692 1
174345 1
178086 1
180405 1
181405 1
184164 1
187456 1
188303 1
191496 1
193946 1
195107 1
198583 1
203547 1
208945 1
214247 1
221007 1
222036 1
224083 1
228633 1
229031 1
229031 1
235784 1
247748 1
258560 1
262381 1
270092 1
270259 1
277115 1
280845 1
287080 1
290442 1
290445 1
290470 1
296559 1
299779 1
303774 1
312014 1
314489 1
316818 1
318891 1
322086 1
323170 1
324368 1
326111 1
327876 1
328306 1
328448 1
338394 1
346561 1
352765 1
362865 1
378092 1
399315 1
410140 1
410729 1
419853 1
424736 1
437412 1
439909 1
446685 1
454051 1
455100 1
456558 1
458526 1
464833 1
478580 1
482486 1
484266 1
491450 1
498390 1
499171 1
509483 1
514505 1
523979 1
524508 1
534860 1
535722 1
551791 1
554663 1
556484 1
558798 1
562153 1
564502 1
569546 1
569552 1
575694 1
575850 1
577586 1
585397 1
588238 1
592300 1
598337 1
607830 1
608931 1
610382 1
612059 1
619835 1
622569 1
645915 1
657881 1
677605 1
680645 1
686766 1
689859 1
694058 1
709337 1
709493 1
713646 1
716601 1
719158 1
727649 1
729053 1
729598 1
731349 1
746520 1
760793 1
766051 1
766743 1
767661 1
768418 1
779116 1
779625 1
780933 1
784350 1
784968 1
785173 1
802990 1
808566 1
812989 1
813415 1
816165 1
817934 1
834123 1
846369 1
848346 1
861249 1
865432 1
869429 1
871945 1
891400 1
893617 1
899033 1
900426 1
907300 1
907550 1
907558 1
912755 1
919804 1
922953 1
943284 1
944634 1
948217 1
951054 1
951296 1
953928 1
957810 1
962069 1
962371 1
964294 1
970410 1
972718 1
972754 1
973626 1
980162 1
984638 1
992773 1
995864 1
1006755 1
1008337 1
1014288 1
1015092 1
1018078 1
1028104 1
1032101 1
1032848 1
1055058 1
1056875 1
1057639 1
1059770 1
1060334 1
1060654 1
1062227 1
1064705 1
1069852 1
1071522 1
1076398 1
1079166 1
1079634 1
1083311 1
1088166 1
1090225 1
1095105 1
1095368 1
1095543 1
1096229 1
1099170 1
1099619 1
1100326 1
1106153 1
1108128 1
1110910 1
1114839 1
1122553 1
1126616 1
1127004 1
1135388 1
1143547 1
1151010 1
1154318 1
1160893 1
1163144 1
1175719 1
1182114 1
1187645 1
1193806 1
1193806 1
1197430 1
1199912 1
1201436 1
1203283 1
1205838 1
1208373 1
1210532 1
1211473 1
1211531 1
1211644 1
1211871 1
1211872 1
1213337 1
1214050 1
1215461 1
1216370 1
1217105 1
1218969 1
1219587 1
1225976 1
1226040 1
1239712 1
1240981 1
1241900 1
1244634 1
1246653 1
1247760 1
1248469 1
1248746 1
1250422 1
1256301 1
1256311 1
1257637 1
1263941 1
1264975 1
1265289 1
1270677 1
1271906 1
1275731 1
1276029 1
1279389 1
1290112 1
1292417 1
1302910 1
1311649 1
1314035 1
1315602 1
1319694 1
1332124 1
1333590 1
1339253 1
1340525 1
1343197 1
1345194 1
1347249 1
1355584 1
1359852 1
1360777 1
1365095 1
1367867 1
1367921 1
1369914 1
1383181 1
1386701 1
1400278 1
1405547 1
1414429 1
1422482 1
1422551 1
1424926 1
1425297 1
1427091 1
1427302 1
1427450 1
1433785 1
1437774 1
1450408 1
1461482 1
1471899 1
1475125 1
1475932 1
1476258 1
1486471 1
1497089 1
1497582 1
1500406 1
1501634 1
1505659 1
1508050 1
1511179 1
1521640 1
1529461 1
1531961 1
1539029 1
1540330 1
1543096 1
1546095 1
1561681 1
1562051 1
1576489 1
1577154 1
1580234 1
1598572 1
1610808 1
1610934 1
1611032 1
1616162 1
1620280 1
1638145 1
1640605 1
1641366 1
1647920 1
1652341 1
1654245 1
1664175 1
1668261 1
1670368 1
1670916 1
1671292 1
1672659 1
1672666 1
1673116 1
1673823 1
1674114 1
1676376 1
1676779 1
1677939 1
1681274 1
1682389 1
1683979 1
1684611 1
1689963 1
1696396 1
1696677 1
1698833 1
1700631 1
1710754 1
1716297 1
1717537 1
1724847 1
1729224 1
1729320 1
1729606 1
1729735 1
1733476 1
1735282 1
1739270 1
1746345 1
1746707 1
1747517 1
1758346 1
1763246 1
1771559 1
1773265 1
1774529 1
1782803 1
1786910 1
1787360 1
1787568 1
1787568 1
1788745 1
1791613 1
1805497 1
1810115 1
1812936 1
1813311 1
1814118 1
1814766 1
1819611 1
1820147 1
1827857 1
1830283 1
1835474 1
1837370 1
1837598 1
1859686 1
1865399 1
1870687 1
1871789 1
1877026 1
1879216 1
1880664 1
1889227 1
1895074 1
1897465 1
1898003 1
1898753 1
1919530 1
1927530 1
1928728 1
1949745 1
1950803 1
1953961 1
1959072 1
1960022 1
1961850 1
1963074 1
1964768 1
1970998 1
1971935 1
1979373 1
1988057 1
1999389 1
2001183 1
2002586 1
2005467 1
2006311 1
2010172 1
2011387 1
2012031 1
2012419 1
2015424 1
2016455 1
2024878 1
2033073 1
2037620 1
2058258 1
2065033 1
2068670 1
2073227 1
2073317 1
2084712 1
2090442 1
2102953 1
2103167 1
2103550 1
2103899 1
2104182 1
2104633 1
2106888 1
2110921 1
2114528 1
2117501 1
2132242 1
2134520 1
2136953 1
2137340 1
2156218 1
2163140 1
2168912 1
2179949 1
2190010 1
2194459 1
2198439 1
2198761 1
2221530 1
2225081 1
2237463 1
2238235 1
2239938 1
2246960 1
2248037 1
2256428 1
2264017 1
2264200 1
2265615 1
2266782 1
2270354 1
2274259 1
2274914 1
2281031 1
2282920 1
2285755 1
2296809 1
2308264 1
2309263 1
2310818 1
2311332 1
2317118 1
2321874 1
2322669 1
2332269 1
2334019 1
2335751 1
2341791 1
2343212 1
2350203 1
2355523 1
2357721 1
2366613 1
2368486 1
2370670 1
2378651 1
2382389 1
2384388 1
2384432 1
2386099 1
2407562 1
2413018 1
2413220 1
2417152 1
2428644 1
2430010 1
2430446 1
2431080 1
2437515 1
2439869 1
2440429 1
2443323 1
2447999 1
2448334 1
2448798 1
2450232 1
2454575 1
2460321 1
2467138 1
2468302 1
2471837 1
2472150 1
2473629 1
2477687 1
2484576 1
2487036 1
2493464 1
2499185 1
2511968 1
2515900 1
2519109 1
2533183 1
2543735 1
2545109 1
2547539 1
2548880 1
2550614 1
2550835 1
2550848 1
2552692 1
2560876 1
2568088 1
2570112 1
2579140 1
2580566 1
2587558 1
2591543 1
2591802 1
2593921 1
2596408 1
2599241 1
2600106 1
2605839 1
2609244 1
2611554 1
2625677 1
2632195 1
2634515 1
2649460 1
2650563 1
2652058 1
2674163 1
2678003 1
2682493 1
2684360 1
2685500 1
2692013 1
2694801 1
2700210 1
2711874 1
2713428 1
2715218 1
2718006 1
2726402 1
2729883 1
2734677 1
2736533 1
2737623 1
2747969 1
2749160 1
2767617 1
2770110 1
2771341 1
2774592 1
2774762 1
2777227 1
2777319 1
2780080 1
2780813 1
2785550 1
2792374 1
2795179 1
2806148 1
2809558 1
2812846 1
2813214 1
2816985 1
2820661 1
2820714 1
2838995 1
2839847 1
2848634 1
2851821 1
2852082 1
2853775 1
2854686 1
2857837 1
2860540 1
2862643 1
2879031 1
2881933 1
2906646 1
2909055 1
2916401 1
2919368 1
2931385 1
2932758 1
2935449 1
2941598 1
2944901 1
2945491 1
2945958 1
2956474 1
2958993 1
2961301 1
2963664 1
2968892 1
2975713 1
2976040 1
2977125 1
2978675 1
2990762 1
2992110 1
2994312 1
2995279 1
3007248 1
3008178 1
3008346 1
3009648 1
3015710 1
3018612 1
3024771 1
3027810 1
3028455 1
3029585 1
3033396 1
3041802 1
3048468 1
3052942 1
3058624 1
3075367 1
3080964 1
3086697 1
3088219 1
3093726 1
3107146 1
3110304 1
3111856 1
3113319 1
3115118 1
3124293 1
3133698 1
3138612 1
3160522 1
3163825 1
3165511 1
3171133 1
3175396 1
3175832 1
3177801 1
3178461 1
3178542 1
3180272 1
3180717 1
3188557 1
3190738 1
3192242 1
3194001 1
3204314 1
3205952 1
3209531 1
3213875 1
3221172 1
3229178 1
3231476 1
3235863 1
3238684 1
3258653 1
3269295 1
3271159 1
3273168 1
3273542 1
3278562 1
3281308 1
3284214 1
3286775 1
3288266 1
3289401 1
3289605 1
3293366 1
3300079 1
3300232 1
3303361 1
3304893 1
3311806 1
3313696 1
3314521 1
3318614 1
3320440 1
3323379 1
3328708 1
3339165 1
3339850 1
3342379 1
3343403 1
3358261 1
3376741 1
3376776 1
3381235 1
3382666 1
3394645 1
3414105 1
3422565 1
3423735 1
3424247 1
3427201 1
3436291 1
3436969 1
3442813 1
3448924 1
3452841 1
3463152 1
3463152 1
3464218 1
3464578 1
3471092 1
3472205 1
3486238 1
3489392 1
3491322 1
3492492 1
3492713 1
3492896 1
3492985 1
3497315 1
3509145 1
3510257 1
3512222 1
3514813 1
3515526 1
3521499 1
3531406 1
3534027 1
3538292 1
3545947 1
3546152 1
3558259 1
3559655 1
3559872 1
3560813 1
3561612 1
3564485 1
3565287 1
3569177 1
3575264 1
3578512 1
3593382 1
3594855 1
3595091 1
3603452 1
3603906 1
3605686 1
3608157 1
3627836 1
3635077 1
3638507 1
3638539 1
3640938 1
3642602 1
3660092 1
3661111 1
3661112 1
3665143 1
3666423 1
3666995 1
3668316 1
3680189 1
3686031 1
3686187 1
3693465 1
3704698 1
3712270 1
3716630 1
3732430 1
3734583 1
3740543 1
3745467 1
3750938 1
3755349 1
3762043 1
3763050 1
3775814 1
3778652 1
3780367 1
3785750 1
3806262 1
3809265 1
3814288 1
3816932 1
3823418 1
3828842 1
3832123 1
3835884 1
3837135 1
3843763 1
3845401 1
3851634 1
3860545 1
3860561 1
3862166 1
3865492 1
3865693 1
3871280 1
3874397 1
3883383 1
3894583 1
3915007 1
3946113 1
3949798 1
3959120 1
3972728 1
3973004 1
3979178 1
3985539 1
3991362 1
3992006 1
3992581 1
3994789 1
3998963 1
4006438 1
4007973 1
4017175 1
4017827 1
4019886 1
4024943 1
4027126 1
4030460 1
4032219 1
4045074 1
4050990 1
4059109 1
4065813 1
4066367 1
4071808 1
4073385 1
4080471 1
4094679 1
4103246 1
4109783 1
4111097 1
4138862 1
4169347 1
4172524 1
4173265 1
4184549 1
4186438 1
4190465 1
4194121 1
4200028 1
4202773 1
4203508 1
4204555 1
4208019 1
4209904 1
4212596 1
4215874 1
4220013 1
4225378 1
4229808 1
4234238 1
4238552 1
4242164 1
4247926 1
4252458 1
4252976 1
4254439 1
4262015 1
4274378 1
4278627 1
4278796 1
4282247 1
4284884 1
4285268 1
4288826 1
4289754 1
4295830 1
4298111 1
4298929 1
4317165 1
4330051 1
4330856 1
4337068 1
4338717 1
4343322 1
4344628 1
4346849 1
4352523 1
4361986 1
4370257 1
4376154 1
4381587 1
4383144 1
4386024 1
4388850 1
4394890 1
4397929 1
4398945 1
4399011 1
4403081 1
4403740 1
4404435 1
4406620 1
4407253 1
4416433 1
4421489 1
4428838 1
4442897 1
4447758 1
4451429 1
4453092 1
4459757 1
4460045 1
4463918 1
4464625 1
4469825 1
4469830 1
4476575 1
4478588 1
4481138 1
4485814 1
4487924 1
4488625 1
4488778 1
4488855 1
4492763 1
4505901 1
4508766 1
4520572 1
4528963 1
4530755 1
4530990 1
4534750 1
4540685 1
4558609 1
4565047 1
4565503 1
4566602 1
4577326 1
4581254 1
4582186 1
4583111 1
4587551 1
4587580 1
4588236 1
4591539 1
4591539 1
4603830 1
4607579 1
4608229 1
4609525 1
4609924 1
4617093 1
4620041 1
4639290 1
4641487 1
4643321 1
4649034 1
4652020 1
4655878 1
4655923 1
4657139 1
4663584 1
4663605 1
4668083 1
4668567 1
4679927 1
4682653 1
4686995 1
4687505 1
4687628 1
4694745 1
4698777 1
4701331 1
4701339 1
4702727 1
4703076 1
4705723 1
4707621 1
4711466 1
4711498 1
4714938 1
4728128 1
4730427 1
4731727 1
4731889 1
4733683 1
4745885 1
4751019 1
4761144 1
4761576 1
4769294 1
4772756 1
4777641 1
4778443 1
4779959 1
4790403 1
4790603 1
4791316 1
4792470 1
4792594 1
4804334 1
4805178 1
4812051 1
4816404 1
4817299 1
4818529 1
4826245 1
4827029 1
4836166 1
4836513 1
4850583 1
4860577 1
4862679 1
4866243 1
4867007 1
4869233 1
4875339 1
4881447 1
4883617 1
4888890 1
4893612 1
4894739 1
4895238 1
4898053 1
4898487 1
4900576 1
4901034 1
4901570 1
4903704 1
4910038 1
4949536 1
4954245 1
4954803 1
4960967 1
4961726 1
4972151 1
4982805 1
4987989 1
4989724 1
4990784 1
4992206 1
4997437 1
4998379 1
4999401 1
4999504 1
4999508 1
5000338 1
5002359 1
5020877 1
5021274 1
5021926 1
5025353 1
5031602 1
5034891 1
5035069 1
5035412 1
5045936 1
5046871 1
5047193 1
5049808 1
5058672 1
5064342 1
5072572 1
5075175 1
5085861 1
5107844 1
5121232 1
5125670 1
5126247 1
5127263 1
5129420 1
5138041 1
5140533 1
5145404 1
5153334 1
5170109 1
5170111 1
5174849 1
5180614 1
5190107 1
5191249 1
5194258 1
5194683 1
5195877 1
5208031 1
5208834 1
5209394 1
5232415 1
5236562 1
5239363 1
5249061 1
5257681 1
5257924 1
5259441 1
5263361 1
5268036 1
5269344 1
5275854 1
5278146 1
5280683 1
5289640 1
5297552 1
5298141 1
5302146 1
5304301 1
5319060 1
5322261 1
5328049 1
5328529 1
5336679 1
5337241 1
5347927 1
5351344 1
5355696 1
5374490 1
5375621 1
5379941 1
5380115 1
5412117 1
5413589 1
5429948 1
5434561 1
5435129 1
5440408 1
5442358 1
5444042 1
5453341 1
5459317 1
5465610 1
5468195 1
5471795 1
5471901 1
5474121 1
5479629 1
5479849 1
5493075 1
5502137 1
5506602 1
5508524 1
5515337 1
5520106 1
5525331 1
5526428 1
5536802 1
5555870 1
5567419 1
5568392 1
5568392 1
5568392 1
5568392 1
5572363 1
5573180 1
5578060 1
5578104 1
5592423 1
5613318 1
5617223 1
5617231 1
5620034 1
5624626 1
5631223 1
5633708 1
5635561 1
5636665 1
5637402 1
5638288 1
5639092 1
5640127 1
5643334 1
5648995 1
5650078 1
5651153 1
5658612 1
5662892 1
5665391 1
5666948 1
5679934 1
5684684 1
5685155 1
5685220 1
5686972 1
5691199 1
5698617 1
5700457 1
5701580 1
5708380 1
5708698 1
5715875 1
5724289 1
5725758 1
5733499 1
5741611 1
5751390 1
5765512 1
5768554 1
5771253 1
5781918 1
5795273 1
5803106 1
5805138 1
5809649 1
5817695 1
5825768 1
5825810 1
5836019 1
5852552 1
5868960 1
5872034 1
5875293 1
5875301 1
5877285 1
5889810 1
5891918 1
5893905 1
5901755 1
5905378 1
5905912 1
5919676 1
5920266 1
5921388 1
5922025 1
5923594 1
5924430 1
5926610 1
5928443 1
5933463 1
5934554 1
5939289 1
5946709 1
5950496 1
5952726 1
5960583 1
5961126 1
5961854 1
5966915 1
5968584 1
5969751 1
5970403 1
5973576 1
5977217 1
5979933 1
5981175 1
5981570 1
5984765 1
5989752 1
6002116 1
6006860 1
6009346 1
6022313 1
6022315 1
6022553 1
6025026 1
6025711 1
6027835 1
6033694 1
6046340 1
6050828 1
6050857 1
6052582 1
6062903 1
6074070 1
6075330 1
6075641 1
6080678 1
6090687 1
6091570 1
6095698 1
6095838 1
6099999 1
6100722 1
6102677 1
6126236 1
6126767 1
6130636 1
6135346 1
6138279 1
6139509 1
6141641 1
6143041 1
6149201 1
6151878 1
6153439 1
6153725 1
6153759 1
6157282 1
6159076 1
6163887 1
6187375 1
6196177 1
6198588 1
6200155 1
6237286 1
6258165 1
6258426 1
6280481 1
6281565 1
6285773 1
6286763 1
6311548 1
6315956 1
6337460 1
6353770 1
6360106 1
6360876 1
6361277 1
6364285 1
6367610 1
6368870 1
6380776 1
6388817 1
6394168 1
6394333 1
6404367 1
6406341 1
6406824 1
6416210 1
6421591 1
6422294 1
6435980 1
6457993 1
6459748 1
6480777 1
6484861 1
6488526 1
6491834 1
6505292 1
6506593 1
6507452 1
6507474 1
6510058 1
6513554 1
6514912 1
6519612 1
6529293 1
6529731 1
6533145 1
6535222 1
6537886 1
6539740 1
6539923 1
6545118 1
6545971 1
6546663 1
6556460 1
6559328 1
6561631 1
6571513 1
6572529 1
6573456 1
6576901 1
6586910 1
6587722 1
6591034 1
6591852 1
6610856 1
6619317 1
6620031 1
6623982 1
6638488 1
6638550 1
6644485 1
6646845 1
6648201 1
6664430 1
6664715 1
6668546 1
6686149 1
6704361 1
6716957 1
6730845 1
6733299 1
6734839 1
6737480 1
6738575 1
6740947 1
6744579 1
6756426 1
6758238 1
6763693 1
6764425 1
6765577 1
6770319 1
6780560 1
6783913 1
6786147 1
6802477 1
6806544 1
6806953 1
6808790 1
6809190 1
6812876 1
6815130 1
6830334 1
6831778 1
6836126 1
6837637 1
6840060 1
6840082 1
6842500 1
6845698 1
6850130 1
6852104 1
6855127 1
6867375 1
6869486 1
6872929 1
6883987 1
6885399 1
6895234 1
6898969 1
6900066 1
6905813 1
6906141 1
6911199 1
6912604 1
6913187 1
6915255 1
6915609 1
6920372 1
6920439 1
6921934 1
6922019 1
6922217 1
6926186 1
6926680 1
6929977 1
6930955 1
6932887 1
6933260 1
6935391 1
6937844 1
6940584 1
6952276 1
6956990 1
6959161 1
6966307 1
6980205 1
6981241 1
6981931 1
6986879 1
7004221 1
7004627 1
7009973 1
7013229 1
7015028 1
7022685 1
7027152 1
7040767 1
7048064 1
7049197 1
7052124 1
7054434 1
7060274 1
7064081 1
7070896 1
7076915 1
7077162 1
7083475 1
7099206 1
7100859 1
7105383 1
7108425 1
7109628 1
7123190 1
7125171 1
7125559 1
7126938 1
7131719 1
7133547 1
7138647 1
7148476 1
7152938 1
7156119 1
7160683 1
7163445 1
7165420 1
7187218 1
7200054 1
7206485 1
7210904 1
7212921 1
7213970 1
7242342 1
7242535 1
7253849 1
7261525 1
7268423 1
7274045 1
7275122 1
7280310 1
7281744 1
7283042 1
7283440 1
7286476 1
7295638 1
7296485 1
7297035 1
7302638 1
7304341 1
7306707 1
7307108 1
7312371 1
7313699 1
7314303 1
7323846 1
7335305 1
7339549 1
7340908 1
7341949 1
7348974 1
7351126 1
7364965 1
7366029 1
7372314 1
7372319 1
7372354 1
7372420 1
7380779 1
7384169 1
7384334 1
7384816 1
7389442 1
7394055 1
7403381 1
7408193 1
7417232 1
7418325 1
7426924 1
7433313 1
7438094 1
7438285 1
7438374 1
7443874 1
7459576 1
7461156 1
7461395 1
7462726 1
7482528 1
7482767 1
7505454 1
7510837 1
7533475 1
7536984 1
7537914 1
7538393 1
7538694 1
7541399 1
7542359 1
7542765 1
7544120 1
7545289 1
7552306 1
7562153 1
7563604 1
7567687 1
7568819 1
7571079 1
7574568 1
7587492 1
7589234 1
7593141 1
7593700 1
7593883 1
7594441 1
7597317 1
7606293 1
7620212 1
7624484 1
7633102 1
7635556 1
7640485 1
7646065 1
7648424 1
7654251 1
7669378 1
7671250 1
7674842 1
7675307 1
7691836 1
7695022 1
7695890 1
7697882 1
7697997 1
7704401 1
7704508 1
7707313 1
7710840 1
7715578 1
7727987 1
7730459 1
7760889 1
7762794 1
7772917 1
7773091 1
7773713 1
7776635 1
7777213 1
7790464 1
7803123 1
7812950 1
7812959 1
7825181 1
7835928 1
7839802 1
7840320 1
7853898 1
7861068 1
7879284 1
7883765 1
7883871 1
7883944 1
7884048 1
7890536 1
7892042 1
7892051 1
7894638 1
7904949 1
7915623 1
7915819 1
7916517 1
7916618 1
7923318 1
7925114 1
7925828 1
7930955 1
7940595 1
7945861 1
7946586 1
7946590 1
7951580 1
7954729 1
7955800 1
7962463 1
7964779 1
7970407 1
7979150 1
7983036 1
7984692 1
7986746 1
7988301 1
7994052 1
7994429 1
7994739 1
7996208 1
8004479 1
8006282 1
8006686 1
8007858 1
8016160 1
8016576 1
8017036 1
8019770 1
8022787 1
8024091 1
8027748 1
8030162 1
8032244 1
8038728 1
8040009 1
8059758 1
8060430 1
8065176 1
8068948 1
8073235 1
8078809 1
8080245 1
8083924 1
8088411 1
8092051 1
8092937 1
8094366 1
8094828 1
8103293 1
8112559 1
8125426 1
8126240 1
8136145 1
8137018 1
8137856 1
8140289 1
8155878 1
8158598 1
8159272 1
8166866 1
8185517 1
8186738 1
8188347 1
8208999 1
8211255 1
8216313 1
8217929 1
8222031 1
8223936 1
8227240 1
8232569 1
8237490 1
8243667 1
8247987 1
8248835 1
8251342 1
8253900 1
8254319 1
8254337 1
8285064 1
8293277 1
8306164 1
26537 1
77776 1
282240 1
326914 1
367589 1
459681 1
763859 1
780040 1
821723 1
915137 1
1064456 1
1083035 1
1249392 1
1264965 1
1331144 1
1647400 1
1787573 1
1815801 1
1958477 1
2110260 1
2112219 1
2212053 1
2280937 1
2313765 1
2411575 1
2446168 1
2735112 1
2956407 1
3218061 1
3313063 1
3472608 1
3521186 1
3532529 1
3548621 1
3605795 1
3658571 1
3711148 1
4086222 1
4328953 1
4352124 1
4580607 1
4769281 1
4859499 1
4917477 1
5164064 1
5233079 1
5619891 1
5697062 1
5705359 1
5767185 1
5863360 1
5905296 1
6104385 1
6154460 1
6258024 1
6308183 1
6308188 1
6308188 1
6308188 1
6308188 1
6625894 1
6694918 1
6778608 1
6808623 1
6978065 1
6980211 1
7043284 1
7056060 1
7067040 1
7115412 1
7164825 1
7218828 1
7286913 1
7319015 1
7787212 1
7890293 1
7902753 1
7968647 1
7996700 1
8092449 1
8156434 1
