162325 1
256726 1
269218 1
273049 1
394929 1
403139 1
427682 1
431433 1
505454 1
639257 1
744527 1
776453 1
788583 1
851712 1
1229673 1
1296173 1
1364687 1
1403680 1
1464270 1
1518720 1
1614284 1
1811813 1
1864118 1
1933753 1
1934920 1
1945133 1
1977175 1
2017799 1
2034219 1
2364473 1
2479663 1
2974017 1
3368665 1
3398048 1
3644112 1
3709943 1
3799411 1
3848515 1
3901808 1
3915956 1
3934343 1
3934343 1
4168561 1
4210289 1
4235185 1
4267996 1
4272105 1
4453904 1
4582425 1
4601902 1
4682818 1
4754733 1
4829032 1
4829032 1
4908393 1
5007565 1
5067873 1
5122129 1
5148478 1
5189561 1
5218855 1
5218855 1
5223286 1
5306578 1
5306610 1
5310585 1
5398652 1
5744809 1
5760329 1
5848890 1
5937836 1
5946944 1
6015186 1
6022810 1
6047482 1
6206148 1
6216274 1
6305030 1
6691882 1
6707623 1
6724472 1
6751899 1
6758630 1
6831855 1
7061902 1
7076437 1
7246631 1
7456684 1
7517046 1
7559310 1
7622679 1
7751790 1
7814525 1
7819574 1
7824783 1
8205450 1
8246864 1
8261697 1
8279239 1
8295330 1
8308618 1
16385 1
75868 1
373351 1
405642 1
429714 1
523544 1
591246 1
639084 1
777365 1
791346 1
887369 1
1122157 1
1179026 1
1430737 1
1529631 1
1797287 1
1838703 1
2001748 1
2017958 1
2034101 1
2095594 1
2235941 1
2235941 1
2264714 1
2312144 1
2364688 1
2389290 1
2404886 1
2412586 1
2518994 1
2688024 1
2728587 1
2751926 1
2831444 1
2923456 1
3284343 1
3314127 1
3347721 1
3642166 1
3696252 1
3709568 1
3771894 1
3792225 1
3809818 1
3876379 1
3908038 1
3950174 1
3958746 1
3968357 1
4026576 1
4136990 1
4232202 1
4312012 1
4334693 1
4335487 1
4511080 1
4511080 1
4627028 1
4753376 1
4951420 1
4984234 1
5022503 1
5163255 1
5181405 1
5211771 1
5410732 1
5439404 1
5461254 1
5514128 1
5535206 1
5536916 1
5620081 1
5620081 1
5622704 1
5751336 1
5765099 1
5833108 1
6138310 1
6206017 1
6214663 1
6217604 1
6252548 1
6267123 1
6292922 1
6456998 1
6479724 1
6512100 1
6705618 1
6707735 1
7022377 1
7056824 1
7079253 1
7091402 1
7239430 1
7486634 1
7502944 1
7573295 1
7611849 1
7622807 1
7665663 1
7719867 1
7721893 1
7786567 1
7819453 1
7828049 1
7842637 1
7882309 1
8207092 1
8268068 1
32510 1
84490 1
119280 1
171252 1
174813 1
189379 1
210071 1
280392 1
280392 1
353033 1
390189 1
413625 1
432728 1
443277 1
452339 1
470137 1
549139 1
698638 1
708725 1
711547 1
776972 1
790891 1
811643 1
989337 1
1067165 1
1067165 1
1203625 1
1345732 1
1450164 1
1561364 1
1893218 1
1904857 1
2075729 1
2188440 1
2239387 1
2315877 1
2316574 1
2600943 1
2643550 1
2746206 1
2782569 1
2835614 1
2856179 1
3718559 1
3883086 1
3906716 1
3921088 1
3923849 1
3960672 1
3965173 1
4118140 1
4119357 1
4127539 1
4244859 1
4271745 1
4433314 1
4450073 1
4479952 1
4555610 1
4658889 1
4746358 1
5175453 1
5237515 1
5319345 1
5352192 1
5397864 1
5437726 1
5746972 1
5845079 1
5852049 1
5886524 1
6023509 1
6296811 1
6463453 1
6694762 1
6752587 1
6762313 1
6783317 1
6906629 1
6908808 1
7090864 1
7096085 1
7170564 1
7428299 1
7497123 1
7574763 1
7632633 1
7636691 1
7719940 1
7786995 1
7985710 1
8105371 1
8165886 1
8184001 1
8254524 1
8310988 1
43261 1
67754 1
180681 1
195023 1
253568 1
282011 1
295295 1
365087 1
413668 1
418488 1
421731 1
560282 1
631143 1
669561 1
693659 1
775119 1
777847 1
777856 1
910129 1
1076028 1
1123727 1
1146851 1
1260602 1
1304176 1
1343408 1
1350780 1
1507846 1
1574699 1
1643569 1
1736557 1
1754624 1
1777836 1
1840219 1
1911123 1
1923927 1
1930510 1
1994707 1
2035058 1
2079038 1
2230867 1
2364862 1
2388733 1
2447205 1
2447703 1
2648984 1
2797877 1
2816274 1
2835247 1
2894227 1
2990698 1
3033587 1
3104453 1
3199884 1
3316512 1
3345288 1
3400482 1
3420518 1
4222288 1
4354434 1
4387681 1
4397293 1
4549574 1
4603871 1
4637802 1
4646462 1
4700248 1
4733916 1
4782390 1
4867085 1
4901301 1
4933664 1
5021166 1
5117530 1
5181159 1
5266187 1
5275344 1
5486223 1
5492671 1
5515323 1
5614441 1
5636461 1
5744540 1
5812691 1
6173359 1
6244827 1
6295159 1
6595128 1
6643347 1
6690303 1
6721759 1
6729502 1
6801789 1
7090470 1
7252512 1
7257327 1
7258914 1
7292528 1
7541635 1
7572108 1
7579696 1
7617836 1
7634862 1
7691983 1
7749502 1
7804622 1
7884805 1
8121284 1
8169260 1
8203202 1
8291341 1
225369 1
245314 1
245645 1
264778 1
293086 1
365472 1
384957 1
397888 1
422954 1
433904 1
446812 1
475933 1
537613 1
539821 1
583738 1
623377 1
629324 1
629324 1
633182 1
859162 1
886217 1
890719 1
1023613 1
1193188 1
1256135 1
1269376 1
1277826 1
1415507 1
1531211 1
1534812 1
1673226 1
1930397 1
1983297 1
1993419 1
2091705 1
2181095 1
2181448 1
2403391 1
2459857 1
2460683 1
2554916 1
2604950 1
2661538 1
2792400 1
2796807 1
2878804 1
3022090 1
3147365 1
3171134 1
3362043 1
3388239 1
3402664 1
3466561 1
3575072 1
3698961 1
3752963 1
3899371 1
3921887 1
3944317 1
3950202 1
4099375 1
4135261 1
4135261 1
4138581 1
4217354 1
4527492 1
4598473 1
4599446 1
4624101 1
4653679 1
4705155 1
4744130 1
4774993 1
4782381 1
4867724 1
5033788 1
5061299 1
5062377 1
5391985 1
5455094 1
5479971 1
5542731 1
5775320 1
6074347 1
6149726 1
6288038 1
6289887 1
6314372 1
6505956 1
6725485 1
6900070 1
6938993 1
7089384 1
7422877 1
7453598 1
7486860 1
7579668 1
7582935 1
7616933 1
7794216 1
8238770 1
8239204 1
8240797 1
8241000 1
8267898 1
8289383 1
