1469 1
5953 1
7476 1
11710 1
15712 1
17053 1
21082 1
29478 1
30895 1
32728 1
40736 1
41366 1
48984 1
55553 1
60714 1
79871 1
81909 1
87418 1
90152 1
98091 1
99542 1
101139 1
107960 1
108882 1
109425 1
112868 1
113229 1
113235 1
120058 1
120623 1
120628 1
123803 1
123885 1
124274 1
125285 1
128066 1
128331 1
130248 1
130523 1
130989 1
133828 1
134923 1
136133 1
136988 1
140157 1
140336 1
143294 1
146257 1
147249 1
148764 1
150744 1
152556 1
152997 1
155680 1
157832 1
158790 1
162154 1
164595 1
166956 1
167256 1
167683 1
167815 1
169212 1
173228 1
174066 1
176185 1
178183 1
178487 1
179036 1
181663 1
181940 1
184187 1
185552 1
185586 1
187042 1
189011 1
191230 1
192202 1
193707 1
194555 1
197443 1
201826 1
204055 1
205350 1
209369 1
210455 1
212217 1
214247 1
215922 1
216807 1
216807 1
217321 1
221029 1
223841 1
224466 1
226977 1
227558 1
229039 1
230733 1
244110 1
251813 1
259077 1
261949 1
265649 1
274521 1
275780 1
276554 1
276632 1
282264 1
282361 1
284942 1
289062 1
290520 1
291541 1
297573 1
302678 1
304427 1
309843 1
319396 1
322779 1
324052 1
325548 1
330097 1
336645 1
337036 1
337249 1
338634 1
368079 1
372277 1
383816 1
387425 1
388124 1
395245 1
424314 1
425599 1
427779 1
427791 1
429676 1
431363 1
432034 1
439702 1
439737 1
440722 1
448132 1
448474 1
451653 1
453819 1
459420 1
460902 1
461606 1
465363 1
473988 1
475363 1
481447 1
488085 1
489951 1
491529 1
493691 1
498310 1
500053 1
504358 1
504597 1
510171 1
511231 1
512392 1
519890 1
523006 1
523061 1
523787 1
523979 1
546294 1
549838 1
552275 1
553734 1
565254 1
567073 1
574843 1
575983 1
583045 1
584303 1
587966 1
590659 1
619061 1
619601 1
619905 1
622744 1
634272 1
645636 1
648979 1
658410 1
659778 1
660469 1
665208 1
677331 1
679749 1
683704 1
688415 1
691094 1
695319 1
695559 1
703624 1
704910 1
706299 1
710462 1
715672 1
716292 1
716698 1
721696 1
736783 1
739034 1
739205 1
742848 1
745195 1
752760 1
755937 1
757045 1
757619 1
758554 1
759600 1
770631 1
772039 1
774170 1
779619 1
782270 1
785986 1
795650 1
801707 1
807494 1
813636 1
813713 1
814985 1
814996 1
824341 1
825644 1
828770 1
830327 1
833308 1
839579 1
840674 1
843256 1
846675 1
847782 1
849745 1
852946 1
870285 1
871540 1
881361 1
881382 1
886101 1
887021 1
888548 1
890150 1
906952 1
912111 1
919318 1
920895 1
924554 1
925212 1
929568 1
934133 1
935276 1
939012 1
945532 1
953003 1
953019 1
953763 1
959145 1
962275 1
966373 1
975152 1
977300 1
979694 1
983132 1
990639 1
993217 1
993724 1
997564 1
997680 1
1002270 1
1004563 1
1011963 1
1012802 1
1028236 1
1031433 1
1033838 1
1038189 1
1042216 1
1042709 1
1042835 1
1042864 1
1046129 1
1052877 1
1057050 1
1057935 1
1061771 1
1062847 1
1063529 1
1064134 1
1068918 1
1071009 1
1077629 1
1079008 1
1079008 1
1080144 1
1082005 1
1086229 1
1089127 1
1089811 1
1094272 1
1108358 1
1110520 1
1111765 1
1111765 1
1111765 1
1111765 1
1111765 1
1111765 1
1115527 1
1123340 1
1123355 1
1128863 1
1129294 1
1148067 1
1158066 1
1159947 1
1160863 1
1165216 1
1166540 1
1168458 1
1168528 1
1170506 1
1170555 1
1180117 1
1198211 1
1199843 1
1202265 1
1205527 1
1206478 1
1214597 1
1214664 1
1215030 1
1215037 1
1215925 1
1216322 1
1218687 1
1218916 1
1219782 1
1229045 1
1235237 1
1236221 1
1240112 1
1240745 1
1241026 1
1244568 1
1245695 1
1258247 1
1262531 1
1269882 1
1271426 1
1275338 1
1278118 1
1283115 1
1298644 1
1304257 1
1304587 1
1308180 1
1312574 1
1323164 1
1324645 1
1325070 1
1330383 1
1333527 1
1333895 1
1342202 1
1342942 1
1348520 1
1349594 1
1349691 1
1363029 1
1368134 1
1390359 1
1397493 1
1400452 1
1420594 1
1423798 1
1427379 1
1429820 1
1432159 1
1440960 1
1444442 1
1444462 1
1451438 1
1451538 1
1452541 1
1460960 1
1461797 1
1462252 1
1467224 1
1469199 1
1477777 1
1481154 1
1483093 1
1484897 1
1491719 1
1496914 1
1507695 1
1508379 1
1511125 1
1524936 1
1528767 1
1530633 1
1532589 1
1533976 1
1542493 1
1544608 1
1551636 1
1552202 1
1556965 1
1563008 1
1564475 1
1576736 1
1588547 1
1597246 1
1600098 1
1609135 1
1614089 1
1618071 1
1618803 1
1624401 1
1631377 1
1632570 1
1633715 1
1636078 1
1637304 1
1638934 1
1640059 1
1646596 1
1654732 1
1667366 1
1672909 1
1673889 1
1674903 1
1675767 1
1679932 1
1685727 1
1690664 1
1691843 1
1697942 1
1697942 1
1698189 1
1706664 1
1716433 1
1720708 1
1736907 1
1738958 1
1739000 1
1740377 1
1743528 1
1766588 1
1770408 1
1777667 1
1786292 1
1801443 1
1805194 1
1814807 1
1817006 1
1829950 1
1832721 1
1832721 1
1836406 1
1847681 1
1852910 1
1853231 1
1853303 1
1853981 1
1856089 1
1856090 1
1858878 1
1859371 1
1862671 1
1866005 1
1871904 1
1874962 1
1877832 1
1881321 1
1881419 1
1884144 1
1890637 1
1892466 1
1893745 1
1896931 1
1900854 1
1902966 1
1904736 1
1907952 1
1912611 1
1918433 1
1919988 1
1928283 1
1938363 1
1942011 1
1946946 1
1948708 1
1956933 1
1961820 1
1964776 1
1972619 1
1975168 1
1996876 1
1997684 1
1997946 1
1998895 1
1999690 1
2002475 1
2008128 1
2009871 1
2014053 1
2015004 1
2029133 1
2037178 1
2039635 1
2040573 1
2046107 1
2057350 1
2061545 1
2066718 1
2067386 1
2067443 1
2074135 1
2075077 1
2094430 1
2098620 1
2099193 1
2102498 1
2122241 1
2122671 1
2127808 1
2132651 1
2132734 1
2164823 1
2168728 1
2172727 1
2173632 1
2173726 1
2174548 1
2175499 1
2180461 1
2186987 1
2189686 1
2193146 1
2210966 1
2211070 1
2220186 1
2220545 1
2224830 1
2228283 1
2236917 1
2237884 1
2238511 1
2239470 1
2241351 1
2241647 1
2245862 1
2248327 1
2252858 1
2254522 1
2261084 1
2261495 1
2283028 1
2284049 1
2290296 1
2299912 1
2300340 1
2301104 1
2304806 1
2305118 1
2306125 1
2313497 1
2323374 1
2341808 1
2358130 1
2358161 1
2358269 1
2361414 1
2373411 1
2375382 1
2377850 1
2386530 1
2399890 1
2401615 1
2402167 1
2404531 1
2405390 1
2405473 1
2407087 1
2408055 1
2425249 1
2425980 1
2429020 1
2432540 1
2433013 1
2438222 1
2438371 1
2443645 1
2451952 1
2452669 1
2461556 1
2465914 1
2470546 1
2470988 1
2486146 1
2488349 1
2488355 1
2488864 1
2495328 1
2509980 1
2513521 1
2514644 1
2514742 1
2515819 1
2516560 1
2516966 1
2521863 1
2525055 1
2529942 1
2530889 1
2533143 1
2547490 1
2547582 1
2548256 1
2555580 1
2555754 1
2564081 1
2565936 1
2588075 1
2593186 1
2594207 1
2603879 1
2606545 1
2621980 1
2623373 1
2634635 1
2642185 1
2642926 1
2652370 1
2652544 1
2659393 1
2661610 1
2662280 1
2666041 1
2670122 1
2673187 1
2673366 1
2683672 1
2686214 1
2694267 1
2702703 1
2702926 1
2722735 1
2728175 1
2735032 1
2740914 1
2750331 1
2760401 1
2761250 1
2761701 1
2763556 1
2767177 1
2782083 1
2785210 1
2785979 1
2787052 1
2788089 1
2789295 1
2793180 1
2796225 1
2801703 1
2814352 1
2816935 1
2820946 1
2830895 1
2833037 1
2836128 1
2836768 1
2837188 1
2837188 1
2837648 1
2848209 1
2849159 1
2849526 1
2850479 1
2852833 1
2854991 1
2856361 1
2870721 1
2871386 1
2876815 1
2879793 1
2885799 1
2893370 1
2898981 1
2900364 1
2900380 1
2900779 1
2903857 1
2911264 1
2913321 1
2913533 1
2913546 1
2922172 1
2933156 1
2935407 1
2938844 1
2949697 1
2952659 1
2954884 1
2960425 1
2966045 1
2969573 1
2970526 1
2977786 1
2980957 1
2982698 1
2982996 1
2990010 1
2993464 1
3002195 1
3008486 1
3009461 1
3026536 1
3029052 1
3029594 1
3035827 1
3036737 1
3038949 1
3040150 1
3047711 1
3052455 1
3053164 1
3058432 1
3060617 1
3064286 1
3068277 1
3073784 1
3084117 1
3085872 1
3092441 1
3095202 1
3096299 1
3098266 1
3100017 1
3101128 1
3102480 1
3106718 1
3110881 1
3117495 1
3125096 1
3125794 1
3125842 1
3125852 1
3126627 1
3127846 1
3145254 1
3146510 1
3146536 1
3149271 1
3149271 1
3153582 1
3159166 1
3159898 1
3160215 1
3161139 1
3162844 1
3164722 1
3167239 1
3172342 1
3172647 1
3176708 1
3177409 1
3179794 1
3182429 1
3185082 1
3187970 1
3188284 1
3191597 1
3194864 1
3201876 1
3214734 1
3216968 1
3221233 1
3221954 1
3224531 1
3237695 1
3239140 1
3240081 1
3244047 1
3252229 1
3264861 1
3266451 1
3267295 1
3272782 1
3274337 1
3279928 1
3285546 1
3291498 1
3294376 1
3299085 1
3299284 1
3302225 1
3305774 1
3306668 1
3309553 1
3322061 1
3325109 1
3325134 1
3325138 1
3328836 1
3328908 1
3329601 1
3331819 1
3331827 1
3338140 1
3342658 1
3348066 1
3349684 1
3349684 1
3369118 1
3372347 1
3379838 1
3385929 1
3392750 1
3393570 1
3394085 1
3415826 1
3426949 1
3437843 1
3439231 1
3440509 1
3452701 1
3454414 1
3460177 1
3463741 1
3465388 1
3471243 1
3473221 1
3495249 1
3497579 1
3511492 1
3516034 1
3518781 1
3523425 1
3529049 1
3536317 1
3537285 1
3539804 1
3539910 1
3541199 1
3542002 1
3544891 1
3559755 1
3559931 1
3560153 1
3560846 1
3565249 1
3583481 1
3595905 1
3608214 1
3609793 1
3625611 1
3630319 1
3634427 1
3635928 1
3637799 1
3638623 1
3648020 1
3649138 1
3649239 1
3653279 1
3658077 1
3659349 1
3667320 1
3667612 1
3669540 1
3670880 1
3675246 1
3681403 1
3684430 1
3685099 1
3698336 1
3707685 1
3708016 1
3708071 1
3708122 1
3711690 1
3712590 1
3716741 1
3719066 1
3719509 1
3725240 1
3727717 1
3738793 1
3739835 1
3746519 1
3768136 1
3774351 1
3776989 1
3779914 1
3780333 1
3783620 1
3784275 1
3793377 1
3795091 1
3803841 1
3812740 1
3814038 1
3821495 1
3825683 1
3825938 1
3826572 1
3831795 1
3831921 1
3834710 1
3837933 1
3840041 1
3846996 1
3854454 1
3859835 1
3862216 1
3862955 1
3864635 1
3870756 1
3871183 1
3871641 1
3871665 1
3871758 1
3873121 1
3875619 1
3892074 1
3893671 1
3896773 1
3905747 1
3917545 1
3917563 1
3921404 1
3922678 1
3927034 1
3935605 1
3938347 1
3940918 1
3945360 1
3945370 1
3952419 1
3952419 1
3954098 1
3956120 1
3969067 1
3970017 1
3984770 1
3988812 1
3991588 1
3993427 1
3994837 1
4002877 1
4010915 1
4014317 1
4016024 1
4018205 1
4019444 1
4020722 1
4027674 1
4029090 1
4033561 1
4034995 1
4044478 1
4050957 1
4052603 1
4068604 1
4084831 1
4085528 1
4087766 1
4088358 1
4090620 1
4090621 1
4095796 1
4104853 1
4108019 1
4109046 1
4114428 1
4116546 1
4116558 1
4117095 1
4134028 1
4134076 1
4137622 1
4138267 1
4138727 1
4139810 1
4139810 1
4139829 1
4140886 1
4143776 1
4148065 1
4161462 1
4163752 1
4167655 1
4182382 1
4182490 1
4183933 1
4184404 1
4190054 1
4190518 1
4194025 1
4196889 1
4197774 1
4205143 1
4211460 1
4211531 1
4212266 1
4212832 1
4213479 1
4224985 1
4231940 1
4236989 1
4237858 1
4241737 1
4249990 1
4256545 1
4267604 1
4280489 1
4295792 1
4297283 1
4298831 1
4303610 1
4315200 1
4316844 1
4322614 1
4325660 1
4330644 1
4330929 1
4339720 1
4340456 1
4342119 1
4346897 1
4347950 1
4350256 1
4352315 1
4357431 1
4358828 1
4361685 1
4362090 1
4365062 1
4366354 1
4369045 1
4370654 1
4370754 1
4371269 1
4372994 1
4378932 1
4380223 1
4385773 1
4391918 1
4412768 1
4415048 1
4415811 1
4420348 1
4420523 1
4420526 1
4422352 1
4424785 1
4426843 1
4438266 1
4439070 1
4439611 1
4450154 1
4451224 1
4460200 1
4463298 1
4469508 1
4475663 1
4479785 1
4490013 1
4508645 1
4516754 1
4521015 1
4521820 1
4525842 1
4526446 1
4535150 1
4535279 1
4540048 1
4543780 1
4556063 1
4558858 1
4567128 1
4571297 1
4579932 1
4580642 1
4581144 1
4599702 1
4599702 1
4600642 1
4601009 1
4607481 1
4612026 1
4619737 1
4641860 1
4651697 1
4652242 1
4653643 1
4653891 1
4653988 1
4660968 1
4664132 1
4677976 1
4684597 1
4685208 1
4691727 1
4703500 1
4705296 1
4709909 1
4709932 1
4712778 1
4714706 1
4714999 1
4735820 1
4740195 1
4768842 1
4779766 1
4789333 1
4798266 1
4800699 1
4800755 1
4802247 1
4808940 1
4808945 1
4810183 1
4814998 1
4817056 1
4820402 1
4821496 1
4823475 1
4823623 1
4827065 1
4833346 1
4858530 1
4860974 1
4861583 1
4877066 1
4877988 1
4879239 1
4884514 1
4889062 1
4892150 1
4900483 1
4907125 1
4909031 1
4909031 1
4911681 1
4916292 1
4923167 1
4925455 1
4935199 1
4942989 1
4948731 1
4965403 1
4982206 1
4987303 1
4990332 1
5019921 1
5022995 1
5025601 1
5028128 1
5033027 1
5035779 1
5036042 1
5036776 1
5037792 1
5039554 1
5044310 1
5045623 1
5048031 1
5051738 1
5052669 1
5052818 1
5054678 1
5071742 1
5074856 1
5096999 1
5116358 1
5118131 1
5124652 1
5133729 1
5134311 1
5136727 1
5139797 1
5144343 1
5144366 1
5144554 1
5145604 1
5151463 1
5154265 1
5154335 1
5159271 1
5171629 1
5172833 1
5173213 1
5180572 1
5186616 1
5216367 1
5219668 1
5219673 1
5219837 1
5221922 1
5232351 1
5239863 1
5239912 1
5243668 1
5248749 1
5251807 1
5254215 1
5259072 1
5259391 1
5264342 1
5265435 1
5267492 1
5267903 1
5270726 1
5271056 1
5273537 1
5293403 1
5304515 1
5314222 1
5315333 1
5322670 1
5340566 1
5341884 1
5348682 1
5370010 1
5371594 1
5372300 1
5377924 1
5379719 1
5381395 1
5386454 1
5407380 1
5407380 1
5418565 1
5423629 1
5430841 1
5433746 1
5436443 1
5439532 1
5442152 1
5443136 1
5447912 1
5451434 1
5452071 1
5452446 1
5468641 1
5481142 1
5485321 1
5486810 1
5490163 1
5500765 1
5505779 1
5509546 1
5509764 1
5522798 1
5523278 1
5523511 1
5524053 1
5526054 1
5533707 1
5535951 1
5536468 1
5537687 1
5541854 1
5545047 1
5549951 1
5551727 1
5555446 1
5560241 1
5562315 1
5563193 1
5569134 1
5570971 1
5571425 1
5572311 1
5576408 1
5587381 1
5603769 1
5604740 1
5604934 1
5607317 1
5607886 1
5607886 1
5609712 1
5610543 1
5612650 1
5616107 1
5616174 1
5617361 1
5617383 1
5628102 1
5631183 1
5645621 1
5648001 1
5659411 1
5662364 1
5666081 1
5669322 1
5671186 1
5674919 1
5676349 1
5679934 1
5681655 1
5682579 1
5683828 1
5683916 1
5684078 1
5685197 1
5689209 1
5692169 1
5693485 1
5693797 1
5696084 1
5703143 1
5708597 1
5719485 1
5721827 1
5726159 1
5742192 1
5743672 1
5743725 1
5747996 1
5748065 1
5757407 1
5760997 1
5777296 1
5777443 1
5780660 1
5787780 1
5793899 1
5796146 1
5811335 1
5818966 1
5819870 1
5822628 1
5825431 1
5837605 1
5840201 1
5852513 1
5857949 1
5860372 1
5863359 1
5864006 1
5872463 1
5876648 1
5881140 1
5881816 1
5882362 1
5884023 1
5887275 1
5888363 1
5889689 1
5889789 1
5891526 1
5893853 1
5894174 1
5894845 1
5894845 1
5903905 1
5904629 1
5905081 1
5907563 1
5917558 1
5920852 1
5931697 1
5933772 1
5934248 1
5944040 1
5956456 1
5959563 1
5968008 1
5969658 1
5971015 1
5971576 1
5972286 1
5972383 1
5973445 1
5981543 1
5985486 1
5986033 1
5987236 1
5994303 1
6001322 1
6004835 1
6005172 1
6006752 1
6007632 1
6008674 1
6011423 1
6014307 1
6017321 1
6020153 1
6033881 1
6034156 1
6039078 1
6040159 1
6040816 1
6049998 1
6051954 1
6057735 1
6058256 1
6064026 1
6065646 1
6066668 1
6075583 1
6085530 1
6091009 1
6094978 1
6094978 1
6103900 1
6108207 1
6110586 1
6120031 1
6121343 1
6122673 1
6124446 1
6127417 1
6136074 1
6136608 1
6150011 1
6150299 1
6150937 1
6155182 1
6155304 1
6156250 1
6156558 1
6183975 1
6184323 1
6187279 1
6195825 1
6207712 1
6224703 1
6225961 1
6236062 1
6253774 1
6257719 1
6263665 1
6271548 1
6274249 1
6282605 1
6287353 1
6310165 1
6327130 1
6336430 1
6345050 1
6346218 1
6361118 1
6365867 1
6369718 1
6381834 1
6400506 1
6401655 1
6404063 1
6404372 1
6404392 1
6413137 1
6424182 1
6426393 1
6427927 1
6431432 1
6431969 1
6436050 1
6436607 1
6439219 1
6443583 1
6444156 1
6469211 1
6477711 1
6478518 1
6480075 1
6480938 1
6482865 1
6486050 1
6488253 1
6491147 1
6503015 1
6507215 1
6507796 1
6510789 1
6515062 1
6516507 1
6516600 1
6524251 1
6530664 1
6541503 1
6558306 1
6558502 1
6564232 1
6564964 1
6567887 1
6567894 1
6578164 1
6584449 1
6598428 1
6601052 1
6601714 1
6605592 1
6606159 1
6606773 1
6610407 1
6613306 1
6617921 1
6619328 1
6629493 1
6630292 1
6630582 1
6632677 1
6643175 1
6643745 1
6646177 1
6650652 1
6651643 1
6652579 1
6653220 1
6653965 1
6667862 1
6668211 1
6669847 1
6673041 1
6675796 1
6702874 1
6708566 1
6712155 1
6712557 1
6714638 1
6714992 1
6718174 1
6730845 1
6732494 1
6732954 1
6735506 1
6736120 1
6738368 1
6751144 1
6751536 1
6751536 1
6754476 1
6764623 1
6777196 1
6779566 1
6786056 1
6786138 1
6804411 1
6804601 1
6807361 1
6817967 1
6818423 1
6820127 1
6821507 1
6824569 1
6826604 1
6827742 1
6830652 1
6840441 1
6841896 1
6856117 1
6858358 1
6860037 1
6860852 1
6864576 1
6866521 1
6868260 1
6869574 1
6873353 1
6877287 1
6878992 1
6885379 1
6896975 1
6899173 1
6905369 1
6914761 1
6922360 1
6922891 1
6926858 1
6931571 1
6931786 1
6933187 1
6934435 1
6939708 1
6939725 1
6947054 1
6967642 1
6971230 1
6972906 1
6974475 1
6975562 1
6976607 1
6978240 1
6983147 1
6990228 1
6990792 1
6991061 1
6993068 1
7004357 1
7009627 1
7011535 1
7020765 1
7023800 1
7026234 1
7029786 1
7031634 1
7033486 1
7034385 1
7034494 1
7038730 1
7064757 1
7075228 1
7075575 1
7099053 1
7100980 1
7103582 1
7110208 1
7116717 1
7117755 1
7119945 1
7129279 1
7130762 1
7136524 1
7140866 1
7141490 1
7148780 1
7153395 1
7154810 1
7155318 1
7159514 1
7166501 1
7166705 1
7175657 1
7178654 1
7180486 1
7181444 1
7183219 1
7184610 1
7185089 1
7188854 1
7198546 1
7206127 1
7206495 1
7208052 1
7210588 1
7222868 1
7224097 1
7224897 1
7230036 1
7232136 1
7236854 1
7244902 1
7251698 1
7274496 1
7275805 1
7278853 1
7280208 1
7286205 1
7290207 1
7290978 1
7291813 1
7294321 1
7317345 1
7318108 1
7324591 1
7327173 1
7329648 1
7332311 1
7334822 1
7338062 1
7348733 1
7353481 1
7357216 1
7362526 1
7366775 1
7369440 1
7369942 1
7379892 1
7383005 1
7386438 1
7390944 1
7395534 1
7396452 1
7397090 1
7399488 1
7408334 1
7411005 1
7414694 1
7434584 1
7435900 1
7436700 1
7437888 1
7443692 1
7445730 1
7472812 1
7479178 1
7485606 1
7486244 1
7495541 1
7501829 1
7502033 1
7502101 1
7502332 1
7504772 1
7506874 1
7507899 1
7514070 1
7514070 1
7523157 1
7527757 1
7528811 1
7528943 1
7532095 1
7533044 1
7533044 1
7549324 1
7560065 1
7560124 1
7565401 1
7574709 1
7586285 1
7593747 1
7595347 1
7603716 1
7610449 1
7613190 1
7619566 1
7620708 1
7621913 1
7635962 1
7649026 1
7651818 1
7653051 1
7653678 1
7656623 1
7658971 1
7659748 1
7660169 1
7662094 1
7672868 1
7675037 1
7678053 1
7678114 1
7701362 1
7704124 1
7704401 1
7706891 1
7706943 1
7707915 1
7708280 1
7710476 1
7717264 1
7717345 1
7733358 1
7734149 1
7741160 1
7745020 1
7770573 1
7773833 1
7775787 1
7781586 1
7783305 1
7784930 1
7789326 1
7789650 1
7809415 1
7811415 1
7822047 1
7831277 1
7833605 1
7834803 1
7835550 1
7843284 1
7843570 1
7844703 1
7846449 1
7851337 1
7853494 1
7861573 1
7865004 1
7866734 1
7873946 1
7877274 1
7877440 1
7889960 1
7890985 1
7892158 1
7897628 1
7899233 1
7902366 1
7910364 1
7913793 1
7915182 1
7916474 1
7916474 1
7918115 1
7918618 1
7920042 1
7920081 1
7922037 1
7923892 1
7933338 1
7933413 1
7937753 1
7938306 1
7943145 1
7943563 1
7951975 1
7954031 1
7961440 1
7963557 1
7964453 1
7965939 1
7969317 1
7972545 1
7981876 1
7984388 1
7990407 1
7994108 1
7998585 1
8000635 1
8004302 1
8005328 1
8009667 1
8009671 1
8011166 1
8011611 1
8013093 1
8016119 1
8018706 1
8020391 1
8020856 1
8021154 1
8022218 1
8024441 1
8031171 1
8031330 1
8034414 1
8034818 1
8035185 1
8035801 1
8036473 1
8037247 1
8041044 1
8041810 1
8043060 1
8044384 1
8044868 1
8045411 1
8045424 1
8046529 1
8048680 1
8053386 1
8053439 1
8053829 1
8055464 1
8056698 1
8057166 1
8062028 1
8062275 1
8063841 1
8064635 1
8065163 1
8069226 1
8069228 1
8070606 1
8073551 1
8077002 1
8077903 1
8080272 1
8080780 1
8082610 1
8090965 1
8091251 1
8103789 1
8104378 1
8104760 1
8105806 1
8108624 1
8113635 1
8114790 1
8115181 1
8116872 1
8118970 1
8121774 1
8123095 1
8126589 1
8127667 1
8129255 1
8133190 1
8136984 1
8137465 1
8139186 1
8139199 1
8139781 1
8142805 1
8147951 1
8148147 1
8149579 1
8150393 1
8152758 1
8152874 1
8155078 1
8156375 1
8162416 1
8164114 1
8164470 1
8167011 1
8167118 1
8193751 1
8195776 1
8205055 1
8213935 1
8214604 1
8217602 1
8218323 1
8219767 1
8220839 1
8222822 1
8223581 1
8225952 1
8234005 1
8237305 1
8242970 1
8252584 1
8254626 1
8275948 1
8285813 1
8294700 1
8295108 1
8296950 1
8296969 1
8303249 1
6746 1
9880 1
12017 1
18075 1
21201 1
28145 1
39063 1
47669 1
51560 1
51653 1
52482 1
53102 1
65448 1
70284 1
71565 1
73160 1
74924 1
77849 1
82525 1
89579 1
91749 1
92550 1
98420 1
100408 1
103929 1
104875 1
106499 1
108773 1
109775 1
111811 1
111970 1
113274 1
114600 1
117190 1
117877 1
119149 1
119515 1
121866 1
123032 1
123935 1
125394 1
125739 1
128077 1
128393 1
128544 1
128788 1
132610 1
134457 1
135875 1
137071 1
138857 1
139282 1
139789 1
139827 1
140370 1
140890 1
141733 1
142129 1
142629 1
146030 1
146691 1
148118 1
148871 1
149187 1
149857 1
153913 1
154921 1
155224 1
155807 1
155971 1
156224 1
156227 1
157850 1
160743 1
162739 1
162919 1
163069 1
163396 1
164236 1
164626 1
165166 1
165242 1
167909 1
170099 1
172282 1
175484 1
183313 1
183347 1
190449 1
196552 1
197901 1
198885 1
199053 1
200042 1
202398 1
208783 1
210301 1
216018 1
217045 1
217966 1
219380 1
220457 1
220971 1
221524 1
222462 1
223208 1
225234 1
225367 1
226475 1
226513 1
228935 1
229838 1
229912 1
230779 1
231778 1
233381 1
237085 1
237189 1
237913 1
238200 1
243809 1
250710 1
256494 1
261553 1
264323 1
272700 1
275560 1
281789 1
285135 1
285864 1
286925 1
289935 1
293266 1
299446 1
309281 1
310442 1
310743 1
321061 1
326544 1
328075 1
331559 1
332929 1
333369 1
338841 1
363406 1
367982 1
380135 1
395677 1
425953 1
427694 1
436850 1
445229 1
447035 1
449188 1
450238 1
451368 1
457672 1
460082 1
460473 1
460986 1
462232 1
462367 1
464387 1
477916 1
483501 1
491579 1
497275 1
500364 1
500542 1
500577 1
507487 1
508357 1
514293 1
518961 1
523276 1
525759 1
529264 1
532503 1
535163 1
536483 1
537718 1
538489 1
549118 1
560407 1
561356 1
571148 1
572881 1
578444 1
606655 1
606716 1
619426 1
624576 1
627696 1
634117 1
638902 1
643670 1
650099 1
655184 1
663512 1
667711 1
672863 1
675925 1
678457 1
684965 1
687537 1
706495 1
706512 1
712104 1
718464 1
719927 1
720128 1
724362 1
726110 1
727142 1
742740 1
745437 1
746314 1
751131 1
757374 1
757953 1
770339 1
778460 1
781481 1
789204 1
791826 1
798794 1
801918 1
805754 1
811221 1
820785 1
830012 1
831940 1
834785 1
835878 1
838057 1
845673 1
859013 1
869352 1
873392 1
873640 1
878522 1
892637 1
892637 1
897837 1
897876 1
920850 1
923757 1
923835 1
925420 1
925678 1
951438 1
966919 1
975810 1
983182 1
998984 1
1002915 1
1005710 1
1014855 1
1016921 1
1019171 1
1021660 1
1028184 1
1029486 1
1035828 1
1035828 1
1038467 1
1039277 1
1039709 1
1047597 1
1048189 1
1048556 1
1052816 1
1057819 1
1059330 1
1060911 1
1062707 1
1063422 1
1064150 1
1064151 1
1065996 1
1066267 1
1072096 1
1074188 1
1083110 1
1083110 1
1088427 1
1088467 1
1088674 1
1088888 1
1101017 1
1105626 1
1111347 1
1124048 1
1129778 1
1131776 1
1135015 1
1135736 1
1138830 1
1138837 1
1150578 1
1153653 1
1154595 1
1159558 1
1159633 1
1160878 1
1161346 1
1162221 1
1167377 1
1185946 1
1185951 1
1187656 1
1188939 1
1199967 1
1204830 1
1207751 1
1208136 1
1209816 1
1214690 1
1219216 1
1222862 1
1226151 1
1226796 1
1234903 1
1237146 1
1241563 1
1242700 1
1247760 1
1247881 1
1249297 1
1249437 1
1251306 1
1262525 1
1262810 1
1263883 1
1265266 1
1265855 1
1268962 1
1272083 1
1285229 1
1296488 1
1301574 1
1309847 1
1324083 1
1333999 1
1339849 1
1348574 1
1358146 1
1383653 1
1385713 1
1395129 1
1400364 1
1400810 1
1401307 1
1402025 1
1405346 1
1405866 1
1414440 1
1418443 1
1419586 1
1422224 1
1422224 1
1425113 1
1426036 1
1428640 1
1432184 1
1438994 1
1440640 1
1444406 1
1450286 1
1458573 1
1459780 1
1462033 1
1462822 1
1463706 1
1463933 1
1482365 1
1509087 1
1513020 1
1514430 1
1516445 1
1524060 1
1527067 1
1530645 1
1532991 1
1542180 1
1546122 1
1552503 1
1555104 1
1556958 1
1571761 1
1576022 1
1576277 1
1578466 1
1586530 1
1588494 1
1589049 1
1593011 1
1596160 1
1597158 1
1597670 1
1607126 1
1608851 1
1610472 1
1614437 1
1615032 1
1617437 1
1624679 1
1636609 1
1644475 1
1646537 1
1647081 1
1648563 1
1655423 1
1662052 1
1663258 1
1668518 1
1669083 1
1670479 1
1674211 1
1674950 1
1682045 1
1685731 1
1686050 1
1686542 1
1687856 1
1688177 1
1688812 1
1694132 1
1699010 1
1699598 1
1702856 1
1702858 1
1705817 1
1706111 1
1706392 1
1706570 1
1707351 1
1712394 1
1720033 1
1721460 1
1722728 1
1724152 1
1733593 1
1743682 1
1743682 1
1744134 1
1744475 1
1744943 1
1746380 1
1748983 1
1750606 1
1761607 1
1762197 1
1767122 1
1767460 1
1782609 1
1785847 1
1788449 1
1789879 1
1802086 1
1804512 1
1814712 1
1819686 1
1820606 1
1820747 1
1824001 1
1824593 1
1825787 1
1826668 1
1829405 1
1829766 1
1830011 1
1833828 1
1834151 1
1834414 1
1843823 1
1854704 1
1855426 1
1870707 1
1873062 1
1884211 1
1890991 1
1893867 1
1904055 1
1905699 1
1907580 1
1910314 1
1918061 1
1919137 1
1927435 1
1930698 1
1934249 1
1938407 1
1942045 1
1942532 1
1946256 1
1947547 1
1952531 1
1953493 1
1953754 1
1964668 1
1970599 1
1972447 1
1978260 1
1979134 1
1991278 1
1997774 1
1999542 1
1999542 1
2003577 1
2005153 1
2007230 1
2007347 1
2009240 1
2009243 1
2009254 1
2009392 1
2012048 1
2012209 1
2012226 1
2014658 1
2015151 1
2016628 1
2018632 1
2019425 1
2039838 1
2048016 1
2050427 1
2066648 1
2067298 1
2071212 1
2079787 1
2082883 1
2087492 1
2104313 1
2117184 1
2118005 1
2119445 1
2123425 1
2127650 1
2127784 1
2130246 1
2130465 1
2132828 1
2136061 1
2140322 1
2140835 1
2144114 1
2149711 1
2149942 1
2155483 1
2155635 1
2157824 1
2165147 1
2181995 1
2182103 1
2183240 1
2185657 1
2188872 1
2189387 1
2190162 1
2193543 1
2193618 1
2196425 1
2214154 1
2222414 1
2224142 1
2238534 1
2239508 1
2250277 1
2251006 1
2251502 1
2253109 1
2269889 1
2272725 1
2273351 1
2278777 1
2292581 1
2292938 1
2293293 1
2294992 1
2296370 1
2298508 1
2300809 1
2312735 1
2313445 1
2315525 1
2322570 1
2332757 1
2341745 1
2351316 1
2356428 1
2368370 1
2370512 1
2376625 1
2382338 1
2384717 1
2388820 1
2392872 1
2410182 1
2410461 1
2412690 1
2417434 1
2420968 1
2423549 1
2424043 1
2424520 1
2424718 1
2431347 1
2431549 1
2438274 1
2440473 1
2452102 1
2454901 1
2457310 1
2459768 1
2465846 1
2474502 1
2475828 1
2480706 1
2483885 1
2491725 1
2491983 1
2496870 1
2497001 1
2497052 1
2517037 1
2518125 1
2522635 1
2522974 1
2523135 1
2528299 1
2530326 1
2532915 1
2534194 1
2543299 1
2544211 1
2544719 1
2560999 1
2561403 1
2561732 1
2564320 1
2583325 1
2589714 1
2590000 1
2593171 1
2602883 1
2604275 1
2612039 1
2612201 1
2612270 1
2612941 1
2616592 1
2620302 1
2620303 1
2621155 1
2621759 1
2622263 1
2622946 1
2623012 1
2623862 1
2635653 1
2642200 1
2643104 1
2645335 1
2650710 1
2660583 1
2662815 1
2665414 1
2667475 1
2671333 1
2672352 1
2676399 1
2676434 1
2676434 1
2676494 1
2681377 1
2684062 1
2684673 1
2686321 1
2688928 1
2689880 1
2690741 1
2693041 1
2693809 1
2694409 1
2710036 1
2714958 1
2719017 1
2723013 1
2724645 1
2731406 1
2753852 1
2754170 1
2754246 1
2754251 1
2755738 1
2764877 1
2765311 1
2765512 1
2767608 1
2770235 1
2774460 1
2787959 1
2788287 1
2794039 1
2794145 1
2794320 1
2794638 1
2794931 1
2800214 1
2800364 1
2800636 1
2802002 1
2804039 1
2804104 1
2805149 1
2806258 1
2816905 1
2820270 1
2820996 1
2822878 1
2837597 1
2844208 1
2850315 1
2850536 1
2850711 1
2855726 1
2862475 1
2869149 1
2888205 1
2889593 1
2890999 1
2892364 1
2892453 1
2892932 1
2893454 1
2900286 1
2900340 1
2903715 1
2915733 1
2916198 1
2916373 1
2922564 1
2925448 1
2929206 1
2930755 1
2942584 1
2946520 1
2949792 1
2949897 1
2955925 1
2956191 1
2963215 1
2970313 1
2982717 1
2983349 1
2992545 1
2994234 1
2999492 1
3001219 1
3006244 1
3007714 1
3007727 1
3008649 1
3009160 1
3013798 1
3025126 1
3036002 1
3037189 1
3037669 1
3038814 1
3039544 1
3051039 1
3052375 1
3052584 1
3053005 1
3058447 1
3059422 1
3064362 1
3075864 1
3075864 1
3094264 1
3099590 1
3100231 1
3101079 1
3112265 1
3113312 1
3116452 1
3117695 1
3120353 1
3123385 1
3125142 1
3132368 1
3139164 1
3154182 1
3158896 1
3167162 1
3170602 1
3179026 1
3185475 1
3185599 1
3186909 1
3194761 1
3194890 1
3195369 1
3197062 1
3199225 1
3200651 1
3201384 1
3214152 1
3225390 1
3225792 1
3227336 1
3232040 1
3235085 1
3238678 1
3246708 1
3250957 1
3251552 1
3251556 1
3257171 1
3259935 1
3265201 1
3271317 1
3271710 1
3275593 1
3279267 1
3282432 1
3284356 1
3285103 1
3289054 1
3292023 1
3299337 1
3306243 1
3306386 1
3318714 1
3318931 1
3321174 1
3321991 1
3322233 1
3324100 1
3325362 1
3332044 1
3338272 1
3338500 1
3342394 1
3346798 1
3348954 1
3349265 1
3350360 1
3373516 1
3374068 1
3381746 1
3383141 1
3393319 1
3395384 1
3396229 1
3396258 1
3403005 1
3405133 1
3405468 1
3406995 1
3407015 1
3407201 1
3407551 1
3418116 1
3420313 1
3428998 1
3435935 1
3467581 1
3474157 1
3488247 1
3500578 1
3501231 1
3505147 1
3506220 1
3506897 1
3507320 1
3509606 1
3511335 1
3511592 1
3512751 1
3518317 1
3527497 1
3530300 1
3534492 1
3535472 1
3541055 1
3542366 1
3543167 1
3545387 1
3551658 1
3563067 1
3576848 1
3577827 1
3577827 1
3580350 1
3583277 1
3584565 1
3590150 1
3594877 1
3598308 1
3605538 1
3606465 1
3628518 1
3640185 1
3649754 1
3652994 1
3659223 1
3661760 1
3668956 1
3673968 1
3691495 1
3697226 1
3698428 1
3707916 1
3716064 1
3723995 1
3730692 1
3731386 1
3733148 1
3740869 1
3743570 1
3745921 1
3752037 1
3752301 1
3752337 1
3771478 1
3772732 1
3780444 1
3785714 1
3787949 1
3790349 1
3810034 1
3819017 1
3819047 1
3829836 1
3830373 1
3830879 1
3836881 1
3836881 1
3838030 1
3847221 1
3848217 1
3849923 1
3854176 1
3860928 1
3861234 1
3861608 1
3863003 1
3863641 1
3863991 1
3870200 1
3870336 1
3870468 1
3873038 1
3873157 1
3873326 1
3878014 1
3878214 1
3890801 1
3896657 1
3897714 1
3905135 1
3910541 1
3926526 1
3932676 1
3938217 1
3940127 1
3940584 1
3940922 1
3942826 1
3946783 1
3950734 1
3950734 1
3953621 1
3965401 1
3966690 1
3970938 1
3974340 1
3974508 1
3983302 1
3984262 1
3988168 1
3993450 1
3993988 1
3994219 1
4010364 1
4022631 1
4022730 1
4025496 1
4025829 1
4028740 1
4049694 1
4050596 1
4072445 1
4094816 1
4095109 1
4095959 1
4097986 1
4105456 1
4106490 1
4108676 1
4109549 1
4110094 1
4123193 1
4124439 1
4138135 1
4141677 1
4150900 1
4158543 1
4171215 1
4179182 1
4187380 1
4189243 1
4198092 1
4198321 1
4205075 1
4211666 1
4213333 1
4215459 1
4218154 1
4219260 1
4220266 1
4224301 1
4230947 1
4236500 1
4246689 1
4249473 1
4249955 1
4256953 1
4259268 1
4262094 1
4263308 1
4265985 1
4266839 1
4268906 1
4271965 1
4273060 1
4273067 1
4274634 1
4293958 1
4295436 1
4303239 1
4308776 1
4314353 1
4322265 1
4323139 1
4332596 1
4335494 1
4338062 1
4338373 1
4341235 1
4341685 1
4343985 1
4345130 1
4345617 1
4350190 1
4351769 1
4354387 1
4368799 1
4369220 1
4371698 1
4373271 1
4374113 1
4376484 1
4379530 1
4384295 1
4389156 1
4398517 1
4403658 1
4417000 1
4417686 1
4424013 1
4427818 1
4429944 1
4430534 1
4431389 1
4433249 1
4438083 1
4442520 1
4448289 1
4448548 1
4452016 1
4463560 1
4469879 1
4471597 1
4482213 1
4482256 1
4482461 1
4483438 1
4483438 1
4489257 1
4492819 1
4494046 1
4497476 1
4497932 1
4500507 1
4509201 1
4516582 1
4517044 1
4521532 1
4528260 1
4543789 1
4563969 1
4579561 1
4592542 1
4593476 1
4613608 1
4623728 1
4639983 1
4644345 1
4647012 1
4651568 1
4659957 1
4660934 1
4661572 1
4665009 1
4680789 1
4681775 1
4694355 1
4698119 1
4706991 1
4707740 1
4708450 1
4709084 1
4711279 1
4711531 1
4713764 1
4713766 1
4713937 1
4719395 1
4720364 1
4736640 1
4737408 1
4739293 1
4739409 1
4739416 1
4739505 1
4747489 1
4752261 1
4761496 1
4765310 1
4768075 1
4788892 1
4789825 1
4791935 1
4794892 1
4795314 1
4796883 1
4797283 1
4798389 1
4798598 1
4799360 1
4803055 1
4803801 1
4810388 1
4814040 1
4815858 1
4819324 1
4828111 1
4832937 1
4833966 1
4835624 1
4837113 1
4850070 1
4861018 1
4861363 1
4864198 1
4870974 1
4881248 1
4883073 1
4888552 1
4888869 1
4891833 1
4893782 1
4895140 1
4896401 1
4902789 1
4903000 1
4905481 1
4905498 1
4906209 1
4911366 1
4913798 1
4924797 1
4927219 1
4936990 1
4942127 1
4955318 1
4955588 1
4962038 1
4963090 1
4964083 1
4969349 1
4970543 1
4971133 1
4978451 1
4986047 1
4986972 1
4986974 1
4987862 1
4989985 1
4996107 1
4996707 1
5006532 1
5008507 1
5011403 1
5015171 1
5018081 1
5029451 1
5046372 1
5050671 1
5053408 1
5070920 1
5074166 1
5074743 1
5077011 1
5077362 1
5081905 1
5089011 1
5092327 1
5115548 1
5129208 1
5130942 1
5133703 1
5133996 1
5157382 1
5159475 1
5162336 1
5171955 1
5172510 1
5173476 1
5177679 1
5184587 1
5196330 1
5200970 1
5202044 1
5211452 1
5219405 1
5219871 1
5221115 1
5234229 1
5237100 1
5256362 1
5262856 1
5263445 1
5267019 1
5270032 1
5274610 1
5276197 1
5282229 1
5304118 1
5309343 1
5313173 1
5322443 1
5330751 1
5340825 1
5347369 1
5353452 1
5354337 1
5356368 1
5357266 1
5370285 1
5370658 1
5372548 1
5373098 1
5380510 1
5382449 1
5390295 1
5420433 1
5423808 1
5425904 1
5429105 1
5432147 1
5432420 1
5432439 1
5433274 1
5434225 1
5442902 1
5450703 1
5451343 1
5471425 1
5472732 1
5475860 1
5479826 1
5494882 1
5499477 1
5503869 1
5505828 1
5507730 1
5508589 1
5525590 1
5527689 1
5529746 1
5533225 1
5544187 1
5547560 1
5552446 1
5561565 1
5566698 1
5571550 1
5571736 1
5589412 1
5590937 1
5593240 1
5595457 1
5597727 1
5599031 1
5605047 1
5608045 1
5616136 1
5616393 1
5621394 1
5621573 1
5627908 1
5648252 1
5653178 1
5654039 1
5655800 1
5656822 1
5658375 1
5665147 1
5666281 1
5666385 1
5669400 1
5675981 1
5677961 1
5680598 1
5681736 1
5682465 1
5683452 1
5684892 1
5685465 1
5686532 1
5691522 1
5694249 1
5694335 1
5695981 1
5696039 1
5711185 1
5711584 1
5720889 1
5723253 1
5723277 1
5724858 1
5735239 1
5735313 1
5736345 1
5737494 1
5738081 1
5741829 1
5763572 1
5767599 1
5773134 1
5773626 1
5776299 1
5798199 1
5806694 1
5808983 1
5810603 1
5821594 1
5825193 1
5825456 1
5849184 1
5850046 1
5860330 1
5860395 1
5860445 1
5868823 1
5874739 1
5876273 1
5876835 1
5877728 1
5877731 1
5878736 1
5882127 1
5882942 1
5883267 1
5888554 1
5891454 1
5891563 1
5893089 1
5896929 1
5904207 1
5916063 1
5918625 1
5920014 1
5920704 1
5923159 1
5924145 1
5929517 1
5930893 1
5931831 1
5933463 1
5939408 1
5947285 1
5954786 1
5956697 1
5956908 1
5962277 1
5973890 1
5978120 1
5982708 1
5984216 1
5986681 1
5992281 1
5993660 1
5996462 1
6003539 1
6006218 1
6006800 1
6010997 1
6012523 1
6014621 1
6017925 1
6026285 1
6030021 1
6032429 1
6033555 1
6034802 1
6042041 1
6050710 1
6054155 1
6058114 1
6066217 1
6083390 1
6111787 1
6121207 1
6121423 1
6122871 1
6125187 1
6146025 1
6149384 1
6149826 1
6151850 1
6153311 1
6165411 1
6180308 1
6180899 1
6180933 1
6191774 1
6192497 1
6192516 1
6192534 1
6198641 1
6204937 1
6224481 1
6224654 1
6228210 1
6229370 1
6249380 1
6250712 1
6265074 1
6271504 1
6272840 1
6278279 1
6279289 1
6292944 1
6304480 1
6325181 1
6329854 1
6332605 1
6337143 1
6339457 1
6347195 1
6354023 1
6354024 1
6367115 1
6372085 1
6377455 1
6377699 1
6380928 1
6381376 1
6387396 1
6387501 1
6390091 1
6393321 1
6398354 1
6403005 1
6404001 1
6404795 1
6404893 1
6405825 1
6423274 1
6424522 1
6427928 1
6435383 1
6435392 1
6439252 1
6442546 1
6445689 1
6449949 1
6455810 1
6474425 1
6475019 1
6475124 1
6476196 1
6478223 1
6487595 1
6502241 1
6513236 1
6518728 1
6527055 1
6527849 1
6528114 1
6537515 1
6540962 1
6542451 1
6543762 1
6551857 1
6553396 1
6557393 1
6570141 1
6584074 1
6584652 1
6585808 1
6587357 1
6589095 1
6593378 1
6593953 1
6606216 1
6610209 1
6613759 1
6617411 1
6617891 1
6619068 1
6620277 1
6631795 1
6632115 1
6634160 1
6636786 1
6641693 1
6643720 1
6646094 1
6647398 1
6654960 1
6656994 1
6657150 1
6659903 1
6665612 1
6666553 1
6671117 1
6671318 1
6673028 1
6674011 1
6674466 1
6680562 1
6680776 1
6683490 1
6696562 1
6699796 1
6701262 1
6701262 1
6711162 1
6713180 1
6720030 1
6725116 1
6726811 1
6731294 1
6736641 1
6740088 1
6741996 1
6744760 1
6746144 1
6756945 1
6767320 1
6769079 1
6770754 1
6774006 1
6777753 1
6785503 1
6790458 1
6792968 1
6793880 1
6804503 1
6804541 1
6807735 1
6808317 1
6809200 1
6812379 1
6812771 1
6818363 1
6824716 1
6828620 1
6829296 1
6834281 1
6835033 1
6837497 1
6840426 1
6842036 1
6842414 1
6844675 1
6845617 1
6845617 1
6849971 1
6850573 1
6851998 1
6851998 1
6859051 1
6870022 1
6871739 1
6874635 1
6875078 1
6875292 1
6877474 1
6882610 1
6885489 1
6896324 1
6904192 1
6921622 1
6924311 1
6927171 1
6929994 1
6931055 1
6932615 1
6933442 1
6936066 1
6936147 1
6936194 1
6937868 1
6939811 1
6939911 1
6940575 1
6940983 1
6944469 1
6945733 1
6946201 1
6954968 1
6957640 1
6958784 1
6960860 1
6962283 1
6980890 1
6981905 1
6983984 1
6986530 1
6991426 1
6994093 1
6995792 1
7000994 1
7005467 1
7005734 1
7012482 1
7013919 1
7021376 1
7022242 1
7023142 1
7034298 1
7034298 1
7037794 1
7038128 1
7043895 1
7048210 1
7051821 1
7054986 1
7055273 1
7062310 1
7063300 1
7064379 1
7064577 1
7074102 1
7074391 1
7083541 1
7098510 1
7099248 1
7099253 1
7105830 1
7105953 1
7107171 1
7111214 1
7113857 1
7115673 1
7116089 1
7117310 1
7118815 1
7118857 1
7126466 1
7130720 1
7131917 1
7136792 1
7137085 1
7138959 1
7140011 1
7140173 1
7141098 1
7154002 1
7158640 1
7164223 1
7166157 1
7166547 1
7177517 1
7179639 1
7180253 1
7183572 1
7183951 1
7189817 1
7192878 1
7193139 1
7200081 1
7205619 1
7206042 1
7206381 1
7210952 1
7223427 1
7224225 1
7239161 1
7239639 1
7239712 1
7239849 1
7239907 1
7242154 1
7245094 1
7251162 1
7260031 1
7274928 1
7275346 1
7277388 1
7286421 1
7287183 1
7288480 1
7290369 1
7294298 1
7303217 1
7304163 1
7305750 1
7309795 1
7313275 1
7314547 1
7314937 1
7319814 1
7325077 1
7330447 1
7335950 1
7337587 1
7338207 1
7353797 1
7355911 1
7368242 1
7371542 1
7371776 1
7379583 1
7382304 1
7382360 1
7392005 1
7392942 1
7392952 1
7393699 1
7394994 1
7395578 1
7399358 1
7412255 1
7413239 1
7415486 1
7416448 1
7424208 1
7429109 1
7442553 1
7450982 1
7451184 1
7455919 1
7458541 1
7462355 1
7462818 1
7464900 1
7468494 1
7472643 1
7475451 1
7475643 1
7484331 1
7484459 1
7493264 1
7497100 1
7501387 1
7501512 1
7504710 1
7506492 1
7506540 1
7509444 1
7511526 1
7512734 1
7512734 1
7513766 1
7514338 1
7517403 1
7519246 1
7520007 1
7523156 1
7523218 1
7524009 1
7528450 1
7529201 1
7532158 1
7537643 1
7539065 1
7541742 1
7543135 1
7546955 1
7549978 1
7560950 1
7569626 1
7569775 1
7576045 1
7580529 1
7585321 1
7591102 1
7593168 1
7594728 1
7595374 1
7596253 1
7597055 1
7602958 1
7606006 1
7612892 1
7619352 1
7627356 1
7637105 1
7637217 1
7640733 1
7641175 1
7641341 1
7645977 1
7650990 1
7654081 1
7657235 1
7659248 1
7661875 1
7669399 1
7673289 1
7676753 1
7698695 1
7704219 1
7705303 1
7705801 1
7706138 1
7707615 1
7713529 1
7713531 1
7730180 1
7733068 1
7733623 1
7734052 1
7734112 1
7737220 1
7740310 1
7741192 1
7755287 1
7765257 1
7773325 1
7773327 1
7775253 1
7775726 1
7776338 1
7776452 1
7784988 1
7788611 1
7791685 1
7794355 1
7794514 1
7800005 1
7801427 1
7801550 1
7803498 1
7827983 1
7832814 1
7842174 1
7847279 1
7855004 1
7872064 1
7874828 1
7880063 1
7887296 1
7888370 1
7898311 1
7899211 1
7904452 1
7909351 1
7912285 1
7912521 1
7918034 1
7922116 1
7930851 1
7931342 1
7933498 1
7936539 1
7937711 1
7937784 1
7940801 1
7941146 1
7943967 1
7949503 1
7951694 1
7952184 1
7957445 1
7960360 1
7980414 1
7982902 1
7994334 1
7994783 1
7995962 1
7996780 1
7998896 1
7999190 1
8001797 1
8003728 1
8007734 1
8009706 1
8011361 1
8011613 1
8012344 1
8019228 1
8019298 1
8020111 1
8021146 1
8021451 1
8027399 1
8034823 1
8035913 1
8036149 1
8039753 1
8040062 1
8040095 1
8043469 1
8045027 1
8045077 1
8045883 1
8047644 1
8048650 1
8049255 1
8053723 1
8053776 1
8054457 1
8057424 1
8058604 1
8059783 1
8061614 1
8061803 1
8064656 1
8065187 1
8068404 1
8071923 1
8073909 1
8075343 1
8075435 1
8076431 1
8077542 1
8077702 1
8078326 1
8078770 1
8080184 1
8080296 1
8081078 1
8081412 1
8086893 1
8089804 1
8090076 1
8095764 1
8099093 1
8103032 1
8104649 1
8104711 1
8104758 1
8105940 1
8110522 1
8110716 1
8118746 1
8119082 1
8119191 1
8120376 1
8123614 1
8125900 1
8126987 1
8126992 1
8127170 1
8127212 1
8128465 1
8130643 1
8131955 1
8132015 1
8133153 1
8133901 1
8134618 1
8134703 1
8136249 1
8136740 1
8138834 1
8140464 1
8142122 1
8142228 1
8142373 1
8143833 1
8143916 1
8144521 1
8145444 1
8145668 1
8151803 1
8152611 1
8157381 1
8161555 1
8161578 1
8162767 1
8166652 1
8171444 1
8182431 1
8187834 1
8194489 1
8204747 1
8207292 1
8210040 1
8213082 1
8218105 1
8222091 1
8224052 1
8237511 1
8240640 1
8245067 1
8245824 1
8260234 1
8292153 1
8294550 1
8296875 1
8297687 1
8298397 1
7757 1
24377 1
28186 1
46110 1
50276 1
59797 1
60290 1
60297 1
63027 1
71679 1
81607 1
86958 1
96026 1
98064 1
98647 1
100254 1
102348 1
103732 1
108750 1
110770 1
112438 1
115235 1
117338 1
117446 1
118353 1
119921 1
120920 1
121682 1
123306 1
125629 1
126305 1
126307 1
127875 1
131074 1
131321 1
132476 1
132729 1
135540 1
137207 1
139713 1
140189 1
140223 1
142637 1
142934 1
144625 1
145363 1
145452 1
146596 1
148675 1
149190 1
149300 1
149968 1
150245 1
153303 1
154188 1
156470 1
157299 1
159117 1
159640 1
159677 1
160119 1
162850 1
165433 1
166462 1
166478 1
166639 1
168138 1
168632 1
169350 1
170533 1
170609 1
170732 1
173243 1
176502 1
177122 1
178369 1
179092 1
181889 1
183374 1
184242 1
184983 1
185817 1
186654 1
188354 1
189751 1
191394 1
193198 1
198589 1
199238 1
200098 1
200478 1
202034 1
202377 1
203106 1
203709 1
203942 1
205842 1
207446 1
209063 1
209658 1
212153 1
212744 1
215174 1
215243 1
216290 1
217815 1
221959 1
221972 1
226012 1
226049 1
226828 1
226886 1
227726 1
228367 1
229672 1
232036 1
238514 1
247933 1
249399 1
249600 1
251074 1
252898 1
253733 1
268484 1
273235 1
286218 1
286416 1
289273 1
297651 1
299351 1
318052 1
319053 1
319736 1
320568 1
329346 1
331470 1
334229 1
340465 1
341777 1
341777 1
359637 1
365128 1
372500 1
376681 1
380904 1
381135 1
402425 1
451194 1
452757 1
455698 1
466834 1
468042 1
478015 1
486891 1
510728 1
526027 1
526687 1
530215 1
531722 1
533510 1
535822 1
546649 1
547027 1
552404 1
558959 1
559962 1
560423 1
565200 1
566069 1
566445 1
569455 1
572788 1
573733 1
575237 1
575241 1
576264 1
587669 1
592830 1
593030 1
615199 1
615853 1
625682 1
639583 1
644861 1
648827 1
652264 1
657042 1
675187 1
678739 1
687825 1
690469 1
690594 1
690843 1
696502 1
697259 1
703250 1
706758 1
715341 1
718437 1
719844 1
720226 1
736896 1
736950 1
746227 1
752266 1
755795 1
757542 1
765496 1
766355 1
766355 1
772609 1
773277 1
776608 1
776704 1
801807 1
805515 1
818720 1
818886 1
830985 1
831168 1
831334 1
833395 1
833585 1
837099 1
839615 1
840998 1
844306 1
848435 1
849369 1
860212 1
872487 1
873014 1
873486 1
879312 1
880076 1
888793 1
889299 1
890813 1
890879 1
892782 1
904449 1
910029 1
918304 1
918304 1
919019 1
921516 1
922387 1
922432 1
923236 1
923387 1
924680 1
931251 1
933477 1
938446 1
939674 1
952524 1
964052 1
966955 1
972338 1
973057 1
977487 1
987068 1
987794 1
994725 1
996818 1
1007622 1
1009858 1
1019377 1
1025644 1
1031012 1
1041197 1
1045340 1
1045464 1
1048493 1
1051700 1
1056162 1
1056619 1
1057251 1
1061131 1
1062930 1
1063007 1
1063316 1
1063948 1
1064424 1
1069508 1
1070698 1
1072458 1
1083404 1
1085215 1
1088082 1
1089453 1
1090871 1
1092444 1
1101811 1
1109922 1
1110292 1
1110780 1
1110910 1
1115136 1
1123063 1
1133665 1
1136439 1
1145078 1
1147349 1
1147812 1
1154750 1
1156130 1
1157959 1
1159217 1
1168433 1
1170789 1
1170902 1
1171076 1
1181037 1
1181690 1
1205577 1
1205795 1
1207805 1
1208011 1
1212984 1
1215389 1
1215779 1
1224623 1
1229092 1
1234049 1
1245662 1
1254630 1
1257956 1
1260693 1
1261872 1
1264204 1
1264529 1
1265100 1
1274047 1
1274624 1
1278073 1
1279671 1
1280018 1
1286876 1
1287188 1
1287781 1
1290054 1
1293742 1
1293771 1
1303424 1
1303527 1
1311387 1
1321903 1
1322007 1
1323257 1
1324637 1
1327385 1
1328444 1
1334925 1
1343792 1
1343792 1
1350257 1
1354250 1
1357902 1
1357975 1
1362224 1
1362610 1
1365744 1
1373657 1
1374310 1
1374323 1
1376166 1
1392937 1
1397500 1
1399053 1
1400220 1
1402732 1
1410720 1
1411958 1
1423306 1
1423609 1
1424297 1
1429308 1
1434767 1
1438033 1
1440154 1
1440396 1
1459000 1
1460478 1
1470916 1
1471215 1
1480761 1
1482654 1
1483361 1
1484276 1
1504537 1
1510821 1
1522852 1
1533971 1
1542635 1
1542938 1
1543936 1
1546295 1
1555317 1
1557410 1
1557974 1
1558545 1
1571031 1
1579052 1
1581359 1
1586854 1
1597713 1
1599147 1
1603682 1
1606340 1
1611871 1
1617189 1
1617555 1
1626169 1
1630991 1
1634092 1
1641715 1
1646417 1
1651981 1
1653310 1
1655875 1
1657597 1
1659053 1
1660007 1
1662690 1
1665020 1
1665339 1
1681823 1
1684616 1
1686441 1
1686445 1
1689149 1
1689789 1
1694121 1
1698225 1
1702183 1
1704684 1
1706475 1
1713822 1
1714036 1
1720781 1
1721271 1
1724478 1
1725457 1
1735097 1
1735494 1
1740541 1
1744619 1
1746423 1
1747892 1
1750164 1
1767063 1
1786211 1
1786660 1
1800015 1
1816150 1
1819292 1
1820528 1
1820926 1
1822440 1
1822444 1
1822452 1
1829232 1
1832346 1
1838354 1
1840953 1
1844564 1
1852262 1
1852911 1
1856985 1
1857920 1
1862006 1
1862928 1
1864813 1
1866158 1
1869000 1
1869239 1
1871711 1
1873738 1
1874728 1
1878352 1
1880465 1
1881441 1
1881454 1
1882658 1
1884619 1
1887586 1
1896372 1
1898195 1
1901723 1
1902478 1
1905688 1
1906188 1
1914130 1
1914471 1
1914804 1
1915786 1
1916405 1
1922985 1
1928275 1
1934519 1
1937675 1
1938418 1
1948391 1
1950279 1
1950318 1
1959386 1
1962705 1
1967946 1
1976197 1
1978187 1
1979727 1
1980048 1
1980835 1
1983490 1
1998183 1
1998231 1
1998358 1
1999350 1
2001945 1
2003782 1
2006666 1
2008017 1
2008225 1
2009421 1
2009425 1
2010103 1
2018339 1
2021219 1
2023405 1
2043726 1
2052726 1
2052923 1
2052923 1
2053044 1
2053366 1
2058303 1
2059073 1
2059073 1
2063915 1
2067096 1
2067166 1
2068302 1
2068428 1
2068440 1
2069534 1
2070364 1
2073860 1
2080351 1
2083957 1
2095848 1
2097714 1
2102641 1
2102757 1
2104561 1
2114697 1
2116678 1
2121477 1
2126480 1
2132746 1
2134095 1
2138936 1
2141949 1
2147937 1
2150374 1
2152980 1
2156745 1
2163470 1
2163945 1
2171529 1
2172168 1
2175552 1
2187246 1
2195017 1
2197078 1
2200075 1
2205426 1
2213825 1
2230848 1
2237116 1
2238853 1
2240539 1
2268400 1
2268558 1
2271432 1
2273121 1
2273920 1
2276712 1
2278885 1
2281989 1
2284495 1
2293254 1
2294552 1
2297617 1
2302607 1
2307093 1
2307137 1
2325930 1
2333587 1
2334325 1
2350163 1
2359052 1
2360969 1
2362775 1
2382625 1
2385892 1
2393479 1
2401088 1
2401389 1
2401493 1
2406130 1
2407342 1
2408389 1
2411173 1
2413918 1
2415476 1
2419949 1
2422891 1
2424007 1
2424059 1
2426314 1
2427151 1
2428744 1
2432793 1
2439380 1
2439523 1
2442362 1
2443378 1
2447333 1
2461206 1
2461303 1
2461324 1
2468130 1
2471815 1
2472484 1
2477684 1
2478985 1
2483080 1
2486373 1
2487451 1
2488578 1
2493773 1
2495907 1
2495955 1
2521740 1
2522845 1
2524991 1
2525397 1
2543621 1
2545902 1
2548815 1
2556708 1
2565367 1
2572370 1
2573845 1
2577538 1
2580261 1
2581634 1
2590955 1
2605840 1
2610848 1
2615556 1
2616303 1
2616988 1
2618337 1
2623700 1
2625230 1
2626861 1
2629462 1
2631083 1
2632332 1
2637598 1
2647940 1
2656935 1
2660498 1
2661027 1
2662418 1
2667932 1
2671418 1
2672827 1
2676744 1
2684011 1
2686043 1
2687958 1
2689654 1
2691071 1
2703172 1
2713925 1
2718419 1
2718720 1
2730840 1
2732862 1
2733876 1
2741600 1
2742055 1
2742946 1
2758123 1
2782162 1
2783311 1
2791829 1
2793467 1
2793749 1
2801696 1
2801970 1
2802810 1
2803763 1
2817692 1
2827499 1
2837975 1
2839635 1
2840351 1
2849474 1
2850293 1
2850576 1
2851571 1
2852044 1
2852455 1
2852527 1
2859129 1
2861112 1
2867685 1
2870349 1
2879651 1
2881422 1
2885988 1
2887971 1
2893494 1
2894635 1
2900099 1
2902283 1
2902485 1
2903129 1
2919886 1
2922386 1
2924839 1
2926271 1
2928617 1
2929427 1
2931341 1
2932410 1
2935780 1
2946371 1
2955834 1
2967446 1
2967592 1
2969683 1
2971651 1
2971667 1
2982215 1
2982551 1
2984635 1
2987982 1
2988046 1
2992002 1
2992694 1
3003262 1
3006201 1
3006488 1
3006776 1
3007445 1
3007582 1
3007782 1
3009494 1
3024516 1
3026529 1
3032152 1
3039162 1
3039846 1
3049224 1
3049445 1
3057507 1
3058680 1
3062507 1
3062869 1
3066242 1
3067620 1
3069183 1
3072487 1
3077305 1
3078209 1
3088536 1
3092489 1
3095310 1
3095891 1
3103988 1
3105101 1
3105105 1
3116520 1
3117348 1
3121910 1
3125992 1
3130460 1
3147337 1
3147651 1
3151484 1
3157385 1
3162328 1
3163888 1
3172464 1
3176089 1
3179329 1
3180322 1
3181601 1
3187254 1
3187269 1
3190533 1
3194492 1
3195026 1
3197454 1
3214292 1
3218279 1
3231843 1
3233859 1
3237925 1
3238427 1
3244429 1
3248252 1
3248479 1
3249425 1
3250246 1
3260918 1
3263878 1
3265244 1
3269554 1
3273276 1
3284173 1
3284300 1
3290370 1
3292666 1
3292668 1
3299254 1
3302614 1
3314553 1
3316147 1
3319220 1
3319316 1
3320723 1
3321940 1
3322156 1
3328300 1
3343730 1
3353675 1
3360393 1
3364861 1
3372833 1
3373028 1
3374473 1
3377704 1
3379522 1
3379706 1
3381082 1
3389584 1
3393667 1
3393908 1
3395075 1
3401266 1
3403036 1
3414277 1
3415881 1
3431157 1
3433665 1
3433776 1
3434124 1
3434137 1
3468931 1
3489060 1
3495640 1
3501799 1
3503928 1
3505623 1
3507645 1
3511877 1
3515431 1
3515713 1
3519176 1
3524281 1
3525256 1
3525272 1
3531719 1
3544638 1
3552596 1
3557240 1
3561780 1
3569749 1
3575543 1
3581451 1
3590003 1
3594979 1
3599111 1
3599447 1
3602662 1
3606304 1
3609213 1
3609366 1
3621344 1
3623711 1
3656286 1
3659622 1
3665608 1
3675405 1
3675573 1
3690149 1
3692057 1
3693808 1
3704804 1
3707836 1
3708508 1
3708520 1
3716234 1
3716493 1
3717069 1
3717457 1
3737739 1
3744686 1
3748967 1
3765558 1
3781523 1
3784384 1
3786210 1
3791454 1
3792194 1
3795357 1
3801426 1
3805096 1
3805188 1
3818663 1
3823123 1
3830610 1
3847459 1
3858737 1
3859956 1
3860295 1
3861588 1
3862039 1
3863809 1
3864236 1
3864355 1
3865715 1
3872109 1
3874201 1
3874841 1
3876550 1
3876795 1
3878057 1
3883240 1
3893769 1
3898222 1
3912765 1
3942993 1
3944675 1
3955030 1
3955617 1
3978253 1
3984496 1
3988307 1
3994507 1
3995722 1
4005926 1
4006840 1
4008378 1
4008780 1
4017408 1
4021822 1
4026700 1
4040714 1
4040797 1
4055002 1
4055993 1
4068967 1
4068971 1
4076142 1
4078547 1
4089100 1
4095438 1
4127706 1
4130395 1
4133785 1
4137306 1
4138284 1
4143568 1
4156014 1
4160539 1
4164814 1
4165940 1
4167965 1
4173120 1
4184170 1
4190370 1
4202908 1
4205896 1
4212579 1
4217057 1
4229829 1
4232427 1
4238083 1
4239174 1
4246480 1
4246480 1
4253652 1
4256091 1
4261230 1
4264456 1
4267026 1
4270788 1
4271984 1
4272023 1
4273509 1
4291772 1
4294639 1
4298197 1
4298661 1
4305449 1
4309754 1
4316020 1
4317813 1
4321310 1
4323267 1
4334821 1
4336329 1
4336866 1
4339963 1
4340151 1
4340671 1
4345652 1
4348513 1
4348521 1
4352081 1
4357488 1
4370180 1
4383343 1
4397346 1
4399438 1
4402810 1
4405119 1
4409825 1
4414766 1
4417757 1
4418388 1
4421654 1
4422819 1
4423108 1
4428683 1
4429535 1
4437481 1
4437597 1
4437690 1
4443101 1
4444416 1
4448278 1
4449747 1
4463332 1
4463637 1
4470370 1
4475846 1
4478721 1
4482516 1
4484678 1
4494819 1
4503223 1
4505343 1
4505356 1
4521048 1
4530671 1
4534194 1
4543895 1
4544064 1
4545233 1
4567038 1
4567599 1
4575633 1
4587536 1
4596334 1
4601743 1
4604829 1
4622038 1
4641129 1
4643838 1
4645970 1
4653254 1
4656271 1
4656527 1
4669785 1
4672349 1
4686866 1
4687416 1
4694469 1
4695598 1
4697518 1
4706109 1
4709280 1
4710165 1
4718389 1
4737318 1
4738374 1
4749810 1
4752752 1
4758564 1
4760901 1
4760901 1
4767628 1
4769977 1
4773009 1
4774473 1
4775644 1
4788504 1
4789896 1
4790189 1
4805411 1
4808578 1
4808635 1
4810242 1
4810250 1
4813083 1
4813483 1
4816648 1
4819288 1
4821048 1
4821909 1
4822152 1
4826700 1
4827559 1
4835437 1
4837902 1
4847392 1
4850583 1
4850748 1
4852768 1
4857806 1
4858954 1
4859921 1
4861242 1
4868962 1
4890362 1
4893858 1
4899558 1
4899573 1
4900558 1
4905672 1
4905672 1
4911990 1
4912120 1
4922774 1
4928313 1
4930404 1
4942026 1
4946456 1
4946456 1
4952550 1
4961358 1
4961416 1
4961447 1
4963191 1
4988065 1
4989266 1
4989499 1
4989919 1
4990258 1
4990310 1
5000783 1
5023759 1
5029159 1
5032503 1
5033284 1
5033823 1
5036694 1
5040135 1
5042171 1
5043016 1
5052185 1
5059849 1
5068704 1
5081522 1
5089862 1
5123695 1
5127992 1
5136346 1
5139854 1
5151898 1
5154693 1
5156724 1
5159312 1
5168958 1
5168964 1
5172521 1
5173167 1
5181727 1
5187585 1
5190821 1
5204246 1
5208243 1
5209028 1
5226303 1
5228937 1
5231849 1
5237990 1
5246264 1
5249796 1
5259484 1
5260497 1
5270526 1
5275310 1
5280197 1
5287546 1
5289234 1
5291373 1
5300047 1
5301838 1
5305726 1
5306308 1
5310333 1
5323966 1
5324399 1
5324567 1
5328821 1
5329719 1
5332133 1
5334421 1
5341235 1
5346415 1
5355859 1
5363576 1
5377124 1
5379531 1
5379983 1
5379992 1
5384002 1
5387333 1
5395218 1
5418089 1
5425599 1
5427859 1
5428811 1
5443328 1
5446251 1
5451492 1
5451962 1
5454782 1
5455040 1
5455923 1
5463114 1
5464780 1
5488285 1
5492805 1
5492922 1
5499000 1
5514940 1
5530560 1
5540280 1
5553249 1
5561649 1
5562429 1
5563433 1
5566846 1
5569087 1
5570814 1
5576252 1
5587371 1
5591415 1
5592223 1
5595630 1
5596296 1
5606451 1
5611102 1
5617357 1
5619679 1
5637223 1
5639748 1
5646048 1
5646049 1
5651799 1
5656683 1
5658967 1
5663542 1
5666057 1
5666418 1
5674471 1
5677850 1
5680823 1
5682380 1
5692871 1
5699787 1
5700643 1
5700974 1
5702830 1
5704484 1
5709173 1
5709230 1
5709994 1
5714478 1
5715246 1
5716526 1
5719707 1
5720028 1
5734853 1
5742638 1
5746063 1
5747940 1
5749890 1
5765345 1
5767445 1
5770192 1
5770355 1
5776081 1
5776801 1
5777272 1
5788421 1
5789778 1
5793411 1
5800994 1
5804580 1
5808921 1
5809102 1
5811255 1
5819472 1
5819841 1
5820667 1
5821167 1
5822176 1
5826278 1
5827836 1
5835250 1
5847719 1
5848394 1
5850173 1
5854671 1
5862975 1
5868425 1
5876771 1
5877703 1
5877870 1
5878639 1
5878733 1
5879083 1
5879083 1
5879678 1
5883222 1
5886230 1
5886831 1
5888256 1
5888392 1
5892567 1
5893640 1
5894931 1
5898178 1
5904588 1
5906770 1
5907168 1
5915599 1
5923078 1
5923880 1
5924539 1
5933790 1
5940087 1
5942765 1
5948161 1
5948420 1
5950062 1
5950262 1
5968781 1
5969599 1
5971146 1
5971823 1
5971914 1
5972672 1
5975078 1
5975288 1
5983539 1
5985526 1
5986122 1
5988188 1
5993221 1
5994260 1
5996250 1
5996583 1
6004731 1
6005572 1
6005848 1
6007542 1
6013925 1
6014598 1
6019859 1
6020426 1
6020671 1
6022503 1
6025918 1
6028079 1
6029262 1
6031588 1
6036009 1
6042415 1
6043842 1
6044271 1
6048644 1
6049477 1
6060847 1
6063510 1
6073425 1
6079036 1
6098989 1
6100554 1
6124714 1
6137692 1
6140045 1
6145893 1
6148204 1
6148549 1
6153248 1
6155042 1
6156328 1
6157666 1
6158658 1
6165867 1
6181036 1
6185576 1
6195383 1
6198234 1
6200331 1
6236933 1
6257918 1
6264893 1
6265457 1
6276311 1
6276940 1
6278009 1
6281087 1
6284419 1
6291741 1
6308222 1
6314219 1
6322878 1
6324131 1
6332430 1
6332537 1
6336653 1
6341481 1
6355186 1
6357501 1
6358229 1
6358229 1
6358982 1
6359123 1
6360589 1
6361489 1
6365664 1
6368234 1
6373261 1
6376465 1
6379431 1
6379922 1
6381506 1
6389912 1
6393551 1
6394578 1
6405360 1
6406385 1
6408527 1
6408529 1
6409688 1
6418613 1
6419711 1
6444924 1
6446053 1
6450382 1
6453538 1
6459015 1
6471024 1
6479184 1
6483272 1
6496751 1
6505341 1
6506549 1
6507294 1
6509184 1
6512436 1
6512536 1
6518113 1
6519647 1
6519679 1
6519925 1
6524802 1
6525802 1
6529948 1
6530533 1
6533479 1
6534688 1
6534740 1
6540910 1
6541017 1
6542580 1
6542640 1
6543118 1
6544659 1
6547807 1
6547901 1
6549375 1
6550195 1
6550710 1
6552275 1
6552536 1
6573155 1
6581552 1
6598417 1
6606478 1
6614089 1
6615645 1
6620813 1
6628466 1
6634135 1
6637782 1
6645146 1
6647666 1
6650752 1
6653502 1
6654209 1
6660542 1
6662988 1
6663911 1
6666223 1
6675219 1
6684794 1
6686305 1
6688317 1
6688345 1
6699535 1
6707398 1
6717795 1
6717811 1
6719894 1
6721041 1
6725604 1
6730536 1
6734014 1
6735816 1
6745714 1
6748143 1
6754261 1
6766514 1
6770399 1
6771708 1
6772245 1
6781266 1
6789421 1
6789423 1
6793605 1
6796863 1
6804945 1
6805819 1
6807684 1
6808378 1
6809726 1
6812565 1
6833961 1
6844250 1
6851490 1
6852743 1
6854868 1
6859941 1
6862653 1
6862776 1
6862840 1
6867771 1
6870694 1
6874541 1
6877448 1
6879157 1
6881886 1
6884007 1
6896818 1
6897896 1
6898537 1
6908271 1
6913477 1
6918738 1
6927522 1
6929631 1
6929637 1
6931638 1
6932784 1
6933469 1
6938055 1
6940530 1
6944495 1
6950876 1
6952181 1
6960629 1
6962452 1
6963735 1
6964528 1
6971597 1
6972311 1
6973090 1
6977237 1
6986957 1
6986958 1
6989773 1
6990432 1
6998215 1
6999160 1
7006846 1
7008122 1
7012184 1
7013560 1
7016615 1
7017032 1
7022254 1
7023267 1
7025179 1
7026184 1
7026384 1
7027762 1
7029253 1
7031697 1
7033884 1
7034152 1
7034153 1
7034756 1
7043409 1
7059799 1
7071728 1
7071968 1
7077350 1
7078715 1
7084514 1
7106086 1
7109867 1
7110355 1
7110769 1
7118045 1
7122598 1
7123379 1
7127103 1
7129715 1
7130951 1
7133144 1
7133320 1
7135023 1
7139758 1
7139854 1
7165319 1
7177932 1
7189855 1
7191813 1
7198110 1
7200588 1
7200956 1
7205605 1
7219194 1
7220029 1
7228060 1
7229119 1
7232296 1
7232586 1
7236403 1
7238868 1
7239834 1
7257961 1
7258684 1
7259838 1
7260014 1
7265840 1
7270057 1
7271062 1
7271558 1
7273539 1
7273675 1
7281575 1
7283277 1
7283514 1
7286550 1
7305526 1
7309065 1
7311181 1
7314682 1
7314998 1
7326492 1
7326718 1
7328291 1
7328831 1
7329685 1
7331399 1
7334416 1
7337642 1
7342567 1
7343462 1
7349022 1
7354964 1
7358006 1
7358045 1
7364048 1
7364141 1
7364861 1
7365123 1
7369900 1
7371010 1
7382947 1
7387823 1
7391139 1
7394960 1
7395926 1
7401196 1
7401872 1
7403768 1
7405049 1
7408774 1
7409104 1
7414238 1
7414411 1
7417189 1
7418767 1
7432893 1
7442505 1
7455345 1
7458530 1
7460978 1
7472104 1
7475497 1
7476394 1
7482976 1
7495392 1
7495396 1
7503232 1
7505636 1
7508752 1
7510400 1
7517833 1
7520844 1
7521284 1
7521715 1
7523705 1
7524843 1
7525137 1
7536382 1
7540547 1
7541400 1
7550599 1
7570160 1
7584882 1
7588387 1
7593127 1
7593191 1
7593272 1
7594658 1
7596255 1
7596740 1
7596789 1
7597335 1
7598656 1
7605879 1
7612015 1
7612257 1
7615256 1
7622097 1
7625463 1
7629563 1
7633825 1
7634072 1
7636570 1
7639991 1
7648441 1
7654738 1
7663149 1
7666207 1
7666313 1
7666697 1
7668249 1
7669242 1
7676489 1
7682086 1
7683316 1
7694449 1
7702607 1
7704765 1
7708013 1
7708320 1
7708320 1
7713908 1
7732691 1
7733394 1
7750893 1
7755421 1
7757182 1
7761533 1
7774417 1
7775237 1
7775375 1
7777125 1
7780669 1
7780869 1
7790461 1
7791593 1
7801615 1
7803184 1
7811491 1
7831665 1
7835490 1
7835511 1
7837559 1
7837831 1
7838867 1
7839778 1
7845072 1
7845299 1
7849299 1
7850507 1
7852420 1
7860152 1
7863567 1
7868067 1
7870241 1
7871791 1
7891435 1
7892262 1
7892308 1
7894312 1
7898970 1
7899587 1
7900258 1
7902689 1
7909890 1
7914132 1
7915018 1
7916073 1
7916172 1
7916174 1
7916923 1
7917694 1
7918065 1
7921275 1
7928093 1
7935180 1
7942556 1
7945968 1
7950633 1
7954480 1
7958666 1
7961613 1
7962914 1
7974226 1
7974226 1
7985156 1
7985600 1
7996286 1
7997273 1
7999467 1
8000927 1
8003058 1
8003222 1
8008948 1
8010293 1
8012662 1
8018864 1
8019682 1
8020563 1
8021417 1
8022897 1
8026955 1
8026975 1
8027551 1
8032983 1
8033997 1
8036067 1
8037606 1
8037883 1
8037897 1
8040701 1
8041159 1
8042402 1
8043398 1
8045130 1
8045843 1
8052700 1
8052704 1
8053001 1
8053953 1
8055578 1
8058014 1
8058147 1
8058544 1
8061004 1
8061104 1
8062406 1
8063558 1
8066292 1
8067932 1
8069765 1
8070668 1
8071598 1
8073872 1
8075059 1
8080190 1
8081013 1
8085476 1
8091634 1
8095213 1
8096132 1
8098971 1
8098971 1
8099976 1
8102388 1
8106965 1
8112374 1
8113799 1
8115107 1
8115644 1
8119962 1
8120457 1
8122592 1
8122879 1
8125132 1
8127207 1
8127313 1
8127313 1
8130584 1
8135177 1
8137097 1
8137662 1
8137666 1
8137790 1
8138702 1
8141760 1
8144204 1
8144223 1
8145507 1
8147041 1
8149266 1
8150256 1
8150763 1
8153363 1
8153889 1
8155561 1
8157685 1
8161670 1
8162051 1
8162509 1
8163330 1
8164495 1
8164570 1
8166531 1
8170343 1
8170534 1
8178146 1
8180446 1
8185692 1
8204026 1
8209006 1
8210303 1
8213103 1
8217055 1
8217554 1
8218909 1
8219713 1
8220810 1
8222257 1
8224759 1
8236908 1
8237098 1
8237575 1
8245334 1
8254489 1
8270852 1
8275477 1
8285712 1
8294399 1
8297548 1
8298365 1
1838 1
2477 1
2477 1
3482 1
10912 1
19428 1
21421 1
33943 1
35216 1
50621 1
53859 1
60019 1
61692 1
62647 1
74481 1
74482 1
76151 1
77065 1
77663 1
80613 1
93712 1
94631 1
98330 1
101769 1
102715 1
102845 1
103470 1
105425 1
105776 1
110466 1
110539 1
112511 1
112511 1
116063 1
116978 1
117196 1
117977 1
118320 1
118551 1
118642 1
120865 1
122392 1
123525 1
123928 1
125870 1
127734 1
128384 1
129220 1
129898 1
129910 1
131708 1
136285 1
137490 1
138263 1
138328 1
139632 1
141893 1
142693 1
142928 1
143898 1
143965 1
144331 1
144531 1
146247 1
149560 1
150830 1
157413 1
160769 1
164467 1
167897 1
170834 1
170834 1
175429 1
176162 1
181890 1
182025 1
187204 1
188322 1
189411 1
190217 1
195107 1
201453 1
202157 1
203147 1
210604 1
211578 1
213053 1
216089 1
221141 1
222122 1
223698 1
224137 1
225907 1
227005 1
227304 1
227447 1
229490 1
230859 1
230892 1
232044 1
246623 1
259445 1
268009 1
272690 1
280353 1
294011 1
302670 1
312495 1
328471 1
330370 1
337024 1
338910 1
348345 1
365655 1
407554 1
411413 1
425390 1
426579 1
428985 1
436884 1
440923 1
442072 1
443079 1
457468 1
462060 1
463488 1
488577 1
490362 1
493450 1
494456 1
494786 1
499565 1
500171 1
506327 1
509838 1
514059 1
525807 1
554861 1
555240 1
561684 1
563628 1
566294 1
568587 1
570086 1
572036 1
572255 1
573204 1
576218 1
577679 1
580064 1
588620 1
598705 1
625325 1
627253 1
639396 1
642816 1
644491 1
647082 1
648212 1
660381 1
662946 1
665725 1
674198 1
710110 1
711382 1
716610 1
719445 1
725762 1
727802 1
733053 1
733347 1
739921 1
752807 1
756564 1
760413 1
761156 1
761715 1
764606 1
778977 1
780980 1
791858 1
792438 1
797924 1
821467 1
834132 1
835197 1
837232 1
840046 1
844299 1
845446 1
845470 1
846016 1
865438 1
869466 1
883450 1
884721 1
885141 1
890274 1
890399 1
891404 1
897529 1
912939 1
920164 1
920516 1
921801 1
922578 1
925817 1
928456 1
928469 1
931130 1
935220 1
935628 1
936265 1
940588 1
953826 1
964020 1
964028 1
972881 1
974071 1
974641 1
980100 1
985459 1
987444 1
999811 1
1006853 1
1007395 1
1010097 1
1011938 1
1028641 1
1029073 1
1031054 1
1035959 1
1039144 1
1040135 1
1041831 1
1045915 1
1047206 1
1047433 1
1051555 1
1051848 1
1056262 1
1056405 1
1058637 1
1059907 1
1060426 1
1060426 1
1060426 1
1061168 1
1061176 1
1061391 1
1062633 1
1064013 1
1064365 1
1064401 1
1064416 1
1078504 1
1084283 1
1084763 1
1084930 1
1085840 1
1086517 1
1087055 1
1092691 1
1093464 1
1096086 1
1096405 1
1096430 1
1096462 1
1098589 1
1103534 1
1104469 1
1106450 1
1107198 1
1110156 1
1110450 1
1119907 1
1133487 1
1134436 1
1139857 1
1141670 1
1146769 1
1147868 1
1155465 1
1164653 1
1171655 1
1184503 1
1191391 1
1204881 1
1214555 1
1215461 1
1218753 1
1222554 1
1223458 1
1226221 1
1227687 1
1228758 1
1238562 1
1239963 1
1256269 1
1257235 1
1257656 1
1261029 1
1266243 1
1266996 1
1272430 1
1273733 1
1274106 1
1298575 1
1307606 1
1307944 1
1309193 1
1310154 1
1310337 1
1313470 1
1320942 1
1323507 1
1327249 1
1327474 1
1327914 1
1330627 1
1330678 1
1344111 1
1345117 1
1351055 1
1353177 1
1356566 1
1369914 1
1381647 1
1382453 1
1397798 1
1405394 1
1406204 1
1406312 1
1406442 1
1407520 1
1414369 1
1416629 1
1416629 1
1416836 1
1416836 1
1422954 1
1432183 1
1436775 1
1443585 1
1451471 1
1452930 1
1456348 1
1459627 1
1459862 1
1462194 1
1464429 1
1475006 1
1475114 1
1475485 1
1475931 1
1477608 1
1478315 1
1481599 1
1483540 1
1486299 1
1493281 1
1499121 1
1506766 1
1506931 1
1509768 1
1513464 1
1523978 1
1535876 1
1535877 1
1542207 1
1543861 1
1555390 1
1559553 1
1570604 1
1573599 1
1574452 1
1575292 1
1584225 1
1585795 1
1589876 1
1592926 1
1595138 1
1604353 1
1607632 1
1615614 1
1633490 1
1634739 1
1634819 1
1636103 1
1636443 1
1636940 1
1637179 1
1637179 1
1637547 1
1646022 1
1655616 1
1658622 1
1660409 1
1663678 1
1666988 1
1669079 1
1678069 1
1680217 1
1688226 1
1690466 1
1692709 1
1693308 1
1694935 1
1699945 1
1700152 1
1703483 1
1704853 1
1705721 1
1710610 1
1722233 1
1729224 1
1735654 1
1738946 1
1744399 1
1744755 1
1745369 1
1745372 1
1748839 1
1759785 1
1773489 1
1775554 1
1779452 1
1779613 1
1779613 1
1787100 1
1787824 1
1791157 1
1792333 1
1801143 1
1814115 1
1815446 1
1818181 1
1822962 1
1823476 1
1826046 1
1834475 1
1840540 1
1843589 1
1843703 1
1847723 1
1857316 1
1859793 1
1864430 1
1868638 1
1870902 1
1871265 1
1872028 1
1879339 1
1882859 1
1884015 1
1884201 1
1884554 1
1884555 1
1885875 1
1886618 1
1890373 1
1897589 1
1905334 1
1905737 1
1910285 1
1937297 1
1937925 1
1937966 1
1938927 1
1939030 1
1940901 1
1943990 1
1944087 1
1950134 1
1951777 1
1952110 1
1953508 1
1959923 1
1974188 1
1976159 1
1979554 1
1995971 1
2002659 1
2018508 1
2022862 1
2028590 1
2029766 1
2031531 1
2037002 1
2037150 1
2042332 1
2047160 1
2053872 1
2056221 1
2057402 1
2061920 1
2062311 1
2064268 1
2066347 1
2067234 1
2079153 1
2094094 1
2095983 1
2100167 1
2104959 1
2117104 1
2118637 1
2120025 1
2122332 1
2126758 1
2132543 1
2132656 1
2135724 1
2135994 1
2145493 1
2150923 1
2156356 1
2157470 1
2158115 1
2171711 1
2185807 1
2187395 1
2191214 1
2208292 1
2210865 1
2216787 1
2220670 1
2241373 1
2249266 1
2254843 1
2257808 1
2266026 1
2267687 1
2273113 1
2274033 1
2282975 1
2289459 1
2290764 1
2293208 1
2294945 1
2305424 1
2308933 1
2313922 1
2318824 1
2319686 1
2321989 1
2327472 1
2339862 1
2341239 1
2344123 1
2373158 1
2377291 1
2378464 1
2384795 1
2388456 1
2393450 1
2400736 1
2406073 1
2406230 1
2407184 1
2412257 1
2419863 1
2421960 1
2424275 1
2427000 1
2427801 1
2427825 1
2431804 1
2432669 1
2438398 1
2438600 1
2440657 1
2440701 1
2445548 1
2445552 1
2445558 1
2460372 1
2463673 1
2467668 1
2469422 1
2472384 1
2474935 1
2475324 1
2477066 1
2482507 1
2488551 1
2492955 1
2496066 1
2502013 1
2506035 1
2506165 1
2506165 1
2507271 1
2507575 1
2514778 1
2519249 1
2526608 1
2527342 1
2527566 1
2536716 1
2547960 1
2549803 1
2550444 1
2556425 1
2566036 1
2570353 1
2577088 1
2588091 1
2590344 1
2595534 1
2596166 1
2597245 1
2603541 1
2605789 1
2611839 1
2615200 1
2616110 1
2616793 1
2621852 1
2623461 1
2630409 1
2653792 1
2669766 1
2669772 1
2676825 1
2682386 1
2687216 1
2689487 1
2690432 1
2706880 1
2710290 1
2711489 1
2718743 1
2722695 1
2729370 1
2730150 1
2736527 1
2742454 1
2745962 1
2750985 1
2755813 1
2771826 1
2776219 1
2780828 1
2780855 1
2781100 1
2789189 1
2792972 1
2793364 1
2793726 1
2795742 1
2800688 1
2800854 1
2801991 1
2805553 1
2815976 1
2818003 1
2821329 1
2824592 1
2824937 1
2830819 1
2833817 1
2836396 1
2840699 1
2843649 1
2843790 1
2848633 1
2850380 1
2850393 1
2851216 1
2851714 1
2851993 1
2853565 1
2868233 1
2878912 1
2880409 1
2897426 1
2897999 1
2898322 1
2900872 1
2911040 1
2918428 1
2919631 1
2921530 1
2929225 1
2930784 1
2932311 1
2949421 1
2970174 1
2970913 1
2973449 1
2976703 1
2981902 1
2983628 1
2983981 1
2988422 1
2990081 1
2992847 1
2994019 1
2999113 1
3006652 1
3009192 1
3010632 1
3011996 1
3021000 1
3029559 1
3032453 1
3033974 1
3038503 1
3042189 1
3046315 1
3057160 1
3068594 1
3080694 1
3084187 1
3099175 1
3104599 1
3106229 1
3109798 1
3113694 1
3113946 1
3115882 1
3117619 1
3124728 1
3127543 1
3129706 1
3130459 1
3148230 1
3148544 1
3153426 1
3153427 1
3156908 1
3158920 1
3162473 1
3163597 1
3164787 1
3167329 1
3176831 1
3177653 1
3179444 1
3181652 1
3184763 1
3185739 1
3189055 1
3191026 1
3192477 1
3206472 1
3206854 1
3215652 1
3221704 1
3225310 1
3227131 1
3227132 1
3227134 1
3239137 1
3242417 1
3254084 1
3256740 1
3269341 1
3269341 1
3271119 1
3271472 1
3271649 1
3273152 1
3276895 1
3284810 1
3288492 1
3305148 1
3306411 1
3306457 1
3307612 1
3308951 1
3311653 1
3312098 1
3314960 1
3318489 1
3320479 1
3321113 1
3321819 1
3323187 1
3323697 1
3328379 1
3329414 1
3332781 1
3333833 1
3335760 1
3343423 1
3343438 1
3344588 1
3355642 1
3360507 1
3365321 1
3372920 1
3376382 1
3377118 1
3377298 1
3377321 1
3383288 1
3383301 1
3388566 1
3404345 1
3405953 1
3409060 1
3414203 1
3414677 1
3424177 1
3427719 1
3431038 1
3433832 1
3434183 1
3435769 1
3441746 1
3446730 1
3451887 1
3464683 1
3469201 1
3476833 1
3486063 1
3490432 1
3503811 1
3506148 1
3511628 1
3513750 1
3519600 1
3519867 1
3521016 1
3523859 1
3526916 1
3533792 1
3539532 1
3539539 1
3541584 1
3544906 1
3545180 1
3548631 1
3555024 1
3556530 1
3560524 1
3574940 1
3589061 1
3589511 1
3590303 1
3592635 1
3598070 1
3620153 1
3624725 1
3631227 1
3634613 1
3641643 1
3649320 1
3660195 1
3665196 1
3673508 1
3688075 1
3688228 1
3697465 1
3712028 1
3716445 1
3720198 1
3745559 1
3745561 1
3751199 1
3752384 1
3752414 1
3752455 1
3756043 1
3757540 1
3758286 1
3759613 1
3760471 1
3762638 1
3764444 1
3769600 1
3777065 1
3778770 1
3778770 1
3780818 1
3782842 1
3790194 1
3792159 1
3794964 1
3797893 1
3799874 1
3806002 1
3816055 1
3817952 1
3830037 1
3854022 1
3858689 1
3860118 1
3863197 1
3866758 1
3869572 1
3871496 1
3871973 1
3872251 1
3874577 1
3883383 1
3884997 1
3885586 1
3886139 1
3891215 1
3922561 1
3937264 1
3945293 1
3945807 1
3946235 1
3955700 1
3961395 1
3966569 1
3973288 1
3976602 1
3981279 1
3987880 1
4002935 1
4006764 1
4007558 1
4008627 1
4011675 1
4015551 1
4018774 1
4023826 1
4032206 1
4032956 1
4036690 1
4047614 1
4052243 1
4055381 1
4062533 1
4065814 1
4067169 1
4079780 1
4090362 1
4094734 1
4101370 1
4101400 1
4110036 1
4113670 1
4116698 1
4123402 1
4130418 1
4139696 1
4141825 1
4141855 1
4142823 1
4151500 1
4162201 1
4162923 1
4168041 1
4168049 1
4172944 1
4173685 1
4180519 1
4187465 1
4188576 1
4189171 1
4190214 1
4199801 1
4201561 1
4211760 1
4211760 1
4213919 1
4222157 1
4223729 1
4227182 1
4228241 1
4228241 1
4230107 1
4232945 1
4234198 1
4236796 1
4236835 1
4237192 1
4242892 1
4243238 1
4248741 1
4258799 1
4261514 1
4262874 1
4282456 1
4282684 1
4288852 1
4296939 1
4297345 1
4309945 1
4316760 1
4321677 1
4326140 1
4333596 1
4337617 1
4339483 1
4343083 1
4344793 1
4344936 1
4348148 1
4348565 1
4353621 1
4356453 1
4360605 1
4362475 1
4363051 1
4363367 1
4367415 1
4367426 1
4371440 1
4371860 1
4371878 1
4374428 1
4376762 1
4378006 1
4379768 1
4385044 1
4394609 1
4396589 1
4400424 1
4409810 1
4411133 1
4415555 1
4416966 1
4421378 1
4424190 1
4429124 1
4430166 1
4430217 1
4436500 1
4437272 1
4437790 1
4444765 1
4449027 1
4458252 1
4471457 1
4471641 1
4473209 1
4474196 1
4478841 1
4479490 1
4485233 1
4488509 1
4503013 1
4504999 1
4514452 1
4528159 1
4538255 1
4563622 1
4571244 1
4597652 1
4601948 1
4603153 1
4632158 1
4635291 1
4644479 1
4646706 1
4650595 1
4660530 1
4667288 1
4670010 1
4670337 1
4684890 1
4695627 1
4707972 1
4709098 1
4710352 1
4712693 1
4719501 1
4723783 1
4724529 1
4735461 1
4737985 1
4738699 1
4743936 1
4748939 1
4750924 1
4752312 1
4760814 1
4771072 1
4781070 1
4788835 1
4791337 1
4791505 1
4791883 1
4797818 1
4805008 1
4812031 1
4816175 1
4819879 1
4820180 1
4820251 1
4825590 1
4834981 1
4838368 1
4845256 1
4853324 1
4854113 1
4855167 1
4864201 1
4870547 1
4878805 1
4879460 1
4882951 1
4884189 1
4885761 1
4885777 1
4886095 1
4891413 1
4894748 1
4900605 1
4906646 1
4909682 1
4909686 1
4909998 1
4914201 1
4926385 1
4936059 1
4945704 1
4969116 1
4973131 1
4973131 1
4977668 1
4977914 1
4978036 1
5000464 1
5013372 1
5014592 1
5023493 1
5029397 1
5032528 1
5033230 1
5033838 1
5045977 1
5047134 1
5048172 1
5048489 1
5062841 1
5069431 1
5086813 1
5104479 1
5118420 1
5136616 1
5143676 1
5145232 1
5145563 1
5158698 1
5170452 1
5175195 1
5179929 1
5189205 1
5190812 1
5191830 1
5192549 1
5194092 1
5208483 1
5220426 1
5225546 1
5231734 1
5233367 1
5235369 1
5236081 1
5236364 1
5240048 1
5245519 1
5258170 1
5258529 1
5260990 1
5263724 1
5272564 1
5274917 1
5274917 1
5283422 1
5285913 1
5289515 1
5290386 1
5293212 1
5293907 1
5299197 1
5299286 1
5301793 1
5313892 1
5314247 1
5314349 1
5318190 1
5327301 1
5330390 1
5351502 1
5354362 1
5354376 1
5356473 1
5363579 1
5369178 1
5375973 1
5376508 1
5377401 1
5381757 1
5382858 1
5384527 1
5385264 1
5386038 1
5416239 1
5424370 1
5426501 1
5433596 1
5435129 1
5436115 1
5436344 1
5440470 1
5440662 1
5442242 1
5450282 1
5458521 1
5460527 1
5462228 1
5465399 1
5479446 1
5488091 1
5491360 1
5498213 1
5503906 1
5507370 1
5514560 1
5521274 1
5525300 1
5525526 1
5527086 1
5529226 1
5538350 1
5538483 1
5543434 1
5545967 1
5547865 1
5547985 1
5549749 1
5552654 1
5554989 1
5568789 1
5568990 1
5594152 1
5599098 1
5602473 1
5606831 1
5610855 1
5615744 1
5616361 1
5618340 1
5622297 1
5636163 1
5638515 1
5639685 1
5640709 1
5640709 1
5658164 1
5666004 1
5666100 1
5666107 1
5666123 1
5666224 1
5666360 1
5682837 1
5683069 1
5683362 1
5687779 1
5688353 1
5689187 1
5689632 1
5690583 1
5704210 1
5710269 1
5711261 1
5712285 1
5712955 1
5715895 1
5726476 1
5732153 1
5732154 1
5742051 1
5744780 1
5748039 1
5748378 1
5748556 1
5748556 1
5752494 1
5758482 1
5767434 1
5767434 1
5770387 1
5771401 1
5776813 1
5800040 1
5809059 1
5809602 1
5819995 1
5821373 1
5822309 1
5822784 1
5827854 1
5831580 1
5836724 1
5850467 1
5860680 1
5862600 1
5864209 1
5864353 1
5868330 1
5874837 1
5876110 1
5876202 1
5876208 1
5880437 1
5880871 1
5882550 1
5888599 1
5888682 1
5903993 1
5905117 1
5906003 1
5906125 1
5908038 1
5911992 1
5912954 1
5920428 1
5921796 1
5922972 1
5923037 1
5925309 1
5925507 1
5933487 1
5957535 1
5960126 1
5962942 1
5963665 1
5964345 1
5968783 1
5968815 1
5969944 1
5971450 1
5971608 1
5972639 1
5975094 1
5981130 1
5984354 1
5984920 1
5990309 1
5999226 1
6006776 1
6008165 1
6010901 1
6011254 1
6024683 1
6028565 1
6029790 1
6029859 1
6041569 1
6042349 1
6043932 1
6047225 1
6047696 1
6051028 1
6054443 1
6056230 1
6056560 1
6071549 1
6075610 1
6077010 1
6085762 1
6087178 1
6089734 1
6092031 1
6092313 1
6100199 1
6102677 1
6106779 1
6111545 1
6118459 1
6121150 1
6121382 1
6128169 1
6131764 1
6132674 1
6134111 1
6146423 1
6149615 1
6152852 1
6155155 1
6155995 1
6157316 1
6158297 1
6163139 1
6164237 1
6181746 1
6182388 1
6188189 1
6188494 1
6189286 1
6192382 1
6192933 1
6197711 1
6207540 1
6226944 1
6227938 1
6228349 1
6232400 1
6237809 1
6240435 1
6244456 1
6249631 1
6273179 1
6277362 1
6277963 1
6278033 1
6278668 1
6281929 1
6289119 1
6290565 1
6298159 1
6298658 1
6318247 1
6321022 1
6323508 1
6323562 1
6343859 1
6345878 1
6357550 1
6360203 1
6360876 1
6363861 1
6365753 1
6372201 1
6377879 1
6378114 1
6379463 1
6380391 1
6381467 1
6381557 1
6382491 1
6388152 1
6388792 1
6389749 1
6392715 1
6401185 1
6408206 1
6409926 1
6414353 1
6418982 1
6422271 1
6441538 1
6452355 1
6459304 1
6466505 1
6467482 1
6476355 1
6476359 1
6478781 1
6479493 1
6480650 1
6483622 1
6484515 1
6484990 1
6485068 1
6485068 1
6487294 1
6489457 1
6494702 1
6500997 1
6501006 1
6501168 1
6502014 1
6502264 1
6510709 1
6511417 1
6516996 1
6533229 1
6536394 1
6541164 1
6549129 1
6550029 1
6568089 1
6568558 1
6580143 1
6582609 1
6598831 1
6603424 1
6618729 1
6619525 1
6619967 1
6631026 1
6631726 1
6647647 1
6647815 1
6652851 1
6652978 1
6663282 1
6663436 1
6665521 1
6666928 1
6667541 1
6668462 1
6673309 1
6674299 1
6678952 1
6680829 1
6687534 1
6693287 1
6701513 1
6703234 1
6708716 1
6725208 1
6730871 1
6733606 1
6745483 1
6745806 1
6750812 1
6751378 1
6755036 1
6756268 1
6757075 1
6757610 1
6763693 1
6767609 1
6770900 1
6772606 1
6776911 1
6777639 1
6789730 1
6789731 1
6791864 1
6802431 1
6804332 1
6805708 1
6813410 1
6816875 1
6817727 1
6830222 1
6831363 1
6834769 1
6835309 1
6848515 1
6850112 1
6851011 1
6851819 1
6861764 1
6871797 1
6871983 1
6875248 1
6875608 1
6878741 1
6879141 1
6883618 1
6884164 1
6894026 1
6898233 1
6899898 1
6910262 1
6912568 1
6913345 1
6916858 1
6921229 1
6923663 1
6930717 1
6931334 1
6931435 1
6932930 1
6935354 1
6938149 1
6939892 1
6944643 1
6953993 1
6954512 1
6963784 1
6963815 1
6966980 1
6970884 1
6980059 1
6986900 1
6986910 1
6989980 1
6990528 1
6994217 1
7010454 1
7019788 1
7027438 1
7028633 1
7030664 1
7033382 1
7033754 1
7033763 1
7034128 1
7034507 1
7035482 1
7037915 1
7052246 1
7061884 1
7069718 1
7070304 1
7075290 1
7076042 1
7076613 1
7079482 1
7081148 1
7083654 1
7103414 1
7103458 1
7106829 1
7110375 1
7111411 1
7117486 1
7118752 1
7120944 1
7123447 1
7126093 1
7130239 1
7130557 1
7131038 1
7131412 1
7131514 1
7133234 1
7133547 1
7134685 1
7135015 1
7139118 1
7151759 1
7159536 1
7159765 1
7164814 1
7165888 1
7169541 1
7172715 1
7180353 1
7186755 1
7199920 1
7200234 1
7206413 1
7223005 1
7223603 1
7227247 1
7232042 1
7236503 1
7253880 1
7272613 1
7282934 1
7283442 1
7285963 1
7286402 1
7287535 1
7304278 1
7305166 1
7324285 1
7325397 1
7325956 1
7330038 1
7333441 1
7345893 1
7352013 1
7356196 1
7359598 1
7361266 1
7362216 1
7362749 1
7363737 1
7372212 1
7373853 1
7377327 1
7385818 1
7387164 1
7387699 1
7388169 1
7389051 1
7394055 1
7394618 1
7394800 1
7406560 1
7406610 1
7412416 1
7416271 1
7416493 1
7417201 1
7427855 1
7430051 1
7436189 1
7441899 1
7455339 1
7461919 1
7464981 1
7466339 1
7467305 1
7471369 1
7475164 1
7484056 1
7486353 1
7492649 1
7492711 1
7501055 1
7501271 1
7505796 1
7507540 1
7513248 1
7514021 1
7516758 1
7517913 1
7519072 1
7520764 1
7520908 1
7524732 1
7528347 1
7537170 1
7537835 1
7538622 1
7539896 1
7542733 1
7562834 1
7567739 1
7568672 1
7570803 1
7578435 1
7585149 1
7586777 1
7595399 1
7596717 1
7596721 1
7597950 1
7599663 1
7601471 1
7619766 1
7619977 1
7622517 1
7633102 1
7636344 1
7639549 1
7652355 1
7653123 1
7653708 1
7655778 1
7656805 1
7658783 1
7659041 1
7659615 1
7659706 1
7659853 1
7660229 1
7662402 1
7666608 1
7669882 1
7675654 1
7676162 1
7676870 1
7679824 1
7680831 1
7684725 1
7686091 1
7695890 1
7700281 1
7701117 1
7706818 1
7708153 1
7710049 1
7715537 1
7715856 1
7732013 1
7732646 1
7745666 1
7755594 1
7755681 1
7774348 1
7774776 1
7775631 1
7777671 1
7782928 1
7788334 1
7789439 1
7799036 1
7803501 1
7804134 1
7804805 1
7804829 1
7809383 1
7831623 1
7831623 1
7832340 1
7839355 1
7839961 1
7840619 1
7841195 1
7842992 1
7848979 1
7853257 1
7855183 1
7859279 1
7864335 1
7865428 1
7867623 1
7873270 1
7883659 1
7883871 1
7894299 1
7894785 1
7918553 1
7919905 1
7926208 1
7928574 1
7929624 1
7941182 1
7947813 1
7952706 1
7972511 1
7977009 1
7998928 1
7999720 1
8000331 1
8001418 1
8002961 1
8004390 1
8004664 1
8006949 1
8007357 1
8007485 1
8010436 1
8011050 1
8016551 1
8018969 1
8018969 1
8021772 1
8022140 1
8024621 1
8024627 1
8024751 1
8024863 1
8026161 1
8031211 1
8032160 1
8032201 1
8034615 1
8035561 1
8036089 1
8037283 1
8037493 1
8037920 1
8046687 1
8048858 1
8054538 1
8055010 1
8055533 1
8055703 1
8056249 1
8057593 1
8058244 1
8058252 1
8058704 1
8059514 1
8060352 1
8060414 1
8061421 1
8065359 1
8070555 1
8071438 1
8072468 1
8076921 1
8076950 1
8077558 1
8077986 1
8078042 1
8078151 1
8078876 1
8079307 1
8080202 1
8083046 1
8083139 1
8083893 1
8087278 1
8094919 1
8096649 1
8106798 1
8106954 1
8107697 1
8108196 1
8110020 1
8111080 1
8111818 1
8113032 1
8114803 1
8115323 1
8116649 1
8116737 1
8117429 1
8117439 1
8118723 1
8119506 1
8119513 1
8119646 1
8120158 1
8121219 1
8121537 1
8123759 1
8124529 1
8127367 1
8128270 1
8130657 1
8131637 1
8133351 1
8134247 1
8134263 1
8141127 1
8141637 1
8143711 1
8144190 1
8151540 1
8153741 1
8154162 1
8154781 1
8156183 1
8156790 1
8158011 1
8160376 1
8165403 1
8166303 1
8174344 1
8182199 1
8189555 1
8195057 1
8199083 1
8204381 1
8211534 1
8220729 1
8226161 1
8229609 1
8244940 1
8245033 1
8257197 1
8265727 1
8266936 1
8274723 1
8277036 1
8297516 1
8298082 1
4057 1
8350 1
17153 1
19475 1
21039 1
43399 1
43679 1
44610 1
50037 1
50163 1
63427 1
76825 1
77776 1
78367 1
90290 1
91594 1
96333 1
100587 1
101574 1
103641 1
105751 1
107271 1
109995 1
109995 1
110234 1
110343 1
112486 1
114073 1
115476 1
115781 1
116346 1
117145 1
117145 1
117157 1
118040 1
118248 1
119370 1
120616 1
127999 1
128132 1
132485 1
133025 1
135886 1
138559 1
142954 1
154307 1
156684 1
158291 1
159573 1
160471 1
160714 1
161611 1
162191 1
162415 1
171067 1
172078 1
173837 1
179422 1
181877 1
184348 1
192905 1
194343 1
195573 1
197628 1
198745 1
199135 1
201582 1
206915 1
209252 1
212799 1
214244 1
215841 1
215856 1
217318 1
221766 1
222036 1
224423 1
225889 1
226348 1
229919 1
235460 1
241503 1
245110 1
269254 1
269341 1
275753 1
276522 1
279514 1
285743 1
293939 1
299200 1
300911 1
303852 1
303958 1
305114 1
311646 1
316818 1
320562 1
325153 1
331937 1
333466 1
335469 1
337002 1
337005 1
339626 1
344904 1
351562 1
357477 1
361694 1
369905 1
379660 1
382539 1
388660 1
428095 1
429213 1
429778 1
433145 1
439668 1
441502 1
442821 1
443893 1
447377 1
458737 1
461821 1
463351 1
463927 1
466656 1
473176 1
478441 1
479933 1
481690 1
483793 1
490339 1
492202 1
496826 1
507719 1
508752 1
513186 1
521633 1
527406 1
539273 1
556822 1
565103 1
565118 1
573982 1
590135 1
612598 1
616380 1
622025 1
622976 1
623378 1
625971 1
651956 1
665332 1
680655 1
686319 1
688588 1
702208 1
702223 1
704934 1
704938 1
708634 1
711732 1
712808 1
721756 1
730333 1
733609 1
754116 1
758067 1
759441 1
761550 1
764357 1
784823 1
793205 1
795944 1
815061 1
815828 1
825817 1
827961 1
833022 1
834123 1
835333 1
838495 1
841758 1
846469 1
848824 1
864303 1
867493 1
868091 1
870057 1
873637 1
883731 1
892272 1
893853 1
898144 1
899520 1
912407 1
921950 1
922098 1
923434 1
924840 1
925097 1
925806 1
928802 1
934627 1
935965 1
950879 1
951676 1
955932 1
957902 1
960773 1
964291 1
966096 1
967982 1
973392 1
980164 1
982735 1
987265 1
990246 1
1020367 1
1026975 1
1030561 1
1030566 1
1030717 1
1031071 1
1031396 1
1034505 1
1036120 1
1039087 1
1044266 1
1044809 1
1046130 1
1051498 1
1051595 1
1059276 1
1059936 1
1063153 1
1069852 1
1071067 1
1071112 1
1071242 1
1071242 1
1078259 1
1078286 1
1081664 1
1086529 1
1088808 1
1089666 1
1090330 1
1092681 1
1096324 1
1097632 1
1098649 1
1099635 1
1099748 1
1108128 1
1112428 1
1112616 1
1117823 1
1122034 1
1123840 1
1124096 1
1127521 1
1133552 1
1139841 1
1146426 1
1149830 1
1153882 1
1154375 1
1157636 1
1161601 1
1167711 1
1176872 1
1183069 1
1184643 1
1186277 1
1187345 1
1195018 1
1202474 1
1212985 1
1212985 1
1213337 1
1217875 1
1219184 1
1219589 1
1219795 1
1225976 1
1240143 1
1240172 1
1240981 1
1241484 1
1242703 1
1252980 1
1253245 1
1256221 1
1258239 1
1267515 1
1268185 1
1268237 1
1271902 1
1272774 1
1290624 1
1292363 1
1293286 1
1296550 1
1307988 1
1310117 1
1312564 1
1317974 1
1325929 1
1326717 1
1331665 1
1337144 1
1339253 1
1341494 1
1347806 1
1354596 1
1358151 1
1361990 1
1370178 1
1372997 1
1380026 1
1400058 1
1408357 1
1412070 1
1414348 1
1422551 1
1423188 1
1423484 1
1423768 1
1425197 1
1426988 1
1427450 1
1439147 1
1445012 1
1456175 1
1459669 1
1481285 1
1481772 1
1486297 1
1495903 1
1497497 1
1497582 1
1497811 1
1497827 1
1508635 1
1513042 1
1514554 1
1517251 1
1524336 1
1524763 1
1525107 1
1532334 1
1537555 1
1539805 1
1540003 1
1543808 1
1555348 1
1560169 1
1566412 1
1572978 1
1587629 1
1596870 1
1610934 1
1615822 1
1641854 1
1644211 1
1648342 1
1650077 1
1653936 1
1654245 1
1654665 1
1655967 1
1658121 1
1662584 1
1668088 1
1671331 1
1672626 1
1672659 1
1687174 1
1687248 1
1688614 1
1697587 1
1705710 1
1708666 1
1711008 1
1714517 1
1716368 1
1717272 1
1719615 1
1727344 1
1731591 1
1732330 1
1738732 1
1739014 1
1739843 1
1745934 1
1747517 1
1754179 1
1771559 1
1776806 1
1777944 1
1779993 1
1780188 1
1789329 1
1797590 1
1812936 1
1819611 1
1820587 1
1825751 1
1827730 1
1831706 1
1831996 1
1833388 1
1836773 1
1847898 1
1855960 1
1858650 1
1858654 1
1858814 1
1870700 1
1872114 1
1872210 1
1873612 1
1875511 1
1880879 1
1884713 1
1891248 1
1892940 1
1896782 1
1897655 1
1902168 1
1902835 1
1905705 1
1906381 1
1912963 1
1914707 1
1917090 1
1923075 1
1934679 1
1934896 1
1934964 1
1947410 1
1948108 1
1948132 1
1948852 1
1949285 1
1949289 1
1949760 1
1952858 1
1953511 1
1963074 1
1964402 1
1966602 1
1972650 1
1992532 1
2001124 1
2001423 1
2004120 1
2004489 1
2008782 1
2011340 1
2012939 1
2013523 1
2018079 1
2033073 1
2037160 1
2042469 1
2047744 1
2047750 1
2047892 1
2052486 1
2063353 1
2064787 1
2072550 1
2082925 1
2084966 1
2085432 1
2086208 1
2094438 1
2095406 1
2096216 1
2099265 1
2101588 1
2101602 1
2102194 1
2107746 1
2107832 1
2109664 1
2118775 1
2119305 1
2124020 1
2134315 1
2139477 1
2139846 1
2143725 1
2147414 1
2150450 1
2155722 1
2175034 1
2186055 1
2188695 1
2189541 1
2193061 1
2197455 1
2198763 1
2204765 1
2204903 1
2212051 1
2213330 1
2220646 1
2225081 1
2230415 1
2232896 1
2238943 1
2268481 1
2271094 1
2272538 1
2276044 1
2282803 1
2283362 1
2294687 1
2296613 1
2298801 1
2301343 1
2302532 1
2308264 1
2318083 1
2323124 1
2325707 1
2332287 1
2333987 1
2335828 1
2337119 1
2337996 1
2351476 1
2382929 1
2383879 1
2384368 1
2384805 1
2399818 1
2404489 1
2411193 1
2412420 1
2419329 1
2421021 1
2423902 1
2424486 1
2431136 1
2438689 1
2442499 1
2452621 1
2456510 1
2456896 1
2477047 1
2480692 1
2497084 1
2499676 1
2499858 1
2509941 1
2519307 1
2523767 1
2525884 1
2529895 1
2529895 1
2535058 1
2538762 1
2542345 1
2559931 1
2569758 1
2581149 1
2595579 1
2596227 1
2597603 1
2598244 1
2599320 1
2611875 1
2612496 1
2617952 1
2620296 1
2622380 1
2623446 1
2623684 1
2624585 1
2626407 1
2629042 1
2632755 1
2634410 1
2634515 1
2636218 1
2643197 1
2643305 1
2644259 1
2646277 1
2659142 1
2660966 1
2663402 1
2663911 1
2664482 1
2672255 1
2692575 1
2700587 1
2713431 1
2713450 1
2726932 1
2727042 1
2727537 1
2731829 1
2747973 1
2753603 1
2754497 1
2768779 1
2773972 1
2774083 1
2776253 1
2782765 1
2795622 1
2801009 1
2802330 1
2802444 1
2803676 1
2806060 1
2806460 1
2816060 1
2816503 1
2816733 1
2818245 1
2824438 1
2830305 1
2834668 1
2834668 1
2836024 1
2837640 1
2850865 1
2852694 1
2868401 1
2868422 1
2882161 1
2896085 1
2897703 1
2897721 1
2912660 1
2917853 1
2922190 1
2923446 1
2937234 1
2945636 1
2948969 1
2956250 1
2956474 1
2962871 1
2976155 1
2979048 1
2982920 1
2986020 1
2991520 1
2997487 1
2997777 1
3002021 1
3003492 1
3004025 1
3006114 1
3007817 1
3008346 1
3009319 1
3009648 1
3013327 1
3018612 1
3025696 1
3049391 1
3049632 1
3076608 1
3080221 1
3088219 1
3092023 1
3092266 1
3092270 1
3092454 1
3094238 1
3097430 1
3100046 1
3109383 1
3109388 1
3117524 1
3121897 1
3122309 1
3126612 1
3132459 1
3144546 1
3161713 1
3163825 1
3164123 1
3168997 1
3172674 1
3172765 1
3175199 1
3175832 1
3176505 1
3181771 1
3184218 1
3204859 1
3213875 1
3225624 1
3226389 1
3237082 1
3237756 1
3239015 1
3244172 1
3253115 1
3253955 1
3256919 1
3257571 1
3259826 1
3269994 1
3270111 1
3270782 1
3272125 1
3272231 1
3276460 1
3277891 1
3282933 1
3286089 1
3300528 1
3302953 1
3305473 1
3308521 1
3317093 1
3320139 1
3323786 1
3325447 1
3331811 1
3331816 1
3336759 1
3347127 1
3358590 1
3359720 1
3363736 1
3364355 1
3377909 1
3377923 1
3386062 1
3389149 1
3389806 1
3397371 1
3400284 1
3423735 1
3427949 1
3438250 1
3438856 1
3448716 1
3474383 1
3475302 1
3484977 1
3487346 1
3492896 1
3493844 1
3501226 1
3503690 1
3504425 1
3508760 1
3509956 1
3513729 1
3515521 1
3520748 1
3526862 1
3527230 1
3528555 1
3529182 1
3532112 1
3541099 1
3544707 1
3548890 1
3551323 1
3560813 1
3569641 1
3580703 1
3589284 1
3599548 1
3600993 1
3605795 1
3620826 1
3626402 1
3630041 1
3633822 1
3641616 1
3653794 1
3655376 1
3656109 1
3656988 1
3662582 1
3669403 1
3678706 1
3685325 1
3685854 1
3686719 1
3690767 1
3709744 1
3710337 1
3710977 1
3719644 1
3722411 1
3727459 1
3728024 1
3733915 1
3745030 1
3751394 1
3756219 1
3758442 1
3774111 1
3778957 1
3782003 1
3787556 1
3788444 1
3789897 1
3801155 1
3825632 1
3825885 1
3827041 1
3828394 1
3828857 1
3830100 1
3831805 1
3833687 1
3838893 1
3846921 1
3858507 1
3859053 1
3860545 1
3871118 1
3873952 1
3875251 1
3875579 1
3875721 1
3887630 1
3918199 1
3933693 1
3935339 1
3943664 1
3943664 1
3946630 1
3956265 1
3961536 1
3972104 1
3978640 1
3981957 1
3988850 1
3990981 1
4009767 1
4010195 1
4018194 1
4022463 1
4025766 1
4027268 1
4033199 1
4034112 1
4038778 1
4053972 1
4058656 1
4061096 1
4070193 1
4072835 1
4088418 1
4088425 1
4103092 1
4103413 1
4104729 1
4109096 1
4114702 1
4116217 1
4129745 1
4134079 1
4136425 1
4138917 1
4142067 1
4159214 1
4162159 1
4169036 1
4172708 1
4172775 1
4187944 1
4191779 1
4192997 1
4196232 1
4202773 1
4204246 1
4208709 1
4208898 1
4213503 1
4213963 1
4220002 1
4234895 1
4238888 1
4247554 1
4250924 1
4250924 1
4254614 1
4262649 1
4264578 1
4272430 1
4275915 1
4282339 1
4282897 1
4285497 1
4297585 1
4310298 1
4313227 1
4315447 1
4323697 1
4329880 1
4340846 1
4343194 1
4344676 1
4349041 1
4350309 1
4357057 1
4357642 1
4359538 1
4363115 1
4367091 1
4372973 1
4376215 1
4377227 1
4378714 1
4382801 1
4383838 1
4387789 1
4390973 1
4396792 1
4397929 1
4401480 1
4401877 1
4403081 1
4403099 1
4414813 1
4428125 1
4428548 1
4431018 1
4437137 1
4437561 1
4442530 1
4472813 1
4473317 1
4477155 1
4479296 1
4479891 1
4481269 1
4485513 1
4487357 1
4490110 1
4492771 1
4495622 1
4506449 1
4507898 1
4508245 1
4509463 1
4512556 1
4516066 1
4527662 1
4529926 1
4532308 1
4533330 1
4539946 1
4567340 1
4571183 1
4576727 1
4578734 1
4589022 1
4592095 1
4594571 1
4597691 1
4607579 1
4620376 1
4625315 1
4630207 1
4650666 1
4651311 1
4651402 1
4655923 1
4661231 1
4661519 1
4669325 1
4669417 1
4671608 1
4694745 1
4700716 1
4709066 1
4711393 1
4713356 1
4713589 1
4714039 1
4714924 1
4716834 1
4735789 1
4747003 1
4749325 1
4762667 1
4766551 1
4768910 1
4769078 1
4773676 1
4776702 1
4781676 1
4791651 1
4798301 1
4798891 1
4802085 1
4802437 1
4802650 1
4803125 1
4803599 1
4804401 1
4805297 1
4805634 1
4811664 1
4812120 1
4812833 1
4818529 1
4820766 1
4825195 1
4825482 1
4837499 1
4840928 1
4855639 1
4857863 1
4858398 1
4864245 1
4873270 1
4874519 1
4898367 1
4898593 1
4899951 1
4905207 1
4905999 1
4910610 1
4911347 1
4915880 1
4918041 1
4918805 1
4926415 1
4928296 1
4928431 1
4929226 1
4950489 1
4965474 1
4967449 1
4970342 1
4974815 1
4976487 1
4978029 1
4983881 1
4983881 1
4985491 1
4987404 1
5001229 1
5012192 1
5013798 1
5026577 1
5034669 1
5034722 1
5046123 1
5046871 1
5047193 1
5049059 1
5056237 1
5056340 1
5056503 1
5057244 1
5074551 1
5075175 1
5083166 1
5088338 1
5115935 1
5118307 1
5118307 1
5119617 1
5130988 1
5132538 1
5137395 1
5141877 1
5153909 1
5158985 1
5163582 1
5174304 1
5186625 1
5187510 1
5209394 1
5224313 1
5233046 1
5234721 1
5243813 1
5249814 1
5257681 1
5263361 1
5268989 1
5278453 1
5281283 1
5288455 1
5292762 1
5298151 1
5299776 1
5314057 1
5323519 1
5334018 1
5340278 1
5353971 1
5367082 1
5374152 1
5377752 1
5380062 1
5412117 1
5417872 1
5428047 1
5431756 1
5432575 1
5433750 1
5441513 1
5447742 1
5448900 1
5449730 1
5456948 1
5459647 1
5462202 1
5463452 1
5464104 1
5466607 1
5471901 1
5480661 1
5494688 1
5495425 1
5495514 1
5499494 1
5523878 1
5525211 1
5529481 1
5529722 1
5533800 1
5537239 1
5543358 1
5549042 1
5553555 1
5558318 1
5562507 1
5578104 1
5592729 1
5593137 1
5593509 1
5594741 1
5594790 1
5602335 1
5608988 1
5608988 1
5611763 1
5617231 1
5618325 1
5621759 1
5628071 1
5631155 1
5632527 1
5633708 1
5636665 1
5638565 1
5640035 1
5640103 1
5641240 1
5641274 1
5644748 1
5649656 1
5654325 1
5660959 1
5662112 1
5662894 1
5666034 1
5666177 1
5666230 1
5670225 1
5681927 1
5682004 1
5688228 1
5688694 1
5689131 1
5695257 1
5695531 1
5699443 1
5704409 1
5712974 1
5717980 1
5720191 1
5726143 1
5730164 1
5730835 1
5731110 1
5744572 1
5746529 1
5746617 1
5746724 1
5747231 1
5747739 1
5748632 1
5752527 1
5762746 1
5773935 1
5775939 1
5782654 1
5788179 1
5788778 1
5789713 1
5790107 1
5792844 1
5793344 1
5803100 1
5804673 1
5810202 1
5811447 1
5828695 1
5842967 1
5852522 1
5858539 1
5858867 1
5860432 1
5861489 1
5865657 1
5876241 1
5876688 1
5877271 1
5877568 1
5878358 1
5879168 1
5879635 1
5880518 1
5884956 1
5885869 1
5887694 1
5896525 1
5901026 1
5903224 1
5903975 1
5904794 1
5904976 1
5905590 1
5909160 1
5912678 1
5917887 1
5918200 1
5918953 1
5920527 1
5925241 1
5926154 1
5928536 1
5939665 1
5939830 1
5961178 1
5962281 1
5966732 1
5969761 1
5970251 1
5974095 1
5979933 1
5999182 1
6001657 1
6004241 1
6011221 1
6013869 1
6014066 1
6019728 1
6022315 1
6022517 1
6026927 1
6027870 1
6028512 1
6028647 1
6029512 1
6031122 1
6031122 1
6032423 1
6039105 1
6040387 1
6044875 1
6046212 1
6051632 1
6071507 1
6078778 1
6092477 1
6101797 1
6121636 1
6122423 1
6122501 1
6130688 1
6133036 1
6135506 1
6141917 1
6144620 1
6144631 1
6151012 1
6155838 1
6156651 1
6159174 1
6162288 1
6188623 1
6195661 1
6225471 1
6227889 1
6232696 1
6236026 1
6243725 1
6249262 1
6249559 1
6249572 1
6262713 1
6268175 1
6270744 1
6272152 1
6275121 1
6276823 1
6276837 1
6280906 1
6287886 1
6292115 1
6297855 1
6300663 1
6322710 1
6334123 1
6339428 1
6342929 1
6343907 1
6353150 1
6357422 1
6360568 1
6372491 1
6391093 1
6392150 1
6395752 1
6397965 1
6398772 1
6399261 1
6405056 1
6405736 1
6409238 1
6412593 1
6419265 1
6420008 1
6420908 1
6421771 1
6422804 1
6423665 1
6425444 1
6435980 1
6454574 1
6455699 1
6471148 1
6476025 1
6477471 1
6480777 1
6481978 1
6482823 1
6485991 1
6487778 1
6491834 1
6492577 1
6495566 1
6501628 1
6504964 1
6506118 1
6506275 1
6507622 1
6508027 1
6508397 1
6508669 1
6524285 1
6533772 1
6535717 1
6543422 1
6546606 1
6546663 1
6550427 1
6566535 1
6581663 1
6587722 1
6591371 1
6602282 1
6605548 1
6605817 1
6614410 1
6615200 1
6615892 1
6616209 1
6617054 1
6617612 1
6619578 1
6620281 1
6622501 1
6626328 1
6640721 1
6646389 1
6646459 1
6649672 1
6653232 1
6653848 1
6663858 1
6667895 1
6674685 1
6674793 1
6679089 1
6682320 1
6683130 1
6687509 1
6708639 1
6709157 1
6712147 1
6718634 1
6718949 1
6718957 1
6721695 1
6725241 1
6727566 1
6728589 1
6731351 1
6741360 1
6746136 1
6746249 1
6750397 1
6751104 1
6762500 1
6772283 1
6781518 1
6783694 1
6805026 1
6806544 1
6807537 1
6820334 1
6833632 1
6842261 1
6842272 1
6842935 1
6845370 1
6852104 1
6859342 1
6861677 1
6869673 1
6871512 1
6883674 1
6883976 1
6884004 1
6885399 1
6891557 1
6893184 1
6893689 1
6902848 1
6905813 1
6910540 1
6917059 1
6923769 1
6924179 1
6929629 1
6931291 1
6934149 1
6934561 1
6937299 1
6963533 1
6969861 1
6971534 1
6971579 1
6994401 1
7002081 1
7002593 1
7017327 1
7021394 1
7022685 1
7023281 1
7023623 1
7023624 1
7027803 1
7030102 1
7030961 1
7031053 1
7033686 1
7034689 1
7040903 1
7043369 1
7047619 1
7051169 1
7057272 1
7058091 1
7059432 1
7064313 1
7075533 1
7082443 1
7082851 1
7101225 1
7103298 1
7111772 1
7115311 1
7117957 1
7125171 1
7125998 1
7126640 1
7129356 1
7139168 1
7139179 1
7139426 1
7139547 1
7140970 1
7144231 1
7148273 1
7160153 1
7173084 1
7180396 1
7181464 1
7191606 1
7196404 1
7197683 1
7198373 1
7200033 1
7200054 1
7209314 1
7223926 1
7224336 1
7242342 1
7247177 1
7248386 1
7252065 1
7257639 1
7258943 1
7259418 1
7275073 1
7281875 1
7282007 1
7285317 1
7287083 1
7296948 1
7297035 1
7297689 1
7305661 1
7311898 1
7312195 1
7318296 1
7318369 1
7327765 1
7328725 1
7329765 1
7332184 1
7341949 1
7343628 1
7343995 1
7352299 1
7352685 1
7353781 1
7368408 1
7378024 1
7382289 1
7383591 1
7383691 1
7388483 1
7397723 1
7408429 1
7411462 1
7414351 1
7418959 1
7419099 1
7438197 1
7440673 1
7472960 1
7482773 1
7486227 1
7495021 1
7498443 1
7499441 1
7503724 1
7505375 1
7505454 1
7523749 1
7537865 1
7538818 1
7544119 1
7556325 1
7562153 1
7565531 1
7567687 1
7576487 1
7580925 1
7581017 1
7582809 1
7589763 1
7590192 1
7593700 1
7593762 1
7593883 1
7594441 1
7594530 1
7596633 1
7599023 1
7601230 1
7614382 1
7623246 1
7629597 1
7631350 1
7637069 1
7643312 1
7643325 1
7643573 1
7646300 1
7647290 1
7647618 1
7647941 1
7652377 1
7653011 1
7654134 1
7654251 1
7655089 1
7659980 1
7674209 1
7685075 1
7690893 1
7695212 1
7710626 1
7710840 1
7718761 1
7723910 1
7724397 1
7737984 1
7742222 1
7747623 1
7755227 1
7755347 1
7755435 1
7755741 1
7779620 1
7780132 1
7783312 1
7793422 1
7805276 1
7808516 1
7811049 1
7812712 1
7824940 1
7829257 1
7834949 1
7836014 1
7836896 1
7837865 1
7839273 1
7839933 1
7843149 1
7857521 1
7860029 1
7864015 1
7871254 1
7872211 1
7876757 1
7883765 1
7885125 1
7885904 1
7886057 1
7892042 1
7894505 1
7896218 1
7902251 1
7904157 1
7905179 1
7905783 1
7911049 1
7914358 1
7916082 1
7918472 1
7930945 1
7931250 1
7932004 1
7938005 1
7952629 1
7956992 1
7960720 1
7962463 1
7968664 1
7973725 1
7974035 1
7976494 1
7994056 1
7999747 1
8000069 1
8000739 1
8004186 1
8004479 1
8005077 1
8005340 1
8006094 1
8007514 1
8008045 1
8008419 1
8012909 1
8016941 1
8017980 1
8020785 1
8020999 1
8021350 1
8022095 1
8025359 1
8028807 1
8030717 1
8031902 1
8031945 1
8033083 1
8033849 1
8034590 1
8037551 1
8044258 1
8046950 1
8048613 1
8049716 1
8053083 1
8053404 1
8054427 1
8054702 1
8058122 1
8059369 1
8060641 1
8061687 1
8063457 1
8065112 1
8069999 1
8071425 1
8071739 1
8072288 1
8077130 1
8078696 1
8079344 1
8082176 1
8083904 1
8084925 1
8085033 1
8085053 1
8085955 1
8096509 1
8101773 1
8104682 1
8104690 1
8106512 1
8107416 1
8108510 1
8108772 1
8109092 1
8109098 1
8109182 1
8112210 1
8117316 1
8118824 1
8122942 1
8124938 1
8125426 1
8135548 1
8135662 1
8136142 1
8137178 1
8137643 1
8140289 1
8141078 1
8144555 1
8149504 1
8150019 1
8153137 1
8155328 1
8155770 1
8159498 1
8160865 1
8161199 1
8162799 1
8163433 1
8166945 1
8167142 1
8183120 1
8192849 1
8200727 1
8209960 1
8212686 1
8217002 1
8217111 1
8217929 1
8220047 1
8222339 1
8222860 1
8222919 1
8246611 1
8254337 1
8262578 1
8264438 1
8275775 1
8280548 1
8282992 1
8282992 1
8296660 1
8296988 1
8298290 1
8303438 1
8308790 1
