5433 1
6950 1
8737 1
10774 1
15711 1
26537 1
32728 1
36502 1
38565 1
40736 1
41411 1
47854 1
47970 1
48127 1
63061 1
64908 1
68311 1
73076 1
81924 1
87398 1
87703 1
90152 1
93007 1
98091 1
99542 1
101816 1
103036 1
106686 1
110992 1
114104 1
117483 1
117662 1
119163 1
120553 1
120577 1
123706 1
124870 1
125285 1
125680 1
130248 1
134033 1
135886 1
135949 1
135976 1
138993 1
140336 1
141519 1
141600 1
144944 1
145808 1
153294 1
154005 1
154702 1
154712 1
155052 1
155907 1
165666 1
167683 1
167941 1
170155 1
173228 1
173317 1
174303 1
176185 1
179415 1
182206 1
182230 1
183712 1
185552 1
185586 1
186590 1
186784 1
187042 1
187073 1
188725 1
189849 1
192202 1
193707 1
194555 1
196738 1
197310 1
197463 1
199167 1
206101 1
206272 1
209074 1
211280 1
212217 1
215395 1
216453 1
219116 1
221312 1
226432 1
227558 1
229031 1
229363 1
230731 1
232224 1
232266 1
237225 1
244975 1
244975 1
246745 1
249600 1
261789 1
265025 1
270263 1
271513 1
275796 1
276632 1
280743 1
280818 1
282361 1
290520 1
297573 1
304427 1
308732 1
309846 1
315535 1
319396 1
322745 1
329940 1
332929 1
333884 1
338634 1
345156 1
353242 1
357942 1
363627 1
378866 1
383346 1
386384 1
387577 1
395245 1
415889 1
416503 1
417551 1
428796 1
429213 1
429676 1
430058 1
431956 1
432034 1
439702 1
440722 1
443457 1
448690 1
448883 1
453381 1
455754 1
456261 1
456274 1
456769 1
459420 1
460092 1
460902 1
461606 1
462263 1
462427 1
462597 1
475450 1
482899 1
488665 1
488780 1
489951 1
498366 1
500449 1
501590 1
504202 1
504597 1
506680 1
515096 1
521003 1
525759 1
533219 1
533240 1
535551 1
552856 1
553702 1
557470 1
563688 1
565648 1
574843 1
575702 1
575983 1
584303 1
587189 1
589112 1
590160 1
608090 1
616933 1
621381 1
628991 1
629870 1
643639 1
648829 1
651121 1
654240 1
659757 1
677527 1
678917 1
679749 1
690447 1
690466 1
693219 1
695559 1
702977 1
703896 1
713367 1
718587 1
720508 1
724377 1
725497 1
727404 1
728214 1
747502 1
749747 1
753272 1
763647 1
768024 1
772039 1
774170 1
779941 1
779978 1
782277 1
792394 1
792512 1
793989 1
795831 1
807493 1
808566 1
812863 1
831650 1
836352 1
838392 1
839579 1
840674 1
843256 1
846789 1
850698 1
852946 1
860614 1
871364 1
872274 1
877570 1
881201 1
881361 1
881382 1
883372 1
883486 1
886101 1
887021 1
891479 1
895418 1
898512 1
906952 1
908699 1
909840 1
909859 1
913930 1
922215 1
925107 1
925857 1
935877 1
939012 1
941753 1
943100 1
948065 1
953763 1
955485 1
958189 1
975152 1
977300 1
985067 1
986194 1
987420 1
998456 1
1000778 1
1009629 1
1010097 1
1015484 1
1022525 1
1027724 1
1030542 1
1033838 1
1038189 1
1043303 1
1047206 1
1057642 1
1059100 1
1063118 1
1063529 1
1064134 1
1064224 1
1066080 1
1068254 1
1076095 1
1078803 1
1079433 1
1087577 1
1089029 1
1091421 1
1093819 1
1098702 1
1100192 1
1101662 1
1111963 1
1126940 1
1130251 1
1135888 1
1138326 1
1139077 1
1149879 1
1151350 1
1154269 1
1163802 1
1165018 1
1166368 1
1173062 1
1175751 1
1180030 1
1181037 1
1185776 1
1187926 1
1195462 1
1199843 1
1207263 1
1214062 1
1215795 1
1218198 1
1218687 1
1218916 1
1223192 1
1227569 1
1228872 1
1231642 1
1235229 1
1236161 1
1238664 1
1240112 1
1243808 1
1244550 1
1261271 1
1261988 1
1264924 1
1268071 1
1269868 1
1269882 1
1275600 1
1278118 1
1279326 1
1283115 1
1288223 1
1294995 1
1299369 1
1300900 1
1301643 1
1318131 1
1321732 1
1323316 1
1326748 1
1328002 1
1328031 1
1331007 1
1340099 1
1341789 1
1342202 1
1345774 1
1357912 1
1364482 1
1366684 1
1368328 1
1370037 1
1370160 1
1385713 1
1397837 1
1399127 1
1406559 1
1412447 1
1413557 1
1418241 1
1422240 1
1423522 1
1427383 1
1430152 1
1430448 1
1433448 1
1435070 1
1437703 1
1443774 1
1444442 1
1444469 1
1448994 1
1450428 1
1450551 1
1453189 1
1462005 1
1462252 1
1466694 1
1469600 1
1470462 1
1470547 1
1474741 1
1486141 1
1496914 1
1497246 1
1497535 1
1497731 1
1504022 1
1510165 1
1513039 1
1522762 1
1527511 1
1530633 1
1535298 1
1538271 1
1541796 1
1550299 1
1559661 1
1562199 1
1564076 1
1570726 1
1578225 1
1582979 1
1582994 1
1585695 1
1590708 1
1597246 1
1599936 1
1604022 1
1606860 1
1613363 1
1613506 1
1614251 1
1618803 1
1633715 1
1643063 1
1652226 1
1654732 1
1655990 1
1659123 1
1659527 1
1664719 1
1672909 1
1672913 1
1673883 1
1674903 1
1676073 1
1677802 1
1678933 1
1678935 1
1681110 1
1681305 1
1685589 1
1688088 1
1690664 1
1697028 1
1698967 1
1700485 1
1701984 1
1703997 1
1712710 1
1716049 1
1721222 1
1724598 1
1734239 1
1744097 1
1766588 1
1770043 1
1770373 1
1777666 1
1777667 1
1779218 1
1782144 1
1783550 1
1784732 1
1785312 1
1786739 1
1788265 1
1789756 1
1791036 1
1796732 1
1803819 1
1814036 1
1817006 1
1817755 1
1818508 1
1827307 1
1827492 1
1834414 1
1835180 1
1853231 1
1853980 1
1854073 1
1855524 1
1859371 1
1860282 1
1865053 1
1871265 1
1871390 1
1871904 1
1879854 1
1881321 1
1882955 1
1884201 1
1885771 1
1893745 1
1896931 1
1897874 1
1898277 1
1900478 1
1901723 1
1902246 1
1902861 1
1910449 1
1918147 1
1940982 1
1950545 1
1951405 1
1954950 1
1955128 1
1958450 1
1965568 1
1972856 1
1973337 1
1975680 1
1977911 1
1979727 1
1991939 1
1992989 1
2005084 1
2006244 1
2006990 1
2009871 1
2011483 1
2012101 1
2021192 1
2025645 1
2027064 1
2036441 1
2038222 1
2039635 1
2040573 1
2044623 1
2056543 1
2067443 1
2068843 1
2069101 1
2071238 1
2077801 1
2082520 1
2084191 1
2099413 1
2102498 1
2109294 1
2111078 1
2111658 1
2112841 1
2115836 1
2116456 1
2117310 1
2120145 1
2122241 1
2125169 1
2127715 1
2127906 1
2131527 1
2132651 1
2132656 1
2132737 1
2136005 1
2138057 1
2139905 1
2140555 1
2141379 1
2145470 1
2147828 1
2148218 1
2149808 1
2155531 1
2159134 1
2159585 1
2160968 1
2167310 1
2168845 1
2173726 1
2188122 1
2189686 1
2193146 1
2193815 1
2197455 1
2205084 1
2207314 1
2209727 1
2211070 1
2211078 1
2224830 1
2228283 1
2241351 1
2252804 1
2255841 1
2271609 1
2271767 1
2281424 1
2282803 1
2282843 1
2287699 1
2292282 1
2292483 1
2296954 1
2299290 1
2304806 1
2306125 1
2306663 1
2330941 1
2340024 1
2349786 1
2357563 1
2357891 1
2358161 1
2369738 1
2377460 1
2381432 1
2402804 1
2403132 1
2409017 1
2412420 1
2415271 1
2418906 1
2421472 1
2423371 1
2424567 1
2424621 1
2426096 1
2428810 1
2431703 1
2434091 1
2438791 1
2440200 1
2441741 1
2444608 1
2448796 1
2470546 1
2474541 1
2477517 1
2478057 1
2482186 1
2495975 1
2497390 1
2500777 1
2508781 1
2509980 1
2521181 1
2523841 1
2526589 1
2533936 1
2544238 1
2550672 1
2556682 1
2564489 1
2565447 1
2568051 1
2573566 1
2574846 1
2576156 1
2580421 1
2580968 1
2588073 1
2594883 1
2599845 1
2603879 1
2617049 1
2621770 1
2621980 1
2622823 1
2626694 1
2631774 1
2634635 1
2641264 1
2650271 1
2652526 1
2653342 1
2653552 1
2658192 1
2660468 1
2661610 1
2665440 1
2669962 1
2671853 1
2673217 1
2673366 1
2677137 1
2683672 1
2690432 1
2691955 1
2692638 1
2695186 1
2704978 1
2705400 1
2707536 1
2713350 1
2715841 1
2726011 1
2730256 1
2740914 1
2761406 1
2766240 1
2767294 1
2772186 1
2773953 1
2774285 1
2776670 1
2780623 1
2783226 1
2783555 1
2785210 1
2785979 1
2788089 1
2789169 1
2789762 1
2794276 1
2797486 1
2799978 1
2801050 1
2803349 1
2804596 1
2813020 1
2813119 1
2817155 1
2820946 1
2827391 1
2836128 1
2839695 1
2859195 1
2863824 1
2867995 1
2868528 1
2869267 1
2870985 1
2872356 1
2878109 1
2880969 1
2881953 1
2899016 1
2902241 1
2907881 1
2913533 1
2915055 1
2918999 1
2919960 1
2922120 1
2922621 1
2927945 1
2928894 1
2930660 1
2938844 1
2938851 1
2942258 1
2960023 1
2966020 1
2966059 1
2975163 1
2982996 1
2984576 1
2986777 1
2990010 1
2995833 1
2999500 1
2999676 1
3002195 1
3005921 1
3013343 1
3016756 1
3018815 1
3028104 1
3029396 1
3029594 1
3038580 1
3054543 1
3059422 1
3061218 1
3064286 1
3072046 1
3072477 1
3082987 1
3084117 1
3096299 1
3099068 1
3101128 1
3104636 1
3104987 1
3110806 1
3113199 1
3124139 1
3128339 1
3132337 1
3138214 1
3138863 1
3142455 1
3145323 1
3145446 1
3158867 1
3159166 1
3163164 1
3167418 1
3172133 1
3192763 1
3193012 1
3193421 1
3193750 1
3194731 1
3198578 1
3204665 1
3214734 1
3217331 1
3221283 1
3222833 1
3239140 1
3246181 1
3252098 1
3258593 1
3260682 1
3262991 1
3264962 1
3264965 1
3269861 1
3273687 1
3277835 1
3279911 1
3283939 1
3299085 1
3299802 1
3300115 1
3302241 1
3302267 1
3302278 1
3306662 1
3307901 1
3308514 1
3308738 1
3309553 1
3314219 1
3322061 1
3324911 1
3326267 1
3326310 1
3328836 1
3328908 1
3329831 1
3338140 1
3338164 1
3340210 1
3340431 1
3358261 1
3367939 1
3378300 1
3381982 1
3392750 1
3394085 1
3408061 1
3417968 1
3419094 1
3428561 1
3433548 1
3434061 1
3434448 1
3434769 1
3438326 1
3439961 1
3444169 1
3445877 1
3451688 1
3452701 1
3454413 1
3461683 1
3465531 1
3466036 1
3472224 1
3476023 1
3481091 1
3482950 1
3483837 1
3484362 1
3511363 1
3515124 1
3515868 1
3523425 1
3524731 1
3527934 1
3529049 1
3530696 1
3530985 1
3531780 1
3533810 1
3540551 1
3559350 1
3559755 1
3571244 1
3572030 1
3578235 1
3583588 1
3583936 1
3585311 1
3595584 1
3595588 1
3598138 1
3606563 1
3608157 1
3617124 1
3618138 1
3624521 1
3633024 1
3635928 1
3648020 1
3652854 1
3653052 1
3659455 1
3660195 1
3660515 1
3660693 1
3672102 1
3674005 1
3674146 1
3675724 1
3680960 1
3682735 1
3683160 1
3693419 1
3698986 1
3700533 1
3705934 1
3713922 1
3715350 1
3715671 1
3720833 1
3721817 1
3723722 1
3732644 1
3737165 1
3742979 1
3749558 1
3749712 1
3765106 1
3765111 1
3765725 1
3768710 1
3769380 1
3770326 1
3774351 1
3793377 1
3794123 1
3797700 1
3806475 1
3816555 1
3823075 1
3826383 1
3826572 1
3834954 1
3837933 1
3838464 1
3863602 1
3880295 1
3882530 1
3883706 1
3884834 1
3886901 1
3891428 1
3898756 1
3914225 1
3933042 1
3935579 1
3936257 1
3937538 1
3940918 1
3942698 1
3945164 1
3947376 1
3949899 1
3959109 1
3959604 1
3963112 1
3963944 1
3995064 1
3996046 1
4007558 1
4018034 1
4018540 1
4018666 1
4019187 1
4024482 1
4024484 1
4025072 1
4029732 1
4040640 1
4040797 1
4050957 1
4056589 1
4061640 1
4063650 1
4068604 1
4072386 1
4096836 1
4104821 1
4104853 1
4108019 1
4108846 1
4109549 1
4113567 1
4114428 1
4116341 1
4116374 1
4116558 1
4123151 1
4130354 1
4135846 1
4136483 1
4139829 1
4140871 1
4142507 1
4147734 1
4170076 1
4172303 1
4190122 1
4211460 1
4211531 1
4212266 1
4212832 1
4220234 1
4227527 1
4236989 1
4239909 1
4248478 1
4250924 1
4256590 1
4259485 1
4261467 1
4270433 1
4271544 1
4274911 1
4280895 1
4283847 1
4288429 1
4288577 1
4294850 1
4294850 1
4309319 1
4314054 1
4329924 1
4330118 1
4331674 1
4336075 1
4337140 1
4337295 1
4339150 1
4339720 1
4340456 1
4342864 1
4344516 1
4346643 1
4346825 1
4350832 1
4352743 1
4353300 1
4360431 1
4361782 1
4365964 1
4368106 1
4370345 1
4370754 1
4380999 1
4385773 1
4386752 1
4389245 1
4396208 1
4399086 1
4399193 1
4402234 1
4412496 1
4415811 1
4416724 1
4416851 1
4416989 1
4420524 1
4420536 1
4422352 1
4422515 1
4426843 1
4439045 1
4449174 1
4462781 1
4469625 1
4493214 1
4493224 1
4493274 1
4508698 1
4512376 1
4516754 1
4520459 1
4527597 1
4533241 1
4533248 1
4535150 1
4536675 1
4567128 1
4580642 1
4596858 1
4600642 1
4606283 1
4630391 1
4631126 1
4643960 1
4653173 1
4654078 1
4656346 1
4660392 1
4660968 1
4664132 1
4670454 1
4676073 1
4679975 1
4681060 1
4681345 1
4684597 1
4699308 1
4709909 1
4712778 1
4712980 1
4714999 1
4715905 1
4730360 1
4740186 1
4740195 1
4754069 1
4768933 1
4770172 1
4774119 1
4774730 1
4802245 1
4804138 1
4805664 1
4807284 1
4811061 1
4812522 1
4814998 1
4820081 1
4824853 1
4825008 1
4825237 1
4832388 1
4832423 1
4834162 1
4849804 1
4849824 1
4851039 1
4859710 1
4860549 1
4860974 1
4862531 1
4866198 1
4869233 1
4879239 1
4884150 1
4885107 1
4888890 1
4899788 1
4905134 1
4906040 1
4907125 1
4907849 1
4911681 1
4913465 1
4920840 1
4925455 1
4927607 1
4930858 1
4942989 1
4954604 1
4955787 1
4957595 1
4960049 1
4963127 1
4987303 1
4996951 1
4998438 1
4999803 1
4999826 1
5006439 1
5011213 1
5014348 1
5019921 1
5021347 1
5022867 1
5023107 1
5025047 1
5025886 1
5035683 1
5039554 1
5041696 1
5043733 1
5048777 1
5054678 1
5055834 1
5062381 1
5067663 1
5074551 1
5081482 1
5083166 1
5086362 1
5098459 1
5116767 1
5125387 1
5131194 1
5134003 1
5137335 1
5138041 1
5144224 1
5145414 1
5149558 1
5163871 1
5169828 1
5172754 1
5181442 1
5193915 1
5196852 1
5198853 1
5201481 1
5202702 1
5217537 1
5219668 1
5220801 1
5222032 1
5235005 1
5235496 1
5244120 1
5253843 1
5254714 1
5256589 1
5259391 1
5268827 1
5271056 1
5271914 1
5272511 1
5282835 1
5287193 1
5289255 1
5291810 1
5292825 1
5293682 1
5299629 1
5300222 1
5303057 1
5313865 1
5315333 1
5315815 1
5322670 1
5323532 1
5341409 1
5343246 1
5344235 1
5346494 1
5348685 1
5351247 1
5368439 1
5369709 1
5372300 1
5373921 1
5374296 1
5375869 1
5376801 1
5377924 1
5392647 1
5408309 1
5416713 1
5418565 1
5430933 1
5431143 1
5436443 1
5441769 1
5443118 1
5448651 1
5451620 1
5452603 1
5453026 1
5454782 1
5455610 1
5459123 1
5462623 1
5466952 1
5467340 1
5468641 1
5472586 1
5489097 1
5490163 1
5494037 1
5494037 1
5500765 1
5503002 1
5503549 1
5505779 1
5509540 1
5509546 1
5516967 1
5523009 1
5532907 1
5533707 1
5534777 1
5537687 1
5540230 1
5547048 1
5549784 1
5549951 1
5558909 1
5560241 1
5571736 1
5572311 1
5579016 1
5591255 1
5593204 1
5601524 1
5604740 1
5604934 1
5606060 1
5607317 1
5607886 1
5607886 1
5614855 1
5615112 1
5615648 1
5616174 1
5617144 1
5617361 1
5623432 1
5631183 1
5637722 1
5643799 1
5648001 1
5650752 1
5659725 1
5660058 1
5668448 1
5676349 1
5679786 1
5681353 1
5682435 1
5685267 1
5692169 1
5693797 1
5715120 1
5716184 1
5719485 1
5719934 1
5722735 1
5722754 1
5724551 1
5726159 1
5741460 1
5743672 1
5747170 1
5747613 1
5747996 1
5756742 1
5758112 1
5759092 1
5760997 1
5774249 1
5780192 1
5787780 1
5790347 1
5790909 1
5798570 1
5808583 1
5809270 1
5810374 1
5810749 1
5811335 1
5811401 1
5818966 1
5819052 1
5824719 1
5827827 1
5827836 1
5828755 1
5830435 1
5835225 1
5836011 1
5852513 1
5856753 1
5859785 1
5859939 1
5863353 1
5872463 1
5874475 1
5877119 1
5877247 1
5877401 1
5877421 1
5878600 1
5879500 1
5879715 1
5887275 1
5889689 1
5891870 1
5892185 1
5904150 1
5904629 1
5918120 1
5929443 1
5931357 1
5931357 1
5931922 1
5934248 1
5939916 1
5941424 1
5946986 1
5953461 1
5956071 1
5956456 1
5956651 1
5957045 1
5961622 1
5962127 1
5966462 1
5968025 1
5969126 1
5969916 1
5972383 1
5984386 1
5986452 1
5987844 1
5998377 1
6001282 1
6005848 1
6007210 1
6007641 1
6014307 1
6019628 1
6025400 1
6032355 1
6033340 1
6034915 1
6035546 1
6035985 1
6036807 1
6038180 1
6038284 1
6039725 1
6040816 1
6044060 1
6046883 1
6052922 1
6055351 1
6057735 1
6059182 1
6063321 1
6064026 1
6068403 1
6077838 1
6087611 1
6090975 1
6091009 1
6095950 1
6096074 1
6099437 1
6102677 1
6109092 1
6121362 1
6122144 1
6122673 1
6124446 1
6127417 1
6133720 1
6144544 1
6150011 1
6151078 1
6151714 1
6151933 1
6152000 1
6154091 1
6155304 1
6157360 1
6165218 1
6179351 1
6187783 1
6198443 1
6204524 1
6237306 1
6239658 1
6246171 1
6253774 1
6254346 1
6259325 1
6264392 1
6273945 1
6277964 1
6287353 1
6293774 1
6300924 1
6302423 1
6303213 1
6306252 1
6310433 1
6314998 1
6316135 1
6319602 1
6325038 1
6328164 1
6331742 1
6333680 1
6338477 1
6344472 1
6345050 1
6346218 1
6351321 1
6351690 1
6355709 1
6356931 1
6360850 1
6364254 1
6368448 1
6370666 1
6378793 1
6391137 1
6401655 1
6405736 1
6417642 1
6417669 1
6418358 1
6420258 1
6423629 1
6425118 1
6427927 1
6429654 1
6434970 1
6435066 1
6472539 1
6472553 1
6478902 1
6480938 1
6483013 1
6490928 1
6500081 1
6500466 1
6501006 1
6501535 1
6503352 1
6506154 1
6512171 1
6515062 1
6518194 1
6518632 1
6521364 1
6523777 1
6528908 1
6530776 1
6532303 1
6532504 1
6537032 1
6537206 1
6539747 1
6544084 1
6546850 1
6549130 1
6552524 1
6561116 1
6562125 1
6580869 1
6581476 1
6590076 1
6598099 1
6601052 1
6602040 1
6615717 1
6616234 1
6617921 1
6618353 1
6623794 1
6625325 1
6629493 1
6637156 1
6637583 1
6646342 1
6650652 1
6653814 1
6673385 1
6674141 1
6674407 1
6676717 1
6676898 1
6681420 1
6687781 1
6694807 1
6698847 1
6699582 1
6711934 1
6712155 1
6712550 1
6713858 1
6714990 1
6726595 1
6730453 1
6732287 1
6733530 1
6736120 1
6738368 1
6738576 1
6741129 1
6741438 1
6754681 1
6765970 1
6767155 1
6773853 1
6776259 1
6784618 1
6784747 1
6785775 1
6793245 1
6801921 1
6804601 1
6805145 1
6805279 1
6820127 1
6821950 1
6823904 1
6824569 1
6834333 1
6835692 1
6844559 1
6845436 1
6859148 1
6860565 1
6869545 1
6870022 1
6871619 1
6878880 1
6878992 1
6882215 1
6890458 1
6898158 1
6900328 1
6909479 1
6913622 1
6916050 1
6920340 1
6921229 1
6922891 1
6925499 1
6928778 1
6930756 1
6931571 1
6931636 1
6931786 1
6931866 1
6933848 1
6935227 1
6935516 1
6935770 1
6936871 1
6937523 1
6938215 1
6945434 1
6946992 1
6952983 1
6969262 1
6969930 1
6972906 1
6972953 1
6973312 1
6975562 1
6982336 1
6982342 1
6990953 1
6991096 1
6992208 1
6994956 1
6996735 1
6999697 1
7001875 1
7003057 1
7013919 1
7015516 1
7017945 1
7018541 1
7026168 1
7026770 1
7027438 1
7030056 1
7031634 1
7033486 1
7036720 1
7042445 1
7043907 1
7044305 1
7049734 1
7050539 1
7050614 1
7050988 1
7057850 1
7061178 1
7068889 1
7072492 1
7075044 1
7075228 1
7075575 1
7084985 1
7086465 1
7111088 1
7111396 1
7111411 1
7113092 1
7114965 1
7116717 1
7117310 1
7118834 1
7125262 1
7129279 1
7130680 1
7148782 1
7159470 1
7163417 1
7165972 1
7166501 1
7166722 1
7171016 1
7180977 1
7182636 1
7183226 1
7189063 1
7198546 1
7209888 1
7213572 1
7218641 1
7222006 1
7224897 1
7225080 1
7230036 1
7233681 1
7242093 1
7242261 1
7245698 1
7250995 1
7251553 1
7258411 1
7261575 1
7272492 1
7275805 1
7277522 1
7278901 1
7281815 1
7289014 1
7299554 1
7306129 1
7309128 1
7309449 1
7312134 1
7317668 1
7318611 1
7320985 1
7325956 1
7326572 1
7327173 1
7336030 1
7339013 1
7340614 1
7340678 1
7343818 1
7348476 1
7352561 1
7366775 1
7368084 1
7368183 1
7369445 1
7371269 1
7372410 1
7377851 1
7379674 1
7381130 1
7382177 1
7390961 1
7393107 1
7396452 1
7399882 1
7401872 1
7411886 1
7414836 1
7418621 1
7422076 1
7439240 1
7443692 1
7444296 1
7456740 1
7461060 1
7463424 1
7466236 1
7475436 1
7476778 1
7480310 1
7492923 1
7507899 1
7508939 1
7513485 1
7514070 1
7514070 1
7514570 1
7523772 1
7525789 1
7528811 1
7538093 1
7545505 1
7546616 1
7553318 1
7557620 1
7557712 1
7560124 1
7569591 1
7572842 1
7590618 1
7591794 1
7593747 1
7595347 1
7596659 1
7601671 1
7601864 1
7608889 1
7621161 1
7623595 1
7624598 1
7627560 1
7632957 1
7635599 1
7641277 1
7646154 1
7649026 1
7651822 1
7656623 1
7667029 1
7667924 1
7671586 1
7672868 1
7675037 1
7676555 1
7678053 1
7680402 1
7683924 1
7684536 1
7684759 1
7696010 1
7697068 1
7698601 1
7698734 1
7701288 1
7706735 1
7708280 1
7710463 1
7711297 1
7711606 1
7727661 1
7736147 1
7741525 1
7745020 1
7755594 1
7761421 1
7763325 1
7766156 1
7771769 1
7773731 1
7775593 1
7777637 1
7778124 1
7782066 1
7790251 1
7800259 1
7823205 1
7824789 1
7824960 1
7827054 1
7829011 1
7831174 1
7852295 1
7855130 1
7856036 1
7856040 1
7856901 1
7864801 1
7889960 1
7890536 1
7892563 1
7894532 1
7897628 1
7902366 1
7905470 1
7906252 1
7909273 1
7910353 1
7915193 1
7922037 1
7923721 1
7925473 1
7928913 1
7928916 1
7930234 1
7940801 1
7943563 1
7944283 1
7945464 1
7949025 1
7956967 1
7958198 1
7966078 1
7966820 1
7971519 1
7971613 1
7972545 1
7976994 1
7979150 1
7981197 1
7981876 1
7982762 1
7984498 1
7995932 1
7997177 1
8000635 1
8003088 1
8003466 1
8003499 1
8005412 1
8006374 1
8006686 1
8007260 1
8009321 1
8015813 1
8021153 1
8022969 1
8024441 1
8030848 1
8031016 1
8031171 1
8031330 1
8031724 1
8034239 1
8034818 1
8035801 1
8037246 1
8039691 1
8040314 1
8041805 1
8047395 1
8048226 1
8048611 1
8055928 1
8057924 1
8058906 1
8059243 1
8061614 1
8063823 1
8065049 1
8068178 1
8069228 1
8070936 1
8071364 1
8071945 1
8077002 1
8078151 1
8081185 1
8082578 1
8085060 1
8085716 1
8087016 1
8089127 1
8091251 1
8097526 1
8106704 1
8110109 1
8111466 1
8112234 1
8113303 1
8113406 1
8114200 1
8114548 1
8117164 1
8119603 1
8120026 1
8120219 1
8121352 1
8121631 1
8121774 1
8122518 1
8124180 1
8124693 1
8125023 1
8125481 1
8125694 1
8131131 1
8133191 1
8133622 1
8136124 1
8137323 1
8138414 1
8139199 1
8140770 1
8141287 1
8143317 1
8143973 1
8146981 1
8148392 1
8148451 1
8148861 1
8148991 1
8149579 1
8150894 1
8155078 1
8157219 1
8164114 1
8165372 1
8173968 1
8178755 1
8186542 1
8188017 1
8192107 1
8202575 1
8202942 1
8209918 1
8210103 1
8213613 1
8217091 1
8217415 1
8218323 1
8218413 1
8219081 1
8220839 1
8225172 1
8245518 1
8249298 1
8256552 1
8269426 1
8272616 1
8272616 1
8275135 1
8285076 1
8297548 1
8304616 1
4836 1
8170 1
12017 1
15473 1
24578 1
39063 1
44748 1
46316 1
50416 1
50724 1
51560 1
53638 1
54433 1
55517 1
59654 1
59955 1
60545 1
69019 1
76151 1
87597 1
89479 1
97671 1
98420 1
98713 1
103641 1
103818 1
104030 1
104931 1
105512 1
107024 1
108773 1
110029 1
110600 1
111811 1
114600 1
119515 1
120058 1
120969 1
121866 1
122124 1
123006 1
126408 1
127764 1
128329 1
128374 1
128544 1
128655 1
129402 1
133514 1
134993 1
135872 1
137687 1
137820 1
138211 1
139827 1
139916 1
142129 1
142934 1
143263 1
146030 1
149857 1
149928 1
150430 1
150450 1
153913 1
159923 1
160488 1
160904 1
161902 1
162836 1
163116 1
163396 1
164112 1
164236 1
166965 1
168144 1
170350 1
176796 1
179933 1
185343 1
187282 1
190133 1
191211 1
195621 1
196218 1
197136 1
197794 1
198999 1
200042 1
202589 1
206048 1
207365 1
209252 1
216071 1
217280 1
217966 1
218105 1
220457 1
220971 1
221141 1
223208 1
225214 1
227492 1
229962 1
230779 1
231778 1
233389 1
248470 1
253802 1
259375 1
263742 1
268009 1
268564 1
270045 1
276458 1
279761 1
294907 1
297527 1
300416 1
301419 1
309354 1
332447 1
335191 1
338841 1
338991 1
357477 1
363406 1
363731 1
386648 1
413129 1
415403 1
429312 1
430357 1
436782 1
441479 1
443306 1
443774 1
444077 1
447030 1
450019 1
450796 1
451355 1
454187 1
454641 1
460081 1
460082 1
463890 1
464387 1
465949 1
476293 1
483501 1
487750 1
487750 1
493135 1
497496 1
500577 1
525950 1
526336 1
530922 1
535163 1
536790 1
541834 1
549204 1
555466 1
555609 1
557662 1
574435 1
576332 1
576443 1
578444 1
612550 1
622267 1
627375 1
632824 1
637913 1
638902 1
643670 1
650384 1
650496 1
650780 1
662274 1
672588 1
682242 1
687432 1
688353 1
692384 1
692420 1
708470 1
712272 1
718330 1
718437 1
719902 1
719908 1
725846 1
727261 1
731194 1
733617 1
742740 1
743101 1
752457 1
765155 1
765909 1
767181 1
779046 1
779046 1
782051 1
782543 1
783544 1
799536 1
812165 1
812875 1
813569 1
815534 1
815719 1
824828 1
832412 1
838405 1
842202 1
842202 1
842205 1
848761 1
861655 1
864830 1
867653 1
869335 1
869353 1
891727 1
894478 1
905069 1
911653 1
920769 1
923297 1
927582 1
931543 1
931592 1
940970 1
949420 1
957902 1
961739 1
978233 1
980004 1
983935 1
992462 1
997195 1
1005434 1
1009235 1
1013789 1
1013988 1
1024392 1
1026236 1
1034151 1
1038467 1
1044304 1
1047677 1
1050240 1
1051896 1
1052375 1
1057433 1
1058199 1
1062288 1
1067334 1
1070721 1
1070913 1
1074280 1
1079903 1
1079916 1
1080809 1
1086153 1
1086172 1
1086411 1
1096042 1
1101000 1
1102311 1
1106670 1
1106915 1
1115835 1
1120311 1
1126838 1
1128037 1
1130754 1
1131776 1
1135847 1
1136292 1
1138830 1
1142077 1
1153138 1
1153645 1
1154595 1
1156130 1
1158204 1
1160878 1
1161346 1
1164993 1
1168583 1
1176396 1
1177537 1
1185622 1
1185946 1
1189820 1
1196626 1
1205076 1
1208025 1
1213345 1
1215494 1
1216250 1
1219210 1
1222862 1
1240536 1
1241563 1
1241891 1
1249297 1
1253584 1
1264720 1
1266295 1
1267127 1
1268856 1
1268962 1
1275869 1
1279063 1
1287658 1
1291596 1
1293141 1
1293398 1
1300062 1
1301574 1
1302030 1
1302865 1
1305234 1
1306215 1
1311448 1
1315002 1
1333307 1
1340589 1
1348481 1
1355220 1
1358146 1
1365328 1
1367290 1
1374505 1
1382658 1
1388034 1
1396459 1
1397945 1
1413526 1
1415799 1
1422590 1
1436433 1
1439143 1
1443239 1
1444406 1
1451471 1
1455109 1
1458571 1
1458573 1
1463135 1
1466535 1
1469174 1
1476236 1
1476655 1
1479507 1
1480938 1
1486641 1
1494588 1
1495880 1
1497582 1
1500877 1
1502332 1
1502340 1
1502348 1
1505222 1
1505392 1
1506387 1
1507156 1
1507364 1
1509087 1
1509467 1
1512227 1
1513020 1
1514174 1
1516445 1
1531417 1
1546430 1
1554758 1
1555104 1
1561681 1
1564534 1
1566545 1
1570084 1
1578644 1
1581503 1
1584610 1
1587508 1
1590893 1
1591316 1
1594213 1
1598675 1
1604381 1
1608851 1
1609417 1
1610389 1
1610530 1
1630703 1
1636609 1
1640762 1
1641157 1
1642434 1
1642974 1
1648563 1
1653711 1
1654583 1
1655423 1
1656433 1
1662584 1
1670479 1
1672470 1
1674211 1
1675420 1
1675442 1
1675970 1
1677209 1
1679093 1
1682439 1
1686542 1
1687184 1
1689124 1
1691280 1
1691810 1
1694121 1
1694132 1
1700125 1
1706111 1
1719975 1
1721460 1
1725000 1
1726688 1
1728607 1
1729784 1
1737000 1
1744497 1
1748237 1
1754315 1
1755406 1
1762197 1
1765377 1
1780413 1
1783090 1
1784771 1
1786523 1
1789054 1
1793135 1
1797937 1
1802086 1
1805469 1
1807644 1
1814319 1
1820747 1
1822381 1
1825380 1
1825670 1
1829405 1
1829712 1
1829766 1
1830011 1
1830705 1
1843672 1
1853459 1
1859003 1
1861492 1
1875663 1
1883089 1
1888056 1
1890991 1
1891903 1
1892489 1
1892891 1
1901338 1
1902270 1
1902343 1
1907580 1
1914590 1
1916934 1
1916939 1
1929770 1
1935179 1
1939520 1
1941939 1
1942045 1
1943298 1
1946114 1
1946256 1
1953493 1
1954929 1
1963226 1
1964645 1
1967799 1
1970376 1
1972650 1
1974870 1
1978829 1
1979134 1
1998504 1
1999432 1
1999542 1
2009245 1
2009254 1
2012209 1
2012226 1
2020082 1
2027967 1
2033078 1
2037871 1
2051786 1
2055326 1
2056852 1
2061586 1
2069870 1
2070189 1
2074520 1
2076562 1
2079085 1
2087492 1
2088313 1
2095486 1
2099718 1
2101402 1
2104339 1
2110416 1
2115093 1
2120102 1
2127650 1
2130465 1
2130850 1
2133930 1
2139649 1
2140322 1
2153622 1
2157824 1
2159095 1
2163621 1
2170545 1
2174205 1
2182103 1
2183240 1
2185657 1
2190426 1
2195076 1
2196272 1
2196771 1
2201941 1
2214154 1
2228019 1
2234053 1
2246838 1
2255432 1
2273187 1
2284544 1
2285390 1
2287180 1
2289128 1
2290954 1
2292103 1
2292109 1
2292581 1
2293293 1
2295413 1
2295968 1
2296506 1
2296707 1
2297078 1
2298677 1
2307137 1
2322570 1
2328678 1
2334533 1
2366181 1
2374580 1
2377022 1
2386043 1
2389793 1
2391496 1
2397671 1
2402236 1
2413007 1
2417424 1
2424609 1
2424987 1
2425109 1
2431228 1
2431230 1
2431570 1
2432832 1
2433531 1
2438274 1
2440996 1
2444705 1
2445381 1
2450884 1
2455839 1
2459768 1
2465500 1
2469124 1
2470053 1
2470468 1
2470671 1
2473325 1
2474502 1
2482333 1
2487449 1
2488936 1
2503302 1
2514788 1
2518125 1
2523871 1
2538349 1
2541596 1
2543299 1
2556032 1
2556743 1
2564071 1
2564690 1
2570353 1
2572370 1
2579819 1
2580219 1
2581566 1
2583325 1
2584602 1
2586024 1
2586185 1
2587796 1
2593171 1
2597370 1
2598948 1
2603084 1
2607918 1
2608465 1
2608523 1
2609244 1
2609485 1
2616444 1
2617993 1
2620302 1
2620303 1
2622857 1
2622946 1
2623823 1
2632223 1
2634397 1
2645335 1
2648584 1
2654784 1
2661960 1
2667475 1
2672280 1
2676387 1
2686321 1
2693809 1
2699612 1
2710036 1
2720433 1
2720446 1
2727537 1
2742824 1
2746339 1
2753980 1
2754246 1
2754251 1
2755709 1
2755738 1
2758826 1
2766961 1
2777351 1
2780400 1
2782765 1
2783311 1
2787959 1
2793687 1
2794145 1
2795902 1
2796245 1
2801385 1
2801758 1
2802071 1
2803490 1
2804104 1
2805136 1
2807727 1
2810432 1
2821065 1
2838857 1
2850338 1
2850536 1
2852171 1
2869149 1
2870149 1
2873955 1
2874250 1
2875571 1
2880759 1
2889082 1
2909535 1
2909607 1
2912811 1
2913647 1
2919856 1
2922270 1
2931385 1
2940460 1
2958737 1
2961481 1
2966193 1
2968934 1
2970554 1
2970751 1
2972172 1
2972533 1
2973909 1
2976255 1
2983277 1
2988446 1
2989830 1
2998565 1
2999756 1
3007727 1
3009160 1
3012584 1
3013299 1
3013798 1
3017551 1
3023513 1
3023632 1
3035492 1
3036737 1
3037189 1
3043194 1
3051579 1
3052279 1
3052584 1
3058472 1
3073622 1
3080119 1
3087064 1
3087153 1
3091973 1
3096960 1
3097037 1
3099938 1
3101079 1
3105398 1
3105938 1
3106002 1
3112575 1
3113330 1
3113500 1
3117524 1
3119566 1
3125108 1
3134071 1
3143317 1
3146441 1
3151016 1
3162095 1
3170583 1
3175066 1
3177635 1
3180280 1
3180827 1
3182196 1
3184340 1
3187215 1
3194890 1
3197062 1
3197940 1
3199295 1
3202614 1
3205084 1
3216986 1
3225876 1
3227956 1
3236651 1
3240504 1
3247291 1
3249445 1
3251552 1
3259805 1
3261364 1
3261418 1
3261670 1
3264637 1
3267050 1
3269182 1
3269474 1
3269686 1
3269796 1
3269901 1
3271222 1
3278664 1
3285192 1
3302294 1
3302343 1
3305752 1
3308932 1
3321991 1
3324100 1
3325362 1
3328902 1
3334186 1
3337543 1
3338397 1
3342807 1
3346798 1
3350360 1
3358097 1
3359791 1
3360264 1
3369231 1
3373516 1
3374068 1
3385269 1
3385992 1
3390852 1
3392771 1
3396822 1
3405271 1
3405372 1
3405468 1
3407015 1
3409430 1
3412615 1
3413880 1
3427949 1
3434172 1
3434834 1
3441587 1
3444663 1
3447280 1
3454202 1
3464018 1
3464436 1
3465426 1
3474323 1
3480999 1
3481472 1
3485460 1
3486476 1
3487421 1
3488247 1
3503470 1
3503712 1
3504853 1
3510132 1
3512670 1
3512843 1
3513252 1
3514032 1
3515827 1
3516983 1
3522634 1
3528746 1
3530440 1
3537065 1
3538710 1
3552661 1
3553314 1
3555479 1
3569993 1
3573769 1
3575795 1
3576848 1
3589486 1
3590150 1
3604519 1
3606089 1
3606412 1
3607647 1
3615073 1
3626967 1
3627490 1
3641653 1
3653997 1
3655922 1
3658813 1
3665344 1
3667739 1
3670557 1
3672675 1
3676382 1
3677034 1
3680615 1
3690714 1
3711388 1
3712204 1
3717693 1
3730418 1
3734179 1
3739495 1
3740646 1
3743664 1
3744974 1
3758930 1
3761535 1
3764210 1
3768907 1
3777569 1
3782159 1
3787058 1
3788887 1
3794440 1
3806184 1
3806911 1
3813923 1
3830879 1
3831527 1
3854176 1
3860182 1
3861608 1
3861814 1
3863197 1
3863714 1
3863992 1
3865675 1
3865742 1
3871310 1
3872624 1
3875306 1
3879320 1
3884506 1
3891099 1
3891972 1
3894622 1
3913968 1
3929216 1
3940127 1
3941712 1
3942826 1
3945366 1
3953020 1
3955850 1
3956120 1
3961673 1
3965995 1
3984043 1
3988168 1
3997549 1
4008237 1
4013809 1
4021734 1
4023113 1
4031759 1
4036690 1
4037113 1
4045558 1
4046740 1
4056407 1
4062792 1
4067470 1
4069754 1
4074115 1
4077147 1
4077383 1
4083520 1
4086062 1
4101061 1
4102053 1
4103371 1
4105456 1
4105982 1
4113453 1
4136302 1
4138374 1
4140643 1
4146567 1
4151054 1
4156829 1
4158375 1
4168295 1
4168296 1
4173639 1
4179182 1
4179658 1
4180519 1
4187380 1
4190347 1
4208786 1
4212756 1
4214517 1
4219556 1
4220266 1
4223038 1
4225118 1
4225274 1
4227982 1
4229808 1
4229952 1
4230947 1
4237192 1
4238808 1
4251748 1
4257268 1
4258265 1
4259268 1
4261144 1
4261893 1
4264322 1
4266366 1
4266839 1
4266932 1
4271113 1
4273060 1
4273330 1
4295324 1
4302920 1
4310341 1
4310853 1
4313227 1
4313432 1
4314353 1
4315492 1
4316497 1
4317863 1
4321038 1
4323139 1
4330910 1
4333657 1
4341279 1
4342497 1
4343985 1
4346372 1
4346644 1
4347266 1
4348378 1
4348513 1
4354405 1
4357650 1
4361482 1
4365998 1
4368292 1
4368953 1
4371195 1
4371669 1
4371974 1
4373271 1
4382437 1
4384295 1
4389156 1
4400122 1
4401896 1
4420011 1
4422060 1
4427818 1
4431536 1
4435238 1
4439877 1
4444636 1
4445606 1
4452914 1
4461006 1
4461021 1
4463015 1
4463377 1
4468256 1
4471597 1
4474495 1
4481269 1
4481464 1
4485596 1
4500415 1
4506225 1
4517044 1
4528260 1
4532811 1
4535798 1
4543895 1
4551568 1
4555784 1
4558815 1
4577142 1
4592542 1
4600908 1
4608861 1
4610894 1
4614081 1
4631058 1
4636378 1
4639417 1
4643695 1
4645334 1
4647012 1
4650764 1
4653049 1
4653402 1
4658075 1
4661115 1
4662177 1
4662929 1
4663500 1
4665009 1
4667288 1
4667307 1
4672213 1
4676547 1
4682122 1
4683518 1
4684400 1
4694355 1
4698879 1
4700372 1
4701681 1
4703133 1
4707607 1
4711272 1
4713764 1
4722785 1
4733811 1
4739280 1
4740483 1
4744915 1
4747243 1
4755663 1
4763361 1
4778679 1
4785593 1
4788104 1
4792079 1
4799360 1
4799713 1
4802992 1
4811452 1
4812600 1
4816157 1
4818495 1
4825335 1
4829271 1
4832975 1
4836513 1
4837112 1
4837130 1
4840637 1
4841100 1
4844585 1
4847151 1
4856517 1
4857017 1
4870752 1
4874435 1
4881248 1
4881838 1
4882662 1
4887152 1
4892150 1
4893196 1
4894504 1
4896741 1
4899512 1
4900288 1
4902673 1
4903282 1
4905481 1
4905583 1
4906010 1
4916760 1
4923635 1
4924797 1
4926120 1
4927219 1
4930978 1
4952481 1
4952689 1
4955588 1
4968611 1
4969361 1
4970709 1
4975427 1
4976603 1
4977050 1
4985684 1
4987862 1
4989985 1
4991977 1
4994087 1
4996010 1
4996707 1
4997191 1
4999855 1
4999940 1
5000809 1
5001041 1
5009659 1
5014335 1
5016134 1
5016391 1
5018081 1
5025556 1
5025842 1
5030721 1
5041167 1
5046319 1
5047550 1
5048248 1
5048489 1
5051423 1
5052148 1
5056939 1
5073652 1
5074166 1
5074359 1
5118803 1
5127763 1
5138433 1
5153535 1
5158737 1
5167469 1
5171955 1
5172809 1
5176188 1
5178477 1
5190308 1
5191712 1
5197084 1
5198193 1
5202044 1
5203621 1
5212147 1
5212787 1
5219506 1
5221115 1
5221854 1
5222967 1
5228407 1
5233730 1
5234684 1
5235444 1
5236661 1
5242447 1
5256723 1
5261764 1
5262285 1
5262384 1
5265821 1
5268989 1
5281459 1
5295089 1
5296130 1
5300731 1
5305389 1
5320451 1
5334287 1
5340825 1
5341009 1
5349035 1
5350810 1
5350817 1
5350875 1
5350877 1
5351170 1
5361300 1
5367201 1
5367255 1
5370465 1
5370658 1
5373098 1
5383267 1
5385849 1
5392165 1
5415618 1
5416754 1
5417223 1
5417799 1
5417872 1
5418685 1
5420418 1
5424983 1
5432147 1
5432420 1
5433527 1
5435774 1
5439412 1
5441863 1
5449392 1
5450605 1
5451343 1
5457265 1
5461879 1
5468777 1
5472732 1
5472734 1
5488005 1
5488465 1
5495944 1
5500373 1
5521376 1
5523430 1
5526040 1
5531641 1
5531833 1
5536906 1
5542825 1
5547560 1
5549878 1
5550343 1
5560382 1
5566698 1
5567825 1
5568219 1
5572585 1
5575256 1
5576373 1
5591440 1
5591473 1
5592361 1
5597630 1
5609217 1
5609758 1
5617114 1
5634829 1
5648071 1
5648074 1
5656808 1
5657597 1
5660184 1
5663313 1
5663470 1
5665147 1
5669400 1
5680214 1
5683452 1
5686539 1
5689022 1
5690092 1
5691445 1
5694249 1
5696015 1
5708739 1
5724722 1
5724858 1
5730504 1
5735239 1
5741829 1
5742091 1
5745231 1
5747077 1
5767105 1
5773626 1
5776081 1
5776299 1
5782081 1
5783566 1
5790019 1
5801697 1
5803857 1
5808759 1
5810603 1
5810704 1
5810835 1
5812226 1
5813401 1
5821594 1
5823559 1
5830367 1
5843251 1
5844547 1
5852522 1
5855474 1
5860330 1
5860445 1
5864718 1
5864728 1
5874739 1
5877728 1
5877940 1
5880282 1
5880911 1
5881037 1
5881846 1
5883267 1
5891563 1
5893674 1
5894905 1
5904611 1
5917196 1
5933463 1
5937256 1
5956056 1
5957784 1
5962653 1
5984216 1
5986681 1
6006218 1
6022797 1
6029741 1
6037787 1
6039290 1
6042274 1
6042474 1
6043524 1
6044516 1
6051321 1
6052127 1
6054155 1
6054262 1
6062664 1
6063834 1
6080793 1
6083562 1
6110431 1
6116192 1
6117507 1
6121207 1
6122680 1
6122878 1
6122918 1
6128262 1
6128997 1
6131049 1
6139057 1
6145960 1
6149929 1
6151739 1
6151850 1
6155471 1
6156223 1
6157239 1
6157529 1
6158431 1
6167366 1
6174235 1
6176261 1
6176609 1
6177365 1
6179255 1
6181690 1
6185248 1
6185375 1
6187090 1
6190088 1
6192516 1
6199099 1
6202970 1
6224481 1
6224649 1
6224654 1
6225372 1
6228210 1
6229370 1
6236431 1
6238055 1
6252341 1
6271427 1
6276888 1
6278279 1
6282189 1
6291317 1
6297059 1
6304480 1
6306292 1
6310100 1
6313942 1
6322710 1
6332605 1
6334104 1
6335355 1
6337048 1
6342549 1
6344210 1
6345907 1
6349415 1
6352403 1
6354870 1
6357730 1
6367215 1
6369907 1
6392715 1
6403005 1
6403943 1
6406880 1
6407699 1
6417405 1
6423274 1
6423882 1
6427918 1
6447012 1
6466585 1
6467448 1
6476196 1
6476823 1
6479493 1
6484694 1
6498356 1
6498379 1
6500086 1
6506064 1
6506949 1
6517461 1
6518034 1
6525802 1
6529577 1
6532794 1
6537515 1
6537920 1
6542451 1
6545478 1
6545688 1
6546389 1
6549108 1
6549877 1
6553822 1
6555915 1
6557765 1
6559208 1
6579336 1
6582695 1
6583539 1
6584074 1
6584652 1
6587357 1
6591344 1
6603497 1
6606400 1
6615830 1
6616648 1
6619388 1
6620277 1
6622101 1
6626992 1
6631795 1
6633061 1
6634635 1
6636786 1
6640388 1
6640863 1
6641693 1
6646459 1
6647398 1
6647405 1
6648579 1
6649321 1
6649323 1
6650564 1
6654827 1
6657876 1
6658479 1
6663943 1
6670168 1
6674744 1
6680237 1
6680776 1
6680973 1
6697278 1
6700851 1
6702629 1
6713969 1
6717553 1
6719214 1
6720030 1
6720313 1
6725116 1
6735888 1
6737635 1
6744965 1
6748212 1
6749764 1
6749771 1
6750749 1
6756576 1
6767863 1
6775240 1
6778862 1
6783561 1
6783820 1
6790445 1
6791513 1
6804345 1
6804379 1
6807261 1
6807272 1
6813687 1
6815331 1
6818205 1
6818376 1
6824632 1
6831363 1
6835033 1
6841416 1
6842036 1
6842414 1
6842708 1
6844050 1
6849971 1
6851268 1
6851535 1
6853489 1
6854248 1
6855724 1
6856398 1
6870791 1
6872250 1
6872338 1
6884903 1
6891742 1
6893089 1
6902451 1
6910052 1
6912845 1
6916095 1
6917994 1
6918816 1
6922592 1
6922776 1
6924311 1
6924512 1
6929745 1
6932505 1
6935437 1
6937868 1
6940300 1
6940550 1
6940995 1
6944469 1
6946307 1
6954499 1
6955943 1
6958784 1
6960860 1
6966497 1
6967887 1
6973919 1
6976620 1
6976659 1
6983542 1
6984533 1
6992286 1
6999607 1
7000650 1
7001844 1
7002557 1
7004268 1
7012482 1
7021376 1
7023013 1
7024861 1
7031488 1
7033904 1
7034291 1
7035714 1
7037729 1
7039932 1
7041698 1
7043057 1
7043655 1
7048210 1
7050545 1
7063423 1
7064577 1
7065845 1
7073671 1
7074015 1
7077433 1
7078412 1
7080364 1
7102770 1
7104599 1
7105953 1
7106304 1
7108106 1
7110727 1
7111563 1
7111632 1
7113250 1
7114320 1
7114350 1
7118619 1
7118854 1
7118857 1
7123927 1
7124242 1
7130720 1
7133907 1
7136447 1
7138429 1
7138647 1
7138959 1
7139758 1
7141091 1
7144528 1
7144897 1
7152620 1
7162037 1
7163186 1
7177153 1
7178703 1
7184848 1
7192878 1
7197199 1
7198457 1
7215205 1
7224960 1
7225714 1
7227199 1
7235814 1
7236205 1
7239639 1
7239849 1
7241298 1
7245448 1
7254516 1
7264160 1
7275497 1
7281260 1
7283667 1
7286986 1
7288498 1
7303217 1
7303734 1
7306260 1
7310943 1
7311829 1
7324476 1
7324733 1
7327919 1
7329873 1
7330362 1
7330447 1
7331081 1
7334879 1
7343505 1
7354964 1
7357928 1
7365466 1
7374136 1
7382695 1
7383713 1
7387306 1
7390627 1
7392792 1
7392927 1
7393552 1
7395653 1
7395819 1
7400285 1
7402262 1
7418472 1
7419301 1
7424208 1
7429109 1
7438146 1
7447920 1
7451259 1
7458541 1
7462917 1
7464478 1
7466417 1
7483190 1
7484322 1
7492798 1
7492956 1
7496502 1
7504257 1
7506874 1
7512221 1
7513908 1
7517403 1
7526259 1
7531698 1
7537546 1
7541742 1
7546091 1
7558966 1
7562525 1
7563780 1
7571517 1
7574888 1
7574954 1
7575020 1
7579153 1
7584597 1
7592540 1
7593902 1
7593903 1
7594728 1
7598191 1
7601956 1
7623961 1
7629716 1
7635185 1
7636163 1
7636761 1
7640733 1
7642983 1
7643662 1
7644684 1
7647304 1
7648563 1
7650345 1
7650990 1
7652161 1
7652380 1
7654393 1
7659853 1
7660229 1
7660694 1
7661190 1
7661247 1
7661875 1
7663238 1
7666348 1
7676036 1
7688579 1
7690380 1
7695153 1
7705186 1
7705976 1
7734052 1
7735338 1
7750664 1
7756587 1
7760859 1
7773327 1
7775256 1
7775387 1
7777239 1
7777397 1
7782943 1
7782943 1
7797937 1
7800844 1
7800873 1
7805581 1
7805848 1
7816722 1
7823761 1
7824796 1
7826159 1
7828486 1
7831126 1
7836375 1
7841842 1
7849382 1
7850507 1
7851121 1
7857753 1
7859590 1
7859629 1
7861683 1
7870495 1
7871741 1
7872064 1
7874213 1
7887261 1
7888138 1
7888370 1
7890519 1
7892805 1
7894363 1
7909351 1
7914283 1
7916873 1
7918034 1
7921275 1
7924259 1
7925126 1
7925734 1
7936539 1
7941159 1
7943964 1
7945755 1
7949503 1
7950085 1
7952518 1
7952621 1
7957260 1
7969815 1
7971866 1
7982902 1
7986080 1
7986275 1
7994783 1
7997244 1
7998001 1
7998113 1
7999190 1
7999826 1
8002053 1
8004412 1
8004639 1
8005573 1
8009517 1
8010350 1
8011613 1
8012612 1
8016759 1
8019298 1
8020534 1
8027399 1
8027399 1
8028497 1
8029279 1
8031132 1
8031354 1
8032371 1
8034823 1
8036010 1
8039128 1
8039728 1
8041558 1
8042694 1
8045255 1
8045321 1
8045339 1
8046452 1
8049255 1
8053662 1
8057510 1
8058561 1
8061269 1
8064254 1
8067975 1
8071182 1
8071527 1
8075343 1
8075359 1
8077779 1
8080184 1
8082500 1
8082839 1
8084454 1
8085510 1
8086893 1
8090076 1
8090303 1
8093929 1
8095764 1
8098926 1
8100914 1
8103880 1
8106504 1
8108201 1
8108650 1
8108675 1
8109732 1
8109886 1
8111058 1
8112529 1
8115715 1
8115921 1
8116175 1
8118723 1
8120686 1
8120890 1
8122526 1
8123759 1
8124113 1
8125711 1
8128477 1
8131662 1
8132015 1
8134618 1
8136740 1
8140446 1
8141265 1
8142602 1
8144264 1
8144269 1
8147951 1
8148954 1
8151803 1
8152611 1
8154485 1
8156067 1
8157164 1
8157394 1
8161555 1
8161578 1
8165665 1
8182790 1
8184697 1
8184858 1
8195776 1
8213085 1
8214117 1
8217584 1
8219918 1
8221296 1
8222919 1
8224021 1
8228111 1
8231066 1
8237568 1
8240562 1
8248724 1
8253570 1
8256350 1
8261187 1
8264056 1
8276642 1
8284454 1
8286947 1
8298669 1
3147 1
6397 1
7757 1
15265 1
18988 1
26171 1
29804 1
35816 1
54513 1
55328 1
60290 1
73168 1
79958 1
92354 1
98960 1
100254 1
100320 1
102497 1
103732 1
105102 1
107091 1
109174 1
109406 1
111879 1
119921 1
121682 1
123306 1
125841 1
126096 1
126305 1
126307 1
127875 1
128788 1
130829 1
131074 1
132471 1
132610 1
132814 1
136285 1
139789 1
143626 1
145363 1
145452 1
145455 1
146139 1
146289 1
148675 1
149765 1
149968 1
150354 1
150922 1
151987 1
152917 1
152919 1
154782 1
155547 1
161295 1
164886 1
165157 1
166639 1
169406 1
169421 1
170609 1
171544 1
171970 1
174847 1
176311 1
178369 1
179422 1
182896 1
185816 1
186117 1
187092 1
188363 1
192615 1
193198 1
195429 1
198589 1
199238 1
199367 1
199812 1
200478 1
201633 1
203103 1
204469 1
211036 1
211684 1
211856 1
216290 1
218040 1
221941 1
222515 1
223383 1
224818 1
225283 1
227726 1
231057 1
231641 1
231809 1
231838 1
240151 1
248982 1
249290 1
252167 1
252898 1
254127 1
268484 1
270216 1
297646 1
297651 1
302251 1
303936 1
308800 1
311976 1
320226 1
322650 1
322898 1
329346 1
345867 1
349751 1
351607 1
352130 1
359637 1
371634 1
386035 1
389182 1
411545 1
419771 1
425170 1
430152 1
448661 1
450712 1
452416 1
453073 1
454785 1
455783 1
456136 1
461258 1
471364 1
473020 1
473187 1
474479 1
478015 1
490093 1
490345 1
492682 1
493827 1
499393 1
512507 1
516202 1
524882 1
526027 1
526213 1
529354 1
538337 1
539449 1
548510 1
549397 1
549466 1
550411 1
555367 1
556123 1
565020 1
566317 1
566367 1
566445 1
566478 1
567766 1
567973 1
568320 1
568998 1
571943 1
580871 1
606716 1
610864 1
615492 1
618791 1
643351 1
647082 1
654770 1
658026 1
672845 1
673278 1
673865 1
674198 1
679502 1
688553 1
690559 1
715341 1
717805 1
718171 1
718563 1
724938 1
725762 1
736076 1
736896 1
747666 1
751136 1
757542 1
759534 1
759963 1
763424 1
765276 1
775638 1
778392 1
778519 1
811097 1
811272 1
813357 1
813580 1
815061 1
818729 1
830751 1
833055 1
836448 1
848774 1
857367 1
860541 1
870334 1
871180 1
871385 1
874559 1
880076 1
881200 1
881305 1
881314 1
897276 1
910292 1
912853 1
919019 1
924680 1
928213 1
929856 1
940495 1
953310 1
962475 1
965840 1
980339 1
991222 1
1010720 1
1041185 1
1041295 1
1041479 1
1044732 1
1047706 1
1048916 1
1054440 1
1057251 1
1063974 1
1067850 1
1070698 1
1071580 1
1083311 1
1083515 1
1090368 1
1091725 1
1092254 1
1097234 1
1102526 1
1107660 1
1109855 1
1109977 1
1119264 1
1119982 1
1124546 1
1125589 1
1127621 1
1127672 1
1131012 1
1135909 1
1136716 1
1137926 1
1143557 1
1145767 1
1156850 1
1156853 1
1162094 1
1167231 1
1167493 1
1171076 1
1172632 1
1186231 1
1187429 1
1194021 1
1195153 1
1195837 1
1200728 1
1201580 1
1205577 1
1208013 1
1210963 1
1213260 1
1214523 1
1214555 1
1215775 1
1216479 1
1216647 1
1216658 1
1217419 1
1222616 1
1224130 1
1225818 1
1226165 1
1226321 1
1229092 1
1236975 1
1237795 1
1252980 1
1261872 1
1264325 1
1265346 1
1266476 1
1272136 1
1274047 1
1282986 1
1282986 1
1287188 1
1289099 1
1301116 1
1301182 1
1301182 1
1306953 1
1322063 1
1323914 1
1323992 1
1331919 1
1334925 1
1336773 1
1341638 1
1343766 1
1344622 1
1349710 1
1352491 1
1359450 1
1362333 1
1364092 1
1368824 1
1376756 1
1388106 1
1390864 1
1398245 1
1399402 1
1400948 1
1414900 1
1417147 1
1421673 1
1431398 1
1438033 1
1440396 1
1444934 1
1446374 1
1455472 1
1458914 1
1460019 1
1461215 1
1461397 1
1473544 1
1475114 1
1481337 1
1482654 1
1483941 1
1484831 1
1491457 1
1495840 1
1496186 1
1498321 1
1500477 1
1502149 1
1507029 1
1507336 1
1508227 1
1513276 1
1513412 1
1516101 1
1525412 1
1531027 1
1536027 1
1536038 1
1536308 1
1543724 1
1546400 1
1553127 1
1553558 1
1554794 1
1570305 1
1574428 1
1576635 1
1580936 1
1581430 1
1585246 1
1591518 1
1596779 1
1597713 1
1602806 1
1614270 1
1627124 1
1628675 1
1651981 1
1655875 1
1657868 1
1658556 1
1666504 1
1670867 1
1674751 1
1677476 1
1678495 1
1688100 1
1688783 1
1699945 1
1706392 1
1706702 1
1711903 1
1719814 1
1724990 1
1727624 1
1731194 1
1731707 1
1735097 1
1738698 1
1741494 1
1743292 1
1743947 1
1765681 1
1771352 1
1790857 1
1800814 1
1801073 1
1819292 1
1820798 1
1824859 1
1828482 1
1831291 1
1831584 1
1833474 1
1833847 1
1838354 1
1840828 1
1843800 1
1850721 1
1854777 1
1855747 1
1857260 1
1858542 1
1861751 1
1861878 1
1862107 1
1871711 1
1874728 1
1880432 1
1882658 1
1895142 1
1895158 1
1898195 1
1900431 1
1902478 1
1902619 1
1908065 1
1908911 1
1909010 1
1914064 1
1914064 1
1914471 1
1914804 1
1916405 1
1922985 1
1924215 1
1934515 1
1938407 1
1940045 1
1944933 1
1963035 1
1963354 1
1965079 1
1965748 1
1969429 1
1979213 1
1989467 1
1990678 1
1992070 1
1996940 1
1998358 1
1999350 1
2004275 1
2008225 1
2023156 1
2039431 1
2052473 1
2053044 1
2053301 1
2064817 1
2065033 1
2065952 1
2072965 1
2073189 1
2073804 1
2074343 1
2080459 1
2082640 1
2084208 1
2093773 1
2095328 1
2097436 1
2104568 1
2105451 1
2113705 1
2114697 1
2114974 1
2116633 1
2116667 1
2116986 1
2130598 1
2134095 1
2136061 1
2138164 1
2138936 1
2139412 1
2144922 1
2144925 1
2146352 1
2148958 1
2151157 1
2151614 1
2162363 1
2171671 1
2175552 1
2179928 1
2180698 1
2186433 1
2187279 1
2187524 1
2194906 1
2195615 1
2220545 1
2237116 1
2248681 1
2260150 1
2266980 1
2271432 1
2273497 1
2277342 1
2282368 1
2290131 1
2291825 1
2292079 1
2293254 1
2294552 1
2294687 1
2295459 1
2297312 1
2299352 1
2301093 1
2301242 1
2312853 1
2324100 1
2328869 1
2333587 1
2333846 1
2343836 1
2351218 1
2364804 1
2365335 1
2367167 1
2378464 1
2388597 1
2398068 1
2401088 1
2401389 1
2407236 1
2408389 1
2409464 1
2409587 1
2413918 1
2418251 1
2420607 1
2422600 1
2427715 1
2428057 1
2437800 1
2440073 1
2440473 1
2440737 1
2441495 1
2441818 1
2441849 1
2443542 1
2444275 1
2444279 1
2444516 1
2456940 1
2461206 1
2467958 1
2470695 1
2474011 1
2487421 1
2488578 1
2490929 1
2495955 1
2502289 1
2504596 1
2505969 1
2507291 1
2507657 1
2508540 1
2511109 1
2513464 1
2513592 1
2514644 1
2517037 1
2519398 1
2521863 1
2523360 1
2524880 1
2525397 1
2528703 1
2531221 1
2542345 1
2545676 1
2551657 1
2554879 1
2554879 1
2563321 1
2570566 1
2573845 1
2577301 1
2585541 1
2585549 1
2590205 1
2592227 1
2592322 1
2593169 1
2598253 1
2598359 1
2598492 1
2606482 1
2606724 1
2607808 1
2614503 1
2615202 1
2615421 1
2618337 1
2618357 1
2620338 1
2622356 1
2629042 1
2632332 1
2632525 1
2637598 1
2647290 1
2660966 1
2667932 1
2671166 1
2672827 1
2674047 1
2675844 1
2686292 1
2687958 1
2707849 1
2707849 1
2710882 1
2710979 1
2713601 1
2714507 1
2718401 1
2718720 1
2721910 1
2723351 1
2729416 1
2731829 1
2732862 1
2733517 1
2737026 1
2754851 1
2754851 1
2760776 1
2760907 1
2762877 1
2772610 1
2788376 1
2789368 1
2791829 1
2793467 1
2801483 1
2801825 1
2802395 1
2812764 1
2815348 1
2816376 1
2824164 1
2825921 1
2833037 1
2861112 1
2862571 1
2862571 1
2869034 1
2875600 1
2876259 1
2879737 1
2882623 1
2886176 1
2887838 1
2889481 1
2893448 1
2897474 1
2902116 1
2911365 1
2912233 1
2919662 1
2922386 1
2923272 1
2925554 1
2932410 1
2949235 1
2965518 1
2971651 1
2971667 1
2974965 1
2974978 1
2985782 1
2988046 1
2990911 1
2992002 1
2994483 1
2994484 1
2995771 1
2996765 1
3003105 1
3003302 1
3003726 1
3006496 1
3007394 1
3007445 1
3009494 1
3009952 1
3022237 1
3023159 1
3024502 1
3026529 1
3035082 1
3039846 1
3050478 1
3057012 1
3058680 1
3059096 1
3059996 1
3062869 1
3067124 1
3068390 1
3076496 1
3077305 1
3079883 1
3091135 1
3093892 1
3094105 1
3097637 1
3099760 1
3102617 1
3105105 1
3107962 1
3110193 1
3117579 1
3121777 1
3125478 1
3125852 1
3125992 1
3150955 1
3151071 1
3151484 1
3163469 1
3164072 1
3172279 1
3175730 1
3179710 1
3180322 1
3182802 1
3183849 1
3187254 1
3187407 1
3187591 1
3187714 1
3189430 1
3190533 1
3191544 1
3195369 1
3197454 1
3198492 1
3207731 1
3209299 1
3215478 1
3217662 1
3219001 1
3226314 1
3231843 1
3244529 1
3247327 1
3254944 1
3256519 1
3258413 1
3263034 1
3263878 1
3265471 1
3265471 1
3271972 1
3273215 1
3276177 1
3276226 1
3278510 1
3282861 1
3284300 1
3286617 1
3288299 1
3294939 1
3295268 1
3302401 1
3302402 1
3306841 1
3311650 1
3313575 1
3320258 1
3320723 1
3323753 1
3329427 1
3329615 1
3329702 1
3329985 1
3331911 1
3337843 1
3339305 1
3354859 1
3358478 1
3363340 1
3380660 1
3384146 1
3388192 1
3389583 1
3389584 1
3390729 1
3393049 1
3393719 1
3415136 1
3415881 1
3418113 1
3420143 1
3426452 1
3429153 1
3430048 1
3431157 1
3431284 1
3433776 1
3433910 1
3448924 1
3460194 1
3463163 1
3470179 1
3473127 1
3476471 1
3477261 1
3486239 1
3490805 1
3492985 1
3497929 1
3502494 1
3503928 1
3507645 1
3509669 1
3515704 1
3515713 1
3518899 1
3522148 1
3528368 1
3528664 1
3531100 1
3532902 1
3535269 1
3535780 1
3537546 1
3539112 1
3541018 1
3542195 1
3543557 1
3553266 1
3555612 1
3560918 1
3562518 1
3566603 1
3568489 1
3569641 1
3571053 1
3574612 1
3585749 1
3590410 1
3606309 1
3607832 1
3619157 1
3621016 1
3622384 1
3623711 1
3628854 1
3629312 1
3630193 1
3638126 1
3641043 1
3641075 1
3652459 1
3657373 1
3657863 1
3659622 1
3659773 1
3660458 1
3669307 1
3674096 1
3681403 1
3681412 1
3690791 1
3700815 1
3709258 1
3710451 1
3711729 1
3712028 1
3716486 1
3718282 1
3719817 1
3720637 1
3727317 1
3727969 1
3732398 1
3744686 1
3748690 1
3748907 1
3758183 1
3771859 1
3777293 1
3779894 1
3788033 1
3788936 1
3792194 1
3793113 1
3804006 1
3805188 1
3809166 1
3813600 1
3827033 1
3830610 1
3831054 1
3837834 1
3839069 1
3844106 1
3860952 1
3862039 1
3862762 1
3863620 1
3865164 1
3865764 1
3868464 1
3871630 1
3872109 1
3874214 1
3874841 1
3875798 1
3884785 1
3890801 1
3891845 1
3892911 1
3900591 1
3901384 1
3903572 1
3906074 1
3910464 1
3911585 1
3914422 1
3915401 1
3928412 1
3936762 1
3936783 1
3944675 1
3947166 1
3948333 1
3953676 1
3954509 1
3957281 1
3963673 1
3964121 1
3978253 1
3987298 1
3994061 1
3999408 1
4006642 1
4010177 1
4016761 1
4021060 1
4022768 1
4035549 1
4035801 1
4047526 1
4048920 1
4051526 1
4054033 1
4055002 1
4058853 1
4059485 1
4068038 1
4075301 1
4085596 1
4103701 1
4111647 1
4113582 1
4117893 1
4141145 1
4143805 1
4144533 1
4146463 1
4147495 1
4156014 1
4165940 1
4176504 1
4185537 1
4194836 1
4195123 1
4197588 1
4204088 1
4205037 1
4205102 1
4210327 1
4224855 1
4227209 1
4229844 1
4231487 1
4232770 1
4232908 1
4233169 1
4234409 1
4237418 1
4238189 1
4249869 1
4250571 1
4261234 1
4261379 1
4262803 1
4268245 1
4270561 1
4273424 1
4273564 1
4281644 1
4292129 1
4295436 1
4297086 1
4298197 1
4300483 1
4306455 1
4316088 1
4322777 1
4327514 1
4336246 1
4336329 1
4340671 1
4343113 1
4344990 1
4345652 1
4347985 1
4358321 1
4358933 1
4364475 1
4371378 1
4383575 1
4386220 1
4387789 1
4389339 1
4401359 1
4405103 1
4416210 1
4421647 1
4423612 1
4424629 1
4426900 1
4428091 1
4429535 1
4457650 1
4463637 1
4464018 1
4467991 1
4476619 1
4479003 1
4483922 1
4486081 1
4497977 1
4500737 1
4505343 1
4506449 1
4518435 1
4521048 1
4526212 1
4538178 1
4545233 1
4556276 1
4557992 1
4563162 1
4581567 1
4583541 1
4588749 1
4610234 1
4618614 1
4634506 1
4636932 1
4640293 1
4648385 1
4658015 1
4665460 1
4668228 1
4669785 1
4674347 1
4677615 1
4684858 1
4686854 1
4694469 1
4695598 1
4702570 1
4707941 1
4707957 1
4709280 1
4709440 1
4710710 1
4712244 1
4713144 1
4717232 1
4719753 1
4730186 1
4734849 1
4736608 1
4737318 1
4742679 1
4749325 1
4758545 1
4762913 1
4769224 1
4770082 1
4772774 1
4779989 1
4783910 1
4798064 1
4804848 1
4808578 1
4812338 1
4813483 1
4814559 1
4816748 1
4820075 1
4828143 1
4828717 1
4829776 1
4836411 1
4846470 1
4850583 1
4852768 1
4861042 1
4861242 1
4874396 1
4874946 1
4877810 1
4878326 1
4882566 1
4885077 1
4890205 1
4893845 1
4893929 1
4895588 1
4896451 1
4897704 1
4899558 1
4905672 1
4925903 1
4930349 1
4933373 1
4939910 1
4942026 1
4948881 1
4967907 1
4969687 1
4970023 1
4970562 1
4970566 1
4971921 1
4974515 1
4979263 1
4982990 1
4988645 1
4989266 1
4993029 1
4994733 1
5001081 1
5008752 1
5016020 1
5016634 1
5017836 1
5019893 1
5025955 1
5034060 1
5056285 1
5057108 1
5077313 1
5113860 1
5127992 1
5131213 1
5136285 1
5147449 1
5153892 1
5157522 1
5158481 1
5159312 1
5160255 1
5160682 1
5163756 1
5168958 1
5172521 1
5173167 1
5182873 1
5183319 1
5185123 1
5196924 1
5197272 1
5200531 1
5207950 1
5219673 1
5238618 1
5249796 1
5251454 1
5251472 1
5265703 1
5265869 1
5273471 1
5275310 1
5280077 1
5280958 1
5287546 1
5289234 1
5293241 1
5299922 1
5301793 1
5305970 1
5317059 1
5324567 1
5331353 1
5334385 1
5347841 1
5350097 1
5350385 1
5354057 1
5355616 1
5358344 1
5362443 1
5363743 1
5369094 1
5371701 1
5372295 1
5372390 1
5373448 1
5374329 1
5379990 1
5381028 1
5381100 1
5418378 1
5420927 1
5426872 1
5427135 1
5432359 1
5446251 1
5449576 1
5456137 1
5457001 1
5457101 1
5458299 1
5463702 1
5499000 1
5502459 1
5502464 1
5503869 1
5509580 1
5509800 1
5511050 1
5514925 1
5520034 1
5521681 1
5524459 1
5531292 1
5542583 1
5543049 1
5543895 1
5557282 1
5557345 1
5571061 1
5576242 1
5595630 1
5600720 1
5602148 1
5604496 1
5605527 1
5607447 1
5607452 1
5611102 1
5615356 1
5627768 1
5634956 1
5636092 1
5639748 1
5641203 1
5642402 1
5643745 1
5646048 1
5646049 1
5657704 1
5657854 1
5660875 1
5673760 1
5674471 1
5675654 1
5677850 1
5681951 1
5682878 1
5683077 1
5687275 1
5687704 1
5688353 1
5688430 1
5691473 1
5693765 1
5694790 1
5699787 1
5709157 1
5710606 1
5710929 1
5715375 1
5719789 1
5720035 1
5722786 1
5728264 1
5734853 1
5747865 1
5767445 1
5769314 1
5773710 1
5774062 1
5775101 1
5776728 1
5777892 1
5778972 1
5785327 1
5787623 1
5793411 1
5797375 1
5800994 1
5802455 1
5807981 1
5809102 1
5811141 1
5811153 1
5815051 1
5819464 1
5822072 1
5823032 1
5826278 1
5835250 1
5854671 1
5861066 1
5865441 1
5865461 1
5867768 1
5877870 1
5879678 1
5880951 1
5881947 1
5882675 1
5884253 1
5888892 1
5893714 1
5894216 1
5908558 1
5915486 1
5916980 1
5920164 1
5923729 1
5923880 1
5928393 1
5939549 1
5940087 1
5949403 1
5960114 1
5963180 1
5968356 1
5968403 1
5971281 1
5971823 1
5972672 1
5977217 1
5981904 1
5983289 1
5986967 1
5986971 1
5994801 1
5996363 1
6002196 1
6003727 1
6004731 1
6010987 1
6012004 1
6028079 1
6031031 1
6037271 1
6040868 1
6044995 1
6048644 1
6050886 1
6056230 1
6057056 1
6060855 1
6063510 1
6064623 1
6065627 1
6066437 1
6073425 1
6075436 1
6079408 1
6080807 1
6084566 1
6106443 1
6107202 1
6107548 1
6109498 1
6109966 1
6140771 1
6143747 1
6145164 1
6148204 1
6149367 1
6149367 1
6152099 1
6153248 1
6154900 1
6155042 1
6156183 1
6161210 1
6163790 1
6166782 1
6174385 1
6175912 1
6178219 1
6182076 1
6185576 1
6197239 1
6197300 1
6197557 1
6197722 1
6198641 1
6204463 1
6207694 1
6224147 1
6231399 1
6232075 1
6241500 1
6249136 1
6249666 1
6250918 1
6251776 1
6259790 1
6264330 1
6276657 1
6276940 1
6278009 1
6280986 1
6291903 1
6299871 1
6303616 1
6319138 1
6334308 1
6337377 1
6338011 1
6339395 1
6341481 1
6353331 1
6355186 1
6358044 1
6358982 1
6359123 1
6364692 1
6365543 1
6365664 1
6368234 1
6372100 1
6374033 1
6375224 1
6377932 1
6378942 1
6380486 1
6382121 1
6384107 1
6387375 1
6387833 1
6393551 1
6401040 1
6403814 1
6404163 1
6404893 1
6406385 1
6407345 1
6411245 1
6414853 1
6418613 1
6419711 1
6419978 1
6420863 1
6423771 1
6431698 1
6439410 1
6445374 1
6449131 1
6477805 1
6478230 1
6481246 1
6485717 1
6488321 1
6488430 1
6490819 1
6491129 1
6500599 1
6504984 1
6507905 1
6514912 1
6516558 1
6520438 1
6521489 1
6525042 1
6527067 1
6529854 1
6535222 1
6535780 1
6540113 1
6541076 1
6543423 1
6544884 1
6551468 1
6553778 1
6560408 1
6570977 1
6578678 1
6581237 1
6581552 1
6583869 1
6584584 1
6584850 1
6588061 1
6598895 1
6599258 1
6617271 1
6620035 1
6620813 1
6628466 1
6629986 1
6631620 1
6637353 1
6637782 1
6650752 1
6665147 1
6668598 1
6669847 1
6672113 1
6674666 1
6681196 1
6698258 1
6701225 1
6701436 1
6709247 1
6711001 1
6711162 1
6711927 1
6712928 1
6713199 1
6718339 1
6722901 1
6723338 1
6724371 1
6724811 1
6728031 1
6735992 1
6737463 1
6740088 1
6742004 1
6745714 1
6750794 1
6755529 1
6758063 1
6762110 1
6763479 1
6766403 1
6769310 1
6779701 1
6783152 1
6784548 1
6789423 1
6789744 1
6794295 1
6796863 1
6798153 1
6802926 1
6804945 1
6807782 1
6809726 1
6810898 1
6812876 1
6818930 1
6824773 1
6829761 1
6837383 1
6837497 1
6840883 1
6844250 1
6846920 1
6855468 1
6856051 1
6859855 1
6865387 1
6872865 1
6873624 1
6877448 1
6883976 1
6896261 1
6903495 1
6915433 1
6920674 1
6921573 1
6922092 1
6926046 1
6927415 1
6928252 1
6931108 1
6931625 1
6931733 1
6932658 1
6932765 1
6933832 1
6934435 1
6934709 1
6935079 1
6937172 1
6937594 1
6937709 1
6938041 1
6946149 1
6961443 1
6970067 1
6972518 1
6973540 1
6973542 1
6977237 1
6988187 1
6990450 1
6997139 1
7008122 1
7008830 1
7012184 1
7021670 1
7022256 1
7023105 1
7025636 1
7026399 1
7027568 1
7028064 1
7028408 1
7029253 1
7032245 1
7041654 1
7049110 1
7050301 1
7056137 1
7059799 1
7066551 1
7076187 1
7078715 1
7081000 1
7108092 1
7109318 1
7109867 1
7112230 1
7116197 1
7125495 1
7130951 1
7134204 1
7139273 1
7139923 1
7140139 1
7144469 1
7153053 1
7157199 1
7159622 1
7163900 1
7163935 1
7175230 1
7181565 1
7190820 1
7191813 1
7202759 1
7205612 1
7211195 1
7215080 1
7219194 1
7225502 1
7227907 1
7228060 1
7229119 1
7231249 1
7232599 1
7234182 1
7235570 1
7238524 1
7238868 1
7242576 1
7242642 1
7246202 1
7257818 1
7266422 1
7273539 1
7275252 1
7275750 1
7277259 1
7277415 1
7277712 1
7283514 1
7284918 1
7285014 1
7297437 1
7313348 1
7314691 1
7319768 1
7320296 1
7323520 1
7324233 1
7326073 1
7329685 1
7330812 1
7332911 1
7333776 1
7346368 1
7346441 1
7349022 1
7357582 1
7364026 1
7364048 1
7368066 1
7373120 1
7375819 1
7375847 1
7376013 1
7377592 1
7379721 1
7383630 1
7385496 1
7389051 1
7392321 1
7393699 1
7394918 1
7394960 1
7395926 1
7398254 1
7405049 1
7409150 1
7412213 1
7412213 1
7418767 1
7428889 1
7429829 1
7431266 1
7431900 1
7434066 1
7434153 1
7437833 1
7445202 1
7451316 1
7453915 1
7455345 1
7457084 1
7457863 1
7458530 1
7462925 1
7472621 1
7481110 1
7482929 1
7482976 1
7497780 1
7498941 1
7506667 1
7508752 1
7510400 1
7510965 1
7511877 1
7512638 1
7519933 1
7522010 1
7523705 1
7524716 1
7528538 1
7535157 1
7541368 1
7542150 1
7551217 1
7555168 1
7560272 1
7560950 1
7563326 1
7591911 1
7594658 1
7596862 1
7605879 1
7607456 1
7608784 1
7635491 1
7636818 1
7637147 1
7637383 1
7642003 1
7647449 1
7647887 1
7654633 1
7659287 1
7663173 1
7665076 1
7666697 1
7676489 1
7678674 1
7684729 1
7694449 1
7695022 1
7697387 1
7706548 1
7708258 1
7713806 1
7728448 1
7730781 1
7733394 1
7735761 1
7739401 1
7761477 1
7774897 1
7777185 1
7780869 1
7780874 1
7803184 1
7803778 1
7805362 1
7805627 1
7826699 1
7826831 1
7831468 1
7831678 1
7833846 1
7837374 1
7842332 1
7847237 1
7849839 1
7851290 1
7859223 1
7864452 1
7864452 1
7868067 1
7873940 1
7875651 1
7877925 1
7883109 1
7885445 1
7892262 1
7900183 1
7906099 1
7906301 1
7908496 1
7911465 1
7914614 1
7916073 1
7916082 1
7916172 1
7917754 1
7917957 1
7922918 1
7926215 1
7935180 1
7942979 1
7949663 1
7952706 1
7955063 1
7959008 1
7962914 1
7964492 1
7966104 1
7977422 1
7985600 1
7994362 1
7995761 1
7996100 1
7997273 1
7999109 1
8000226 1
8003380 1
8006224 1
8007290 1
8010445 1
8012983 1
8014105 1
8019678 1
8021295 1
8021417 1
8022286 1
8024668 1
8028731 1
8029576 1
8030402 1
8032090 1
8032244 1
8032523 1
8032983 1
8034409 1
8037887 1
8038704 1
8041159 1
8041293 1
8042264 1
8042790 1
8043875 1
8052075 1
8055474 1
8058268 1
8058711 1
8059514 1
8061331 1
8066466 1
8068085 1
8068462 1
8068698 1
8070982 1
8071923 1
8074357 1
8075040 1
8077060 1
8077414 1
8077850 1
8080284 1
8081139 1
8082335 1
8084177 1
8087541 1
8090323 1
8092486 1
8095573 1
8102206 1
8104649 1
8106965 1
8109016 1
8109741 1
8110054 1
8113799 1
8114740 1
8118783 1
8120757 1
8120837 1
8122592 1
8124022 1
8124584 1
8126710 1
8127683 1
8132336 1
8134666 1
8135113 1
8135685 1
8136492 1
8136542 1
8136960 1
8137662 1
8142805 1
8144489 1
8145444 1
8145507 1
8151107 1
8153157 1
8154772 1
8154944 1
8158011 1
8162509 1
8163220 1
8164495 1
8164496 1
8164570 1
8170534 1
8173139 1
8185692 1
8201962 1
8210303 1
8211754 1
8217811 1
8217929 1
8218909 1
8219265 1
8220810 1
8222081 1
8224304 1
8230061 1
8264438 1
8264857 1
8274890 1
8278291 1
8286644 1
8298556 1
8301305 1
8302972 1
1759 1
3613 1
8363 1
10837 1
13469 1
28901 1
33943 1
35588 1
36122 1
45346 1
52063 1
53859 1
61190 1
61325 1
61583 1
69016 1
78502 1
94362 1
96044 1
99809 1
100112 1
101700 1
104561 1
107453 1
110466 1
119543 1
120255 1
122392 1
122579 1
123527 1
123688 1
125870 1
126120 1
126724 1
127734 1
128384 1
128919 1
130900 1
131959 1
146238 1
150292 1
155477 1
159561 1
159573 1
160119 1
160179 1
162719 1
166874 1
167465 1
175013 1
176162 1
180800 1
181889 1
187017 1
187142 1
187204 1
190972 1
193291 1
194613 1
194933 1
195107 1
195302 1
198114 1
200071 1
202157 1
203150 1
203175 1
205245 1
210670 1
210677 1
211578 1
212346 1
212799 1
213047 1
215552 1
215659 1
220982 1
221545 1
223698 1
225187 1
227196 1
227304 1
229490 1
229792 1
230364 1
231381 1
239017 1
239986 1
247021 1
259445 1
261949 1
272687 1
274384 1
274902 1
279488 1
285402 1
286411 1
288600 1
299817 1
312495 1
322856 1
322920 1
328759 1
338910 1
351620 1
352747 1
358560 1
368589 1
397532 1
420467 1
425953 1
428985 1
436884 1
446685 1
447584 1
447900 1
459761 1
462060 1
463399 1
465056 1
479668 1
483920 1
491787 1
492669 1
494455 1
498753 1
511161 1
515479 1
516311 1
517967 1
523480 1
550571 1
551388 1
554861 1
555240 1
560423 1
561684 1
563628 1
564018 1
565397 1
566628 1
573204 1
573238 1
575815 1
576218 1
576316 1
576488 1
577091 1
578960 1
579729 1
580064 1
589956 1
590281 1
591445 1
598170 1
601528 1
606379 1
610874 1
612080 1
620923 1
621997 1
626808 1
627253 1
633659 1
644491 1
644730 1
646042 1
652003 1
658698 1
674970 1
688629 1
703592 1
709144 1
709545 1
718384 1
718524 1
719445 1
722420 1
723933 1
731167 1
733053 1
733347 1
733935 1
739817 1
740183 1
742379 1
747471 1
750333 1
752828 1
759009 1
764606 1
770794 1
773787 1
780980 1
781166 1
801918 1
807511 1
812370 1
815477 1
816764 1
818720 1
819198 1
833138 1
836161 1
837164 1
845470 1
846430 1
846452 1
860937 1
864303 1
864739 1
865823 1
869533 1
870760 1
883450 1
885141 1
891489 1
892623 1
895043 1
897478 1
897529 1
899187 1
904002 1
914208 1
915185 1
921801 1
922865 1
922949 1
928456 1
933059 1
936265 1
937079 1
947909 1
953019 1
959390 1
964020 1
979481 1
980100 1
984339 1
984577 1
1004084 1
1004909 1
1006036 1
1007395 1
1008430 1
1030104 1
1030608 1
1047127 1
1047128 1
1047137 1
1050304 1
1051538 1
1054660 1
1055562 1
1056405 1
1058637 1
1060341 1
1061391 1
1063077 1
1064401 1
1071732 1
1072379 1
1078728 1
1084763 1
1085622 1
1085840 1
1088093 1
1088478 1
1095699 1
1098934 1
1099619 1
1103522 1
1104714 1
1108238 1
1108238 1
1109393 1
1110156 1
1119753 1
1119907 1
1126510 1
1134436 1
1135736 1
1138889 1
1148203 1
1148227 1
1153458 1
1161965 1
1163295 1
1177077 1
1186463 1
1186753 1
1187196 1
1194602 1
1195480 1
1199394 1
1205321 1
1206314 1
1207041 1
1207071 1
1207295 1
1207859 1
1214313 1
1215461 1
1216063 1
1216288 1
1218725 1
1219566 1
1224007 1
1227687 1
1230051 1
1248451 1
1254619 1
1255191 1
1256269 1
1256471 1
1265289 1
1265608 1
1269916 1
1270012 1
1272430 1
1274106 1
1287398 1
1292598 1
1294190 1
1298628 1
1310351 1
1313893 1
1317806 1
1321373 1
1321455 1
1336823 1
1347764 1
1347866 1
1351055 1
1356566 1
1359760 1
1369914 1
1370799 1
1374104 1
1379063 1
1383595 1
1384495 1
1386920 1
1395737 1
1397537 1
1400326 1
1406313 1
1411906 1
1415582 1
1416937 1
1431653 1
1438766 1
1441222 1
1444909 1
1447072 1
1449576 1
1456430 1
1466880 1
1475005 1
1475006 1
1475931 1
1476286 1
1480223 1
1483361 1
1483371 1
1486299 1
1488422 1
1494208 1
1497939 1
1499984 1
1503521 1
1506931 1
1512487 1
1512755 1
1514430 1
1517095 1
1518191 1
1521017 1
1523486 1
1523978 1
1529501 1
1533443 1
1533556 1
1535001 1
1535626 1
1540908 1
1542207 1
1543780 1
1546080 1
1550279 1
1550510 1
1556534 1
1565286 1
1570604 1
1573028 1
1582389 1
1586384 1
1587714 1
1588759 1
1593011 1
1602887 1
1603901 1
1604353 1
1604717 1
1606541 1
1606758 1
1611121 1
1618259 1
1621125 1
1621505 1
1633490 1
1634724 1
1635100 1
1635300 1
1636443 1
1641540 1
1647315 1
1652341 1
1657357 1
1659794 1
1666105 1
1666466 1
1671292 1
1673121 1
1674880 1
1674899 1
1681250 1
1690466 1
1692709 1
1692826 1
1702761 1
1704780 1
1706475 1
1708064 1
1719635 1
1722233 1
1729776 1
1732854 1
1734997 1
1747517 1
1770099 1
1772801 1
1776604 1
1777348 1
1778596 1
1786931 1
1787333 1
1790575 1
1791157 1
1792626 1
1799639 1
1801143 1
1802397 1
1807989 1
1815469 1
1818181 1
1824510 1
1829476 1
1837219 1
1839790 1
1840540 1
1859793 1
1861883 1
1863039 1
1864430 1
1868523 1
1869000 1
1870588 1
1872028 1
1876783 1
1883704 1
1886618 1
1887365 1
1889109 1
1889893 1
1892851 1
1898511 1
1899963 1
1902607 1
1903118 1
1903671 1
1910261 1
1910398 1
1919182 1
1923054 1
1937047 1
1937050 1
1938195 1
1940178 1
1955510 1
1957950 1
1959571 1
1964768 1
1968982 1
1970222 1
1974089 1
1979554 1
1997241 1
1999042 1
2001506 1
2010172 1
2012454 1
2012476 1
2021828 1
2031531 1
2042332 1
2048930 1
2049420 1
2056221 1
2057402 1
2061920 1
2062221 1
2063934 1
2065053 1
2067673 1
2078783 1
2080316 1
2083109 1
2084028 1
2094526 1
2094526 1
2099834 1
2103206 1
2103964 1
2108766 1
2109638 1
2110829 1
2116027 1
2118731 1
2121812 1
2124509 1
2126554 1
2126743 1
2132202 1
2132401 1
2132721 1
2138824 1
2145308 1
2145967 1
2146535 1
2155617 1
2156811 1
2157470 1
2164610 1
2171506 1
2183147 1
2193618 1
2196691 1
2197680 1
2198197 1
2234413 1
2241373 1
2252748 1
2261521 1
2263045 1
2265151 1
2274757 1
2291031 1
2292495 1
2294494 1
2294945 1
2297457 1
2299348 1
2302025 1
2303143 1
2306263 1
2313734 1
2321573 1
2343615 1
2345720 1
2358079 1
2367582 1
2367854 1
2375249 1
2377696 1
2384805 1
2384844 1
2387023 1
2394784 1
2402167 1
2403472 1
2408055 1
2408227 1
2408887 1
2415750 1
2419388 1
2422760 1
2424906 1
2427000 1
2432642 1
2433335 1
2435588 1
2437410 1
2437593 1
2439802 1
2441328 1
2441332 1
2443467 1
2445548 1
2445552 1
2447039 1
2448543 1
2463673 1
2467878 1
2474935 1
2475617 1
2476711 1
2477709 1
2484201 1
2488217 1
2504968 1
2507575 1
2514778 1
2517256 1
2517277 1
2527566 1
2528019 1
2536740 1
2541507 1
2544845 1
2550356 1
2550444 1
2556425 1
2556737 1
2563928 1
2567357 1
2568088 1
2569902 1
2577088 1
2578412 1
2580880 1
2581143 1
2591613 1
2595534 1
2596415 1
2606901 1
2611839 1
2612498 1
2622550 1
2633716 1
2634788 1
2640577 1
2658258 1
2664015 1
2669940 1
2672338 1
2672962 1
2675772 1
2676434 1
2681311 1
2688685 1
2689487 1
2702791 1
2711202 1
2711489 1
2727734 1
2728757 1
2732464 1
2736071 1
2736453 1
2745903 1
2756016 1
2767330 1
2767354 1
2769861 1
2775180 1
2779392 1
2787253 1
2788430 1
2789776 1
2790131 1
2793043 1
2796065 1
2800854 1
2805553 1
2807241 1
2815774 1
2818003 1
2822458 1
2824937 1
2832841 1
2833831 1
2834316 1
2844381 1
2849474 1
2849878 1
2854992 1
2877901 1
2878912 1
2879561 1
2881609 1
2887805 1
2888808 1
2889227 1
2898993 1
2900099 1
2901246 1
2904468 1
2907919 1
2912846 1
2913771 1
2926254 1
2929406 1
2931581 1
2934621 1
2947529 1
2950148 1
2954696 1
2955609 1
2955714 1
2961483 1
2970913 1
2984600 1
2984673 1
2985650 1
2997428 1
3001625 1
3002644 1
3008703 1
3009192 1
3009362 1
3009374 1
3017355 1
3026250 1
3031453 1
3043732 1
3048522 1
3052060 1
3053215 1
3058895 1
3061093 1
3063522 1
3063523 1
3066959 1
3067620 1
3071255 1
3076982 1
3076985 1
3078778 1
3079637 1
3083211 1
3085017 1
3085710 1
3095376 1
3102950 1
3104925 1
3104929 1
3111056 1
3111986 1
3113564 1
3114192 1
3124616 1
3127364 1
3131768 1
3149401 1
3150200 1
3153427 1
3162473 1
3163982 1
3171990 1
3179167 1
3180404 1
3180410 1
3182006 1
3183903 1
3184763 1
3184843 1
3185130 1
3188302 1
3194492 1
3200534 1
3205407 1
3206472 1
3208094 1
3213927 1
3221694 1
3234992 1
3242417 1
3248656 1
3252006 1
3253765 1
3254435 1
3257019 1
3265375 1
3269341 1
3269341 1
3271072 1
3271119 1
3271317 1
3271801 1
3275125 1
3275658 1
3276895 1
3277319 1
3280763 1
3282492 1
3285448 1
3285972 1
3288492 1
3298362 1
3303134 1
3309245 1
3330997 1
3333833 1
3341025 1
3343423 1
3345454 1
3351362 1
3358406 1
3360507 1
3370655 1
3376788 1
3377118 1
3381066 1
3381082 1
3385835 1
3385929 1
3392321 1
3394000 1
3395968 1
3397362 1
3409060 1
3410036 1
3424088 1
3425015 1
3428976 1
3431038 1
3433832 1
3445971 1
3451887 1
3453026 1
3463848 1
3470476 1
3475002 1
3475940 1
3477020 1
3477881 1
3493636 1
3495953 1
3501033 1
3502680 1
3511628 1
3512532 1
3514949 1
3515576 1
3517530 1
3519600 1
3521016 1
3523828 1
3524281 1
3526916 1
3535594 1
3539532 1
3542686 1
3544906 1
3547410 1
3548326 1
3550224 1
3550229 1
3556939 1
3557571 1
3561252 1
3571546 1
3573607 1
3576931 1
3587296 1
3590089 1
3590303 1
3591903 1
3594739 1
3601414 1
3603828 1
3609213 1
3611274 1
3614908 1
3616625 1
3620153 1
3620156 1
3622975 1
3623220 1
3626853 1
3627846 1
3628577 1
3631295 1
3634613 1
3641643 1
3653581 1
3654140 1
3654459 1
3654992 1
3662651 1
3665679 1
3673453 1
3673508 1
3678706 1
3689053 1
3697699 1
3701942 1
3716445 1
3731035 1
3731189 1
3738174 1
3738749 1
3741783 1
3748792 1
3758286 1
3760507 1
3762638 1
3763914 1
3770675 1
3777065 1
3778770 1
3778770 1
3784975 1
3785319 1
3790000 1
3792721 1
3793060 1
3794095 1
3803184 1
3803960 1
3805943 1
3806002 1
3807384 1
3815156 1
3817114 1
3817921 1
3820019 1
3829532 1
3829681 1
3839532 1
3847378 1
3850508 1
3858133 1
3858928 1
3861692 1
3863261 1
3863493 1
3865715 1
3871641 1
3876071 1
3877077 1
3881307 1
3891338 1
3892236 1
3915007 1
3915987 1
3926395 1
3932023 1
3932676 1
3935322 1
3937264 1
3945072 1
3948444 1
3961395 1
3964860 1
3978564 1
3988787 1
4000089 1
4005965 1
4018036 1
4020112 1
4020393 1
4020944 1
4028442 1
4031606 1
4057112 1
4064694 1
4067169 1
4069342 1
4071012 1
4073310 1
4079578 1
4081225 1
4090362 1
4090481 1
4094417 1
4094734 1
4095554 1
4101372 1
4108970 1
4110094 1
4116698 1
4123402 1
4137349 1
4140787 1
4140854 1
4156224 1
4157668 1
4159941 1
4162201 1
4162410 1
4162909 1
4168041 1
4173020 1
4179006 1
4186618 1
4187071 1
4188576 1
4190214 1
4193320 1
4198631 1
4204959 1
4208117 1
4211507 1
4211915 1
4212043 1
4213907 1
4219361 1
4226203 1
4230101 1
4230107 1
4231100 1
4243135 1
4250837 1
4255907 1
4257262 1
4261079 1
4261514 1
4262899 1
4275296 1
4277911 1
4278099 1
4298111 1
4298929 1
4322579 1
4333259 1
4336319 1
4336742 1
4337535 1
4338062 1
4343083 1
4348148 1
4348577 1
4348811 1
4350543 1
4355709 1
4356453 1
4357488 1
4386183 1
4386782 1
4390197 1
4394609 1
4396589 1
4396719 1
4400424 1
4402374 1
4414726 1
4415247 1
4421378 1
4429124 1
4430059 1
4432141 1
4448117 1
4458252 1
4468945 1
4470390 1
4474293 1
4475486 1
4481681 1
4484648 1
4490159 1
4490764 1
4493713 1
4504999 1
4505993 1
4512304 1
4523205 1
4533773 1
4537346 1
4551591 1
4558145 1
4572893 1
4580685 1
4583124 1
4613325 1
4631466 1
4633620 1
4635291 1
4636767 1
4640479 1
4652054 1
4657139 1
4657245 1
4665507 1
4670010 1
4677122 1
4687712 1
4696614 1
4696614 1
4696807 1
4698845 1
4707972 1
4709225 1
4710352 1
4710744 1
4718848 1
4725376 1
4737633 1
4740887 1
4742386 1
4762925 1
4767156 1
4770061 1
4776841 1
4776906 1
4777308 1
4790414 1
4791505 1
4798734 1
4801398 1
4805008 1
4805602 1
4812823 1
4821309 1
4825590 1
4831942 1
4835312 1
4842129 1
4853324 1
4856856 1
4869344 1
4881869 1
4885277 1
4893564 1
4894748 1
4897140 1
4899338 1
4900605 1
4905529 1
4907423 1
4910340 1
4913842 1
4914201 1
4914324 1
4916292 1
4916385 1
4920774 1
4920987 1
4926385 1
4929401 1
4934375 1
4938669 1
4942219 1
4948151 1
4953154 1
4953948 1
4954067 1
4959953 1
4967946 1
4972575 1
4973131 1
4973131 1
4978036 1
4979020 1
4998166 1
4998759 1
4999526 1
5002318 1
5004000 1
5010883 1
5020239 1
5023493 1
5026020 1
5026021 1
5029289 1
5030397 1
5030531 1
5032459 1
5033838 1
5035031 1
5045977 1
5052647 1
5092614 1
5104479 1
5112568 1
5121592 1
5122545 1
5133245 1
5138559 1
5138689 1
5138689 1
5162003 1
5169753 1
5170452 1
5171536 1
5177341 1
5186602 1
5187651 1
5197236 1
5198477 1
5202666 1
5202850 1
5208834 1
5208978 1
5210011 1
5217365 1
5220285 1
5220596 1
5227985 1
5228907 1
5232149 1
5236364 1
5240048 1
5242111 1
5244354 1
5253306 1
5254791 1
5259007 1
5261441 1
5264833 1
5281521 1
5281631 1
5281639 1
5293907 1
5294145 1
5296960 1
5297454 1
5305909 1
5306350 1
5312413 1
5314511 1
5317551 1
5320794 1
5327770 1
5329255 1
5335486 1
5337222 1
5346249 1
5350505 1
5363579 1
5363884 1
5367160 1
5368079 1
5375973 1
5383045 1
5408049 1
5411488 1
5416275 1
5423274 1
5426501 1
5431466 1
5446939 1
5447891 1
5449547 1
5450048 1
5450282 1
5450287 1
5453900 1
5464343 1
5468195 1
5479446 1
5494081 1
5497835 1
5502842 1
5505467 1
5514303 1
5516574 1
5519394 1
5524490 1
5524581 1
5525526 1
5529226 1
5539929 1
5544592 1
5558757 1
5560776 1
5584973 1
5586065 1
5589396 1
5591823 1
5591956 1
5592677 1
5603769 1
5605835 1
5607514 1
5618236 1
5618372 1
5621300 1
5628419 1
5628615 1
5634651 1
5639685 1
5645682 1
5656379 1
5657630 1
5657634 1
5659812 1
5663515 1
5663529 1
5663542 1
5665363 1
5666948 1
5669525 1
5669598 1
5671605 1
5671838 1
5672881 1
5679368 1
5680691 1
5682837 1
5683069 1
5685732 1
5688115 1
5689187 1
5700611 1
5708220 1
5708471 1
5715895 1
5719241 1
5722490 1
5723056 1
5725378 1
5727348 1
5742051 1
5742324 1
5743971 1
5748378 1
5752494 1
5752549 1
5756131 1
5757077 1
5768771 1
5771640 1
5774974 1
5790507 1
5802215 1
5819148 1
5819995 1
5822821 1
5823230 1
5823724 1
5840779 1
5850467 1
5852972 1
5860680 1
5861772 1
5862757 1
5864224 1
5864233 1
5867504 1
5868103 1
5873959 1
5874228 1
5874690 1
5876208 1
5877568 1
5880437 1
5880553 1
5880871 1
5881476 1
5882495 1
5882550 1
5882936 1
5894254 1
5905520 1
5907168 1
5912954 1
5915775 1
5918295 1
5918524 1
5925204 1
5931528 1
5939509 1
5945126 1
5945725 1
5945883 1
5951288 1
5952193 1
5953309 1
5959178 1
5968815 1
5971450 1
5973239 1
5973928 1
5981704 1
5983100 1
5983107 1
5984920 1
5985024 1
5988525 1
5991969 1
5993207 1
6002353 1
6012924 1
6026319 1
6027642 1
6030848 1
6033861 1
6044325 1
6045049 1
6046212 1
6050275 1
6066689 1
6069844 1
6080167 1
6086125 1
6087178 1
6091559 1
6106779 1
6110591 1
6113746 1
6120997 1
6121150 1
6146183 1
6150575 1
6157057 1
6157124 1
6157832 1
6163354 1
6165867 1
6176282 1
6177120 1
6179548 1
6181528 1
6182371 1
6186931 1
6188189 1
6188743 1
6191774 1
6197215 1
6197454 1
6198395 1
6198588 1
6200284 1
6228739 1
6230522 1
6230524 1
6235085 1
6237291 1
6241204 1
6241632 1
6252319 1
6253670 1
6258519 1
6273179 1
6276282 1
6280838 1
6281178 1
6299910 1
6303412 1
6312153 1
6318647 1
6324723 1
6331714 1
6336695 1
6338133 1
6343175 1
6346821 1
6353204 1
6359531 1
6363016 1
6368708 1
6376215 1
6377389 1
6378114 1
6381118 1
6384059 1
6384266 1
6393560 1
6395134 1
6396685 1
6396789 1
6400716 1
6408423 1
6410252 1
6418982 1
6420044 1
6420728 1
6422099 1
6427366 1
6427556 1
6429022 1
6429739 1
6431771 1
6431793 1
6432664 1
6444684 1
6447295 1
6455112 1
6457554 1
6458509 1
6465176 1
6467482 1
6476364 1
6486844 1
6499772 1
6508712 1
6508984 1
6510009 1
6510709 1
6513738 1
6516996 1
6519557 1
6524960 1
6529223 1
6535530 1
6536394 1
6546343 1
6546641 1
6547755 1
6555433 1
6557269 1
6582049 1
6587561 1
6588142 1
6591179 1
6591837 1
6606930 1
6607651 1
6608262 1
6612186 1
6612340 1
6613306 1
6616280 1
6619408 1
6627856 1
6631026 1
6631726 1
6647391 1
6647815 1
6651499 1
6653983 1
6657560 1
6663436 1
6665521 1
6667541 1
6671395 1
6676831 1
6677694 1
6678952 1
6681833 1
6684588 1
6690862 1
6694380 1
6696669 1
6699300 1
6699328 1
6700211 1
6700367 1
6701513 1
6707063 1
6707309 1
6719957 1
6720226 1
6725235 1
6733606 1
6734217 1
6744262 1
6750812 1
6754639 1
6757774 1
6770436 1
6772606 1
6775754 1
6776835 1
6776911 1
6784310 1
6784836 1
6789731 1
6791003 1
6793605 1
6802552 1
6807018 1
6807474 1
6808633 1
6812077 1
6812565 1
6827688 1
6834635 1
6840059 1
6841080 1
6841806 1
6850311 1
6850475 1
6851011 1
6856796 1
6862776 1
6866988 1
6868211 1
6871797 1
6871983 1
6873552 1
6878405 1
6879141 1
6881942 1
6882930 1
6890848 1
6902035 1
6910514 1
6912568 1
6917059 1
6918639 1
6920725 1
6925519 1
6925523 1
6926858 1
6931435 1
6932930 1
6933137 1
6933375 1
6933956 1
6936519 1
6938828 1
6939708 1
6941257 1
6943701 1
6953993 1
6954512 1
6954516 1
6954613 1
6968292 1
6970767 1
6973090 1
6974871 1
6983799 1
6991118 1
6991316 1
6992372 1
6995425 1
6995885 1
7003897 1
7004221 1
7004680 1
7005680 1
7006142 1
7018682 1
7018683 1
7020584 1
7029428 1
7030664 1
7033754 1
7040205 1
7046303 1
7046789 1
7048663 1
7050336 1
7051821 1
7055794 1
7056352 1
7060093 1
7061786 1
7062682 1
7065252 1
7066949 1
7069718 1
7070304 1
7078260 1
7078307 1
7084062 1
7084466 1
7086746 1
7106731 1
7107478 1
7110375 1
7110781 1
7114209 1
7116369 1
7117860 1
7117870 1
7121403 1
7131412 1
7133666 1
7134685 1
7135015 1
7152217 1
7161640 1
7165335 1
7172715 1
7174533 1
7183796 1
7196445 1
7202779 1
7211907 1
7215045 1
7215228 1
7224794 1
7227108 1
7227142 1
7232042 1
7232925 1
7234411 1
7242686 1
7244759 1
7248775 1
7255479 1
7275176 1
7276669 1
7277457 1
7281875 1
7282051 1
7283963 1
7287535 1
7297057 1
7297469 1
7297939 1
7298146 1
7303081 1
7310642 1
7314659 1
7322254 1
7322257 1
7330038 1
7348907 1
7349239 1
7352068 1
7357390 1
7361430 1
7364003 1
7369195 1
7369870 1
7370349 1
7372212 1
7373789 1
7374897 1
7375062 1
7376306 1
7377896 1
7379268 1
7382518 1
7383946 1
7390420 1
7394722 1
7394800 1
7395883 1
7396077 1
7396289 1
7397226 1
7402770 1
7405486 1
7429477 1
7430051 1
7435286 1
7436189 1
7437861 1
7442795 1
7455339 1
7460139 1
7461785 1
7464320 1
7476532 1
7477387 1
7484056 1
7485980 1
7487662 1
7493912 1
7494995 1
7501055 1
7505061 1
7512825 1
7514019 1
7514436 1
7516173 1
7519977 1
7524216 1
7528059 1
7528347 1
7538856 1
7539131 1
7539896 1
7540425 1
7548423 1
7549264 1
7556608 1
7562834 1
7563926 1
7568672 1
7578435 1
7581186 1
7584834 1
7584994 1
7592874 1
7594202 1
7595399 1
7596717 1
7598300 1
7598336 1
7598786 1
7605894 1
7614083 1
7614821 1
7619766 1
7619977 1
7622097 1
7622756 1
7633102 1
7636260 1
7636586 1
7638184 1
7641947 1
7642053 1
7651325 1
7653708 1
7661242 1
7666629 1
7668375 1
7677923 1
7680382 1
7684932 1
7702035 1
7709512 1
7713842 1
7722760 1
7724113 1
7725928 1
7744858 1
7747623 1
7775841 1
7775908 1
7776830 1
7777671 1
7782928 1
7783760 1
7789612 1
7790760 1
7805304 1
7809089 1
7809383 1
7809871 1
7817552 1
7823837 1
7831407 1
7834879 1
7842573 1
7843141 1
7846644 1
7848979 1
7852302 1
7852330 1
7852471 1
7853257 1
7856699 1
7864624 1
7865086 1
7867623 1
7871924 1
7879383 1
7880192 1
7880771 1
7883871 1
7884817 1
7893359 1
7898823 1
7898970 1
7899873 1
7901517 1
7903314 1
7908244 1
7909027 1
7910774 1
7914132 1
7916291 1
7916891 1
7918264 1
7927561 1
7928574 1
7931495 1
7935758 1
7936144 1
7941182 1
7946608 1
7948745 1
7953621 1
7960720 1
7965169 1
7965707 1
7968123 1
7977009 1
7984252 1
7985850 1
7986972 1
7987013 1
7989135 1
7990343 1
8003142 1
8004664 1
8005166 1
8006979 1
8009158 1
8010436 1
8013152 1
8015446 1
8016551 1
8024627 1
8024751 1
8025096 1
8030460 1
8032160 1
8032201 1
8033534 1
8036576 1
8038819 1
8038926 1
8043127 1
8046006 1
8046010 1
8048858 1
8053366 1
8055010 1
8056253 1
8057593 1
8058704 1
8059670 1
8064942 1
8066087 1
8070536 1
8071617 1
8072148 1
8072525 1
8074835 1
8076181 1
8076950 1
8076969 1
8081019 1
8082594 1
8086286 1
8086787 1
8088024 1
8090090 1
8090092 1
8091549 1
8096649 1
8100613 1
8102545 1
8105428 1
8106321 1
8106954 1
8108116 1
8108196 1
8112065 1
8112667 1
8113032 1
8115323 1
8117429 1
8119962 1
8120158 1
8121211 1
8121219 1
8121220 1
8121987 1
8122133 1
8125467 1
8129526 1
8129622 1
8130438 1
8130829 1
8131637 1
8138069 1
8142681 1
8142859 1
8144190 1
8146940 1
8152336 1
8154809 1
8155827 1
8158135 1
8160376 1
8160573 1
8161066 1
8163433 1
8166910 1
8187432 1
8191449 1
8193980 1
8194815 1
8198160 1
8200727 1
8202472 1
8204074 1
8208111 1
8209699 1
8211534 1
8212416 1
8214163 1
8214225 1
8216707 1
8216725 1
8217999 1
8220729 1
8220942 1
8223881 1
8224311 1
8225048 1
8226169 1
8233166 1
8236075 1
8244940 1
8246198 1
8262737 1
8265727 1
8298082 1
8300612 1
8302069 1
2477 1
3682 1
6742 1
8350 1
15620 1
17153 1
21039 1
23666 1
23748 1
23748 1
23748 1
23748 1
23748 1
24867 1
30210 1
36042 1
39027 1
53588 1
63427 1
65800 1
89424 1
98738 1
99647 1
102789 1
103503 1
103897 1
109867 1
110808 1
110810 1
111430 1
112834 1
113895 1
114057 1
114597 1
115781 1
119113 1
122801 1
124088 1
124824 1
124855 1
129986 1
130325 1
136805 1
138328 1
139671 1
140890 1
142954 1
145023 1
145798 1
147449 1
150245 1
152663 1
152997 1
157640 1
158291 1
160512 1
164767 1
169601 1
169705 1
170771 1
171230 1
171690 1
174345 1
174352 1
177163 1
178533 1
180681 1
186906 1
193004 1
195362 1
197526 1
199135 1
200009 1
200019 1
203797 1
203909 1
204549 1
205754 1
206915 1
206919 1
208581 1
208735 1
211572 1
215643 1
221741 1
221766 1
224339 1
225017 1
225364 1
225367 1
225753 1
226700 1
226805 1
230198 1
235578 1
245110 1
261178 1
265305 1
276053 1
276271 1
288236 1
291205 1
294639 1
303958 1
307602 1
308926 1
310509 1
316554 1
326142 1
326346 1
330693 1
331470 1
335422 1
337002 1
339626 1
340750 1
353879 1
355211 1
356331 1
356356 1
356446 1
362865 1
367191 1
381681 1
382020 1
384038 1
416497 1
432611 1
433145 1
438039 1
441502 1
442821 1
454051 1
455269 1
456558 1
463927 1
466938 1
467175 1
474360 1
478451 1
478667 1
481690 1
484266 1
490339 1
505789 1
505908 1
508200 1
510130 1
534140 1
536541 1
539641 1
552404 1
558087 1
559519 1
563873 1
567732 1
572838 1
575850 1
576037 1
577798 1
590135 1
598154 1
600818 1
603416 1
603942 1
607052 1
607830 1
608053 1
615516 1
619835 1
636939 1
642056 1
651336 1
651956 1
653008 1
666147 1
666152 1
666423 1
689787 1
689859 1
701711 1
704938 1
705545 1
713120 1
713957 1
720394 1
720755 1
721756 1
734291 1
735541 1
739391 1
741267 1
751189 1
756924 1
759278 1
764795 1
765851 1
767668 1
771882 1
774967 1
795888 1
797134 1
809724 1
816440 1
826008 1
829594 1
832245 1
833307 1
834123 1
835333 1
835899 1
838373 1
839551 1
840526 1
840761 1
841505 1
841758 1
843530 1
845121 1
848041 1
855020 1
871209 1
890766 1
891260 1
894818 1
907300 1
911582 1
912407 1
919370 1
920552 1
922268 1
925806 1
937296 1
942732 1
943823 1
943842 1
944155 1
962063 1
962069 1
963841 1
976352 1
990246 1
1004130 1
1017441 1
1030793 1
1034126 1
1036288 1
1036288 1
1037388 1
1040029 1
1042216 1
1044813 1
1048562 1
1059276 1
1063153 1
1064705 1
1065662 1
1067724 1
1069852 1
1078259 1
1078286 1
1079624 1
1086529 1
1092681 1
1093303 1
1094172 1
1095008 1
1099034 1
1100326 1
1100734 1
1101330 1
1101417 1
1108757 1
1109293 1
1112616 1
1134753 1
1139841 1
1142367 1
1142799 1
1143887 1
1145113 1
1146749 1
1146961 1
1153882 1
1163479 1
1164796 1
1166231 1
1166268 1
1166519 1
1167711 1
1169509 1
1170226 1
1178380 1
1179220 1
1185198 1
1186277 1
1195654 1
1199873 1
1199912 1
1199923 1
1203524 1
1214160 1
1218558 1
1219184 1
1226040 1
1231551 1
1239573 1
1244634 1
1245311 1
1245436 1
1251506 1
1258220 1
1260861 1
1263965 1
1265468 1
1268170 1
1270677 1
1271159 1
1271427 1
1271909 1
1279997 1
1280581 1
1286616 1
1287164 1
1289314 1
1291655 1
1293438 1
1297845 1
1301843 1
1306390 1
1308180 1
1317211 1
1321325 1
1326717 1
1327306 1
1329747 1
1339170 1
1343297 1
1354541 1
1355193 1
1356412 1
1369225 1
1372626 1
1372997 1
1373409 1
1382150 1
1389916 1
1390516 1
1392696 1
1394098 1
1397124 1
1402549 1
1405547 1
1407548 1
1409272 1
1421508 1
1422551 1
1424926 1
1425297 1
1435016 1
1442316 1
1443702 1
1446676 1
1448822 1
1458918 1
1461831 1
1467002 1
1470567 1
1475916 1
1481285 1
1498732 1
1504235 1
1510800 1
1511179 1
1523081 1
1529741 1
1530527 1
1532931 1
1533187 1
1536095 1
1537555 1
1539029 1
1540003 1
1542222 1
1546696 1
1551047 1
1553936 1
1555885 1
1560049 1
1566770 1
1571884 1
1572978 1
1577154 1
1578191 1
1581359 1
1581969 1
1583698 1
1584576 1
1594958 1
1606772 1
1606968 1
1616162 1
1617105 1
1620190 1
1620767 1
1620892 1
1636295 1
1641854 1
1644211 1
1654245 1
1655048 1
1664002 1
1667943 1
1671001 1
1672849 1
1673823 1
1674282 1
1676376 1
1682030 1
1683335 1
1686361 1
1686485 1
1695256 1
1698240 1
1699460 1
1700281 1
1711008 1
1714278 1
1715100 1
1716297 1
1720922 1
1724559 1
1734418 1
1739013 1
1739014 1
1739843 1
1750463 1
1750971 1
1753967 1
1755069 1
1755280 1
1758346 1
1762521 1
1771559 1
1772362 1
1774928 1
1775069 1
1775268 1
1779034 1
1785257 1
1785608 1
1786088 1
1787573 1
1789309 1
1798358 1
1798971 1
1801301 1
1806674 1
1813687 1
1818652 1
1830395 1
1844433 1
1845543 1
1847898 1
1853790 1
1856357 1
1860923 1
1863156 1
1866001 1
1872670 1
1875011 1
1875511 1
1882681 1
1885301 1
1889532 1
1891629 1
1892954 1
1895843 1
1899848 1
1900320 1
1902776 1
1904701 1
1910753 1
1914488 1
1927527 1
1940619 1
1949285 1
1949760 1
1953834 1
1959332 1
1964365 1
1964402 1
1965225 1
1966438 1
1966602 1
1971935 1
1975978 1
1977381 1
1979373 1
1979873 1
1980212 1
1990420 1
1996764 1
1997905 1
2008017 1
2011387 1
2012866 1
2016597 1
2027165 1
2032926 1
2032939 1
2033073 1
2045105 1
2047744 1
2049863 1
2057984 1
2064291 1
2065513 1
2074702 1
2077031 1
2077949 1
2078191 1
2081941 1
2082925 1
2087344 1
2100461 1
2101588 1
2103899 1
2107746 1
2107832 1
2109860 1
2111135 1
2112696 1
2113135 1
2115479 1
2115634 1
2116717 1
2118775 1
2118819 1
2119203 1
2124020 1
2135724 1
2143725 1
2144866 1
2147414 1
2149257 1
2149282 1
2150450 1
2174002 1
2178074 1
2186313 1
2186880 1
2192306 1
2198340 1
2198763 1
2200394 1
2206595 1
2227599 1
2232059 1
2236961 1
2246960 1
2247195 1
2259664 1
2261184 1
2269551 1
2271094 1
2283959 1
2289161 1
2289373 1
2294760 1
2294762 1
2296168 1
2300557 1
2302517 1
2306067 1
2313922 1
2319883 1
2322273 1
2322669 1
2328413 1
2328479 1
2337924 1
2341879 1
2356383 1
2361445 1
2366613 1
2368822 1
2375931 1
2377691 1
2377691 1
2378798 1
2385280 1
2390698 1
2391460 1
2393740 1
2396830 1
2402805 1
2403276 1
2403724 1
2405473 1
2409259 1
2409824 1
2411193 1
2412725 1
2412725 1
2412887 1
2413018 1
2417152 1
2417825 1
2419240 1
2420765 1
2421021 1
2423643 1
2424378 1
2424486 1
2431804 1
2433227 1
2472343 1
2474905 1
2477047 1
2477227 1
2488503 1
2495419 1
2504872 1
2507271 1
2507486 1
2509941 1
2511968 1
2514111 1
2529895 1
2530571 1
2530889 1
2532989 1
2536823 1
2539835 1
2541479 1
2544043 1
2550832 1
2553673 1
2556109 1
2559328 1
2561211 1
2566036 1
2581309 1
2588809 1
2591786 1
2592664 1
2599241 1
2614191 1
2623446 1
2629917 1
2631716 1
2632755 1
2650563 1
2652663 1
2658030 1
2659142 1
2660500 1
2664738 1
2670314 1
2671880 1
2674641 1
2675714 1
2693939 1
2702964 1
2708766 1
2711250 1
2713450 1
2718419 1
2727548 1
2727723 1
2727883 1
2741905 1
2750447 1
2764599 1
2773680 1
2773811 1
2773923 1
2774493 1
2776226 1
2793638 1
2795929 1
2801009 1
2803676 1
2810610 1
2813694 1
2820763 1
2825610 1
2830200 1
2836024 1
2839635 1
2842872 1
2850810 1
2851130 1
2852778 1
2875713 1
2878498 1
2880134 1
2881755 1
2893324 1
2898006 1
2898981 1
2905066 1
2915476 1
2923446 1
2927157 1
2933156 1
2933835 1
2943627 1
2945179 1
2956250 1
2957042 1
2960487 1
2970452 1
2973436 1
2978675 1
2979900 1
2988709 1
2990762 1
2992847 1
2995593 1
2997723 1
2997777 1
3001219 1
3003392 1
3006407 1
3007817 1
3023686 1
3026576 1
3039382 1
3039568 1
3045761 1
3048564 1
3050480 1
3051883 1
3053515 1
3057542 1
3057985 1
3058540 1
3064001 1
3065283 1
3067343 1
3067910 1
3072487 1
3072930 1
3073183 1
3076707 1
3078506 1
3080573 1
3083924 1
3085084 1
3092023 1
3092266 1
3092270 1
3094238 1
3095193 1
3100046 1
3105327 1
3113368 1
3118633 1
3121833 1
3122309 1
3127592 1
3131376 1
3137567 1
3142526 1
3146340 1
3153654 1
3171133 1
3172674 1
3175832 1
3177619 1
3177801 1
3181693 1
3185739 1
3193054 1
3194200 1
3196571 1
3204859 1
3210500 1
3215103 1
3220784 1
3220829 1
3222679 1
3223762 1
3227235 1
3233893 1
3234837 1
3237082 1
3238280 1
3239015 1
3241699 1
3248902 1
3248971 1
3250906 1
3251556 1
3256446 1
3260663 1
3260845 1
3272137 1
3274136 1
3274984 1
3283686 1
3285662 1
3294840 1
3299491 1
3302953 1
3310869 1
3314521 1
3330738 1
3331573 1
3333199 1
3333374 1
3333795 1
3334173 1
3339850 1
3355753 1
3360871 1
3363736 1
3364355 1
3364801 1
3368395 1
3369254 1
3385373 1
3389806 1
3401402 1
3406196 1
3414831 1
3417670 1
3427201 1
3427463 1
3434335 1
3436291 1
3437465 1
3450351 1
3456993 1
3472205 1
3475019 1
3476327 1
3478066 1
3480090 1
3484977 1
3510421 1
3512249 1
3514725 1
3520659 1
3520885 1
3526121 1
3529182 1
3533506 1
3539049 1
3541044 1
3542002 1
3546150 1
3551323 1
3552032 1
3554368 1
3557376 1
3566981 1
3577373 1
3581864 1
3589284 1
3597555 1
3617219 1
3624623 1
3632772 1
3635462 1
3653794 1
3654737 1
3656988 1
3660559 1
3660797 1
3660806 1
3662582 1
3664026 1
3665500 1
3666069 1
3667644 1
3678863 1
3683063 1
3684015 1
3687369 1
3693465 1
3693902 1
3698886 1
3714916 1
3723842 1
3727048 1
3739855 1
3740543 1
3745056 1
3748709 1
3756219 1
3762736 1
3766718 1
3778957 1
3780201 1
3782733 1
3782977 1
3786688 1
3790968 1
3799706 1
3801543 1
3803638 1
3805318 1
3807678 1
3809265 1
3813516 1
3817952 1
3820511 1
3823418 1
3825961 1
3826897 1
3828858 1
3828935 1
3830100 1
3830454 1
3831809 1
3838331 1
3842416 1
3846921 1
3856343 1
3863641 1
3864391 1
3864471 1
3870756 1
3871118 1
3875251 1
3877527 1
3879471 1
3891240 1
3908777 1
3911228 1
3914808 1
3921242 1
3935339 1
3935420 1
3937105 1
3937220 1
3941808 1
3947822 1
3948392 1
3956265 1
3961393 1
3970317 1
3972637 1
3975438 1
3994507 1
3994587 1
4006098 1
4009767 1
4010195 1
4011218 1
4014154 1
4025766 1
4027343 1
4030507 1
4031635 1
4037380 1
4053972 1
4054311 1
4059009 1
4059109 1
4061426 1
4065812 1
4070193 1
4071808 1
4072835 1
4075004 1
4080716 1
4086770 1
4091295 1
4094113 1
4105026 1
4111196 1
4112662 1
4114702 1
4123646 1
4129935 1
4131048 1
4142699 1
4142838 1
4145134 1
4147551 1
4162334 1
4165196 1
4165512 1
4175156 1
4177054 1
4183983 1
4187923 1
4189151 1
4189781 1
4190381 1
4192997 1
4195261 1
4198769 1
4206274 1
4211308 1
4211410 1
4211994 1
4212028 1
4216014 1
4219671 1
4220002 1
4221853 1
4227034 1
4232508 1
4236932 1
4238615 1
4252791 1
4254614 1
4263486 1
4264578 1
4274921 1
4275915 1
4276311 1
4277750 1
4278627 1
4280112 1
4282897 1
4297027 1
4315312 1
4335079 1
4337068 1
4337233 1
4344628 1
4344676 1
4354501 1
4356521 1
4359296 1
4359787 1
4368458 1
4370257 1
4370980 1
4371459 1
4372973 1
4376036 1
4383389 1
4390973 1
4398704 1
4402896 1
4416601 1
4418677 1
4427868 1
4428838 1
4432108 1
4432656 1
4447081 1
4451434 1
4453092 1
4459942 1
4475293 1
4477901 1
4481131 1
4485243 1
4486676 1
4486972 1
4505497 1
4507375 1
4520607 1
4527662 1
4532234 1
4534576 1
4534750 1
4534857 1
4535524 1
4539937 1
4540740 1
4547715 1
4552683 1
4569639 1
4584148 1
4587580 1
4588962 1
4590805 1
4595095 1
4606508 1
4608846 1
4614983 1
4630748 1
4632076 1
4637863 1
4638111 1
4644345 1
4651311 1
4657149 1
4660773 1
4668391 1
4668485 1
4679927 1
4685223 1
4687625 1
4694745 1
4696796 1
4700995 1
4707621 1
4709066 1
4709215 1
4711393 1
4711788 1
4713589 1
4715746 1
4730427 1
4733950 1
4734832 1
4736122 1
4742950 1
4752354 1
4754020 1
4757811 1
4760574 1
4762552 1
4771192 1
4791316 1
4791453 1
4798301 1
4804303 1
4804910 1
4808840 1
4810183 1
4815537 1
4818398 1
4823422 1
4825796 1
4833009 1
4840189 1
4849891 1
4850478 1
4857968 1
4859567 1
4873213 1
4875339 1
4876111 1
4885414 1
4893261 1
4894929 1
4895503 1
4899951 1
4905857 1
4909065 1
4910610 1
4914296 1
4914793 1
4918805 1
4921070 1
4928296 1
4928383 1
4928403 1
4936392 1
4936803 1
4954024 1
4954244 1
4954259 1
4955339 1
4961726 1
4962900 1
4964516 1
4965705 1
4972765 1
4977355 1
4977582 1
4977587 1
4978029 1
4981219 1
4983881 1
4987989 1
4996766 1
4997405 1
4999401 1
5000430 1
5000745 1
5001175 1
5002219 1
5002359 1
5002378 1
5005946 1
5006099 1
5010406 1
5012374 1
5027721 1
5028822 1
5034669 1
5036432 1
5037181 1
5043359 1
5046871 1
5047193 1
5050107 1
5052063 1
5054521 1
5056237 1
5056678 1
5058659 1
5074239 1
5085754 1
5090037 1
5118307 1
5119310 1
5126240 1
5126994 1
5137814 1
5141877 1
5154364 1
5155563 1
5163582 1
5169977 1
5173773 1
5174849 1
5179296 1
5183061 1
5187353 1
5194111 1
5194683 1
5198877 1
5208015 1
5209394 1
5211049 1
5224313 1
5233035 1
5237456 1
5239350 1
5243668 1
5253019 1
5253825 1
5264442 1
5283492 1
5289640 1
5293236 1
5293585 1
5295056 1
5295940 1
5297376 1
5297552 1
5298538 1
5314247 1
5328499 1
5334728 1
5335966 1
5349077 1
5353971 1
5354445 1
5368102 1
5369122 1
5374152 1
5375000 1
5406386 1
5414847 1
5419259 1
5419274 1
5433750 1
5434496 1
5436471 1
5445551 1
5447579 1
5447747 1
5449730 1
5455477 1
5456608 1
5469679 1
5473667 1
5477963 1
5480661 1
5487074 1
5493075 1
5494848 1
5498992 1
5502388 1
5504666 1
5505438 1
5505707 1
5515337 1
5517708 1
5527086 1
5532135 1
5536173 1
5539827 1
5562507 1
5568392 1
5568392 1
5568392 1
5568392 1
5578060 1
5578104 1
5584917 1
5585099 1
5586410 1
5593735 1
5595233 1
5595587 1
5599598 1
5599722 1
5608988 1
5608988 1
5624626 1
5628664 1
5629059 1
5631155 1
5633708 1
5634847 1
5636665 1
5639411 1
5640035 1
5641740 1
5644811 1
5651606 1
5652584 1
5661805 1
5662894 1
5663534 1
5663771 1
5663874 1
5666230 1
5667969 1
5678898 1
5680373 1
5680500 1
5683142 1
5685296 1
5686591 1
5688623 1
5688938 1
5689027 1
5693077 1
5694234 1
5694880 1
5695498 1
5706251 1
5710006 1
5711644 1
5719745 1
5730592 1
5733129 1
5734927 1
5745582 1
5746529 1
5746617 1
5746774 1
5748039 1
5748632 1
5752527 1
5762746 1
5765053 1
5768522 1
5774386 1
5790107 1
5790459 1
5795273 1
5798501 1
5803998 1
5808572 1
5809200 1
5810134 1
5819654 1
5822203 1
5823283 1
5823708 1
5830682 1
5847626 1
5868946 1
5876273 1
5878128 1
5878134 1
5879577 1
5882593 1
5888408 1
5890078 1
5891398 1
5903224 1
5905590 1
5907550 1
5909160 1
5912678 1
5916758 1
5918953 1
5919965 1
5920456 1
5921388 1
5929100 1
5948567 1
5948688 1
5962281 1
5962798 1
5969751 1
5970413 1
5974721 1
5975119 1
5980283 1
5994111 1
5998520 1
6002123 1
6002400 1
6007403 1
6008704 1
6010197 1
6010612 1
6014914 1
6022760 1
6023370 1
6029942 1
6030021 1
6031078 1
6031081 1
6031862 1
6035967 1
6044923 1
6047853 1
6048314 1
6051626 1
6051987 1
6054504 1
6055455 1
6056035 1
6062903 1
6063950 1
6077457 1
6088045 1
6092399 1
6093219 1
6099999 1
6100132 1
6101509 1
6106559 1
6111363 1
6120446 1
6131844 1
6133065 1
6135281 1
6138460 1
6141066 1
6144631 1
6151024 1
6152852 1
6156651 1
6157345 1
6157808 1
6157869 1
6158203 1
6158429 1
6163708 1
6163735 1
6163887 1
6170722 1
6174680 1
6176606 1
6180450 1
6183814 1
6193903 1
6198234 1
6199321 1
6205522 1
6206444 1
6207276 1
6225137 1
6228497 1
6228498 1
6229087 1
6237852 1
6254551 1
6264387 1
6264893 1
6276837 1
6278418 1
6289724 1
6294551 1
6313267 1
6319695 1
6324299 1
6325977 1
6331595 1
6331632 1
6334123 1
6339428 1
6339507 1
6342802 1
6343880 1
6353150 1
6357234 1
6357422 1
6360203 1
6360553 1
6360876 1
6368870 1
6369856 1
6372491 1
6373913 1
6380501 1
6388692 1
6389968 1
6393290 1
6395752 1
6399261 1
6402602 1
6403292 1
6404367 1
6404740 1
6405721 1
6412581 1
6414188 1
6420747 1
6426446 1
6439341 1
6449354 1
6451944 1
6454517 1
6465902 1
6468426 1
6471148 1
6471157 1
6472325 1
6476307 1
6480005 1
6483110 1
6487778 1
6498185 1
6501463 1
6508027 1
6508397 1
6508779 1
6512979 1
6526167 1
6538829 1
6549637 1
6551590 1
6551857 1
6551965 1
6553944 1
6554837 1
6557648 1
6561631 1
6573155 1
6578720 1
6582398 1
6585203 1
6587722 1
6589427 1
6600942 1
6601210 1
6607100 1
6614736 1
6615319 1
6616049 1
6616459 1
6619578 1
6623984 1
6624584 1
6638462 1
6644485 1
6646389 1
6646632 1
6647239 1
6650016 1
6650129 1
6651270 1
6657605 1
6658192 1
6667895 1
6674545 1
6679089 1
6715797 1
6716957 1
6717795 1
6718634 1
6718949 1
6719196 1
6726310 1
6727955 1
6728667 1
6741895 1
6757983 1
6758518 1
6762162 1
6765372 1
6765577 1
6770477 1
6772010 1
6772283 1
6772736 1
6780560 1
6781562 1
6789041 1
6805026 1
6806544 1
6809812 1
6811527 1
6831090 1
6833632 1
6835349 1
6836710 1
6837369 1
6842261 1
6842935 1
6852958 1
6856268 1
6856504 1
6858517 1
6859365 1
6869741 1
6872556 1
6884619 1
6896415 1
6897275 1
6898969 1
6902848 1
6905813 1
6916707 1
6923375 1
6924179 1
6925096 1
6927948 1
6929764 1
6929973 1
6932979 1
6935871 1
6937299 1
6937684 1
6947592 1
6956990 1
6959949 1
6960425 1
6960819 1
6972483 1
6980038 1
6981905 1
6986879 1
6994739 1
7003015 1
7018563 1
7020248 1
7031053 1
7038550 1
7038989 1
7040767 1
7043284 1
7048064 1
7048534 1
7050300 1
7051613 1
7054953 1
7055445 1
7055745 1
7057272 1
7057987 1
7059432 1
7065219 1
7066179 1
7066547 1
7067040 1
7069276 1
7071676 1
7071968 1
7078698 1
7082560 1
7083475 1
7103298 1
7109300 1
7109337 1
7109803 1
7110208 1
7111772 1
7113519 1
7114734 1
7117733 1
7120355 1
7125440 1
7126473 1
7129356 1
7134059 1
7140970 1
7144231 1
7146148 1
7148313 1
7148476 1
7149328 1
7163744 1
7164825 1
7176516 1
7179931 1
7180396 1
7182332 1
7183781 1
7189885 1
7189886 1
7195538 1
7196917 1
7200054 1
7209454 1
7211179 1
7224366 1
7231929 1
7236677 1
7242351 1
7271269 1
7275073 1
7278362 1
7281060 1
7281744 1
7285317 1
7286916 1
7287665 1
7287815 1
7297035 1
7299646 1
7299707 1
7306104 1
7307108 1
7309096 1
7311898 1
7318369 1
7323130 1
7325337 1
7332027 1
7332191 1
7339020 1
7341949 1
7342101 1
7342106 1
7343879 1
7357756 1
7364965 1
7367867 1
7369545 1
7370042 1
7374284 1
7375722 1
7379343 1
7379347 1
7381914 1
7384169 1
7384347 1
7389068 1
7395361 1
7400101 1
7408193 1
7420256 1
7422425 1
7425323 1
7440723 1
7441220 1
7459363 1
7461156 1
7472960 1
7478656 1
7482710 1
7482767 1
7484097 1
7498443 1
7501899 1
7521457 1
7525137 1
7525961 1
7529760 1
7532971 1
7540718 1
7541331 1
7556989 1
7562767 1
7570806 1
7572386 1
7585779 1
7586518 1
7590192 1
7593059 1
7593080 1
7594746 1
7603697 1
7607013 1
7609210 1
7613760 1
7622404 1
7636344 1
7636436 1
7643145 1
7654134 1
7654251 1
7655658 1
7656001 1
7657683 1
7657685 1
7659980 1
7662251 1
7670953 1
7681446 1
7682040 1
7686091 1
7694901 1
7700120 1
7707174 1
7710626 1
7710974 1
7720818 1
7730459 1
7742222 1
7750764 1
7755227 1
7760207 1
7768052 1
7773833 1
7787212 1
7790211 1
7791880 1
7805520 1
7809527 1
7835806 1
7836896 1
7837865 1
7839085 1
7841314 1
7851490 1
7855055 1
7856298 1
7856660 1
7883765 1
7884048 1
7885125 1
7889608 1
7892051 1
7897438 1
7897899 1
7902753 1
7905783 1
7907334 1
7907387 1
7909653 1
7912034 1
7912815 1
7914358 1
7915623 1
7916350 1
7917358 1
7917657 1
7923071 1
7923301 1
7931725 1
7932004 1
7933560 1
7948821 1
7948978 1
7949282 1
7965939 1
7967370 1
7968664 1
7976833 1
7985462 1
7995320 1
8004267 1
8007343 1
8013127 1
8016655 1
8017980 1
8020160 1
8020785 1
8021115 1
8021350 1
8030717 1
8031377 1
8031902 1
8032208 1
8032603 1
8034590 1
8037457 1
8037527 1
8041346 1
8044460 1
8050843 1
8055464 1
8055703 1
8057750 1
8059352 1
8061687 1
8063881 1
8065112 1
8066948 1
8067471 1
8071519 1
8077065 1
8077213 1
8079360 1
8080235 1
8080305 1
8083924 1
8089240 1
8089415 1
8090401 1
8092072 1
8094594 1
8096866 1
8097319 1
8102887 1
8104682 1
8104984 1
8107416 1
8108772 1
8109338 1
8112559 1
8113482 1
8118824 1
8118929 1
8125364 1
8128169 1
8131208 1
8131914 1
8133576 1
8134696 1
8136896 1
8136983 1
8137178 1
8141078 1
8141127 1
8141936 1
8144556 1
8146828 1
8150664 1
8150692 1
8153455 1
8154795 1
8158579 1
8166303 1
8171934 1
8181005 1
8182667 1
8190561 1
8191117 1
8192254 1
8203107 1
8208145 1
8209773 1
8210149 1
8210590 1
8212676 1
8222339 1
8223194 1
8224546 1
8241777 1
8243326 1
8247987 1
8251342 1
8257605 1
8262471 1
8262578 1
8264435 1
8264849 1
8288820 1
8303438 1
