3015 1
5772 1
8451 1
25201 1
29478 1
29704 1
31565 1
35709 1
40736 1
51669 1
62139 1
62648 1
68311 1
82134 1
82984 1
83055 1
83518 1
87394 1
87398 1
90366 1
92681 1
93289 1
94733 1
95464 1
99542 1
100058 1
103029 1
107891 1
109700 1
110205 1
112732 1
112914 1
122924 1
123299 1
124667 1
125680 1
125722 1
127400 1
128993 1
129653 1
129710 1
130465 1
130989 1
133591 1
133828 1
135976 1
144204 1
148818 1
150547 1
154712 1
156215 1
157907 1
160255 1
165138 1
167941 1
172280 1
172917 1
174066 1
176185 1
177322 1
178802 1
179036 1
181841 1
182201 1
183733 1
185225 1
186835 1
191894 1
193707 1
193999 1
195780 1
197261 1
197443 1
197467 1
206714 1
207246 1
207246 1
209074 1
214301 1
215049 1
215926 1
220205 1
220323 1
220598 1
222076 1
229031 1
240993 1
244975 1
244975 1
251780 1
258053 1
261789 1
265649 1
272105 1
272764 1
272832 1
275684 1
276632 1
279874 1
282361 1
289063 1
294821 1
297898 1
300041 1
302678 1
311444 1
317016 1
325172 1
326291 1
327926 1
329940 1
330098 1
330780 1
333884 1
346338 1
354335 1
362013 1
363627 1
366462 1
382735 1
419119 1
423892 1
432343 1
437261 1
438578 1
442466 1
446064 1
447883 1
451870 1
452044 1
455567 1
460092 1
461862 1
466539 1
467248 1
467248 1
469436 1
471360 1
478938 1
481801 1
485745 1
498366 1
501039 1
501590 1
502040 1
504597 1
511231 1
511833 1
517837 1
525759 1
526287 1
530673 1
530673 1
551132 1
552275 1
555422 1
557470 1
563907 1
578246 1
579688 1
584303 1
586437 1
588676 1
591831 1
594373 1
615675 1
621356 1
621360 1
634272 1
651210 1
653389 1
654240 1
665214 1
670296 1
678831 1
682382 1
684744 1
687376 1
690447 1
701886 1
706299 1
713367 1
715985 1
727142 1
730921 1
740131 1
740430 1
742849 1
748226 1
750765 1
757069 1
761383 1
761486 1
779031 1
782277 1
783133 1
790087 1
792512 1
796965 1
797647 1
798794 1
798924 1
799478 1
803234 1
803594 1
806002 1
807493 1
812127 1
812863 1
813145 1
820542 1
825644 1
829523 1
834199 1
843629 1
847105 1
851146 1
852909 1
858514 1
858718 1
876051 1
881431 1
881684 1
884272 1
890611 1
892215 1
895418 1
902256 1
908939 1
910776 1
912111 1
915059 1
920190 1
925107 1
928810 1
932879 1
934133 1
935877 1
952372 1
969721 1
974164 1
975152 1
977300 1
984485 1
987420 1
996453 1
1010097 1
1011022 1
1012022 1
1013330 1
1019030 1
1023501 1
1025825 1
1026838 1
1027724 1
1028041 1
1028157 1
1031433 1
1034271 1
1042804 1
1042835 1
1050624 1
1061435 1
1062503 1
1063402 1
1064122 1
1067398 1
1070378 1
1071009 1
1082947 1
1093588 1
1094272 1
1094335 1
1099138 1
1099229 1
1101487 1
1103966 1
1105462 1
1105675 1
1106295 1
1111462 1
1111720 1
1115598 1
1126630 1
1139707 1
1154342 1
1157401 1
1163802 1
1163871 1
1167175 1
1174235 1
1177351 1
1182260 1
1183573 1
1187795 1
1187802 1
1187928 1
1195278 1
1200526 1
1207998 1
1211988 1
1216914 1
1218295 1
1232019 1
1235229 1
1240013 1
1241026 1
1241747 1
1244796 1
1249695 1
1254442 1
1256602 1
1259274 1
1261271 1
1261629 1
1264381 1
1266801 1
1267034 1
1271380 1
1271860 1
1277827 1
1284121 1
1285477 1
1285967 1
1311210 1
1325540 1
1329789 1
1341789 1
1342202 1
1354127 1
1358384 1
1361043 1
1361608 1
1361624 1
1363453 1
1364482 1
1370037 1
1372002 1
1374689 1
1387425 1
1389253 1
1392504 1
1397837 1
1399127 1
1410338 1
1416438 1
1422535 1
1423538 1
1428774 1
1429395 1
1430152 1
1433448 1
1434965 1
1443774 1
1446467 1
1450551 1
1451438 1
1451691 1
1461797 1
1462822 1
1469600 1
1471046 1
1472268 1
1476537 1
1497535 1
1514181 1
1514827 1
1518880 1
1522576 1
1522762 1
1530548 1
1530633 1
1539013 1
1544151 1
1547838 1
1555146 1
1569020 1
1571661 1
1573636 1
1574925 1
1575526 1
1580572 1
1583667 1
1584196 1
1585979 1
1588547 1
1592965 1
1597246 1
1598368 1
1601981 1
1604393 1
1605384 1
1607773 1
1609135 1
1616950 1
1624897 1
1630935 1
1637304 1
1638934 1
1648397 1
1649257 1
1650309 1
1654163 1
1656596 1
1659123 1
1659527 1
1661520 1
1662782 1
1664407 1
1671616 1
1675460 1
1677649 1
1682340 1
1685861 1
1686527 1
1704078 1
1712874 1
1718422 1
1721552 1
1727586 1
1733524 1
1739000 1
1746317 1
1747594 1
1760376 1
1770043 1
1778281 1
1779218 1
1780698 1
1783884 1
1791036 1
1792488 1
1803819 1
1813192 1
1816998 1
1830204 1
1831244 1
1833117 1
1837481 1
1844054 1
1852144 1
1852825 1
1853985 1
1859214 1
1861350 1
1862878 1
1863684 1
1868496 1
1870758 1
1870880 1
1872479 1
1874849 1
1879854 1
1883244 1
1885559 1
1888410 1
1898229 1
1904736 1
1907952 1
1908219 1
1912349 1
1918895 1
1925724 1
1926274 1
1926339 1
1928995 1
1933756 1
1942355 1
1950402 1
1951887 1
1952586 1
1953677 1
1954101 1
1965568 1
1971900 1
1971910 1
1977189 1
1977911 1
1979727 1
1983236 1
1986806 1
1986940 1
1988057 1
1988987 1
1993439 1
1994164 1
1998895 1
1999215 1
1999690 1
2002951 1
2019965 1
2023822 1
2024279 1
2026322 1
2027398 1
2029849 1
2049622 1
2056669 1
2057285 1
2061453 1
2063102 1
2063313 1
2069101 1
2078823 1
2083678 1
2084191 1
2084194 1
2084584 1
2087273 1
2090221 1
2097406 1
2103116 1
2111051 1
2112095 1
2114310 1
2115105 1
2116459 1
2119723 1
2121082 1
2127808 1
2129924 1
2131922 1
2140610 1
2148218 1
2149363 1
2149808 1
2152406 1
2154979 1
2156328 1
2165675 1
2167310 1
2169718 1
2178551 1
2179034 1
2181080 1
2186011 1
2190363 1
2191051 1
2196507 1
2204229 1
2241538 1
2242047 1
2247450 1
2253866 1
2256319 1
2259157 1
2259989 1
2261084 1
2263388 1
2265239 1
2265515 1
2274879 1
2275400 1
2275566 1
2278079 1
2279118 1
2282877 1
2283338 1
2284140 1
2286568 1
2294983 1
2296954 1
2300097 1
2300976 1
2310089 1
2315982 1
2326047 1
2326462 1
2331168 1
2331619 1
2338320 1
2350313 1
2357563 1
2389040 1
2397438 1
2400809 1
2406814 1
2407721 1
2409316 1
2418764 1
2426096 1
2427541 1
2432483 1
2434272 1
2435191 1
2438830 1
2439657 1
2439666 1
2439728 1
2445026 1
2457344 1
2461665 1
2465046 1
2482186 1
2483370 1
2488595 1
2495971 1
2496776 1
2497687 1
2500333 1
2508781 1
2511039 1
2511420 1
2526589 1
2540752 1
2544250 1
2550672 1
2553507 1
2554200 1
2554319 1
2556682 1
2564489 1
2567474 1
2569943 1
2570162 1
2580968 1
2582030 1
2592332 1
2592516 1
2594017 1
2616869 1
2621770 1
2623992 1
2625790 1
2626126 1
2626694 1
2630194 1
2631774 1
2634635 1
2637042 1
2641264 1
2643837 1
2645401 1
2649983 1
2653552 1
2656599 1
2657981 1
2658804 1
2665315 1
2665440 1
2668118 1
2673217 1
2673366 1
2678076 1
2678715 1
2684512 1
2686214 1
2690432 1
2696657 1
2712691 1
2714944 1
2719619 1
2726011 1
2731947 1
2739525 1
2742382 1
2745522 1
2747586 1
2751547 1
2756608 1
2760401 1
2763606 1
2767027 1
2776201 1
2783988 1
2786314 1
2788857 1
2797486 1
2798548 1
2805913 1
2806103 1
2813882 1
2813954 1
2815943 1
2817301 1
2819634 1
2820946 1
2821191 1
2822063 1
2822539 1
2826356 1
2826535 1
2836128 1
2839862 1
2840490 1
2848209 1
2848505 1
2860511 1
2877986 1
2878109 1
2878134 1
2882446 1
2893370 1
2897932 1
2901559 1
2905959 1
2907881 1
2912184 1
2912298 1
2912475 1
2913266 1
2913270 1
2913533 1
2913546 1
2915055 1
2915132 1
2917705 1
2920011 1
2922229 1
2938341 1
2944580 1
2949497 1
2949697 1
2954529 1
2958295 1
2962491 1
2974222 1
2975163 1
2975870 1
2979842 1
2982774 1
2982992 1
2984576 1
2986777 1
2990010 1
2997663 1
2997930 1
2999676 1
3001319 1
3007605 1
3018815 1
3029396 1
3029594 1
3030108 1
3032116 1
3034002 1
3041864 1
3048031 1
3049080 1
3051806 1
3052866 1
3059900 1
3060029 1
3061218 1
3063699 1
3064850 1
3069287 1
3072046 1
3076510 1
3092441 1
3093274 1
3101128 1
3104636 1
3105176 1
3108813 1
3109329 1
3109502 1
3115024 1
3121519 1
3124139 1
3127846 1
3131985 1
3134210 1
3136382 1
3151426 1
3158052 1
3160854 1
3167402 1
3175305 1
3175642 1
3178532 1
3179184 1
3185054 1
3192763 1
3193012 1
3193750 1
3198985 1
3201877 1
3206172 1
3214243 1
3220557 1
3221250 1
3221283 1
3221366 1
3229178 1
3235377 1
3235494 1
3235588 1
3241351 1
3242978 1
3249827 1
3251673 1
3260682 1
3266112 1
3270764 1
3279928 1
3280256 1
3282029 1
3283270 1
3284745 1
3285548 1
3286286 1
3290043 1
3292238 1
3293294 1
3296862 1
3298337 1
3309762 1
3311334 1
3313396 1
3317283 1
3318229 1
3323556 1
3326453 1
3328155 1
3329736 1
3332102 1
3338543 1
3339152 1
3344235 1
3349379 1
3352223 1
3355073 1
3360980 1
3365087 1
3384905 1
3388202 1
3388654 1
3390139 1
3403227 1
3405936 1
3408738 1
3415080 1
3419814 1
3428215 1
3428561 1
3433140 1
3434463 1
3434767 1
3443163 1
3454414 1
3464136 1
3466429 1
3472308 1
3472435 1
3472739 1
3473742 1
3474233 1
3477835 1
3485249 1
3487366 1
3495249 1
3497219 1
3515035 1
3515328 1
3518781 1
3519445 1
3520758 1
3528505 1
3533810 1
3536378 1
3547347 1
3549154 1
3552149 1
3557382 1
3558012 1
3570089 1
3574583 1
3576921 1
3580549 1
3583185 1
3584090 1
3595584 1
3601214 1
3608157 1
3611581 1
3614031 1
3618138 1
3621844 1
3624521 1
3626990 1
3629909 1
3630035 1
3634234 1
3636006 1
3647689 1
3652128 1
3655255 1
3657687 1
3659418 1
3660195 1
3660561 1
3660693 1
3662921 1
3670888 1
3671758 1
3689389 1
3690359 1
3698477 1
3701078 1
3705934 1
3706018 1
3709192 1
3720137 1
3724109 1
3728589 1
3732644 1
3738650 1
3742238 1
3743064 1
3746635 1
3747943 1
3764834 1
3773021 1
3777129 1
3784228 1
3787240 1
3788732 1
3790468 1
3796498 1
3802856 1
3813362 1
3814061 1
3821339 1
3823829 1
3825681 1
3825683 1
3826383 1
3827401 1
3827941 1
3829073 1
3829869 1
3833354 1
3833590 1
3834934 1
3840713 1
3843633 1
3843858 1
3854454 1
3860273 1
3861671 1
3864769 1
3867513 1
3867950 1
3878034 1
3880505 1
3884609 1
3893770 1
3894208 1
3894518 1
3904847 1
3921434 1
3929832 1
3933042 1
3936066 1
3937538 1
3942816 1
3944981 1
3950243 1
3959762 1
3970728 1
3976586 1
3981299 1
3982655 1
3984770 1
3988725 1
3988812 1
3994008 1
4001371 1
4012904 1
4015009 1
4015026 1
4015332 1
4016044 1
4019444 1
4025465 1
4025846 1
4027674 1
4033808 1
4040640 1
4041073 1
4046116 1
4050957 1
4057395 1
4062106 1
4064555 1
4072304 1
4079156 1
4086715 1
4091801 1
4096654 1
4101771 1
4105139 1
4116341 1
4116374 1
4117605 1
4119047 1
4125624 1
4127585 1
4134079 1
4137622 1
4139829 1
4140504 1
4142033 1
4142507 1
4148151 1
4153618 1
4153714 1
4162857 1
4172303 1
4178521 1
4179691 1
4192228 1
4195074 1
4196724 1
4200645 1
4212266 1
4220965 1
4223117 1
4225346 1
4229862 1
4249718 1
4252111 1
4265969 1
4268111 1
4270028 1
4272978 1
4280747 1
4285254 1
4288429 1
4299429 1
4309844 1
4314054 1
4314368 1
4314807 1
4319788 1
4330118 1
4331310 1
4334974 1
4336111 1
4336840 1
4344516 1
4345099 1
4345823 1
4345872 1
4346448 1
4347307 1
4347564 1
4347691 1
4348286 1
4352029 1
4367339 1
4368106 1
4368151 1
4370650 1
4370754 1
4378598 1
4379333 1
4386430 1
4387196 1
4387286 1
4389245 1
4393460 1
4394952 1
4396048 1
4396208 1
4399193 1
4400688 1
4401788 1
4403260 1
4410683 1
4415687 1
4416724 1
4417177 1
4421285 1
4426843 1
4429962 1
4433979 1
4437621 1
4439070 1
4443791 1
4445044 1
4445446 1
4447639 1
4452110 1
4452722 1
4453808 1
4461159 1
4464895 1
4470649 1
4470664 1
4470859 1
4472856 1
4473825 1
4475504 1
4489143 1
4492763 1
4496164 1
4496425 1
4497683 1
4504126 1
4505572 1
4512376 1
4515810 1
4515874 1
4527613 1
4530699 1
4533123 1
4542577 1
4566723 1
4581144 1
4584382 1
4589102 1
4595718 1
4604761 1
4606283 1
4607285 1
4614209 1
4626344 1
4638334 1
4638675 1
4651550 1
4651697 1
4674300 1
4677583 1
4677976 1
4681975 1
4690826 1
4695254 1
4697025 1
4702849 1
4703500 1
4709810 1
4709924 1
4709932 1
4710690 1
4711340 1
4712778 1
4716030 1
4717357 1
4734613 1
4741357 1
4745259 1
4746465 1
4749918 1
4750362 1
4750597 1
4750913 1
4762787 1
4763282 1
4770172 1
4771364 1
4774730 1
4789821 1
4797530 1
4801412 1
4808312 1
4808940 1
4811061 1
4824375 1
4837774 1
4845649 1
4849804 1
4859991 1
4861657 1
4874372 1
4887296 1
4888321 1
4896331 1
4898539 1
4911446 1
4914451 1
4922498 1
4925455 1
4942606 1
4947446 1
4949971 1
4977717 1
4981416 1
4982206 1
4983745 1
4993684 1
4997030 1
4999454 1
4999456 1
5001108 1
5001608 1
5002278 1
5005578 1
5008215 1
5011472 1
5021347 1
5022867 1
5024133 1
5025709 1
5026416 1
5026783 1
5028131 1
5029007 1
5029322 1
5031519 1
5035081 1
5036776 1
5042114 1
5043733 1
5049678 1
5051224 1
5055834 1
5063528 1
5067673 1
5073562 1
5075130 1
5080615 1
5086362 1
5087429 1
5098459 1
5103803 1
5114061 1
5118764 1
5120252 1
5131194 1
5135295 1
5136727 1
5138041 1
5141839 1
5144366 1
5155603 1
5163754 1
5163871 1
5168128 1
5169807 1
5169828 1
5171306 1
5171316 1
5173927 1
5190352 1
5213925 1
5218263 1
5222032 1
5232034 1
5240018 1
5248848 1
5252310 1
5254721 1
5257917 1
5261485 1
5263898 1
5265437 1
5270615 1
5272511 1
5273743 1
5283835 1
5292369 1
5292825 1
5292829 1
5301000 1
5316545 1
5322640 1
5322670 1
5334233 1
5340645 1
5346645 1
5346957 1
5347968 1
5351247 1
5369709 1
5372300 1
5379370 1
5385743 1
5386212 1
5411434 1
5414716 1
5423626 1
5428770 1
5434744 1
5441495 1
5443125 1
5445026 1
5447786 1
5450305 1
5452446 1
5466952 1
5467048 1
5468230 1
5485999 1
5489848 1
5490570 1
5490984 1
5491782 1
5492238 1
5493769 1
5502038 1
5506459 1
5515706 1
5518009 1
5523511 1
5526589 1
5527147 1
5532907 1
5534777 1
5535951 1
5536979 1
5539152 1
5543030 1
5545004 1
5545051 1
5549581 1
5551727 1
5555472 1
5560222 1
5560241 1
5560389 1
5567489 1
5568800 1
5569134 1
5569300 1
5570481 1
5570959 1
5575443 1
5579743 1
5582604 1
5587381 1
5594678 1
5603652 1
5605014 1
5607972 1
5613940 1
5613975 1
5618059 1
5620684 1
5638601 1
5641957 1
5643287 1
5645070 1
5645708 1
5650752 1
5659625 1
5675022 1
5683828 1
5684130 1
5684739 1
5686634 1
5694431 1
5695153 1
5709347 1
5715170 1
5719481 1
5719496 1
5737693 1
5740154 1
5741460 1
5751139 1
5758560 1
5763556 1
5771475 1
5782327 1
5785095 1
5787780 1
5788075 1
5792859 1
5793117 1
5798785 1
5799278 1
5810749 1
5818321 1
5836891 1
5837605 1
5842757 1
5849904 1
5850188 1
5857082 1
5857791 1
5860041 1
5860891 1
5863377 1
5864105 1
5872045 1
5872544 1
5873605 1
5876577 1
5879455 1
5879536 1
5881231 1
5882513 1
5887275 1
5897770 1
5902882 1
5918120 1
5931357 1
5931357 1
5931873 1
5932965 1
5939916 1
5949739 1
5964738 1
5968008 1
5974857 1
5976946 1
5981242 1
5983525 1
5991425 1
5996003 1
5996008 1
6001291 1
6004363 1
6006246 1
6007223 1
6007641 1
6010381 1
6011792 1
6020426 1
6021845 1
6022786 1
6028862 1
6030871 1
6032944 1
6033340 1
6036498 1
6048905 1
6052605 1
6058319 1
6062952 1
6068403 1
6072329 1
6073729 1
6073976 1
6076408 1
6083104 1
6092388 1
6095950 1
6096074 1
6097335 1
6099540 1
6099625 1
6100051 1
6103678 1
6104092 1
6137267 1
6139720 1
6140083 1
6143530 1
6148733 1
6148915 1
6149721 1
6152605 1
6152617 1
6155297 1
6156576 1
6163573 1
6167751 1
6179351 1
6183283 1
6184323 1
6186569 1
6188544 1
6190694 1
6195807 1
6215705 1
6225445 1
6230486 1
6231536 1
6243764 1
6243812 1
6246171 1
6256271 1
6259706 1
6261335 1
6261912 1
6264508 1
6273945 1
6277964 1
6278087 1
6284911 1
6287353 1
6301158 1
6306520 1
6310406 1
6326618 1
6328296 1
6329234 1
6334910 1
6336430 1
6345050 1
6347211 1
6347433 1
6356906 1
6358513 1
6361277 1
6370666 1
6377309 1
6391948 1
6394925 1
6400380 1
6401655 1
6402652 1
6403989 1
6403995 1
6409859 1
6415015 1
6418358 1
6422360 1
6437453 1
6444637 1
6451376 1
6452869 1
6455316 1
6458951 1
6460174 1
6461582 1
6472225 1
6478902 1
6480698 1
6481137 1
6484433 1
6488489 1
6494494 1
6500614 1
6500719 1
6502576 1
6508695 1
6511757 1
6515062 1
6518632 1
6520399 1
6529354 1
6535409 1
6537206 1
6544847 1
6551801 1
6553843 1
6562125 1
6563046 1
6583602 1
6590474 1
6593634 1
6601676 1
6605384 1
6608562 1
6608612 1
6608612 1
6609237 1
6615717 1
6615892 1
6615924 1
6616010 1
6620954 1
6631828 1
6637831 1
6637932 1
6639075 1
6642781 1
6642789 1
6646709 1
6648995 1
6649370 1
6651815 1
6652978 1
6657105 1
6663454 1
6665458 1
6671752 1
6676898 1
6682831 1
6691402 1
6698847 1
6712155 1
6713247 1
6714220 1
6716617 1
6717811 1
6718988 1
6719246 1
6726595 1
6726844 1
6728499 1
6733530 1
6733692 1
6738368 1
6738755 1
6740851 1
6748243 1
6749643 1
6757275 1
6762881 1
6771708 1
6776259 1
6777391 1
6779186 1
6784966 1
6787837 1
6789257 1
6791248 1
6793245 1
6798493 1
6798496 1
6802764 1
6804411 1
6804601 1
6805145 1
6806618 1
6811381 1
6821950 1
6827742 1
6828359 1
6829245 1
6830645 1
6832579 1
6833819 1
6834022 1
6834333 1
6841113 1
6849159 1
6859148 1
6862059 1
6867455 1
6871358 1
6871619 1
6873357 1
6877848 1
6878046 1
6878669 1
6889913 1
6891088 1
6898747 1
6900005 1
6900328 1
6903890 1
6912204 1
6912423 1
6915491 1
6918822 1
6922497 1
6925499 1
6926153 1
6930734 1
6935715 1
6937523 1
6938430 1
6938500 1
6939725 1
6941811 1
6943829 1
6950880 1
6951080 1
6954849 1
6963124 1
6965454 1
6969930 1
6972953 1
6973448 1
6974794 1
6983403 1
6984851 1
6988540 1
6989495 1
6989711 1
6999114 1
7000016 1
7000466 1
7003075 1
7003893 1
7015516 1
7016565 1
7020135 1
7023836 1
7026168 1
7027438 1
7027554 1
7033686 1
7034494 1
7047279 1
7054467 1
7054594 1
7064407 1
7070856 1
7071085 1
7072499 1
7076773 1
7082504 1
7086469 1
7100453 1
7101357 1
7108514 1
7115341 1
7121910 1
7122602 1
7125262 1
7129726 1
7130557 1
7134750 1
7146531 1
7148780 1
7149282 1
7159207 1
7162454 1
7163700 1
7164585 1
7165767 1
7166522 1
7166705 1
7167112 1
7167679 1
7171743 1
7177422 1
7189063 1
7199137 1
7213572 1
7220577 1
7222868 1
7232136 1
7233656 1
7240666 1
7242093 1
7254847 1
7259671 1
7261845 1
7262661 1
7269839 1
7272492 1
7277522 1
7279873 1
7280523 1
7286127 1
7286886 1
7294549 1
7295102 1
7300807 1
7301631 1
7301986 1
7303112 1
7309940 1
7310422 1
7313534 1
7313792 1
7317668 1
7317969 1
7322970 1
7324954 1
7325131 1
7326212 1
7332327 1
7334576 1
7336518 1
7336891 1
7337642 1
7339013 1
7339892 1
7341597 1
7344159 1
7344328 1
7344846 1
7346744 1
7348733 1
7348954 1
7349740 1
7354442 1
7354923 1
7355578 1
7362797 1
7362817 1
7363452 1
7365888 1
7369885 1
7371269 1
7374706 1
7379674 1
7380928 1
7381130 1
7382163 1
7389352 1
7389577 1
7392732 1
7400818 1
7401872 1
7405504 1
7407568 1
7415621 1
7419122 1
7422279 1
7424238 1
7427544 1
7427610 1
7429006 1
7431686 1
7441343 1
7456740 1
7474089 1
7478180 1
7480924 1
7498259 1
7502101 1
7511427 1
7512338 1
7514570 1
7518735 1
7523772 1
7524905 1
7532499 1
7543596 1
7545018 1
7545152 1
7547646 1
7549284 1
7555694 1
7557710 1
7566853 1
7572187 1
7572814 1
7572842 1
7576762 1
7581410 1
7584172 1
7584978 1
7590618 1
7601864 1
7606482 1
7610439 1
7613024 1
7617208 1
7627560 1
7628897 1
7632957 1
7636721 1
7645331 1
7645614 1
7656165 1
7659748 1
7661536 1
7665392 1
7666207 1
7666502 1
7669495 1
7676555 1
7677431 1
7678114 1
7682009 1
7698048 1
7704124 1
7711606 1
7715034 1
7723106 1
7734380 1
7737745 1
7739926 1
7741160 1
7745379 1
7747487 1
7775938 1
7777637 1
7790178 1
7795917 1
7800259 1
7801307 1
7811455 1
7824940 1
7824960 1
7829809 1
7830282 1
7830294 1
7835550 1
7851324 1
7856036 1
7875593 1
7882138 1
7890536 1
7891493 1
7894506 1
7905470 1
7910353 1
7923704 1
7923860 1
7925473 1
7926638 1
7928611 1
7928913 1
7933314 1
7938894 1
7939745 1
7941442 1
7945948 1
7946524 1
7954939 1
7956967 1
7959071 1
7964453 1
7966078 1
7966085 1
7968937 1
7972056 1
7980307 1
7982762 1
7984388 1
7987093 1
7996151 1
7996594 1
8000635 1
8006686 1
8009667 1
8011348 1
8012024 1
8013093 1
8020862 1
8021309 1
8024315 1
8032931 1
8034818 1
8035183 1
8035185 1
8035828 1
8037239 1
8037629 1
8040456 1
8048225 1
8053090 1
8053536 1
8056962 1
8063823 1
8065447 1
8067521 1
8069195 1
8077325 1
8088985 1
8096599 1
8097526 1
8099660 1
8107599 1
8107813 1
8111234 1
8113201 1
8114200 1
8114548 1
8117118 1
8117164 1
8118013 1
8118033 1
8123566 1
8125496 1
8125694 1
8130561 1
8137155 1
8137323 1
8137437 1
8137769 1
8139781 1
8141230 1
8143008 1
8149579 1
8150894 1
8152016 1
8155078 1
8161342 1
8161405 1
8163673 1
8164470 1
8165826 1
8165911 1
8174672 1
8181366 1
8184177 1
8197386 1
8202575 1
8202949 1
8206019 1
8219081 1
8220170 1
8223581 1
8225172 1
8235688 1
8240350 1
8249696 1
8251894 1
8253027 1
8255728 1
8272610 1
8275038 1
8278953 1
8312243 1
1200 1
28001 1
36228 1
39231 1
44837 1
58509 1
59654 1
59955 1
63947 1
66387 1
68618 1
73785 1
76151 1
83301 1
89275 1
95743 1
97644 1
98420 1
101650 1
110029 1
116650 1
120058 1
120077 1
120969 1
121866 1
123978 1
125445 1
128393 1
136732 1
136909 1
137669 1
139282 1
139391 1
139916 1
141764 1
143396 1
146030 1
146331 1
148033 1
148118 1
149671 1
149853 1
150430 1
151579 1
151706 1
158054 1
160743 1
160768 1
160904 1
162024 1
162027 1
162793 1
162836 1
162897 1
165834 1
171364 1
174885 1
176796 1
179737 1
185167 1
195463 1
195621 1
196546 1
198870 1
202589 1
202671 1
204719 1
204743 1
205570 1
206157 1
206998 1
207365 1
213741 1
220964 1
227483 1
229040 1
238200 1
256494 1
261297 1
261343 1
261437 1
264333 1
264893 1
266076 1
269796 1
274128 1
277389 1
280952 1
283334 1
291614 1
301146 1
307340 1
308490 1
310103 1
312886 1
313493 1
320242 1
327024 1
328967 1
332447 1
334481 1
344403 1
351135 1
357116 1
363731 1
367213 1
367529 1
367798 1
383918 1
406324 1
408923 1
410311 1
416066 1
417824 1
421783 1
428382 1
430357 1
436184 1
438275 1
451808 1
452603 1
453012 1
455778 1
471614 1
471947 1
473857 1
480554 1
483501 1
483793 1
486288 1
489074 1
497496 1
498235 1
501507 1
501720 1
504222 1
506497 1
510973 1
516390 1
517114 1
534334 1
538489 1
548817 1
548925 1
555397 1
556472 1
571141 1
573408 1
583395 1
587694 1
602134 1
603440 1
610754 1
615254 1
622718 1
627361 1
627696 1
631692 1
632824 1
634436 1
636216 1
638379 1
643668 1
643791 1
645575 1
651604 1
653931 1
658259 1
680166 1
687432 1
691632 1
692384 1
692420 1
693353 1
701303 1
701958 1
702921 1
710976 1
719908 1
727317 1
741515 1
746068 1
751917 1
753742 1
756642 1
758750 1
765155 1
768170 1
779046 1
779046 1
779255 1
782051 1
797659 1
799536 1
807117 1
812875 1
820027 1
838405 1
839480 1
842202 1
842202 1
846635 1
847353 1
850088 1
850563 1
851510 1
857721 1
863629 1
864166 1
867653 1
869304 1
869352 1
873240 1
875116 1
889062 1
889786 1
890934 1
891286 1
891574 1
897837 1
900426 1
910595 1
911537 1
911653 1
912542 1
915605 1
919247 1
919514 1
919806 1
919857 1
923008 1
923757 1
926370 1
927582 1
933084 1
940228 1
940970 1
946060 1
957902 1
960574 1
960782 1
961739 1
962526 1
962631 1
966935 1
969233 1
979506 1
983935 1
990898 1
992329 1
998261 1
999932 1
1007032 1
1014118 1
1014855 1
1017843 1
1019481 1
1019755 1
1021068 1
1032397 1
1037517 1
1039647 1
1040221 1
1041720 1
1042854 1
1047052 1
1052375 1
1052552 1
1052554 1
1052560 1
1060911 1
1063354 1
1065940 1
1084245 1
1087095 1
1088111 1
1088467 1
1088574 1
1090932 1
1095528 1
1096490 1
1098844 1
1106915 1
1108181 1
1113075 1
1117168 1
1118885 1
1122157 1
1126441 1
1128496 1
1138539 1
1138830 1
1140964 1
1153328 1
1154337 1
1156331 1
1157778 1
1162221 1
1170316 1
1170478 1
1174452 1
1177385 1
1177537 1
1188838 1
1189102 1
1191755 1
1192701 1
1193511 1
1195840 1
1199111 1
1199230 1
1203318 1
1212707 1
1212715 1
1213353 1
1214572 1
1215347 1
1215494 1
1222952 1
1226151 1
1227287 1
1227294 1
1229160 1
1265855 1
1266970 1
1268234 1
1274615 1
1275477 1
1286955 1
1287935 1
1289577 1
1294322 1
1294844 1
1299532 1
1302897 1
1320145 1
1325352 1
1330561 1
1331834 1
1333848 1
1335076 1
1336397 1
1346438 1
1348669 1
1354614 1
1361753 1
1362130 1
1370254 1
1377771 1
1387778 1
1391587 1
1396888 1
1400095 1
1406164 1
1408642 1
1411218 1
1413267 1
1417746 1
1417948 1
1421183 1
1423231 1
1428640 1
1432955 1
1436565 1
1440363 1
1443238 1
1444406 1
1444889 1
1446433 1
1452510 1
1458255 1
1458952 1
1461343 1
1466535 1
1466819 1
1477062 1
1480393 1
1480938 1
1494824 1
1502392 1
1507345 1
1521478 1
1522429 1
1527085 1
1532149 1
1532902 1
1534024 1
1534406 1
1543319 1
1546430 1
1548057 1
1569829 1
1570084 1
1574122 1
1579191 1
1588868 1
1589049 1
1589429 1
1594213 1
1599311 1
1599601 1
1601890 1
1607254 1
1609417 1
1610389 1
1619087 1
1620781 1
1633912 1
1635011 1
1635366 1
1636110 1
1640762 1
1640845 1
1641920 1
1647780 1
1654458 1
1656474 1
1657050 1
1661100 1
1665606 1
1671304 1
1671879 1
1674456 1
1674456 1
1679093 1
1682045 1
1683570 1
1686423 1
1687856 1
1688252 1
1689124 1
1691810 1
1694878 1
1695740 1
1702177 1
1705696 1
1706111 1
1713671 1
1725865 1
1725991 1
1729814 1
1729829 1
1730311 1
1732924 1
1738878 1
1749679 1
1750804 1
1771057 1
1776855 1
1779383 1
1780413 1
1785140 1
1789054 1
1791308 1
1792874 1
1794301 1
1795023 1
1803924 1
1805788 1
1808562 1
1809150 1
1814319 1
1823363 1
1825781 1
1828611 1
1850224 1
1853459 1
1854057 1
1854699 1
1857494 1
1861674 1
1862631 1
1874661 1
1881491 1
1881702 1
1884211 1
1885957 1
1886753 1
1890573 1
1892891 1
1897703 1
1903568 1
1905737 1
1906381 1
1932240 1
1964645 1
1970599 1
1991730 1
1998613 1
1999668 1
2003614 1
2008727 1
2009243 1
2009252 1
2009458 1
2011287 1
2033005 1
2037871 1
2039838 1
2040433 1
2047532 1
2055405 1
2061586 1
2074644 1
2076562 1
2081687 1
2083630 1
2083957 1
2088313 1
2099718 1
2105624 1
2106049 1
2106409 1
2107587 1
2110375 1
2113508 1
2115093 1
2124095 1
2124649 1
2128069 1
2130246 1
2132962 1
2137480 1
2138125 1
2140845 1
2144436 1
2147873 1
2151058 1
2153622 1
2153893 1
2157342 1
2162898 1
2164696 1
2165086 1
2172432 1
2173840 1
2182763 1
2183240 1
2185675 1
2189917 1
2196425 1
2202202 1
2204160 1
2217065 1
2224121 1
2233927 1
2236139 1
2236220 1
2237250 1
2239377 1
2243420 1
2247561 1
2248277 1
2249551 1
2269615 1
2269887 1
2270606 1
2271704 1
2272429 1
2273187 1
2278601 1
2280728 1
2285390 1
2285855 1
2287180 1
2289128 1
2289932 1
2290954 1
2292172 1
2293293 1
2294205 1
2294992 1
2305498 1
2306515 1
2312519 1
2315525 1
2318176 1
2322294 1
2324443 1
2324449 1
2325240 1
2346451 1
2346524 1
2357686 1
2374580 1
2375669 1
2378532 1
2384785 1
2387290 1
2392308 1
2396365 1
2397671 1
2401329 1
2401914 1
2415868 1
2417752 1
2428841 1
2429236 1
2432161 1
2432790 1
2433111 1
2445714 1
2448522 1
2458251 1
2459013 1
2468172 1
2470476 1
2470671 1
2470934 1
2472609 1
2476329 1
2476331 1
2483409 1
2485362 1
2486244 1
2486439 1
2489680 1
2493243 1
2503302 1
2507609 1
2509208 1
2520117 1
2523698 1
2524567 1
2525121 1
2535886 1
2546047 1
2546047 1
2555819 1
2556798 1
2558316 1
2564071 1
2570923 1
2572370 1
2576692 1
2580478 1
2583892 1
2597370 1
2597488 1
2598557 1
2603262 1
2617993 1
2622946 1
2625363 1
2626407 1
2629305 1
2632223 1
2644415 1
2648584 1
2654247 1
2663237 1
2664090 1
2664538 1
2668684 1
2670716 1
2671333 1
2671478 1
2687673 1
2702019 1
2708731 1
2711384 1
2725093 1
2727537 1
2732826 1
2733530 1
2734460 1
2737623 1
2738631 1
2744537 1
2751305 1
2753640 1
2754251 1
2755709 1
2755719 1
2756690 1
2765106 1
2765841 1
2766979 1
2770948 1
2780400 1
2788950 1
2795902 1
2801281 1
2803861 1
2805144 1
2805147 1
2807168 1
2810186 1
2814273 1
2816346 1
2823643 1
2830222 1
2833058 1
2834893 1
2834896 1
2835864 1
2836601 1
2837444 1
2838423 1
2845684 1
2850338 1
2850628 1
2854134 1
2858833 1
2860623 1
2864610 1
2866052 1
2868091 1
2870149 1
2871325 1
2873955 1
2876518 1
2880604 1
2882574 1
2893437 1
2893454 1
2893724 1
2896412 1
2897637 1
2899470 1
2900286 1
2902253 1
2909607 1
2911992 1
2912398 1
2912498 1
2913121 1
2913464 1
2913637 1
2916057 1
2919177 1
2919856 1
2920531 1
2929427 1
2929460 1
2930826 1
2939112 1
2949673 1
2954044 1
2954821 1
2959026 1
2961385 1
2961588 1
2963215 1
2964810 1
2965447 1
2965559 1
2983277 1
2988629 1
2994119 1
3004608 1
3006992 1
3007727 1
3012826 1
3020393 1
3023473 1
3032818 1
3034365 1
3040339 1
3040827 1
3043194 1
3058472 1
3064264 1
3068361 1
3071009 1
3074374 1
3076370 1
3084899 1
3086608 1
3087455 1
3089171 1
3089525 1
3090213 1
3091866 1
3091973 1
3105910 1
3112305 1
3116666 1
3119791 1
3120208 1
3121410 1
3122711 1
3130099 1
3133905 1
3144804 1
3147047 1
3156560 1
3161838 1
3165925 1
3170583 1
3182196 1
3182845 1
3183563 1
3185596 1
3186909 1
3188931 1
3193257 1
3194761 1
3195156 1
3195636 1
3196115 1
3197940 1
3198680 1
3201820 1
3201962 1
3209362 1
3209376 1
3215709 1
3220420 1
3244318 1
3247291 1
3254864 1
3257919 1
3259041 1
3259935 1
3270376 1
3271222 1
3271710 1
3272668 1
3272867 1
3278664 1
3284356 1
3284620 1
3284859 1
3288101 1
3291833 1
3293143 1
3294780 1
3296336 1
3298873 1
3300410 1
3301518 1
3302334 1
3302343 1
3305099 1
3305139 1
3307128 1
3313474 1
3313619 1
3326769 1
3327950 1
3331672 1
3332399 1
3334136 1
3337641 1
3342394 1
3342807 1
3355981 1
3358097 1
3369140 1
3372860 1
3374447 1
3378347 1
3385992 1
3389427 1
3389428 1
3396229 1
3398360 1
3408325 1
3410182 1
3418938 1
3425615 1
3428122 1
3428508 1
3432342 1
3432994 1
3438150 1
3441587 1
3444663 1
3446311 1
3447280 1
3449311 1
3453188 1
3459434 1
3465426 1
3467485 1
3470196 1
3471112 1
3471277 1
3471940 1
3472266 1
3474323 1
3477799 1
3484987 1
3487421 1
3488019 1
3491678 1
3494305 1
3496264 1
3500395 1
3500512 1
3505147 1
3515526 1
3520218 1
3521410 1
3527715 1
3538429 1
3547084 1
3554623 1
3555170 1
3558370 1
3564275 1
3564275 1
3570751 1
3571673 1
3576123 1
3576848 1
3580403 1
3580622 1
3581502 1
3582686 1
3584978 1
3585717 1
3586180 1
3587989 1
3589486 1
3592738 1
3601976 1
3606089 1
3607382 1
3611428 1
3613658 1
3615619 1
3629980 1
3633899 1
3634331 1
3634561 1
3649754 1
3657824 1
3659864 1
3662265 1
3663537 1
3666680 1
3667739 1
3672675 1
3673968 1
3677034 1
3685440 1
3711069 1
3715458 1
3723334 1
3728070 1
3729040 1
3737583 1
3760640 1
3780444 1
3781334 1
3782420 1
3785610 1
3791158 1
3792363 1
3802556 1
3806911 1
3829353 1
3838030 1
3842335 1
3843886 1
3845754 1
3861550 1
3861550 1
3863754 1
3863991 1
3864723 1
3865742 1
3870200 1
3872624 1
3876474 1
3884527 1
3891099 1
3901380 1
3904876 1
3912950 1
3913914 1
3918653 1
3928132 1
3936727 1
3936843 1
3937559 1
3940127 1
3942826 1
3949202 1
3953020 1
3953654 1
3955440 1
3955659 1
3972683 1
3975394 1
3977988 1
4009607 1
4018500 1
4029014 1
4030360 1
4036692 1
4037113 1
4043701 1
4044342 1
4049299 1
4057187 1
4058451 1
4059033 1
4060496 1
4065508 1
4069090 1
4080610 1
4083864 1
4085134 1
4086343 1
4095893 1
4097939 1
4100132 1
4102053 1
4105456 1
4105605 1
4107978 1
4109543 1
4114536 1
4116326 1
4118151 1
4119982 1
4131833 1
4149253 1
4160377 1
4165140 1
4168295 1
4172651 1
4173571 1
4177318 1
4179218 1
4180059 1
4180519 1
4182548 1
4182989 1
4190333 1
4191067 1
4197919 1
4211090 1
4212462 1
4218154 1
4225274 1
4227672 1
4232108 1
4232868 1
4234939 1
4237226 1
4237838 1
4248460 1
4250205 1
4251565 1
4264322 1
4266932 1
4270600 1
4272440 1
4272682 1
4273067 1
4274351 1
4281268 1
4281559 1
4288775 1
4292468 1
4299273 1
4308532 1
4314353 1
4315140 1
4316497 1
4317863 1
4325018 1
4328802 1
4330900 1
4337682 1
4339117 1
4341481 1
4343985 1
4348513 1
4351530 1
4358972 1
4359608 1
4361072 1
4361482 1
4363725 1
4366341 1
4372397 1
4376484 1
4381454 1
4384295 1
4396008 1
4401040 1
4408733 1
4415155 1
4416952 1
4422060 1
4424659 1
4427818 1
4434813 1
4442520 1
4444249 1
4445710 1
4461021 1
4463015 1
4463604 1
4472945 1
4490595 1
4500415 1
4506225 1
4506373 1
4511684 1
4511916 1
4517044 1
4531555 1
4540315 1
4551568 1
4555784 1
4562664 1
4569520 1
4574325 1
4590445 1
4593572 1
4600820 1
4606498 1
4610050 1
4617522 1
4623728 1
4627335 1
4631070 1
4632865 1
4632935 1
4632935 1
4638478 1
4646802 1
4647012 1
4649522 1
4662177 1
4663609 1
4664140 1
4667288 1
4669854 1
4670195 1
4678379 1
4678458 1
4678589 1
4682208 1
4682842 1
4683156 1
4684438 1
4690193 1
4690725 1
4692813 1
4700309 1
4704716 1
4707609 1
4708788 1
4709181 1
4709330 1
4709770 1
4726029 1
4726107 1
4726124 1
4731817 1
4736640 1
4743384 1
4749781 1
4753393 1
4754011 1
4765177 1
4767385 1
4767599 1
4780419 1
4785593 1
4785785 1
4786653 1
4791931 1
4792079 1
4796336 1
4799066 1
4799360 1
4800896 1
4812539 1
4821964 1
4847151 1
4852052 1
4856381 1
4856517 1
4857017 1
4864628 1
4880787 1
4882410 1
4886520 1
4897437 1
4901827 1
4906060 1
4907027 1
4914252 1
4916359 1
4918143 1
4927219 1
4928644 1
4936230 1
4936434 1
4938614 1
4942931 1
4942941 1
4948213 1
4949638 1
4952481 1
4956879 1
4957869 1
4970709 1
4972571 1
4973488 1
4977687 1
4978521 1
4979423 1
4981412 1
4985684 1
4985768 1
4986047 1
4986065 1
4987375 1
4989293 1
4991977 1
4994651 1
4996325 1
4999484 1
4999952 1
5001647 1
5002519 1
5005517 1
5008507 1
5020254 1
5021685 1
5023915 1
5025175 1
5025842 1
5029209 1
5030148 1
5032357 1
5036194 1
5042784 1
5044713 1
5048489 1
5048812 1
5049054 1
5049996 1
5055682 1
5056339 1
5058047 1
5068704 1
5080877 1
5083951 1
5090641 1
5103388 1
5109213 1
5111090 1
5111579 1
5111596 1
5127905 1
5130672 1
5137303 1
5146084 1
5149657 1
5153535 1
5158909 1
5159475 1
5169005 1
5170804 1
5172187 1
5177708 1
5181536 1
5186953 1
5190308 1
5191317 1
5191712 1
5196448 1
5196898 1
5203314 1
5215300 1
5221115 1
5228888 1
5233193 1
5233432 1
5234684 1
5236661 1
5253798 1
5256723 1
5258377 1
5261748 1
5261764 1
5264146 1
5266965 1
5268989 1
5270366 1
5270800 1
5273638 1
5273991 1
5278093 1
5279688 1
5281459 1
5283385 1
5286284 1
5296130 1
5300731 1
5306248 1
5320410 1
5322614 1
5322723 1
5327479 1
5330751 1
5332173 1
5334287 1
5347215 1
5350120 1
5356369 1
5357266 1
5361300 1
5376836 1
5378822 1
5383218 1
5392165 1
5410661 1
5427694 1
5433034 1
5440018 1
5441116 1
5442902 1
5451973 1
5453381 1
5457145 1
5459317 1
5461756 1
5461879 1
5464054 1
5468777 1
5469683 1
5478344 1
5479922 1
5486843 1
5492762 1
5493242 1
5495944 1
5499477 1
5503158 1
5507846 1
5509938 1
5510203 1
5513430 1
5515029 1
5519061 1
5526395 1
5543698 1
5547572 1
5549878 1
5554989 1
5555446 1
5572585 1
5576369 1
5577593 1
5578752 1
5595568 1
5601568 1
5602382 1
5605048 1
5606075 1
5608045 1
5609758 1
5613166 1
5616136 1
5620397 1
5639123 1
5640209 1
5640841 1
5641678 1
5644786 1
5647220 1
5648074 1
5652187 1
5659432 1
5659640 1
5659713 1
5662808 1
5663337 1
5668938 1
5672424 1
5676853 1
5678929 1
5686140 1
5690092 1
5693581 1
5694249 1
5700592 1
5702860 1
5707662 1
5709733 1
5709789 1
5711163 1
5719546 1
5724722 1
5730504 1
5737494 1
5740780 1
5741829 1
5742523 1
5751962 1
5763191 1
5767283 1
5769884 1
5770774 1
5776256 1
5777069 1
5794046 1
5808759 1
5811214 1
5811552 1
5813404 1
5818310 1
5823225 1
5839317 1
5843684 1
5850749 1
5855474 1
5857012 1
5859970 1
5861798 1
5864650 1
5867066 1
5872560 1
5873554 1
5874771 1
5877050 1
5878234 1
5879425 1
5879708 1
5881101 1
5881108 1
5881637 1
5882127 1
5888544 1
5890299 1
5891693 1
5904428 1
5905237 1
5912438 1
5917296 1
5917594 1
5929957 1
5933463 1
5942078 1
5949068 1
5949232 1
5951913 1
5952610 1
5964740 1
5969818 1
5974356 1
5988029 1
5989806 1
5992281 1
5993660 1
5997563 1
5997979 1
6004668 1
6006218 1
6015353 1
6017801 1
6018860 1
6018861 1
6022179 1
6023175 1
6032000 1
6033881 1
6042474 1
6043017 1
6056910 1
6066894 1
6068458 1
6070124 1
6080793 1
6101177 1
6102775 1
6103936 1
6104772 1
6106692 1
6121121 1
6122878 1
6131048 1
6131049 1
6138012 1
6138118 1
6139780 1
6140506 1
6144466 1
6144850 1
6151191 1
6154396 1
6155471 1
6157079 1
6157718 1
6157754 1
6162955 1
6163838 1
6163955 1
6171104 1
6174252 1
6178864 1
6181690 1
6185375 1
6187090 1
6190088 1
6199095 1
6200522 1
6202970 1
6204952 1
6205322 1
6208663 1
6224654 1
6225372 1
6233060 1
6233060 1
6238079 1
6238904 1
6240874 1
6254625 1
6258975 1
6265395 1
6275828 1
6278279 1
6283968 1
6287996 1
6304480 1
6313298 1
6313645 1
6313942 1
6318451 1
6328839 1
6331038 1
6335720 1
6342549 1
6348699 1
6354024 1
6357807 1
6364059 1
6364734 1
6365536 1
6370841 1
6381038 1
6381742 1
6389676 1
6391093 1
6400204 1
6401600 1
6404001 1
6404576 1
6406880 1
6408448 1
6408620 1
6413137 1
6423355 1
6424725 1
6426137 1
6428616 1
6430550 1
6441181 1
6441485 1
6442692 1
6442787 1
6445352 1
6446857 1
6447976 1
6458807 1
6466585 1
6474805 1
6474822 1
6478360 1
6481325 1
6485698 1
6487663 1
6488999 1
6490743 1
6495816 1
6496478 1
6501490 1
6506064 1
6518956 1
6522990 1
6525802 1
6527817 1
6545688 1
6549651 1
6552777 1
6552987 1
6553822 1
6561120 1
6566197 1
6568041 1
6583396 1
6585906 1
6586304 1
6588655 1
6589322 1
6591274 1
6600048 1
6614789 1
6614844 1
6631096 1
6632115 1
6632821 1
6647387 1
6647504 1
6647829 1
6648579 1
6649323 1
6649359 1
6650710 1
6659903 1
6666562 1
6667212 1
6669680 1
6672284 1
6673033 1
6674105 1
6674744 1
6677010 1
6680973 1
6689518 1
6692289 1
6696716 1
6700448 1
6703831 1
6705470 1
6710993 1
6713180 1
6713289 1
6722034 1
6723246 1
6724690 1
6730552 1
6731194 1
6731294 1
6734086 1
6736244 1
6743903 1
6749764 1
6750358 1
6753182 1
6756576 1
6756682 1
6759957 1
6760692 1
6764360 1
6767863 1
6770839 1
6771044 1
6775233 1
6781933 1
6784228 1
6784723 1
6806636 1
6807482 1
6808208 1
6821545 1
6824716 1
6826468 1
6829801 1
6832779 1
6833930 1
6833944 1
6836671 1
6840426 1
6844512 1
6846752 1
6847390 1
6850573 1
6851323 1
6852810 1
6854493 1
6855724 1
6856288 1
6856398 1
6862363 1
6865848 1
6870416 1
6871429 1
6871952 1
6874860 1
6877179 1
6879415 1
6892116 1
6892119 1
6896300 1
6897826 1
6906912 1
6907534 1
6911001 1
6912845 1
6917517 1
6917994 1
6922284 1
6936190 1
6936504 1
6938777 1
6940300 1
6943952 1
6946454 1
6947516 1
6948391 1
6953689 1
6954800 1
6955545 1
6961068 1
6966043 1
6967570 1
6973623 1
6983761 1
6993231 1
6997917 1
6999607 1
7012388 1
7012495 1
7017916 1
7023142 1
7023681 1
7029127 1
7031488 1
7039596 1
7041698 1
7047619 1
7054770 1
7063300 1
7063423 1
7065388 1
7066469 1
7073671 1
7077433 1
7079263 1
7080364 1
7095742 1
7100203 1
7103474 1
7105953 1
7106459 1
7111632 1
7113250 1
7114320 1
7130720 1
7133191 1
7133907 1
7136792 1
7138647 1
7144528 1
7144897 1
7154858 1
7157942 1
7163356 1
7164315 1
7166101 1
7168672 1
7174208 1
7175919 1
7180353 1
7192878 1
7200081 1
7206194 1
7221833 1
7224840 1
7225149 1
7230604 1
7233424 1
7234482 1
7236997 1
7239857 1
7241286 1
7244876 1
7252264 1
7259223 1
7275269 1
7281260 1
7283667 1
7284339 1
7290446 1
7291191 1
7291860 1
7295244 1
7298505 1
7306260 1
7314832 1
7314836 1
7315123 1
7316431 1
7317212 1
7317355 1
7319829 1
7322825 1
7328259 1
7329873 1
7346156 1
7346700 1
7351517 1
7352658 1
7356151 1
7357187 1
7362638 1
7364660 1
7364774 1
7365662 1
7370201 1
7370737 1
7372968 1
7375013 1
7378318 1
7378364 1
7378486 1
7379481 1
7381000 1
7382294 1
7382695 1
7383713 1
7387447 1
7390627 1
7392005 1
7392942 1
7393066 1
7402262 1
7403510 1
7404905 1
7405291 1
7409191 1
7414611 1
7414611 1
7417373 1
7432993 1
7446447 1
7450170 1
7458464 1
7458541 1
7464900 1
7469777 1
7471654 1
7475413 1
7481374 1
7482659 1
7487434 1
7492798 1
7492956 1
7498353 1
7499020 1
7499433 1
7500201 1
7502614 1
7504257 1
7508756 1
7509104 1
7514338 1
7515590 1
7518433 1
7525350 1
7532139 1
7533120 1
7536944 1
7540130 1
7543988 1
7545534 1
7546951 1
7549324 1
7551991 1
7557122 1
7560893 1
7562525 1
7564137 1
7567747 1
7571179 1
7574970 1
7575638 1
7590781 1
7597335 1
7600881 1
7601956 1
7605909 1
7614519 1
7618791 1
7621473 1
7637136 1
7637204 1
7639808 1
7639897 1
7640602 1
7646856 1
7647100 1
7657237 1
7659248 1
7659853 1
7660103 1
7668335 1
7677947 1
7678554 1
7690867 1
7698693 1
7707818 1
7711781 1
7718130 1
7735326 1
7735338 1
7750566 1
7753864 1
7758101 1
7760859 1
7773431 1
7782569 1
7783080 1
7785478 1
7790228 1
7797828 1
7801427 1
7805370 1
7805848 1
7811037 1
7821224 1
7827572 1
7849684 1
7850507 1
7852763 1
7854812 1
7856434 1
7857753 1
7859564 1
7863793 1
7870421 1
7880895 1
7896729 1
7899143 1
7907512 1
7921275 1
7924173 1
7928467 1
7930871 1
7936208 1
7954349 1
7955244 1
7959500 1
7964296 1
7965136 1
7968930 1
7971156 1
7971176 1
7971547 1
7980644 1
7982902 1
7986275 1
7997307 1
7999832 1
7999933 1
8004412 1
8010350 1
8011613 1
8013343 1
8014642 1
8017426 1
8023571 1
8025636 1
8028497 1
8032549 1
8035052 1
8035756 1
8039048 1
8048650 1
8052759 1
8054690 1
8058561 1
8061878 1
8064265 1
8066898 1
8068722 1
8075343 1
8077779 1
8077917 1
8080294 1
8081436 1
8081533 1
8082839 1
8085053 1
8087080 1
8087359 1
8090303 1
8099976 1
8100676 1
8104723 1
8107303 1
8109732 1
8109886 1
8111426 1
8114198 1
8114521 1
8119082 1
8120899 1
8122995 1
8124266 1
8124991 1
8133900 1
8138834 1
8142228 1
8143683 1
8143916 1
8144275 1
8144521 1
8144651 1
8151803 1
8152816 1
8156521 1
8157250 1
8158518 1
8161018 1
8163252 1
8165658 1
8165745 1
8174678 1
8185574 1
8186340 1
8193300 1
8194489 1
8194536 1
8196178 1
8211841 1
8218379 1
8218973 1
8219729 1
8219918 1
8220529 1
8222912 1
8224021 1
8242990 1
8246836 1
8250185 1
8251790 1
8253570 1
8261187 1
8266736 1
8285679 1
8287632 1
8296252 1
8296875 1
616 1
14627 1
29804 1
44875 1
46110 1
55328 1
58305 1
60290 1
65128 1
79958 1
82260 1
83990 1
91830 1
93933 1
96026 1
100254 1
104448 1
105102 1
106632 1
107091 1
111879 1
113398 1
114709 1
117338 1
120933 1
127868 1
127875 1
128788 1
130368 1
130829 1
131605 1
138276 1
140361 1
141257 1
143618 1
143637 1
144671 1
147767 1
150856 1
150871 1
153303 1
155547 1
157299 1
158272 1
159526 1
160622 1
161620 1
164350 1
164377 1
164886 1
165157 1
165242 1
168138 1
169421 1
174171 1
187092 1
188010 1
199943 1
201059 1
203891 1
205050 1
207781 1
209658 1
213301 1
217135 1
221959 1
228446 1
229672 1
232036 1
246571 1
249290 1
252563 1
252898 1
254045 1
254127 1
260299 1
281773 1
282502 1
289383 1
295242 1
305067 1
309315 1
309393 1
311169 1
312014 1
313811 1
317390 1
320997 1
322066 1
322898 1
345867 1
352130 1
359203 1
377678 1
382827 1
386035 1
386401 1
411545 1
419974 1
423108 1
427667 1
428163 1
428710 1
429586 1
430152 1
430267 1
442013 1
447284 1
447394 1
452294 1
452469 1
456101 1
464675 1
465160 1
466104 1
471294 1
478190 1
478578 1
479920 1
487160 1
492024 1
499093 1
500099 1
506985 1
507270 1
511696 1
512408 1
512522 1
530026 1
546468 1
548911 1
550520 1
550609 1
550661 1
552635 1
555138 1
566478 1
567697 1
567766 1
574515 1
576264 1
580871 1
581754 1
586698 1
597563 1
610242 1
617290 1
624613 1
627858 1
633258 1
644658 1
652650 1
660010 1
667183 1
671361 1
673865 1
677780 1
679502 1
688553 1
703274 1
710462 1
711080 1
713714 1
713714 1
731080 1
731184 1
731253 1
733413 1
741796 1
745506 1
756774 1
759534 1
760392 1
768642 1
776066 1
780012 1
786233 1
789089 1
795363 1
800613 1
805669 1
814963 1
815061 1
829016 1
830759 1
832476 1
843040 1
854960 1
857367 1
867417 1
870286 1
880076 1
883731 1
890432 1
890813 1
891119 1
913446 1
914147 1
915458 1
917254 1
917637 1
918639 1
922235 1
922387 1
924748 1
932284 1
932953 1
935715 1
937169 1
961685 1
965840 1
969691 1
970463 1
976550 1
977395 1
979917 1
980796 1
984788 1
998560 1
1001875 1
1005227 1
1005360 1
1005362 1
1006981 1
1015519 1
1016126 1
1018781 1
1019093 1
1032848 1
1040217 1
1048102 1
1049747 1
1053064 1
1057251 1
1063002 1
1066308 1
1067850 1
1067877 1
1070791 1
1071087 1
1071821 1
1073481 1
1082988 1
1083311 1
1083515 1
1090368 1
1091725 1
1093983 1
1099113 1
1103811 1
1110387 1
1115808 1
1117334 1
1119515 1
1122528 1
1125584 1
1126506 1
1126883 1
1127621 1
1129268 1
1132750 1
1145773 1
1157693 1
1162094 1
1163515 1
1164427 1
1169717 1
1170330 1
1173109 1
1173256 1
1177748 1
1178347 1
1182615 1
1187429 1
1189027 1
1194026 1
1201219 1
1202025 1
1210046 1
1212300 1
1212984 1
1222150 1
1225398 1
1230667 1
1233109 1
1237082 1
1252980 1
1261360 1
1269788 1
1272818 1
1278233 1
1279710 1
1288190 1
1296338 1
1298414 1
1312841 1
1319782 1
1320001 1
1324982 1
1328276 1
1328444 1
1343766 1
1346298 1
1352833 1
1357902 1
1359783 1
1362123 1
1366747 1
1383469 1
1387346 1
1387495 1
1388106 1
1390864 1
1391528 1
1392850 1
1397373 1
1406340 1
1414131 1
1422583 1
1428871 1
1429308 1
1434391 1
1440394 1
1444403 1
1453420 1
1457960 1
1461397 1
1462791 1
1466799 1
1468488 1
1477884 1
1477974 1
1486306 1
1488154 1
1491457 1
1492402 1
1492413 1
1493521 1
1494164 1
1497045 1
1497464 1
1503084 1
1505514 1
1512427 1
1514029 1
1514888 1
1516101 1
1517694 1
1520199 1
1524155 1
1526777 1
1531219 1
1532579 1
1532801 1
1533247 1
1533529 1
1534888 1
1541638 1
1541979 1
1543277 1
1546163 1
1546400 1
1548005 1
1553127 1
1554790 1
1562702 1
1571395 1
1576635 1
1586789 1
1586854 1
1587177 1
1592480 1
1596916 1
1609816 1
1614270 1
1617223 1
1617555 1
1620413 1
1623828 1
1627124 1
1627359 1
1629725 1
1633805 1
1641407 1
1647402 1
1650613 1
1666872 1
1667645 1
1668122 1
1670027 1
1678497 1
1680720 1
1680983 1
1686441 1
1688910 1
1700989 1
1706702 1
1706983 1
1722621 1
1727524 1
1727622 1
1730100 1
1731051 1
1736997 1
1742570 1
1744595 1
1746862 1
1749576 1
1756839 1
1761568 1
1765681 1
1767669 1
1771350 1
1774175 1
1775081 1
1801686 1
1803311 1
1814163 1
1819637 1
1820798 1
1824859 1
1827144 1
1831584 1
1840828 1
1841183 1
1847922 1
1850721 1
1852261 1
1854777 1
1856882 1
1858078 1
1859809 1
1860665 1
1861865 1
1862006 1
1862012 1
1871688 1
1875568 1
1880432 1
1881441 1
1885076 1
1885824 1
1886054 1
1898834 1
1899418 1
1900184 1
1913425 1
1914471 1
1916133 1
1916405 1
1923003 1
1931905 1
1934515 1
1940685 1
1947701 1
1952120 1
1963354 1
1971414 1
1974509 1
1978362 1
1979902 1
1987031 1
1992296 1
1993189 1
1998183 1
2000142 1
2005717 1
2008225 1
2010647 1
2014723 1
2016868 1
2027448 1
2033247 1
2039431 1
2049201 1
2050215 1
2056235 1
2062573 1
2065141 1
2065952 1
2069878 1
2072965 1
2074791 1
2080763 1
2084208 1
2084889 1
2089595 1
2093114 1
2098620 1
2102886 1
2104568 1
2110990 1
2113723 1
2115968 1
2116667 1
2116678 1
2121039 1
2123865 1
2131646 1
2134852 1
2136061 1
2137561 1
2138113 1
2138164 1
2138936 1
2139563 1
2140391 1
2143454 1
2144925 1
2151236 1
2153994 1
2160111 1
2163945 1
2168574 1
2170784 1
2172168 1
2172347 1
2172537 1
2187279 1
2192502 1
2197079 1
2197658 1
2198082 1
2204575 1
2214671 1
2218812 1
2219939 1
2229536 1
2230848 1
2231176 1
2234570 1
2237166 1
2240985 1
2253590 1
2265488 1
2271436 1
2271842 1
2272653 1
2273345 1
2274417 1
2276139 1
2278534 1
2282548 1
2288405 1
2290614 1
2291063 1
2292079 1
2294552 1
2295097 1
2296309 1
2297720 1
2303051 1
2312555 1
2323081 1
2324466 1
2324872 1
2328869 1
2333344 1
2333846 1
2335373 1
2341239 1
2345632 1
2345845 1
2350449 1
2353617 1
2358130 1
2358605 1
2367059 1
2377042 1
2377046 1
2378464 1
2382987 1
2389912 1
2401580 1
2405747 1
2407342 1
2409194 1
2409457 1
2414301 1
2417188 1
2421940 1
2424774 1
2426074 1
2427715 1
2430787 1
2435706 1
2439523 1
2441087 1
2443185 1
2443383 1
2444516 1
2445614 1
2456940 1
2471682 1
2480955 1
2487421 1
2487627 1
2490516 1
2490668 1
2495955 1
2504665 1
2507291 1
2517153 1
2519307 1
2519560 1
2520153 1
2520603 1
2520891 1
2521740 1
2527260 1
2529345 1
2531221 1
2554879 1
2554879 1
2567353 1
2568385 1
2578546 1
2580321 1
2582435 1
2585579 1
2585631 1
2592227 1
2598253 1
2604433 1
2613321 1
2615162 1
2615528 1
2616582 1
2617498 1
2618337 1
2621192 1
2623831 1
2625230 1
2627184 1
2628100 1
2629462 1
2632332 1
2632525 1
2643045 1
2647081 1
2647290 1
2648951 1
2657088 1
2658458 1
2658523 1
2662467 1
2665426 1
2667972 1
2680288 1
2682416 1
2684873 1
2686292 1
2686333 1
2689801 1
2690601 1
2691214 1
2696212 1
2697752 1
2707849 1
2707849 1
2709467 1
2713279 1
2718273 1
2718401 1
2726412 1
2732862 1
2735509 1
2752259 1
2757128 1
2763395 1
2764342 1
2770561 1
2770561 1
2781151 1
2789368 1
2795476 1
2800263 1
2802810 1
2803113 1
2813430 1
2814801 1
2815348 1
2815407 1
2819255 1
2820107 1
2826181 1
2828769 1
2829767 1
2832792 1
2832937 1
2834463 1
2835266 1
2840824 1
2849333 1
2852460 1
2854825 1
2854902 1
2859054 1
2859129 1
2861415 1
2863105 1
2865852 1
2870180 1
2870724 1
2878704 1
2879255 1
2879269 1
2879911 1
2881466 1
2882628 1
2882831 1
2890491 1
2891870 1
2902381 1
2903627 1
2907848 1
2910204 1
2911969 1
2912376 1
2913029 1
2913112 1
2913254 1
2916665 1
2918592 1
2919886 1
2923668 1
2928568 1
2929949 1
2945608 1
2948830 1
2950673 1
2955834 1
2963731 1
2969499 1
2971651 1
2972870 1
2983349 1
2987982 1
2988286 1
2990911 1
2992002 1
2993589 1
2994483 1
2996765 1
2999286 1
2999690 1
3001859 1
3003105 1
3006488 1
3007782 1
3019455 1
3022857 1
3023159 1
3027565 1
3035082 1
3038324 1
3045171 1
3047646 1
3049067 1
3049546 1
3050478 1
3062869 1
3070688 1
3074443 1
3079886 1
3088415 1
3092489 1
3104095 1
3110193 1
3117549 1
3121514 1
3121777 1
3122053 1
3137068 1
3141998 1
3144430 1
3147790 1
3150827 1
3155541 1
3156285 1
3157798 1
3158054 1
3159112 1
3163336 1
3167016 1
3169877 1
3172610 1
3174601 1
3175844 1
3176089 1
3180116 1
3180322 1
3187254 1
3187407 1
3191544 1
3196517 1
3196710 1
3196711 1
3198024 1
3199912 1
3199947 1
3201770 1
3207731 1
3213403 1
3215478 1
3217147 1
3218952 1
3219551 1
3225585 1
3226361 1
3231843 1
3234261 1
3234303 1
3237925 1
3243939 1
3244372 1
3249261 1
3253414 1
3254944 1
3256827 1
3258413 1
3270669 1
3273892 1
3275512 1
3278023 1
3281950 1
3282210 1
3283500 1
3287313 1
3300595 1
3303499 1
3306216 1
3311650 1
3313012 1
3317033 1
3318604 1
3321443 1
3331692 1
3333416 1
3338687 1
3348503 1
3359368 1
3370801 1
3372399 1
3380660 1
3385601 1
3389584 1
3390529 1
3392374 1
3405548 1
3410832 1
3417447 1
3418912 1
3425432 1
3426985 1
3426985 1
3428084 1
3429153 1
3430048 1
3430817 1
3431861 1
3433665 1
3433776 1
3437001 1
3438421 1
3445548 1
3455881 1
3455964 1
3458962 1
3464218 1
3465864 1
3468867 1
3474081 1
3479434 1
3481777 1
3486239 1
3493705 1
3494921 1
3497598 1
3498384 1
3499842 1
3503928 1
3505345 1
3509223 1
3509587 1
3511847 1
3513390 1
3513960 1
3515704 1
3521678 1
3522690 1
3524520 1
3528933 1
3535780 1
3536960 1
3537546 1
3549370 1
3549960 1
3553695 1
3558580 1
3562517 1
3562518 1
3566603 1
3567921 1
3569641 1
3575970 1
3581717 1
3582327 1
3583634 1
3584205 1
3585749 1
3590064 1
3596537 1
3596538 1
3600959 1
3601642 1
3606309 1
3607832 1
3609658 1
3617589 1
3619052 1
3619157 1
3619898 1
3626622 1
3630193 1
3638615 1
3640871 1
3645640 1
3650727 1
3652406 1
3663859 1
3665177 1
3673692 1
3690791 1
3710451 1
3712165 1
3724861 1
3727317 1
3734251 1
3740571 1
3740737 1
3744176 1
3744687 1
3749300 1
3751738 1
3756948 1
3762243 1
3771589 1
3778511 1
3784384 1
3790789 1
3792169 1
3804006 1
3813207 1
3815229 1
3816940 1
3818416 1
3838957 1
3839122 1
3844212 1
3857349 1
3860350 1
3861007 1
3862762 1
3871542 1
3874214 1
3879890 1
3886671 1
3892911 1
3898230 1
3906074 1
3910464 1
3912765 1
3917114 1
3918216 1
3920946 1
3942993 1
3944675 1
3946384 1
3953676 1
3955108 1
3976563 1
3976565 1
3977369 1
3985740 1
3992164 1
3992381 1
3992690 1
4006642 1
4006840 1
4022034 1
4023140 1
4023612 1
4023843 1
4028705 1
4032978 1
4033315 1
4039715 1
4045598 1
4051526 1
4055993 1
4057369 1
4068038 1
4071077 1
4074518 1
4078547 1
4079549 1
4081372 1
4087461 1
4088793 1
4094758 1
4097563 1
4099131 1
4105825 1
4127528 1
4134249 1
4136425 1
4138132 1
4139789 1
4150791 1
4153998 1
4159624 1
4164059 1
4172694 1
4175429 1
4175591 1
4179409 1
4185844 1
4199060 1
4209950 1
4213328 1
4220786 1
4229844 1
4231522 1
4232908 1
4234409 1
4256615 1
4256878 1
4258551 1
4263172 1
4268245 1
4270561 1
4270593 1
4270788 1
4271488 1
4273590 1
4280273 1
4290037 1
4299565 1
4311252 1
4312874 1
4315698 1
4315822 1
4316020 1
4316113 1
4318238 1
4321601 1
4323267 1
4336246 1
4336586 1
4344990 1
4345348 1
4345421 1
4345652 1
4348232 1
4348521 1
4351307 1
4376653 1
4378265 1
4378515 1
4383343 1
4387823 1
4397374 1
4405103 1
4420576 1
4428280 1
4431097 1
4432749 1
4437203 1
4437481 1
4441880 1
4443757 1
4445647 1
4451092 1
4453370 1
4453885 1
4460094 1
4466169 1
4474887 1
4482044 1
4486800 1
4495962 1
4498953 1
4500938 1
4509961 1
4536192 1
4543792 1
4544064 1
4556276 1
4567599 1
4571161 1
4578321 1
4582921 1
4588749 1
4601684 1
4605377 1
4608915 1
4614164 1
4616059 1
4616460 1
4618859 1
4622038 1
4629891 1
4631757 1
4634579 1
4642674 1
4646425 1
4652033 1
4652541 1
4654388 1
4654785 1
4665990 1
4669496 1
4674347 1
4700824 1
4704269 1
4704269 1
4707923 1
4709044 1
4709566 1
4710710 1
4715276 1
4715447 1
4717232 1
4717269 1
4717561 1
4723978 1
4731848 1
4732563 1
4735150 1
4736069 1
4739332 1
4751080 1
4752369 1
4752752 1
4754965 1
4755385 1
4757044 1
4757802 1
4763116 1
4763244 1
4771148 1
4775644 1
4783519 1
4790905 1
4802481 1
4803599 1
4811252 1
4815382 1
4818724 1
4820075 1
4826872 1
4828203 1
4846607 1
4846670 1
4847713 1
4848855 1
4861042 1
4867557 1
4868111 1
4872030 1
4884494 1
4897667 1
4899832 1
4905321 1
4906301 1
4911066 1
4911665 1
4916609 1
4918315 1
4927238 1
4936733 1
4941885 1
4945480 1
4951465 1
4963191 1
4972213 1
4978852 1
4979263 1
4988887 1
4989266 1
4989499 1
4990306 1
4994733 1
4997557 1
4998313 1
4999910 1
5000679 1
5000943 1
5011088 1
5012123 1
5016698 1
5018774 1
5024198 1
5033462 1
5034383 1
5040111 1
5043693 1
5048716 1
5049521 1
5052185 1
5054691 1
5055704 1
5082345 1
5109628 1
5110451 1
5135512 1
5136285 1
5137019 1
5137162 1
5156913 1
5172469 1
5173167 1
5178394 1
5179792 1
5189225 1
5191999 1
5196395 1
5196395 1
5203955 1
5209882 1
5212798 1
5226671 1
5228937 1
5255642 1
5258788 1
5261412 1
5263573 1
5266047 1
5270219 1
5270984 1
5272918 1
5273006 1
5273471 1
5274877 1
5276507 1
5277506 1
5287556 1
5290947 1
5300685 1
5331564 1
5334380 1
5340328 1
5340624 1
5342877 1
5346587 1
5349519 1
5350097 1
5367947 1
5368200 1
5374329 1
5387105 1
5392050 1
5417888 1
5418907 1
5422298 1
5425402 1
5431222 1
5432355 1
5432359 1
5434447 1
5439917 1
5440462 1
5440575 1
5443328 1
5444095 1
5471056 1
5476625 1
5478706 1
5484239 1
5489792 1
5493322 1
5506206 1
5509800 1
5524459 1
5525097 1
5528760 1
5529190 1
5540800 1
5543895 1
5546660 1
5548306 1
5549885 1
5553249 1
5553332 1
5553359 1
5556531 1
5566983 1
5569252 1
5571061 1
5571702 1
5575376 1
5578628 1
5595677 1
5602435 1
5604788 1
5605527 1
5606159 1
5612094 1
5612937 1
5614805 1
5617135 1
5619520 1
5628749 1
5634857 1
5637402 1
5641009 1
5642387 1
5657474 1
5657704 1
5660684 1
5667027 1
5678478 1
5682784 1
5683077 1
5695739 1
5695739 1
5714079 1
5720035 1
5721170 1
5731540 1
5731943 1
5734853 1
5738555 1
5743017 1
5745880 1
5749890 1
5753370 1
5759217 1
5773710 1
5774827 1
5793899 1
5798170 1
5800237 1
5802424 1
5802679 1
5802679 1
5808965 1
5812314 1
5847962 1
5853308 1
5861454 1
5862756 1
5864331 1
5865441 1
5877777 1
5879094 1
5879678 1
5886230 1
5888392 1
5891158 1
5891918 1
5895482 1
5896150 1
5904588 1
5904852 1
5913446 1
5916557 1
5916980 1
5920779 1
5928099 1
5929608 1
5937880 1
5943602 1
5948614 1
5948921 1
5950062 1
5950262 1
5961912 1
5968503 1
5971910 1
5972714 1
5973687 1
5975751 1
5983289 1
5989797 1
5994705 1
5994801 1
5996220 1
5997911 1
5998164 1
6012004 1
6012421 1
6012884 1
6018709 1
6024946 1
6030565 1
6030908 1
6041907 1
6042130 1
6044995 1
6045250 1
6047938 1
6048252 1
6050886 1
6051509 1
6057946 1
6065943 1
6066437 1
6071079 1
6073477 1
6074435 1
6085299 1
6086012 1
6097616 1
6098428 1
6100780 1
6107548 1
6122808 1
6125252 1
6144865 1
6146685 1
6148204 1
6149842 1
6153218 1
6153244 1
6153557 1
6154605 1
6158299 1
6158383 1
6163790 1
6166782 1
6178219 1
6179730 1
6180029 1
6180284 1
6185221 1
6197862 1
6225497 1
6231399 1
6240974 1
6249136 1
6249668 1
6251776 1
6253001 1
6255495 1
6261226 1
6262852 1
6290570 1
6290887 1
6304864 1
6310076 1
6318521 1
6326405 1
6334220 1
6334458 1
6338686 1
6344179 1
6346987 1
6352094 1
6357738 1
6357738 1
6363143 1
6363335 1
6367240 1
6372100 1
6375914 1
6382038 1
6384107 1
6393554 1
6396042 1
6401054 1
6403814 1
6404415 1
6404540 1
6404698 1
6405839 1
6407345 1
6407429 1
6411245 1
6412237 1
6413832 1
6414929 1
6417189 1
6418135 1
6419039 1
6419166 1
6422158 1
6429930 1
6435383 1
6437439 1
6439410 1
6445943 1
6452612 1
6455771 1
6459247 1
6466067 1
6468940 1
6487871 1
6496297 1
6502861 1
6505798 1
6508544 1
6513230 1
6518265 1
6519511 1
6522618 1
6525042 1
6557823 1
6558119 1
6560750 1
6562579 1
6563908 1
6575779 1
6580755 1
6591472 1
6595950 1
6595951 1
6597728 1
6606478 1
6607343 1
6609580 1
6620935 1
6621001 1
6630509 1
6634135 1
6640901 1
6642719 1
6647090 1
6647669 1
6648049 1
6656432 1
6659956 1
6660887 1
6661292 1
6663911 1
6664078 1
6665062 1
6665445 1
6667178 1
6667929 1
6671537 1
6672113 1
6675895 1
6679021 1
6696439 1
6696644 1
6701225 1
6703764 1
6705450 1
6706474 1
6712928 1
6713199 1
6718339 1
6724811 1
6734153 1
6735225 1
6741395 1
6751432 1
6753829 1
6758184 1
6763401 1
6766403 1
6770364 1
6775685 1
6776326 1
6779701 1
6783963 1
6787338 1
6787629 1
6793978 1
6794295 1
6798153 1
6810057 1
6813866 1
6815763 1
6818930 1
6819776 1
6822797 1
6829752 1
6831058 1
6840730 1
6844250 1
6849131 1
6853707 1
6854842 1
6854868 1
6861510 1
6862653 1
6870943 1
6871386 1
6872865 1
6874577 1
6875513 1
6878585 1
6882779 1
6884087 1
6885503 1
6890125 1
6897892 1
6899186 1
6915985 1
6919410 1
6921573 1
6927415 1
6931108 1
6934435 1
6939942 1
6941268 1
6944495 1
6945733 1
6955775 1
6956020 1
6963491 1
6964452 1
6965198 1
6971859 1
6973117 1
6980161 1
6984463 1
6987409 1
6994130 1
6997139 1
7001559 1
7008122 1
7011339 1
7013205 1
7020377 1
7021605 1
7022860 1
7032245 1
7062451 1
7068266 1
7070374 1
7070380 1
7077591 1
7078172 1
7083943 1
7090044 1
7102279 1
7107435 1
7110977 1
7112592 1
7115764 1
7118896 1
7123428 1
7130951 1
7131175 1
7134204 1
7135675 1
7137473 1
7139854 1
7153788 1
7154993 1
7163389 1
7164504 1
7191813 1
7199219 1
7199562 1
7227907 1
7232599 1
7235570 1
7235794 1
7239324 1
7242576 1
7245804 1
7247188 1
7253483 1
7257818 1
7261088 1
7262546 1
7264656 1
7266115 1
7266422 1
7267795 1
7271062 1
7277415 1
7280013 1
7285970 1
7285970 1
7287241 1
7288231 1
7288864 1
7292872 1
7301975 1
7309063 1
7309065 1
7309461 1
7313145 1
7313167 1
7318770 1
7319768 1
7322507 1
7324223 1
7326044 1
7329685 1
7330474 1
7330474 1
7332586 1
7332625 1
7332911 1
7335439 1
7338354 1
7342080 1
7345363 1
7346441 1
7347609 1
7349871 1
7356117 1
7361316 1
7364141 1
7364770 1
7365492 1
7369045 1
7373010 1
7376013 1
7382576 1
7383630 1
7388944 1
7389066 1
7389286 1
7390573 1
7391940 1
7398448 1
7407718 1
7419245 1
7428352 1
7428420 1
7431914 1
7433212 1
7435842 1
7438113 1
7446874 1
7451316 1
7453473 1
7453932 1
7456030 1
7457084 1
7457863 1
7458858 1
7460978 1
7463124 1
7464315 1
7466424 1
7470448 1
7473048 1
7475905 1
7479723 1
7482976 1
7489798 1
7493671 1
7497780 1
7498624 1
7510657 1
7510965 1
7511367 1
7511877 1
7513163 1
7513427 1
7523373 1
7524716 1
7538769 1
7545140 1
7553536 1
7555113 1
7556283 1
7563145 1
7564413 1
7589019 1
7592886 1
7594838 1
7598959 1
7604177 1
7606077 1
7608786 1
7608812 1
7609033 1
7609070 1
7618954 1
7621543 1
7628480 1
7636313 1
7636695 1
7641610 1
7647525 1
7647887 1
7654031 1
7654738 1
7659287 1
7661850 1
7665076 1
7666350 1
7667573 1
7670787 1
7686126 1
7687254 1
7687741 1
7694449 1
7695577 1
7696795 1
7702607 1
7705094 1
7707536 1
7708258 1
7709056 1
7711684 1
7711724 1
7712096 1
7716391 1
7718656 1
7721853 1
7724553 1
7727935 1
7732862 1
7733394 1
7736573 1
7743543 1
7760721 1
7772639 1
7775157 1
7776363 1
7776640 1
7792360 1
7804134 1
7825669 1
7831665 1
7831678 1
7832187 1
7833846 1
7835302 1
7837831 1
7847306 1
7848056 1
7855788 1
7859865 1
7869313 1
7875651 1
7875983 1
7886959 1
7889794 1
7890368 1
7893477 1
7901849 1
7902196 1
7907160 1
7908500 1
7909890 1
7913615 1
7914723 1
7915515 1
7929970 1
7942398 1
7942488 1
7945364 1
7946206 1
7947263 1
7957367 1
7957719 1
7959032 1
7964662 1
7967531 1
7970287 1
7994829 1
7996490 1
7999467 1
8000226 1
8000584 1
8003380 1
8003914 1
8006305 1
8006365 1
8008284 1
8011442 1
8017586 1
8023250 1
8024255 1
8024853 1
8026620 1
8030352 1
8032983 1
8037606 1
8038122 1
8039636 1
8040604 1
8043875 1
8044154 1
8048123 1
8051612 1
8051965 1
8052835 1
8054582 1
8058443 1
8058574 1
8062406 1
8063255 1
8064571 1
8064978 1
8067293 1
8071923 1
8075461 1
8080190 1
8080284 1
8082539 1
8082857 1
8095574 1
8096132 1
8109176 1
8111745 1
8114740 1
8114953 1
8120281 1
8125047 1
8126710 1
8127207 1
8127223 1
8129891 1
8131960 1
8134065 1
8137674 1
8138050 1
8138702 1
8139042 1
8141337 1
8142805 1
8153363 1
8154944 1
8154974 1
8156139 1
8156383 1
8159542 1
8161664 1
8164495 1
8180446 1
8193485 1
8208294 1
8210303 1
8216942 1
8217550 1
8218915 1
8219894 1
8221371 1
8227240 1
8251282 1
8267482 1
8286829 1
8287999 1
8296377 1
8299438 1
8302045 1
8363 1
17397 1
33603 1
35588 1
42816 1
43600 1
48770 1
50490 1
59421 1
59797 1
61325 1
67246 1
69864 1
70125 1
81868 1
82185 1
83102 1
98309 1
99247 1
100112 1
101678 1
104506 1
105421 1
106542 1
114858 1
117949 1
124290 1
126120 1
126249 1
127734 1
128094 1
130900 1
132288 1
132369 1
134396 1
135476 1
147219 1
149560 1
150476 1
156763 1
160119 1
160208 1
169730 1
175013 1
177539 1
177839 1
178562 1
178607 1
181453 1
182030 1
189476 1
190364 1
191230 1
193291 1
200835 1
203150 1
208347 1
211470 1
212346 1
214389 1
216521 1
217351 1
217575 1
217983 1
221907 1
222762 1
227014 1
227067 1
228172 1
229529 1
230364 1
230616 1
232363 1
238100 1
238107 1
239010 1
239839 1
239986 1
243498 1
246734 1
251934 1
254510 1
261969 1
264289 1
267640 1
267997 1
272695 1
273266 1
281855 1
285402 1
285753 1
288535 1
288720 1
290852 1
291817 1
292046 1
297922 1
308396 1
334125 1
338913 1
341431 1
351620 1
352747 1
370234 1
410658 1
417356 1
418969 1
419695 1
420467 1
439088 1
440901 1
441019 1
442211 1
442644 1
443079 1
445150 1
446685 1
452227 1
454238 1
454571 1
462060 1
470643 1
473127 1
476424 1
476781 1
477173 1
484811 1
494786 1
505302 1
505365 1
517967 1
525831 1
530426 1
533692 1
549417 1
555359 1
556225 1
572036 1
573204 1
576218 1
578714 1
578960 1
579588 1
581976 1
615097 1
615200 1
625325 1
630395 1
642065 1
642593 1
643105 1
645379 1
652356 1
655864 1
656301 1
658748 1
659904 1
661773 1
663685 1
665714 1
670942 1
677402 1
677458 1
683213 1
686766 1
687487 1
688629 1
701172 1
702331 1
703152 1
720024 1
723323 1
729178 1
733077 1
740537 1
742519 1
750333 1
755690 1
757637 1
759009 1
761715 1
765337 1
766051 1
768290 1
768438 1
772398 1
777048 1
779742 1
780980 1
786495 1
793090 1
793377 1
799091 1
809919 1
812899 1
813181 1
813574 1
815477 1
818720 1
849147 1
864739 1
873176 1
879391 1
882822 1
885141 1
886499 1
888371 1
891489 1
891592 1
895679 1
897225 1
902594 1
906704 1
914242 1
914560 1
915185 1
920922 1
921801 1
923289 1
929054 1
934422 1
939361 1
955104 1
955719 1
960626 1
968128 1
969905 1
982482 1
984432 1
1004084 1
1006589 1
1007395 1
1011820 1
1013081 1
1013761 1
1014423 1
1018555 1
1024886 1
1026177 1
1031210 1
1031265 1
1039144 1
1039649 1
1041235 1
1043871 1
1047137 1
1049069 1
1049903 1
1050351 1
1052489 1
1055562 1
1057408 1
1057478 1
1058637 1
1061391 1
1068313 1
1071732 1
1084763 1
1085621 1
1086730 1
1093587 1
1094083 1
1099619 1
1102869 1
1103344 1
1117861 1
1118598 1
1126510 1
1130841 1
1133210 1
1135736 1
1138999 1
1150310 1
1156605 1
1161965 1
1166685 1
1167449 1
1168082 1
1170815 1
1179298 1
1183790 1
1186412 1
1190848 1
1194716 1
1216063 1
1219414 1
1232473 1
1238481 1
1245040 1
1245714 1
1245774 1
1248921 1
1255191 1
1255693 1
1256471 1
1261787 1
1265289 1
1268411 1
1269916 1
1271245 1
1276488 1
1296502 1
1303996 1
1305577 1
1310337 1
1312664 1
1317199 1
1321894 1
1321966 1
1329993 1
1330404 1
1330523 1
1335495 1
1340410 1
1354401 1
1356566 1
1357728 1
1359425 1
1361231 1
1367913 1
1375626 1
1379063 1
1391263 1
1393683 1
1397537 1
1399779 1
1416937 1
1420805 1
1421233 1
1433147 1
1433263 1
1438766 1
1438966 1
1441222 1
1456348 1
1456429 1
1466880 1
1471714 1
1475005 1
1477614 1
1483371 1
1485527 1
1486297 1
1490669 1
1494125 1
1503584 1
1513418 1
1513886 1
1514342 1
1517095 1
1521017 1
1533443 1
1533863 1
1534386 1
1544395 1
1548171 1
1556754 1
1558365 1
1559424 1
1562219 1
1562571 1
1563698 1
1567316 1
1574441 1
1574699 1
1575793 1
1577993 1
1580320 1
1583776 1
1588192 1
1593995 1
1594923 1
1602002 1
1604353 1
1606541 1
1618259 1
1619622 1
1621556 1
1628041 1
1634724 1
1641540 1
1647135 1
1653426 1
1656210 1
1657028 1
1658622 1
1659794 1
1664613 1
1664836 1
1666466 1
1667930 1
1670947 1
1671380 1
1672666 1
1673121 1
1674899 1
1680104 1
1682981 1
1686918 1
1687823 1
1691600 1
1694919 1
1695443 1
1696296 1
1704780 1
1718982 1
1721284 1
1722233 1
1723918 1
1734536 1
1744619 1
1749315 1
1751628 1
1751905 1
1770435 1
1774764 1
1776604 1
1778596 1
1787100 1
1789457 1
1792507 1
1796879 1
1807219 1
1811004 1
1814513 1
1818181 1
1819608 1
1823192 1
1825811 1
1825811 1
1826046 1
1829270 1
1835669 1
1840998 1
1842610 1
1845439 1
1849373 1
1863055 1
1863328 1
1866082 1
1869369 1
1871189 1
1872041 1
1883208 1
1883766 1
1889109 1
1891014 1
1896058 1
1896782 1
1898511 1
1903118 1
1903671 1
1905334 1
1912696 1
1922864 1
1928952 1
1929320 1
1931169 1
1935465 1
1937908 1
1937966 1
1939030 1
1945557 1
1946723 1
1948512 1
1953508 1
1953922 1
1955510 1
1964768 1
1968445 1
1973146 1
1973835 1
1979274 1
1982460 1
1986560 1
1988387 1
1991278 1
1996417 1
2012989 1
2014053 1
2030187 1
2033571 1
2044820 1
2049420 1
2056221 1
2057402 1
2062221 1
2065053 1
2074544 1
2078783 1
2079153 1
2080027 1
2080316 1
2083280 1
2087542 1
2091863 1
2093273 1
2094094 1
2094526 1
2094526 1
2099834 1
2107459 1
2107981 1
2113581 1
2118829 1
2126388 1
2126758 1
2127209 1
2129519 1
2129604 1
2130919 1
2132312 1
2137671 1
2146535 1
2146638 1
2155076 1
2155152 1
2164308 1
2173986 1
2174933 1
2177990 1
2180829 1
2183147 1
2189228 1
2189407 1
2193002 1
2193168 1
2211806 1
2213037 1
2213916 1
2214913 1
2220679 1
2232122 1
2233792 1
2237430 1
2237627 1
2241373 1
2253337 1
2256274 1
2263045 1
2265187 1
2269069 1
2273376 1
2274217 1
2279502 1
2282975 1
2290531 1
2292420 1
2293429 1
2293964 1
2294494 1
2294588 1
2294752 1
2294755 1
2296153 1
2302023 1
2306684 1
2317384 1
2320898 1
2327882 1
2333455 1
2333537 1
2334902 1
2335231 1
2335736 1
2343603 1
2343767 1
2346018 1
2360355 1
2363323 1
2367854 1
2370910 1
2371811 1
2372666 1
2372859 1
2376457 1
2377291 1
2377696 1
2383219 1
2383377 1
2384805 1
2388440 1
2399139 1
2413248 1
2416010 1
2418409 1
2419388 1
2422074 1
2424906 1
2427805 1
2428702 1
2429381 1
2436436 1
2443457 1
2443467 1
2443573 1
2451526 1
2453292 1
2461706 1
2462429 1
2462592 1
2463470 1
2465328 1
2467138 1
2467445 1
2469013 1
2477709 1
2482507 1
2491384 1
2493546 1
2502899 1
2504996 1
2505944 1
2510219 1
2511812 1
2514567 1
2517256 1
2518492 1
2527151 1
2541357 1
2545069 1
2546667 1
2546854 1
2547960 1
2548999 1
2549803 1
2553839 1
2556321 1
2563195 1
2563839 1
2569625 1
2570603 1
2576720 1
2592920 1
2608483 1
2612496 1
2617516 1
2622550 1
2626732 1
2628650 1
2630409 1
2634788 1
2637781 1
2650784 1
2655178 1
2655541 1
2655604 1
2660583 1
2663402 1
2664015 1
2665910 1
2669766 1
2671351 1
2681104 1
2688685 1
2695229 1
2700993 1
2702791 1
2728757 1
2733127 1
2736453 1
2739971 1
2742454 1
2746640 1
2768003 1
2769944 1
2777044 1
2779392 1
2780218 1
2793615 1
2795742 1
2799769 1
2806073 1
2810722 1
2817345 1
2827928 1
2829599 1
2849474 1
2860035 1
2865690 1
2868422 1
2878912 1
2879561 1
2881415 1
2881602 1
2881609 1
2885219 1
2887801 1
2889984 1
2901246 1
2902290 1
2906204 1
2912043 1
2912613 1
2912675 1
2912743 1
2912800 1
2912880 1
2912969 1
2913031 1
2913298 1
2913771 1
2914633 1
2916628 1
2928389 1
2931581 1
2932895 1
2934937 1
2938569 1
2938656 1
2942555 1
2947705 1
2964867 1
2970850 1
2972499 1
2982570 1
2983751 1
2985556 1
2990377 1
3000973 1
3001625 1
3002042 1
3002644 1
3004452 1
3007476 1
3009192 1
3019737 1
3027805 1
3034764 1
3036124 1
3038503 1
3043643 1
3045092 1
3048557 1
3049378 1
3055012 1
3062795 1
3067620 1
3070106 1
3072032 1
3076982 1
3078778 1
3085017 1
3085756 1
3093966 1
3095376 1
3097810 1
3099175 1
3102950 1
3105714 1
3115174 1
3116096 1
3124616 1
3130133 1
3133876 1
3149459 1
3159753 1
3164105 1
3168682 1
3171519 1
3172732 1
3174558 1
3175687 1
3179167 1
3180474 1
3182006 1
3184763 1
3190518 1
3191026 1
3193118 1
3194492 1
3195063 1
3196852 1
3197385 1
3200534 1
3219895 1
3221462 1
3226423 1
3227604 1
3229555 1
3233126 1
3234027 1
3234992 1
3240209 1
3244493 1
3253089 1
3271072 1
3271119 1
3272432 1
3275658 1
3278976 1
3281894 1
3282933 1
3284247 1
3285972 1
3287750 1
3290888 1
3295120 1
3297493 1
3298345 1
3300516 1
3303595 1
3305148 1
3312582 1
3315276 1
3316832 1
3321823 1
3323822 1
3330997 1
3331714 1
3333833 1
3336372 1
3339169 1
3341320 1
3341540 1
3342699 1
3345951 1
3351448 1
3361103 1
3365346 1
3370015 1
3372920 1
3373386 1
3374662 1
3381082 1
3386029 1
3392524 1
3404525 1
3407453 1
3408821 1
3422621 1
3424088 1
3427719 1
3427719 1
3428915 1
3445971 1
3450822 1
3451887 1
3458192 1
3460549 1
3470476 1
3483652 1
3485257 1
3486063 1
3494648 1
3494859 1
3495000 1
3496334 1
3496953 1
3498022 1
3498112 1
3501033 1
3504363 1
3505883 1
3513444 1
3515576 1
3517445 1
3520062 1
3520671 1
3521016 1
3526916 1
3528282 1
3534358 1
3535349 1
3536773 1
3539844 1
3540935 1
3541584 1
3548393 1
3550229 1
3550236 1
3556264 1
3558474 1
3561252 1
3562802 1
3564932 1
3567825 1
3569430 1
3575446 1
3579549 1
3588859 1
3589061 1
3589517 1
3593146 1
3600513 1
3605337 1
3607016 1
3608964 1
3609968 1
3610231 1
3611050 1
3611274 1
3616176 1
3618552 1
3620153 1
3622975 1
3623220 1
3623499 1
3623545 1
3627846 1
3640223 1
3645208 1
3645576 1
3647052 1
3647644 1
3654140 1
3654942 1
3659157 1
3661427 1
3662952 1
3668424 1
3678859 1
3679778 1
3691461 1
3692912 1
3697699 1
3733807 1
3743591 1
3747044 1
3748792 1
3751199 1
3755803 1
3758286 1
3762638 1
3773175 1
3778770 1
3778770 1
3780567 1
3783769 1
3784975 1
3788632 1
3791751 1
3799599 1
3802469 1
3803692 1
3818203 1
3818749 1
3826964 1
3830373 1
3832190 1
3833149 1
3835762 1
3838607 1
3839532 1
3860118 1
3860572 1
3861916 1
3863493 1
3867613 1
3870658 1
3876125 1
3877077 1
3881985 1
3883697 1
3892236 1
3912851 1
3913229 1
3915007 1
3925500 1
3930533 1
3934858 1
3935322 1
3940004 1
3946841 1
3947867 1
3958737 1
3961395 1
3966538 1
3972477 1
3973276 1
3973523 1
3983748 1
3984587 1
3985539 1
3996154 1
3997129 1
4000089 1
4002050 1
4007201 1
4007890 1
4007990 1
4010319 1
4012311 1
4016595 1
4024200 1
4024225 1
4029250 1
4035044 1
4035586 1
4047614 1
4054180 1
4062887 1
4065005 1
4065636 1
4073310 1
4076242 1
4082013 1
4083619 1
4088267 1
4096431 1
4099757 1
4100086 1
4100491 1
4100555 1
4105675 1
4107421 1
4109621 1
4110150 1
4115931 1
4117032 1
4117262 1
4121437 1
4137373 1
4139696 1
4156224 1
4158299 1
4161441 1
4162909 1
4172944 1
4176156 1
4182397 1
4185966 1
4186123 1
4186438 1
4186818 1
4189159 1
4216502 1
4217750 1
4218514 1
4230101 1
4230109 1
4234930 1
4245757 1
4247317 1
4254764 1
4257332 1
4261820 1
4263305 1
4270260 1
4274981 1
4282683 1
4283034 1
4288826 1
4296425 1
4298831 1
4304174 1
4316708 1
4316717 1
4331184 1
4333858 1
4340241 1
4351836 1
4365657 1
4368333 1
4376443 1
4379382 1
4379768 1
4386183 1
4393998 1
4405765 1
4413220 1
4413586 1
4415247 1
4416966 1
4422592 1
4434567 1
4445089 1
4448554 1
4458252 1
4462961 1
4463582 1
4473209 1
4473571 1
4477331 1
4479355 1
4480229 1
4481089 1
4481681 1
4481790 1
4488673 1
4502880 1
4502893 1
4503230 1
4505993 1
4509642 1
4510452 1
4512304 1
4520671 1
4521144 1
4533456 1
4543576 1
4566206 1
4571233 1
4582602 1
4583309 1
4583314 1
4585634 1
4593829 1
4594271 1
4599856 1
4603221 1
4609399 1
4612780 1
4613325 1
4614031 1
4614732 1
4616219 1
4617907 1
4618549 1
4618585 1
4623806 1
4633620 1
4634651 1
4635843 1
4637153 1
4640109 1
4650753 1
4653059 1
4657245 1
4696095 1
4698778 1
4699383 1
4704696 1
4708800 1
4723783 1
4727471 1
4737408 1
4740407 1
4748281 1
4749300 1
4752959 1
4761319 1
4761889 1
4762925 1
4769851 1
4787561 1
4791351 1
4792092 1
4796377 1
4800603 1
4815750 1
4827835 1
4856984 1
4864201 1
4867194 1
4868947 1
4869834 1
4883942 1
4885511 1
4886965 1
4891102 1
4893363 1
4894748 1
4897090 1
4899338 1
4899615 1
4905455 1
4909031 1
4909844 1
4920774 1
4920966 1
4925100 1
4926192 1
4929114 1
4939866 1
4942219 1
4960288 1
4964015 1
4965733 1
4979020 1
4989478 1
4998846 1
5002334 1
5004874 1
5008470 1
5011058 1
5011297 1
5012114 1
5013295 1
5013640 1
5026332 1
5030531 1
5032459 1
5033822 1
5036030 1
5037301 1
5044695 1
5052684 1
5053961 1
5059375 1
5076141 1
5082035 1
5099758 1
5113282 1
5122545 1
5123695 1
5130538 1
5138559 1
5138689 1
5138689 1
5144443 1
5149268 1
5154848 1
5159386 1
5159391 1
5166144 1
5171536 1
5177341 1
5185698 1
5189205 1
5190176 1
5191830 1
5192817 1
5205081 1
5208165 1
5209982 1
5229946 1
5230190 1
5236364 1
5239985 1
5240163 1
5271685 1
5273585 1
5281057 1
5281631 1
5283541 1
5293433 1
5293673 1
5305605 1
5306699 1
5324807 1
5325431 1
5374554 1
5378070 1
5381757 1
5383045 1
5384455 1
5386985 1
5405111 1
5432496 1
5433326 1
5436344 1
5437164 1
5442204 1
5453900 1
5456110 1
5456119 1
5464299 1
5464343 1
5470911 1
5472752 1
5485140 1
5486709 1
5489611 1
5489765 1
5509532 1
5517634 1
5519394 1
5521274 1
5521705 1
5524370 1
5539929 1
5541970 1
5545840 1
5547662 1
5547667 1
5547985 1
5549004 1
5564448 1
5577646 1
5577830 1
5583863 1
5584872 1
5584973 1
5586065 1
5591806 1
5595573 1
5596643 1
5610133 1
5612583 1
5618213 1
5626158 1
5626813 1
5636840 1
5645682 1
5651923 1
5658576 1
5659198 1
5663542 1
5669525 1
5671814 1
5671838 1
5678744 1
5679301 1
5679934 1
5682612 1
5683069 1
5685986 1
5690212 1
5691771 1
5693919 1
5697082 1
5715302 1
5719241 1
5720283 1
5724439 1
5725990 1
5727348 1
5732053 1
5735289 1
5736526 1
5738538 1
5740728 1
5741498 1
5741734 1
5742700 1
5746063 1
5747596 1
5752494 1
5756131 1
5763865 1
5772778 1
5775248 1
5775904 1
5784272 1
5788719 1
5794232 1
5798651 1
5803548 1
5809602 1
5809659 1
5813133 1
5813580 1
5822821 1
5832791 1
5835204 1
5847405 1
5852972 1
5858210 1
5864353 1
5867986 1
5870803 1
5874002 1
5879965 1
5879967 1
5880532 1
5882495 1
5884638 1
5886909 1
5887709 1
5889643 1
5892104 1
5892567 1
5898178 1
5915427 1
5919382 1
5921088 1
5926175 1
5930032 1
5931730 1
5939987 1
5950871 1
5959178 1
5973445 1
5981704 1
5987470 1
5991844 1
5992628 1
5997454 1
6010969 1
6015683 1
6036347 1
6039352 1
6041945 1
6049937 1
6051733 1
6063415 1
6066751 1
6067526 1
6077010 1
6080167 1
6094564 1
6103144 1
6107552 1
6108379 1
6111708 1
6112141 1
6113746 1
6115929 1
6120418 1
6121150 1
6121382 1
6128658 1
6145635 1
6150793 1
6151878 1
6154212 1
6155986 1
6156197 1
6157057 1
6157124 1
6163354 1
6165446 1
6167792 1
6169719 1
6173887 1
6180197 1
6187958 1
6189461 1
6190170 1
6190185 1
6193946 1
6198395 1
6214719 1
6222313 1
6225200 1
6228507 1
6228657 1
6228739 1
6233416 1
6237054 1
6246046 1
6249631 1
6249849 1
6258519 1
6259537 1
6260445 1
6265745 1
6273179 1
6278668 1
6280101 1
6280795 1
6286548 1
6291183 1
6299910 1
6306313 1
6308961 1
6313483 1
6315568 1
6324723 1
6330955 1
6331210 1
6332319 1
6345978 1
6346096 1
6351583 1
6357475 1
6359111 1
6363861 1
6364705 1
6365753 1
6383885 1
6384266 1
6384658 1
6385205 1
6387615 1
6388229 1
6391753 1
6395134 1
6399487 1
6399818 1
6400930 1
6404315 1
6405175 1
6408906 1
6410724 1
6412593 1
6418982 1
6418985 1
6419119 1
6420728 1
6421929 1
6422274 1
6423551 1
6427946 1
6434112 1
6441548 1
6444684 1
6447482 1
6449013 1
6449103 1
6453759 1
6454496 1
6458714 1
6463412 1
6476364 1
6476416 1
6484007 1
6495121 1
6499772 1
6501628 1
6501786 1
6502014 1
6503861 1
6505428 1
6505714 1
6505912 1
6506593 1
6508633 1
6508633 1
6510772 1
6512346 1
6515905 1
6517146 1
6523990 1
6532972 1
6533961 1
6536394 1
6538153 1
6540807 1
6542129 1
6544612 1
6545353 1
6545543 1
6546343 1
6550710 1
6558228 1
6558974 1
6562365 1
6565326 1
6566565 1
6571481 1
6586399 1
6589986 1
6598098 1
6599923 1
6606691 1
6606930 1
6608262 1
6614385 1
6615545 1
6616280 1
6617867 1
6619525 1
6624900 1
6627587 1
6630578 1
6631875 1
6633601 1
6636151 1
6637048 1
6647647 1
6649230 1
6649997 1
6651492 1
6651499 1
6670904 1
6673226 1
6674840 1
6676831 1
6678952 1
6680627 1
6691131 1
6696669 1
6699535 1
6706616 1
6707018 1
6710983 1
6711681 1
6715288 1
6718204 1
6719957 1
6723058 1
6731005 1
6734217 1
6740067 1
6745363 1
6753849 1
6757969 1
6760630 1
6766374 1
6768240 1
6774178 1
6781377 1
6782195 1
6782949 1
6789731 1
6800971 1
6804680 1
6812565 1
6813410 1
6815161 1
6818816 1
6822810 1
6822820 1
6822835 1
6834635 1
6836344 1
6851833 1
6851976 1
6853379 1
6863409 1
6869988 1
6875601 1
6876529 1
6878667 1
6879141 1
6885618 1
6887408 1
6892084 1
6893488 1
6898233 1
6899679 1
6900507 1
6910441 1
6911781 1
6913984 1
6918639 1
6925519 1
6926858 1
6937589 1
6938055 1
6943987 1
6946838 1
6948080 1
6954307 1
6954601 1
6957462 1
6966450 1
6966890 1
6970171 1
6973090 1
6975914 1
6981304 1
6984295 1
6988948 1
6994332 1
6994506 1
6994684 1
7003653 1
7003881 1
7004680 1
7005680 1
7008531 1
7014066 1
7014175 1
7016855 1
7022900 1
7033754 1
7034128 1
7036952 1
7037780 1
7042418 1
7047773 1
7048553 1
7048733 1
7050336 1
7057496 1
7065252 1
7072181 1
7074494 1
7084062 1
7088949 1
7089710 1
7106829 1
7107478 1
7125114 1
7132396 1
7133547 1
7135013 1
7137231 1
7141884 1
7142703 1
7143500 1
7149105 1
7162084 1
7163735 1
7163759 1
7163858 1
7164814 1
7167599 1
7170072 1
7171398 1
7173714 1
7174541 1
7179969 1
7181280 1
7196445 1
7205702 1
7206530 1
7208634 1
7211907 1
7213927 1
7215228 1
7216856 1
7217649 1
7223005 1
7228374 1
7230094 1
7232042 1
7238376 1
7248775 1
7251724 1
7265471 1
7269888 1
7271397 1
7275176 1
7275715 1
7276954 1
7279740 1
7282934 1
7284712 1
7286667 1
7288334 1
7288534 1
7301956 1
7302368 1
7304278 1
7313957 1
7322251 1
7326591 1
7326747 1
7327203 1
7328904 1
7329728 1
7330304 1
7335827 1
7337694 1
7341433 1
7344447 1
7345550 1
7346283 1
7348165 1
7349315 1
7351911 1
7352013 1
7356691 1
7358426 1
7361355 1
7361430 1
7364119 1
7364912 1
7365906 1
7366888 1
7369194 1
7370349 1
7370832 1
7372212 1
7374553 1
7378475 1
7380576 1
7383946 1
7388483 1
7393233 1
7395883 1
7405335 1
7408829 1
7416493 1
7425363 1
7431016 1
7437824 1
7438094 1
7442760 1
7450875 1
7460125 1
7461785 1
7471250 1
7494995 1
7498615 1
7507558 1
7521951 1
7536499 1
7537337 1
7539896 1
7540744 1
7541635 1
7549957 1
7556228 1
7559343 1
7559738 1
7561628 1
7563926 1
7568847 1
7569302 1
7575132 1
7576911 1
7593410 1
7595118 1
7599969 1
7601498 1
7605894 1
7612342 1
7612346 1
7612921 1
7615771 1
7617623 1
7625463 1
7628391 1
7633032 1
7638445 1
7641728 1
7647542 1
7651152 1
7656805 1
7667174 1
7668375 1
7671030 1
7671511 1
7676162 1
7682535 1
7682743 1
7690016 1
7691151 1
7694629 1
7696404 1
7704470 1
7709512 1
7711707 1
7713024 1
7714358 1
7717880 1
7722760 1
7726037 1
7734123 1
7740799 1
7755937 1
7760712 1
7763444 1
7772549 1
7773448 1
7775555 1
7775605 1
7781403 1
7788348 1
7791487 1
7796716 1
7818232 1
7829289 1
7833219 1
7834968 1
7840431 1
7842573 1
7842981 1
7842992 1
7844594 1
7848950 1
7850963 1
7851069 1
7852469 1
7853811 1
7855374 1
7856699 1
7863910 1
7867623 1
7870878 1
7882286 1
7883412 1
7886398 1
7889004 1
7892308 1
7899866 1
7909027 1
7916954 1
7919690 1
7919905 1
7928574 1
7933253 1
7934706 1
7935758 1
7936651 1
7939833 1
7948692 1
7948759 1
7955167 1
7959419 1
7961190 1
7962261 1
7963839 1
7969891 1
7972258 1
7977001 1
7981168 1
7983709 1
7986808 1
8000433 1
8001617 1
8002369 1
8003142 1
8005808 1
8007960 1
8009031 1
8009151 1
8010436 1
8016551 1
8023773 1
8024170 1
8029655 1
8031068 1
8032629 1
8032631 1
8033260 1
8034615 1
8035576 1
8035863 1
8036821 1
8037726 1
8043009 1
8044200 1
8046275 1
8048162 1
8050823 1
8051595 1
8054538 1
8055010 1
8058405 1
8058505 1
8060430 1
8060861 1
8074120 1
8077882 1
8078275 1
8079210 1
8083059 1
8084527 1
8084625 1
8086507 1
8089609 1
8105417 1
8109125 1
8113849 1
8115341 1
8119273 1
8119962 1
8120703 1
8126571 1
8126894 1
8127756 1
8132371 1
8133153 1
8133570 1
8139822 1
8142859 1
8147896 1
8149227 1
8152336 1
8152348 1
8157462 1
8160822 1
8161066 1
8161723 1
8162327 1
8166413 1
8169573 1
8187432 1
8189555 1
8194815 1
8195446 1
8195458 1
8201797 1
8202409 1
8211603 1
8214225 1
8218546 1
8220942 1
8224590 1
8224590 1
8226110 1
8226169 1
8227581 1
8231682 1
8234146 1
8235658 1
8243134 1
8246198 1
8249998 1
8262737 1
8271822 1
8273215 1
8275437 1
8275641 1
8288443 1
8297235 1
8300256 1
8302069 1
8303050 1
8303821 1
8308532 1
8309807 1
2477 1
2582 1
4057 1
6742 1
8305 1
8350 1
9237 1
11028 1
19547 1
19549 1
23748 1
23748 1
23748 1
23748 1
23748 1
23878 1
25248 1
30780 1
35433 1
36274 1
41613 1
47472 1
47584 1
48039 1
50175 1
53588 1
55733 1
62659 1
64926 1
75456 1
76332 1
83005 1
89424 1
90779 1
92544 1
93046 1
98575 1
99886 1
103151 1
107523 1
109392 1
111509 1
115658 1
115781 1
117145 1
132839 1
133940 1
136587 1
136805 1
140890 1
143901 1
143938 1
145165 1
145798 1
149074 1
150781 1
154226 1
155772 1
176419 1
176832 1
177024 1
180681 1
186914 1
189466 1
193136 1
194407 1
195362 1
197401 1
198426 1
199918 1
201927 1
201927 1
203547 1
203909 1
206915 1
206919 1
217270 1
217318 1
220792 1
220908 1
221768 1
222036 1
223811 1
238436 1
243580 1
278358 1
279889 1
280068 1
282240 1
285739 1
285743 1
291205 1
296546 1
296915 1
297435 1
299030 1
300940 1
303846 1
303953 1
307192 1
324242 1
326346 1
329629 1
330932 1
334423 1
335330 1
335422 1
339626 1
341010 1
351583 1
354199 1
355211 1
358521 1
360728 1
370039 1
376109 1
381681 1
383797 1
385925 1
388145 1
416497 1
418330 1
432946 1
437412 1
459716 1
465032 1
466188 1
467175 1
468760 1
470395 1
473654 1
479933 1
485269 1
487400 1
502835 1
504767 1
505908 1
510060 1
511150 1
512900 1
515678 1
523846 1
539641 1
542657 1
547823 1
550002 1
553118 1
553173 1
563779 1
571294 1
572838 1
575850 1
579180 1
585397 1
588238 1
588565 1
598154 1
598811 1
605281 1
614545 1
622169 1
622334 1
631092 1
635752 1
642056 1
643884 1
645467 1
646389 1
647742 1
656262 1
673640 1
689787 1
703341 1
704938 1
707767 1
710060 1
710869 1
711492 1
731799 1
735541 1
742470 1
754035 1
761550 1
762573 1
763557 1
764795 1
765333 1
767661 1
767668 1
770161 1
776124 1
788550 1
788896 1
794803 1
798828 1
813415 1
815198 1
819488 1
823356 1
829594 1
838373 1
839897 1
841283 1
843530 1
845121 1
845894 1
847661 1
849493 1
891507 1
892276 1
892460 1
894849 1
898907 1
900367 1
901781 1
916231 1
917789 1
920552 1
928698 1
934634 1
946640 1
951296 1
960893 1
963300 1
964291 1
964294 1
981108 1
984666 1
985635 1
995864 1
1004840 1
1006755 1
1009398 1
1014884 1
1018194 1
1028527 1
1036282 1
1037388 1
1038860 1
1040614 1
1042852 1
1044266 1
1060496 1
1064705 1
1067724 1
1069846 1
1070137 1
1070999 1
1071067 1
1074779 1
1076531 1
1076935 1
1084930 1
1101704 1
1103257 1
1110161 1
1110219 1
1110891 1
1112616 1
1115233 1
1121781 1
1122553 1
1127004 1
1143144 1
1145456 1
1146749 1
1149975 1
1153882 1
1157675 1
1164189 1
1164941 1
1165142 1
1166268 1
1166398 1
1166519 1
1169512 1
1182578 1
1185385 1
1186066 1
1187189 1
1194401 1
1197430 1
1213337 1
1218969 1
1219165 1
1219184 1
1221451 1
1222922 1
1223323 1
1231153 1
1231551 1
1233653 1
1241482 1
1245311 1
1248582 1
1255491 1
1258220 1
1259874 1
1266217 1
1271909 1
1278966 1
1290624 1
1291655 1
1292340 1
1293438 1
1297845 1
1302978 1
1306787 1
1307478 1
1307988 1
1312501 1
1316701 1
1317017 1
1329824 1
1331144 1
1331636 1
1335950 1
1340525 1
1343297 1
1362863 1
1363908 1
1372257 1
1372461 1
1380749 1
1383181 1
1391383 1
1391635 1
1394095 1
1413615 1
1417564 1
1421154 1
1422822 1
1422838 1
1424261 1
1424262 1
1425297 1
1427443 1
1427450 1
1429056 1
1442044 1
1452731 1
1456568 1
1458918 1
1470475 1
1472176 1
1481285 1
1485423 1
1498732 1
1501634 1
1504815 1
1512082 1
1515429 1
1517251 1
1519676 1
1537555 1
1544815 1
1546696 1
1546767 1
1550482 1
1551047 1
1572978 1
1575686 1
1578191 1
1584142 1
1587703 1
1594958 1
1601565 1
1605493 1
1616162 1
1617105 1
1618598 1
1622902 1
1627551 1
1628072 1
1632507 1
1633653 1
1634582 1
1637444 1
1639872 1
1648342 1
1656866 1
1660676 1
1663470 1
1670368 1
1674282 1
1678030 1
1684611 1
1685549 1
1686361 1
1687248 1
1689968 1
1694461 1
1695256 1
1696677 1
1701597 1
1712659 1
1713956 1
1716297 1
1722321 1
1722915 1
1723949 1
1726548 1
1728242 1
1729735 1
1734474 1
1735450 1
1743539 1
1744747 1
1746747 1
1750463 1
1759468 1
1767816 1
1769833 1
1782189 1
1787573 1
1787881 1
1794624 1
1801301 1
1809221 1
1815165 1
1815772 1
1815893 1
1818652 1
1819998 1
1820429 1
1828066 1
1832048 1
1833388 1
1841705 1
1846127 1
1854347 1
1856153 1
1856357 1
1858917 1
1860923 1
1862300 1
1863645 1
1870492 1
1871632 1
1871789 1
1872105 1
1875025 1
1875511 1
1878291 1
1882681 1
1884055 1
1889999 1
1891537 1
1892954 1
1898053 1
1898328 1
1898753 1
1902776 1
1918993 1
1939769 1
1948857 1
1950630 1
1957220 1
1959332 1
1962467 1
1972805 1
1975978 1
1977399 1
1979373 1
1985800 1
1986313 1
1996764 1
2001183 1
2001836 1
2004786 1
2007499 1
2009846 1
2011387 1
2011942 1
2013066 1
2013523 1
2018688 1
2024878 1
2033073 1
2036182 1
2038277 1
2041422 1
2057479 1
2057984 1
2062692 1
2064291 1
2065513 1
2067344 1
2068089 1
2073224 1
2076835 1
2078191 1
2078995 1
2099838 1
2117034 1
2118819 1
2119203 1
2122204 1
2126219 1
2133681 1
2139952 1
2143817 1
2147414 1
2152226 1
2158318 1
2158848 1
2160921 1
2163206 1
2166524 1
2171104 1
2197276 1
2200390 1
2202756 1
2205096 1
2219667 1
2221989 1
2223945 1
2229660 1
2235226 1
2235452 1
2237385 1
2239209 1
2246960 1
2247097 1
2251240 1
2259166 1
2260552 1
2261184 1
2262986 1
2276717 1
2280916 1
2282632 1
2290409 1
2291580 1
2294760 1
2294762 1
2299735 1
2307188 1
2309263 1
2317162 1
2321948 1
2322273 1
2322669 1
2329406 1
2334019 1
2340536 1
2341791 1
2346976 1
2354394 1
2360455 1
2362585 1
2364530 1
2364886 1
2368596 1
2371002 1
2378758 1
2385280 1
2396830 1
2397585 1
2408253 1
2408879 1
2409722 1
2412003 1
2414341 1
2416682 1
2417152 1
2417912 1
2418983 1
2419212 1
2420297 1
2421109 1
2423979 1
2427930 1
2435798 1
2438481 1
2443161 1
2445584 1
2451776 1
2464716 1
2469646 1
2472345 1
2477300 1
2477802 1
2478152 1
2486649 1
2490065 1
2490640 1
2495419 1
2498275 1
2502989 1
2507486 1
2513971 1
2518819 1
2527012 1
2532989 1
2536823 1
2543273 1
2543693 1
2544043 1
2546546 1
2553673 1
2553679 1
2586269 1
2588809 1
2592430 1
2593344 1
2593921 1
2596373 1
2616144 1
2616562 1
2625677 1
2631452 1
2634515 1
2646328 1
2651072 1
2657054 1
2661524 1
2666239 1
2671187 1
2673240 1
2674163 1
2674506 1
2681808 1
2686679 1
2692575 1
2699971 1
2700210 1
2703220 1
2708766 1
2709794 1
2722085 1
2727453 1
2736533 1
2737655 1
2739437 1
2744179 1
2747107 1
2749160 1
2755588 1
2760750 1
2761455 1
2763217 1
2767000 1
2769372 1
2771288 1
2773680 1
2776268 1
2787203 1
2795622 1
2805296 1
2811272 1
2820161 1
2827517 1
2830200 1
2833348 1
2836913 1
2838701 1
2839266 1
2844122 1
2851817 1
2853218 1
2866436 1
2867519 1
2878494 1
2886333 1
2888872 1
2892833 1
2897775 1
2897936 1
2898723 1
2903779 1
2912079 1
2912109 1
2912483 1
2912484 1
2912732 1
2912945 1
2920876 1
2921822 1
2923664 1
2941414 1
2941419 1
2943461 1
2947142 1
2948130 1
2956407 1
2960487 1
2963974 1
2970277 1
2978675 1
2978702 1
2982490 1
2990762 1
2992131 1
2992449 1
2995593 1
2997728 1
2999829 1
3006175 1
3007817 1
3009614 1
3013384 1
3018614 1
3033939 1
3038398 1
3042284 1
3046570 1
3046695 1
3051883 1
3056046 1
3058571 1
3062147 1
3063622 1
3065909 1
3072733 1
3072930 1
3076707 1
3078893 1
3088718 1
3092266 1
3092976 1
3097723 1
3100046 1
3108681 1
3111272 1
3111856 1
3112721 1
3115976 1
3117716 1
3118162 1
3120132 1
3121803 1
3122309 1
3123408 1
3127883 1
3129396 1
3129933 1
3137243 1
3163237 1
3170588 1
3175832 1
3177411 1
3177619 1
3177801 1
3194200 1
3196571 1
3203029 1
3203336 1
3204859 1
3208837 1
3225574 1
3227867 1
3235933 1
3237082 1
3244703 1
3248971 1
3258904 1
3267434 1
3269994 1
3270024 1
3272099 1
3272125 1
3274845 1
3277361 1
3278574 1
3285178 1
3286299 1
3288229 1
3297104 1
3300046 1
3300509 1
3302121 1
3302121 1
3304693 1
3305411 1
3315939 1
3323097 1
3326513 1
3330738 1
3333743 1
3339850 1
3346716 1
3346747 1
3355753 1
3360871 1
3361087 1
3365289 1
3376741 1
3380830 1
3383711 1
3385373 1
3385957 1
3385959 1
3389519 1
3389806 1
3391820 1
3396606 1
3401602 1
3403528 1
3403779 1
3414831 1
3416074 1
3416847 1
3424136 1
3426807 1
3431899 1
3435468 1
3450311 1
3451898 1
3452587 1
3453000 1
3458464 1
3459305 1
3467515 1
3468657 1
3475019 1
3477145 1
3477916 1
3479583 1
3482194 1
3484977 1
3487341 1
3490896 1
3497505 1
3500582 1
3518354 1
3519114 1
3533506 1
3539049 1
3539640 1
3542113 1
3549271 1
3553058 1
3553661 1
3555024 1
3555063 1
3561412 1
3571881 1
3574700 1
3578052 1
3583381 1
3584565 1
3586621 1
3589216 1
3589284 1
3594159 1
3599556 1
3601228 1
3601577 1
3601882 1
3604319 1
3619186 1
3619560 1
3619937 1
3623002 1
3625595 1
3630041 1
3632005 1
3633395 1
3649368 1
3651789 1
3653395 1
3656275 1
3658571 1
3666423 1
3668095 1
3669476 1
3671040 1
3682926 1
3684466 1
3685854 1
3692111 1
3693465 1
3702954 1
3704796 1
3716630 1
3723842 1
3725723 1
3727459 1
3730726 1
3731991 1
3732666 1
3745056 1
3750872 1
3759093 1
3770418 1
3773159 1
3773770 1
3775814 1
3779042 1
3780962 1
3782977 1
3790968 1
3793095 1
3795725 1
3803560 1
3804414 1
3805360 1
3806270 1
3817154 1
3820511 1
3822533 1
3823418 1
3824062 1
3824343 1
3826897 1
3828380 1
3828842 1
3830329 1
3830893 1
3831149 1
3831853 1
3832459 1
3836309 1
3837616 1
3844740 1
3845401 1
3854188 1
3854586 1
3860231 1
3867909 1
3872035 1
3877528 1
3879471 1
3882374 1
3886139 1
3890262 1
3892370 1
3908777 1
3910242 1
3911228 1
3913876 1
3918084 1
3927138 1
3935205 1
3935205 1
3949684 1
3962615 1
3963064 1
3971098 1
3992356 1
3992437 1
4011218 1
4027126 1
4030507 1
4035169 1
4044845 1
4050625 1
4052276 1
4061110 1
4065280 1
4067788 1
4068621 1
4081984 1
4091295 1
4093097 1
4094113 1
4094985 1
4101621 1
4105026 1
4109908 1
4116217 1
4131053 1
4133981 1
4138664 1
4141979 1
4145017 1
4151381 1
4162159 1
4164542 1
4172708 1
4175156 1
4183777 1
4191779 1
4212596 1
4215582 1
4227034 1
4234486 1
4237286 1
4238438 1
4259253 1
4260341 1
4263486 1
4271241 1
4278627 1
4289463 1
4291275 1
4297027 1
4304353 1
4315332 1
4321872 1
4322650 1
4327942 1
4330856 1
4336636 1
4337068 1
4338515 1
4340349 1
4340846 1
4344679 1
4346849 1
4346864 1
4348441 1
4350692 1
4352124 1
4352315 1
4359787 1
4371459 1
4372973 1
4381010 1
4382028 1
4386542 1
4386579 1
4390429 1
4397929 1
4399011 1
4402573 1
4412029 1
4420039 1
4421260 1
4421526 1
4427583 1
4427666 1
4428838 1
4447081 1
4447598 1
4448014 1
4450741 1
4461702 1
4464708 1
4471387 1
4473034 1
4473317 1
4478588 1
4480796 1
4486972 1
4487924 1
4503483 1
4505497 1
4513306 1
4519740 1
4520572 1
4520607 1
4528548 1
4542828 1
4543843 1
4543963 1
4558073 1
4565075 1
4565382 1
4587580 1
4591901 1
4595095 1
4597415 1
4602838 1
4606508 1
4608846 1
4610751 1
4617376 1
4620041 1
4621531 1
4623066 1
4630748 1
4640119 1
4644345 1
4653391 1
4655878 1
4655923 1
4660773 1
4667893 1
4684571 1
4684571 1
4685616 1
4687089 1
4689131 1
4689876 1
4694745 1
4698079 1
4708839 1
4710223 1
4714938 1
4723046 1
4731727 1
4733362 1
4734832 1
4749322 1
4750259 1
4762236 1
4764314 1
4764455 1
4765610 1
4768910 1
4769596 1
4777641 1
4781676 1
4791728 1
4803775 1
4810183 1
4810185 1
4815537 1
4825653 1
4825947 1
4832454 1
4835025 1
4836180 1
4837597 1
4840189 1
4840928 1
4878680 1
4881852 1
4886897 1
4893977 1
4894739 1
4895631 1
4898593 1
4903117 1
4908987 1
4913419 1
4913779 1
4914296 1
4921948 1
4926415 1
4936392 1
4941672 1
4942765 1
4946228 1
4946963 1
4949536 1
4952813 1
4955339 1
4960943 1
4974804 1
4977355 1
4984509 1
4996766 1
4999508 1
5002026 1
5002359 1
5002378 1
5003857 1
5004290 1
5006499 1
5011574 1
5012374 1
5021926 1
5026160 1
5031602 1
5031612 1
5034669 1
5036522 1
5046109 1
5047193 1
5063416 1
5073638 1
5075857 1
5079357 1
5082101 1
5085813 1
5088261 1
5090037 1
5094762 1
5107157 1
5109067 1
5111200 1
5116603 1
5120205 1
5126481 1
5138654 1
5145404 1
5146754 1
5158985 1
5159244 1
5163561 1
5169084 1
5173773 1
5173874 1
5174849 1
5183061 1
5183246 1
5186566 1
5193814 1
5196355 1
5200446 1
5206956 1
5208031 1
5219917 1
5232415 1
5232685 1
5234721 1
5236699 1
5237697 1
5243668 1
5248126 1
5249972 1
5252890 1
5263530 1
5268036 1
5273252 1
5273375 1
5288455 1
5293236 1
5293237 1
5295062 1
5311642 1
5311887 1
5314804 1
5321920 1
5328529 1
5331201 1
5337241 1
5343196 1
5343485 1
5362278 1
5373950 1
5376757 1
5385500 1
5393089 1
5394941 1
5404519 1
5414847 1
5415370 1
5423308 1
5429285 1
5433750 1
5435871 1
5438084 1
5448812 1
5459621 1
5459733 1
5483453 1
5485647 1
5485895 1
5488082 1
5496089 1
5498994 1
5504666 1
5505736 1
5511088 1
5511542 1
5522621 1
5522987 1
5525934 1
5526952 1
5537471 1
5549910 1
5553055 1
5554118 1
5561159 1
5563193 1
5567346 1
5568392 1
5568392 1
5568392 1
5568392 1
5578104 1
5586415 1
5587858 1
5588515 1
5595883 1
5601224 1
5602335 1
5604757 1
5607371 1
5607374 1
5613308 1
5617842 1
5631155 1
5636665 1
5637364 1
5640103 1
5643697 1
5644538 1
5652584 1
5658611 1
5663271 1
5663534 1
5663771 1
5667751 1
5669911 1
5672646 1
5675933 1
5678627 1
5683167 1
5688840 1
5698103 1
5701108 1
5704409 1
5705048 1
5729020 1
5730630 1
5733129 1
5742644 1
5743690 1
5745582 1
5748039 1
5750378 1
5769756 1
5771253 1
5778155 1
5779389 1
5781194 1
5782891 1
5789768 1
5792844 1
5793375 1
5807076 1
5808556 1
5825887 1
5835198 1
5844093 1
5857768 1
5859114 1
5860687 1
5876265 1
5877512 1
5879238 1
5880010 1
5881217 1
5881393 1
5882150 1
5904794 1
5905030 1
5905820 1
5907550 1
5912647 1
5918018 1
5918200 1
5918953 1
5919053 1
5919241 1
5920456 1
5929660 1
5938269 1
5941830 1
5950197 1
5950496 1
5950570 1
5952856 1
5955975 1
5956697 1
5958281 1
5961854 1
5963340 1
5965623 1
5970384 1
5970732 1
5973729 1
5987243 1
5992061 1
5998520 1
6006812 1
6008704 1
6010608 1
6010612 1
6011052 1
6011331 1
6014320 1
6015649 1
6017601 1
6025026 1
6026938 1
6030021 1
6030983 1
6032406 1
6034958 1
6050582 1
6051987 1
6055436 1
6057627 1
6060279 1
6061612 1
6062903 1
6063453 1
6063922 1
6065982 1
6066349 1
6068103 1
6069620 1
6074154 1
6075884 1
6079549 1
6082303 1
6083625 1
6093990 1
6096701 1
6098197 1
6103842 1
6104402 1
6108389 1
6108900 1
6111760 1
6124288 1
6138527 1
6141060 1
6142209 1
6143429 1
6145316 1
6152852 1
6155287 1
6155819 1
6156033 1
6156929 1
6157282 1
6158297 1
6158429 1
6162900 1
6163346 1
6170982 1
6175994 1
6185724 1
6196177 1
6198314 1
6198975 1
6200155 1
6212092 1
6224262 1
6232696 1
6239271 1
6243938 1
6254551 1
6262713 1
6268170 1
6273843 1
6274195 1
6276261 1
6277620 1
6279429 1
6280244 1
6280606 1
6285773 1
6308188 1
6308188 1
6308188 1
6308188 1
6308439 1
6319681 1
6322319 1
6338587 1
6343880 1
6348626 1
6351955 1
6357422 1
6360552 1
6368870 1
6372491 1
6373913 1
6376305 1
6378402 1
6385978 1
6390893 1
6393385 1
6395529 1
6398775 1
6402602 1
6405445 1
6405721 1
6406015 1
6406739 1
6418196 1
6420747 1
6428743 1
6440184 1
6443863 1
6452355 1
6472325 1
6485073 1
6491834 1
6493424 1
6500645 1
6501603 1
6504964 1
6508006 1
6510058 1
6512979 1
6521459 1
6524416 1
6526389 1
6536546 1
6537307 1
6537885 1
6537886 1
6538829 1
6548761 1
6552295 1
6557648 1
6558761 1
6574590 1
6576901 1
6577616 1
6589427 1
6591371 1
6591852 1
6594423 1
6597352 1
6607032 1
6615319 1
6617846 1
6618692 1
6619318 1
6620270 1
6620565 1
6624843 1
6628061 1
6628969 1
6634161 1
6649818 1
6654680 1
6659502 1
6660717 1
6662489 1
6663124 1
6666306 1
6666321 1
6666415 1
6669983 1
6670711 1
6671760 1
6673325 1
6683130 1
6683814 1
6684185 1
6687356 1
6693287 1
6695786 1
6708551 1
6726310 1
6733771 1
6733901 1
6735510 1
6738361 1
6742145 1
6753894 1
6755542 1
6761677 1
6763818 1
6764430 1
6766157 1
6767836 1
6771667 1
6774304 1
6776130 1
6785109 1
6790341 1
6806544 1
6807451 1
6818796 1
6829374 1
6831285 1
6833537 1
6833632 1
6835340 1
6836225 1
6836583 1
6841616 1
6842261 1
6846307 1
6847324 1
6848545 1
6849613 1
6850609 1
6850768 1
6851158 1
6852958 1
6856678 1
6868204 1
6873130 1
6879723 1
6884820 1
6895076 1
6898796 1
6900712 1
6901361 1
6905411 1
6906772 1
6911199 1
6925183 1
6929764 1
6931297 1
6932979 1
6935391 1
6950434 1
6950532 1
6966722 1
6966943 1
6972483 1
6973819 1
6974749 1
6980211 1
6986840 1
6989056 1
6995223 1
7007251 1
7009973 1
7022685 1
7031649 1
7031825 1
7033805 1
7037480 1
7043464 1
7044585 1
7049046 1
7066859 1
7071984 1
7072425 1
7074978 1
7077557 1
7078242 1
7078527 1
7083475 1
7103930 1
7105383 1
7108425 1
7109628 1
7123669 1
7125171 1
7129356 1
7130287 1
7135962 1
7139547 1
7143976 1
7164095 1
7165878 1
7166063 1
7166405 1
7175503 1
7179913 1
7189986 1
7199677 1
7207766 1
7213970 1
7218896 1
7227156 1
7227439 1
7227500 1
7227500 1
7239487 1
7244806 1
7244902 1
7250725 1
7265363 1
7271462 1
7276012 1
7283440 1
7285662 1
7286476 1
7287665 1
7295586 1
7296948 1
7297035 1
7299637 1
7303463 1
7306707 1
7307128 1
7308968 1
7309096 1
7315098 1
7323132 1
7327664 1
7328358 1
7338512 1
7343879 1
7344510 1
7345883 1
7345998 1
7351896 1
7356940 1
7361271 1
7364397 1
7368582 1
7369545 1
7370042 1
7377450 1
7381496 1
7384632 1
7388284 1
7389442 1
7390323 1
7394055 1
7395543 1
7400101 1
7401993 1
7408193 1
7408518 1
7424060 1
7426505 1
7427261 1
7430437 1
7432810 1
7433646 1
7440800 1
7447706 1
7450688 1
7455986 1
7459368 1
7459576 1
7461156 1
7461624 1
7473568 1
7478382 1
7482767 1
7483433 1
7485341 1
7503118 1
7510277 1
7513697 1
7513876 1
7514059 1
7517108 1
7517703 1
7522864 1
7534706 1
7537856 1
7537865 1
7539247 1
7546613 1
7550850 1
7551789 1
7552061 1
7556989 1
7567739 1
7588387 1
7594321 1
7599023 1
7599560 1
7604262 1
7620033 1
7626271 1
7631602 1
7631833 1
7638920 1
7640577 1
7643145 1
7643573 1
7645514 1
7646065 1
7652377 1
7654518 1
7657595 1
7659509 1
7663665 1
7666778 1
7670953 1
7680232 1
7684842 1
7686193 1
7689049 1
7700834 1
7712973 1
7714060 1
7715856 1
7720818 1
7724083 1
7727987 1
7732572 1
7734467 1
7737607 1
7739960 1
7758346 1
7760207 1
7768052 1
7774348 1
7782670 1
7805520 1
7818205 1
7818518 1
7830523 1
7832074 1
7836897 1
7837865 1
7839802 1
7839867 1
7841314 1
7842342 1
7851490 1
7858857 1
7859980 1
7860707 1
7866005 1
7871952 1
7884048 1
7884946 1
7885904 1
7896785 1
7899393 1
7907900 1
7908897 1
7910783 1
7921164 1
7922598 1
7922947 1
7931803 1
7946074 1
7947220 1
7949282 1
7953249 1
7958584 1
7962443 1
7966676 1
7966796 1
7971524 1
7973977 1
7980397 1
7994438 1
7995320 1
7996700 1
7999989 1
8004186 1
8006079 1
8007343 1
8009647 1
8016843 1
8032603 1
8033324 1
8034054 1
8035397 1
8038712 1
8038974 1
8041346 1
8049502 1
8054171 1
8054457 1
8054702 1
8055313 1
8055464 1
8055703 1
8057702 1
8058425 1
8059298 1
8061687 1
8063337 1
8066853 1
8068943 1
8072071 1
8073239 1
8073739 1
8074045 1
8100840 1
8104690 1
8108772 1
8110296 1
8111388 1
8112682 1
8113482 1
8120106 1
8127453 1
8131205 1
8131208 1
8131321 1
8131914 1
8132296 1
8132581 1
8133973 1
8134696 1
8135548 1
8135982 1
8137209 1
8139749 1
8140093 1
8152479 1
8154795 1
8157881 1
8161099 1
8162799 1
8166001 1
8166303 1
8166945 1
8171713 1
8173227 1
8181006 1
8192672 1
8202039 1
8203107 1
8203851 1
8208645 1
8209773 1
8219296 1
8222339 1
8222603 1
8222860 1
8224483 1
8224546 1
8239961 1
8242927 1
8243326 1
8247987 1
8254337 1
8255083 1
8258538 1
8263322 1
8270245 1
8270254 1
8272739 1
8275568 1
8275977 1
8285766 1
