4327 1
7390 1
9253 1
11024 1
18344 1
26171 1
27762 1
29478 1
33769 1
36067 1
37127 1
45873 1
47506 1
50276 1
56109 1
60686 1
77839 1
78458 1
90892 1
95536 1
99542 1
100292 1
102591 1
103734 1
103897 1
105307 1
108326 1
109208 1
109596 1
110660 1
111392 1
111852 1
112684 1
112856 1
114426 1
115689 1
115709 1
117659 1
119590 1
120551 1
121972 1
125207 1
126794 1
126960 1
128330 1
129160 1
130230 1
130477 1
131059 1
134501 1
136966 1
136992 1
139713 1
139840 1
141842 1
142822 1
143635 1
145041 1
145446 1
147894 1
148605 1
149761 1
150291 1
152152 1
152549 1
153237 1
156065 1
156964 1
160422 1
163148 1
164006 1
165003 1
165006 1
167507 1
168616 1
169382 1
170308 1
174226 1
175838 1
175947 1
178194 1
180647 1
182017 1
183944 1
185874 1
186590 1
187028 1
188362 1
188534 1
191385 1
191702 1
191926 1
192581 1
193083 1
194312 1
196738 1
196964 1
199200 1
200786 1
204874 1
206947 1
207262 1
209743 1
211261 1
211684 1
213462 1
214543 1
216490 1
216974 1
217027 1
217321 1
220478 1
222052 1
225049 1
229304 1
230841 1
237233 1
238585 1
238885 1
241023 1
243498 1
247332 1
249908 1
250026 1
255203 1
255859 1
258052 1
260293 1
260462 1
264949 1
266117 1
272787 1
273460 1
275038 1
275156 1
280789 1
281337 1
283480 1
283488 1
289765 1
303303 1
328448 1
329942 1
332860 1
335362 1
335767 1
342581 1
342711 1
343281 1
355437 1
371754 1
384017 1
389148 1
419972 1
421300 1
436868 1
439245 1
440605 1
441479 1
442872 1
443102 1
444329 1
449772 1
452069 1
453317 1
454104 1
456081 1
456488 1
456720 1
459463 1
469431 1
474467 1
474502 1
478608 1
479024 1
490292 1
490508 1
491657 1
499606 1
499665 1
500388 1
500619 1
506680 1
507379 1
509126 1
509682 1
514545 1
523329 1
523540 1
536155 1
551288 1
556509 1
565900 1
567530 1
570127 1
571875 1
572015 1
572654 1
573786 1
575992 1
578689 1
589456 1
620779 1
621220 1
638310 1
644866 1
648808 1
650046 1
665662 1
674815 1
679824 1
682290 1
697933 1
719012 1
719771 1
724377 1
728798 1
732658 1
734416 1
741197 1
751448 1
760290 1
772039 1
794887 1
800478 1
805463 1
813361 1
814740 1
816793 1
819618 1
819755 1
831862 1
839336 1
839511 1
840804 1
842207 1
849369 1
852594 1
867493 1
871387 1
871943 1
872743 1
890158 1
894618 1
896658 1
904416 1
909287 1
914333 1
925876 1
929883 1
946174 1
947471 1
951394 1
957132 1
957532 1
958373 1
971819 1
972881 1
979185 1
986451 1
1003936 1
1007310 1
1018914 1
1028624 1
1030846 1
1030877 1
1038828 1
1041954 1
1045681 1
1046707 1
1056982 1
1059984 1
1062535 1
1063406 1
1063610 1
1064224 1
1064541 1
1065028 1
1066497 1
1068907 1
1069609 1
1070842 1
1070945 1
1071912 1
1073373 1
1074189 1
1078771 1
1079679 1
1083478 1
1090968 1
1091257 1
1093349 1
1094623 1
1096123 1
1097382 1
1101393 1
1102025 1
1102913 1
1103686 1
1104446 1
1107193 1
1107911 1
1110238 1
1110693 1
1115864 1
1121922 1
1122256 1
1122904 1
1126961 1
1126983 1
1127928 1
1129176 1
1133560 1
1134259 1
1137007 1
1140828 1
1147078 1
1148164 1
1150093 1
1152343 1
1154749 1
1159949 1
1163341 1
1164455 1
1177590 1
1179657 1
1180030 1
1181318 1
1183051 1
1185946 1
1198281 1
1202034 1
1203533 1
1204136 1
1204365 1
1207928 1
1208356 1
1209203 1
1209493 1
1210666 1
1212697 1
1218272 1
1218521 1
1230314 1
1240118 1
1254434 1
1258119 1
1263296 1
1264169 1
1266570 1
1268208 1
1269882 1
1274344 1
1277387 1
1289049 1
1294045 1
1296667 1
1297994 1
1307988 1
1308129 1
1309757 1
1316876 1
1324416 1
1324594 1
1328783 1
1328812 1
1329865 1
1347764 1
1358144 1
1362052 1
1367944 1
1379791 1
1380810 1
1399010 1
1400572 1
1401904 1
1412972 1
1419101 1
1420962 1
1421010 1
1423862 1
1432787 1
1440426 1
1442972 1
1443553 1
1446682 1
1451671 1
1452846 1
1452860 1
1453110 1
1460672 1
1471747 1
1478204 1
1479023 1
1482266 1
1488142 1
1495846 1
1509681 1
1513013 1
1513805 1
1517566 1
1523631 1
1523819 1
1530553 1
1532731 1
1547589 1
1554469 1
1566710 1
1580917 1
1582071 1
1587432 1
1589899 1
1590147 1
1590147 1
1596803 1
1607378 1
1609446 1
1609652 1
1612567 1
1620704 1
1622409 1
1623164 1
1625495 1
1626588 1
1636487 1
1636530 1
1640140 1
1640935 1
1641475 1
1641729 1
1641834 1
1645355 1
1649616 1
1653630 1
1657771 1
1658336 1
1658386 1
1662504 1
1663135 1
1663748 1
1664658 1
1664765 1
1669293 1
1669383 1
1670174 1
1670335 1
1670628 1
1670755 1
1671362 1
1673330 1
1687227 1
1693825 1
1695421 1
1701169 1
1701228 1
1702819 1
1703085 1
1703586 1
1705916 1
1708197 1
1715773 1
1719653 1
1726413 1
1726612 1
1729254 1
1733988 1
1735333 1
1738698 1
1739077 1
1739639 1
1741508 1
1741508 1
1759873 1
1761983 1
1771597 1
1776813 1
1780641 1
1782178 1
1784646 1
1786474 1
1788161 1
1789120 1
1789235 1
1792660 1
1793705 1
1798955 1
1808837 1
1809322 1
1810511 1
1815554 1
1816024 1
1817210 1
1820419 1
1826360 1
1831493 1
1831595 1
1833396 1
1836957 1
1840840 1
1841738 1
1853431 1
1854846 1
1856821 1
1857874 1
1858244 1
1859196 1
1866158 1
1868919 1
1871798 1
1876189 1
1878345 1
1880739 1
1881456 1
1882309 1
1884015 1
1890452 1
1891115 1
1902067 1
1914817 1
1915270 1
1919769 1
1920401 1
1930746 1
1935963 1
1939146 1
1940267 1
1940861 1
1941377 1
1942519 1
1943004 1
1947375 1
1949101 1
1950633 1
1953477 1
1958589 1
1963172 1
1964793 1
1972902 1
1977180 1
1989821 1
1992614 1
2005804 1
2008219 1
2010152 1
2015213 1
2015513 1
2015534 1
2019701 1
2044461 1
2047663 1
2054015 1
2062643 1
2064072 1
2066260 1
2073511 1
2073639 1
2073746 1
2073903 1
2084589 1
2085455 1
2085455 1
2085695 1
2088582 1
2093935 1
2097071 1
2104440 1
2104856 1
2108842 1
2109638 1
2110527 1
2110990 1
2111274 1
2112132 1
2112370 1
2113654 1
2114909 1
2115443 1
2120452 1
2125247 1
2130598 1
2132651 1
2132795 1
2132919 1
2143019 1
2149657 1
2154082 1
2161071 1
2164332 1
2164898 1
2174953 1
2175586 1
2184258 1
2190539 1
2196402 1
2197208 1
2200227 1
2213353 1
2220914 1
2222844 1
2231895 1
2238420 1
2241562 1
2245030 1
2247076 1
2258546 1
2258835 1
2270496 1
2278660 1
2285979 1
2291063 1
2291085 1
2291147 1
2291541 1
2292079 1
2293788 1
2293840 1
2295207 1
2295456 1
2296278 1
2297078 1
2299938 1
2302690 1
2303174 1
2304880 1
2306435 1
2313649 1
2313922 1
2335494 1
2337213 1
2349483 1
2349784 1
2350319 1
2351972 1
2352825 1
2358279 1
2365279 1
2370957 1
2376187 1
2376706 1
2376727 1
2381194 1
2381432 1
2389878 1
2392559 1
2393445 1
2394171 1
2396860 1
2397201 1
2403980 1
2408398 1
2409531 1
2412332 1
2415537 1
2420018 1
2420029 1
2424329 1
2424422 1
2429422 1
2430786 1
2431682 1
2435083 1
2435956 1
2437491 1
2438559 1
2440172 1
2442344 1
2442687 1
2443213 1
2445735 1
2446349 1
2453731 1
2454957 1
2462205 1
2464508 1
2465743 1
2466782 1
2473733 1
2476623 1
2478466 1
2482753 1
2486643 1
2490717 1
2494118 1
2504664 1
2515072 1
2517582 1
2523059 1
2529011 1
2539775 1
2542688 1
2543693 1
2544232 1
2545898 1
2547575 1
2550644 1
2558754 1
2559963 1
2561916 1
2564729 1
2570798 1
2572348 1
2573589 1
2577007 1
2580817 1
2581626 1
2581634 1
2582976 1
2591897 1
2591978 1
2592194 1
2592872 1
2596304 1
2607792 1
2608467 1
2613056 1
2622798 1
2623547 1
2635167 1
2636647 1
2642028 1
2642926 1
2645603 1
2656785 1
2665761 1
2667119 1
2689054 1
2702795 1
2709170 1
2710837 1
2716087 1
2730630 1
2731478 1
2738668 1
2753641 1
2764891 1
2765403 1
2774355 1
2781038 1
2781141 1
2781812 1
2782483 1
2783311 1
2783884 1
2789373 1
2789928 1
2800521 1
2801244 1
2801269 1
2801787 1
2801845 1
2806161 1
2812638 1
2817574 1
2817919 1
2817955 1
2820674 1
2823575 1
2829028 1
2833411 1
2834518 1
2835712 1
2837393 1
2838229 1
2838397 1
2840875 1
2844152 1
2851718 1
2859151 1
2861493 1
2866786 1
2868233 1
2872432 1
2886650 1
2889471 1
2900745 1
2929754 1
2931458 1
2939914 1
2943425 1
2946371 1
2953124 1
2953908 1
2958661 1
2969792 1
2973762 1
2982368 1
2989007 1
2991375 1
2993378 1
2997733 1
3000118 1
3001955 1
3007124 1
3009366 1
3009642 1
3014781 1
3016550 1
3016756 1
3020418 1
3023425 1
3038876 1
3043123 1
3043288 1
3046121 1
3048534 1
3052733 1
3053189 1
3063809 1
3074412 1
3074855 1
3085874 1
3091582 1
3094802 1
3096411 1
3111148 1
3111789 1
3112228 1
3114250 1
3115272 1
3116226 1
3118376 1
3118764 1
3119559 1
3119710 1
3130459 1
3145186 1
3145244 1
3149442 1
3154794 1
3161697 1
3162004 1
3162845 1
3163164 1
3166852 1
3167076 1
3168056 1
3172258 1
3178260 1
3179967 1
3181743 1
3183655 1
3189180 1
3189359 1
3206340 1
3213343 1
3218270 1
3218596 1
3220563 1
3220924 1
3221666 1
3223844 1
3224156 1
3224389 1
3226383 1
3228109 1
3236449 1
3239212 1
3250469 1
3250757 1
3253291 1
3265451 1
3266973 1
3269943 1
3271058 1
3276969 1
3279661 1
3286287 1
3287280 1
3287837 1
3288610 1
3289899 1
3291575 1
3296318 1
3298918 1
3302432 1
3306117 1
3306339 1
3311001 1
3316691 1
3320251 1
3320613 1
3331312 1
3338758 1
3346323 1
3346814 1
3359365 1
3361328 1
3363736 1
3366388 1
3366391 1
3378765 1
3381624 1
3387579 1
3391720 1
3394319 1
3408738 1
3412498 1
3414659 1
3416432 1
3418506 1
3422640 1
3428394 1
3432628 1
3435036 1
3435208 1
3436445 1
3436644 1
3436644 1
3446676 1
3454369 1
3456371 1
3468637 1
3473179 1
3473918 1
3476048 1
3476269 1
3489795 1
3491421 1
3492625 1
3500909 1
3507756 1
3509542 1
3510500 1
3513660 1
3514293 1
3516320 1
3516465 1
3521391 1
3523019 1
3524251 1
3527097 1
3536395 1
3542709 1
3545155 1
3545188 1
3554876 1
3558627 1
3560153 1
3560876 1
3560995 1
3577628 1
3579983 1
3581374 1
3582562 1
3592893 1
3595408 1
3598134 1
3600235 1
3606309 1
3612683 1
3613557 1
3625688 1
3629906 1
3637091 1
3638306 1
3641988 1
3642138 1
3652264 1
3652293 1
3653449 1
3657517 1
3691569 1
3699694 1
3701674 1
3704152 1
3709284 1
3712521 1
3718875 1
3724036 1
3736239 1
3739526 1
3741787 1
3742820 1
3742912 1
3743113 1
3743759 1
3744040 1
3748460 1
3752081 1
3759807 1
3763852 1
3769709 1
3773418 1
3776802 1
3779730 1
3780337 1
3784225 1
3787523 1
3796138 1
3810003 1
3810422 1
3811408 1
3815768 1
3816633 1
3818119 1
3819398 1
3833146 1
3833313 1
3841951 1
3852021 1
3859281 1
3864344 1
3864407 1
3872882 1
3873121 1
3878987 1
3890269 1
3891235 1
3898369 1
3898744 1
3905393 1
3907170 1
3908813 1
3910858 1
3912759 1
3914122 1
3915425 1
3929470 1
3935176 1
3945823 1
3946578 1
3947212 1
3948578 1
3948767 1
3951526 1
3952761 1
3956225 1
3967208 1
3969578 1
3978667 1
3979267 1
3983249 1
3985471 1
3986454 1
3988475 1
3988959 1
3989552 1
3991674 1
3994285 1
4004902 1
4006664 1
4006867 1
4011406 1
4013058 1
4014539 1
4016595 1
4019444 1
4021031 1
4023140 1
4024432 1
4025184 1
4026231 1
4027504 1
4029027 1
4032962 1
4033428 1
4044717 1
4045455 1
4049790 1
4057964 1
4058857 1
4062538 1
4063105 1
4065433 1
4075767 1
4077020 1
4079813 1
4082483 1
4083980 1
4085419 1
4088297 1
4090609 1
4129319 1
4135715 1
4136918 1
4138282 1
4140223 1
4144358 1
4145521 1
4160807 1
4162624 1
4162986 1
4164058 1
4166888 1
4172785 1
4175980 1
4186685 1
4193381 1
4194058 1
4194425 1
4195842 1
4197359 1
4199483 1
4206205 1
4210384 1
4214825 1
4216155 1
4216261 1
4230806 1
4232909 1
4234184 1
4235653 1
4237886 1
4250507 1
4253225 1
4257320 1
4262307 1
4263699 1
4278196 1
4282600 1
4284676 1
4298505 1
4299354 1
4319405 1
4320454 1
4321460 1
4324864 1
4326950 1
4336058 1
4337896 1
4342253 1
4342290 1
4347472 1
4349954 1
4355980 1
4356566 1
4356974 1
4364276 1
4368377 1
4370829 1
4374456 1
4375264 1
4375424 1
4375424 1
4379707 1
4380384 1
4396182 1
4396291 1
4400703 1
4401687 1
4402894 1
4405464 1
4410632 1
4411156 1
4415669 1
4417230 1
4417935 1
4418244 1
4418856 1
4420417 1
4420935 1
4423012 1
4424838 1
4433652 1
4441897 1
4444026 1
4455455 1
4468215 1
4468412 1
4468595 1
4473028 1
4476803 1
4477999 1
4481464 1
4482507 1
4488303 1
4489955 1
4490463 1
4493243 1
4495076 1
4497805 1
4505036 1
4506280 1
4507598 1
4508695 1
4515874 1
4520661 1
4532516 1
4533770 1
4541852 1
4543561 1
4545232 1
4546360 1
4552669 1
4563557 1
4565974 1
4567250 1
4573204 1
4582734 1
4587261 1
4589103 1
4594696 1
4595751 1
4597579 1
4598262 1
4602585 1
4614576 1
4616532 1
4618492 1
4619157 1
4635115 1
4637279 1
4644884 1
4647012 1
4650876 1
4651636 1
4657410 1
4661905 1
4665431 1
4669729 1
4674427 1
4677113 1
4680464 1
4684547 1
4689486 1
4694546 1
4723249 1
4723562 1
4725147 1
4731776 1
4735350 1
4737106 1
4738587 1
4738604 1
4765787 1
4767765 1
4769417 1
4785490 1
4787828 1
4794378 1
4798243 1
4799860 1
4801919 1
4803378 1
4804950 1
4805257 1
4805269 1
4805735 1
4807783 1
4815782 1
4825957 1
4827642 1
4830462 1
4831489 1
4831850 1
4834175 1
4834480 1
4835742 1
4836562 1
4838988 1
4859865 1
4860265 1
4861817 1
4861904 1
4866021 1
4878290 1
4883234 1
4894671 1
4895586 1
4896752 1
4898544 1
4900448 1
4904133 1
4904696 1
4905219 1
4908991 1
4909194 1
4913983 1
4916354 1
4920737 1
4946235 1
4949529 1
4960220 1
4961218 1
4964474 1
4964930 1
4966727 1
4970114 1
4979647 1
4981416 1
4986716 1
4987303 1
4991153 1
4992362 1
4995205 1
4995431 1
4997255 1
4999662 1
5004496 1
5023087 1
5025798 1
5026970 1
5028353 1
5029619 1
5031273 1
5039554 1
5042200 1
5043706 1
5043971 1
5045738 1
5046571 1
5048202 1
5052573 1
5054595 1
5055703 1
5061827 1
5062457 1
5067027 1
5080394 1
5081543 1
5086409 1
5087429 1
5093935 1
5109221 1
5114818 1
5115946 1
5115954 1
5116533 1
5123124 1
5130142 1
5133876 1
5136360 1
5137264 1
5138176 1
5138202 1
5139960 1
5146278 1
5146754 1
5152220 1
5157429 1
5168309 1
5178332 1
5180928 1
5187654 1
5190621 1
5194477 1
5203574 1
5207508 1
5210304 1
5216038 1
5230359 1
5236090 1
5236555 1
5237829 1
5242217 1
5248784 1
5254159 1
5258409 1
5258748 1
5263977 1
5272129 1
5272503 1
5293742 1
5295131 1
5295386 1
5306652 1
5310965 1
5315329 1
5315864 1
5317605 1
5320283 1
5325278 1
5327230 1
5335025 1
5339405 1
5356038 1
5361266 1
5375394 1
5376061 1
5376801 1
5377328 1
5379353 1
5394862 1
5405111 1
5418372 1
5418834 1
5421526 1
5427099 1
5430376 1
5430781 1
5433071 1
5434616 1
5435425 1
5439518 1
5441549 1
5445422 1
5454792 1
5483875 1
5489227 1
5495628 1
5497270 1
5498191 1
5502931 1
5506062 1
5510455 1
5510509 1
5515051 1
5524779 1
5525425 1
5529201 1
5532656 1
5533262 1
5533477 1
5536730 1
5541238 1
5549310 1
5550396 1
5561329 1
5563921 1
5566632 1
5567267 1
5570599 1
5590724 1
5592135 1
5595739 1
5605734 1
5607768 1
5618073 1
5621539 1
5625797 1
5629960 1
5648090 1
5654811 1
5661180 1
5661823 1
5664808 1
5675928 1
5677352 1
5677619 1
5679385 1
5681571 1
5682418 1
5684946 1
5686634 1
5688264 1
5694833 1
5708921 1
5709177 1
5710418 1
5710955 1
5714114 1
5719543 1
5725896 1
5725909 1
5729658 1
5731722 1
5740858 1
5742751 1
5747287 1
5748293 1
5751542 1
5757720 1
5761247 1
5762797 1
5775882 1
5791073 1
5791079 1
5791395 1
5802653 1
5803280 1
5805641 1
5805658 1
5807481 1
5808873 1
5809094 1
5816544 1
5823894 1
5824917 1
5824941 1
5827079 1
5828750 1
5835622 1
5840921 1
5843109 1
5847091 1
5848328 1
5848522 1
5854085 1
5854085 1
5854677 1
5858353 1
5869662 1
5872207 1
5872817 1
5872823 1
5877604 1
5877606 1
5878164 1
5878310 1
5879046 1
5880459 1
5890582 1
5891619 1
5893579 1
5893841 1
5905459 1
5906157 1
5918724 1
5921355 1
5921627 1
5925046 1
5927911 1
5933491 1
5933792 1
5933873 1
5936075 1
5938870 1
5944885 1
5945517 1
5950697 1
5951653 1
5968845 1
5969122 1
5969386 1
5969787 1
5969898 1
5971374 1
5972277 1
5973373 1
5973713 1
5974221 1
5974821 1
5992667 1
5993923 1
5994933 1
6009126 1
6013806 1
6014355 1
6014652 1
6015520 1
6020153 1
6025953 1
6025977 1
6026762 1
6030223 1
6031997 1
6033879 1
6034334 1
6036760 1
6039663 1
6058063 1
6060611 1
6061790 1
6066300 1
6068308 1
6080596 1
6091523 1
6101430 1
6102550 1
6117930 1
6118259 1
6119542 1
6120033 1
6121041 1
6121279 1
6122455 1
6124077 1
6127050 1
6158382 1
6159552 1
6160838 1
6187844 1
6194293 1
6194731 1
6195344 1
6196131 1
6200323 1
6228295 1
6229099 1
6241185 1
6244081 1
6249917 1
6256700 1
6259988 1
6260045 1
6264909 1
6265094 1
6265121 1
6274406 1
6276984 1
6277999 1
6284564 1
6288856 1
6309483 1
6311627 1
6315524 1
6325137 1
6331831 1
6336560 1
6345641 1
6351809 1
6353730 1
6357211 1
6360547 1
6360898 1
6363143 1
6365556 1
6377408 1
6377936 1
6381826 1
6382656 1
6386014 1
6387759 1
6389200 1
6390253 1
6394364 1
6395092 1
6395554 1
6404430 1
6406657 1
6408601 1
6417310 1
6419222 1
6423230 1
6426568 1
6427590 1
6432178 1
6434807 1
6435263 1
6437199 1
6438779 1
6440506 1
6441607 1
6448264 1
6449115 1
6450984 1
6454496 1
6465214 1
6471148 1
6476965 1
6482842 1
6484682 1
6485012 1
6485878 1
6491279 1
6492268 1
6492594 1
6505172 1
6509285 1
6516541 1
6518206 1
6528150 1
6529950 1
6532319 1
6533802 1
6541420 1
6544083 1
6549709 1
6549993 1
6550494 1
6551666 1
6560832 1
6563415 1
6567027 1
6568525 1
6569446 1
6573615 1
6575228 1
6577854 1
6583571 1
6584449 1
6584709 1
6590486 1
6590989 1
6591079 1
6591623 1
6593855 1
6598480 1
6600304 1
6605780 1
6605844 1
6607055 1
6616001 1
6620469 1
6621019 1
6621931 1
6624887 1
6627373 1
6628744 1
6629152 1
6630634 1
6631289 1
6633033 1
6638132 1
6638541 1
6640385 1
6641736 1
6644367 1
6645327 1
6654725 1
6659136 1
6659955 1
6661926 1
6667056 1
6685246 1
6697232 1
6697964 1
6709724 1
6729927 1
6730167 1
6731052 1
6732728 1
6733736 1
6737477 1
6739128 1
6740761 1
6742007 1
6742754 1
6753288 1
6754247 1
6754494 1
6755548 1
6764484 1
6766628 1
6767437 1
6769744 1
6772166 1
6772792 1
6773309 1
6787877 1
6790412 1
6798353 1
6800709 1
6802866 1
6804611 1
6805976 1
6806342 1
6807684 1
6808118 1
6818025 1
6819065 1
6825455 1
6826604 1
6828412 1
6829875 1
6835589 1
6836181 1
6837798 1
6841143 1
6841764 1
6841896 1
6843272 1
6845285 1
6848750 1
6849533 1
6851926 1
6852311 1
6856220 1
6856965 1
6861046 1
6863081 1
6868140 1
6868771 1
6869870 1
6871841 1
6872713 1
6875108 1
6885250 1
6885510 1
6891322 1
6897194 1
6897556 1
6898030 1
6901010 1
6909708 1
6910094 1
6916219 1
6920648 1
6921100 1
6921619 1
6922601 1
6922868 1
6923401 1
6924140 1
6926073 1
6928847 1
6931634 1
6932821 1
6934418 1
6934439 1
6934530 1
6934687 1
6934707 1
6936588 1
6936674 1
6937423 1
6937598 1
6937637 1
6938138 1
6938249 1
6940462 1
6940471 1
6940492 1
6940650 1
6944160 1
6944414 1
6944503 1
6947329 1
6947740 1
6950099 1
6951746 1
6952437 1
6953940 1
6958059 1
6960340 1
6960355 1
6972247 1
6976601 1
6985967 1
6987510 1
6991261 1
6999086 1
7002838 1
7006933 1
7007764 1
7008593 1
7012748 1
7017759 1
7022507 1
7022862 1
7025709 1
7027438 1
7043439 1
7044955 1
7051053 1
7056090 1
7056467 1
7057701 1
7063274 1
7066878 1
7069290 1
7070040 1
7072546 1
7075130 1
7083533 1
7088530 1
7102718 1
7104370 1
7105659 1
7109627 1
7110143 1
7110969 1
7111434 1
7112266 1
7114138 1
7115357 1
7116447 1
7119477 1
7121507 1
7121549 1
7125663 1
7129275 1
7130950 1
7131044 1
7137170 1
7138798 1
7138965 1
7143332 1
7144372 1
7152507 1
7152507 1
7158662 1
7160457 1
7160653 1
7161189 1
7163673 1
7163909 1
7165118 1
7166523 1
7168557 1
7178309 1
7182235 1
7186948 1
7192729 1
7194249 1
7195019 1
7196956 1
7200122 1
7205806 1
7209152 1
7209528 1
7212179 1
7212742 1
7223127 1
7223828 1
7225184 1
7232252 1
7240766 1
7245698 1
7254855 1
7257113 1
7260749 1
7271843 1
7277654 1
7283639 1
7297975 1
7298082 1
7306116 1
7307076 1
7316688 1
7321133 1
7323017 1
7325378 1
7327084 1
7332462 1
7334405 1
7342302 1
7345550 1
7349133 1
7353367 1
7355015 1
7356850 1
7359335 1
7360511 1
7361337 1
7366894 1
7366931 1
7367738 1
7374491 1
7377711 1
7379435 1
7382094 1
7382162 1
7393469 1
7401563 1
7402329 1
7412364 1
7412900 1
7431250 1
7436757 1
7436844 1
7439250 1
7439253 1
7440411 1
7441378 1
7441815 1
7444316 1
7460261 1
7468695 1
7477630 1
7486023 1
7490864 1
7492649 1
7494488 1
7495094 1
7497857 1
7504490 1
7505402 1
7505417 1
7510576 1
7513421 1
7514297 1
7515091 1
7534096 1
7534694 1
7535555 1
7535893 1
7538353 1
7540135 1
7542006 1
7542101 1
7548462 1
7551861 1
7555165 1
7558263 1
7567619 1
7576781 1
7579499 1
7588405 1
7589508 1
7590098 1
7591708 1
7593154 1
7593495 1
7594593 1
7595906 1
7596844 1
7605083 1
7613526 1
7618711 1
7641617 1
7644045 1
7644111 1
7644131 1
7644435 1
7646219 1
7650216 1
7653549 1
7654115 1
7655343 1
7656378 1
7656611 1
7659587 1
7661119 1
7661967 1
7670938 1
7674311 1
7677471 1
7687689 1
7688490 1
7691682 1
7694034 1
7694134 1
7699107 1
7705774 1
7708104 1
7716426 1
7726185 1
7730840 1
7731708 1
7733707 1
7734505 1
7748807 1
7759669 1
7761057 1
7765483 1
7770426 1
7777033 1
7778147 1
7778653 1
7785190 1
7791645 1
7803002 1
7805742 1
7815716 1
7823583 1
7827966 1
7831044 1
7834480 1
7837598 1
7839793 1
7841796 1
7842028 1
7842066 1
7847306 1
7854252 1
7854483 1
7854483 1
7863633 1
7869340 1
7869638 1
7871009 1
7871134 1
7872454 1
7875684 1
7876292 1
7885445 1
7885939 1
7889016 1
7889241 1
7892377 1
7900408 1
7900491 1
7909029 1
7913961 1
7916174 1
7919976 1
7923686 1
7934880 1
7936679 1
7940967 1
7945564 1
7946852 1
7947263 1
7947672 1
7948031 1
7951009 1
7951219 1
7955630 1
7957253 1
7959194 1
7968768 1
7971062 1
7975847 1
7977733 1
7984752 1
7987228 1
7987461 1
7988416 1
7997173 1
7998585 1
8007332 1
8009732 1
8011031 1
8011861 1
8012282 1
8012867 1
8013910 1
8014884 1
8015450 1
8015622 1
8018570 1
8018639 1
8021295 1
8024315 1
8026621 1
8027156 1
8027216 1
8027452 1
8029556 1
8030181 1
8030986 1
8034274 1
8037730 1
8040799 1
8041179 1
8043406 1
8044327 1
8046939 1
8047052 1
8047264 1
8053350 1
8054274 1
8056503 1
8057498 1
8058329 1
8059601 1
8060285 1
8061189 1
8063592 1
8063883 1
8064403 1
8064613 1
8067451 1
8071443 1
8075452 1
8075638 1
8077560 1
8077818 1
8079464 1
8081100 1
8083012 1
8084357 1
8087442 1
8087547 1
8088444 1
8088981 1
8095632 1
8096745 1
8098238 1
8100629 1
8100854 1
8101699 1
8102206 1
8106718 1
8107208 1
8107653 1
8109748 1
8110204 1
8112046 1
8112050 1
8118477 1
8119710 1
8121130 1
8123597 1
8124592 1
8126785 1
8129956 1
8131131 1
8131751 1
8131832 1
8132556 1
8133288 1
8133959 1
8134040 1
8135208 1
8135290 1
8135800 1
8136988 1
8137455 1
8138249 1
8138277 1
8138638 1
8141280 1
8142353 1
8142353 1
8142593 1
8143676 1
8143814 1
8144562 1
8145444 1
8147053 1
8147817 1
8149320 1
8149365 1
8149938 1
8150894 1
8151205 1
8151947 1
8152551 1
8153157 1
8159479 1
8161405 1
8161903 1
8164006 1
8164307 1
8165536 1
8166631 1
8185066 1
8185296 1
8185301 1
8189924 1
8192009 1
8195610 1
8195677 1
8196107 1
8201981 1
8202305 1
8217554 1
8225745 1
8236188 1
8244487 1
8264403 1
8264570 1
8274515 1
8274975 1
8277746 1
8284254 1
8284811 1
8293486 1
8297440 1
8297528 1
8298324 1
15350 1
15861 1
26833 1
33943 1
34897 1
42396 1
45148 1
53021 1
58249 1
59439 1
61583 1
68494 1
97726 1
97915 1
100019 1
100198 1
101098 1
101208 1
103488 1
104530 1
106774 1
107433 1
110796 1
115827 1
117105 1
117586 1
117716 1
118310 1
119458 1
119665 1
120446 1
121993 1
122224 1
123531 1
123691 1
124274 1
126314 1
127591 1
129832 1
130826 1
134074 1
134713 1
135581 1
135583 1
139340 1
142016 1
142065 1
142972 1
143892 1
144531 1
144877 1
146399 1
147290 1
148377 1
149804 1
153407 1
153982 1
154814 1
157093 1
157726 1
158891 1
159700 1
159749 1
160083 1
160179 1
161015 1
163466 1
163993 1
164465 1
165117 1
165196 1
166973 1
169376 1
169697 1
171409 1
171903 1
172862 1
173542 1
174590 1
174901 1
176600 1
177228 1
179748 1
181287 1
181737 1
182347 1
183496 1
186497 1
186795 1
186898 1
187697 1
188951 1
200648 1
201537 1
201941 1
204538 1
205350 1
205698 1
207072 1
208327 1
208408 1
210677 1
212024 1
214754 1
215355 1
215643 1
215752 1
216651 1
217155 1
218063 1
218202 1
218591 1
218925 1
219868 1
221315 1
221752 1
221913 1
222639 1
224032 1
227237 1
227599 1
228876 1
229482 1
229756 1
230606 1
230892 1
231264 1
234692 1
237617 1
239680 1
240608 1
249591 1
251308 1
255231 1
261856 1
262581 1
268009 1
269537 1
273758 1
273809 1
279838 1
286392 1
288917 1
290520 1
292175 1
304261 1
305618 1
307308 1
309879 1
311847 1
318712 1
322927 1
334734 1
335289 1
338628 1
343058 1
368928 1
369266 1
372568 1
380143 1
382878 1
383631 1
384694 1
387512 1
407788 1
418064 1
423495 1
425953 1
428580 1
436181 1
438044 1
441139 1
443000 1
443088 1
448557 1
451103 1
453381 1
453905 1
456433 1
463310 1
482379 1
487458 1
490561 1
491394 1
492202 1
492979 1
494042 1
494070 1
497615 1
497905 1
501766 1
515979 1
517113 1
520298 1
523670 1
529189 1
529251 1
533408 1
533860 1
535794 1
537786 1
554138 1
556752 1
557540 1
560750 1
564008 1
565140 1
565356 1
566097 1
574246 1
576869 1
578029 1
580871 1
584383 1
597993 1
598364 1
598410 1
610840 1
611463 1
613928 1
627692 1
632301 1
643262 1
644571 1
647028 1
647783 1
648974 1
655957 1
659889 1
664152 1
664763 1
668898 1
674752 1
677887 1
681928 1
691137 1
707603 1
708151 1
717497 1
717589 1
729160 1
731950 1
737010 1
738215 1
738445 1
752934 1
755035 1
763257 1
778446 1
789282 1
798337 1
803049 1
806068 1
812611 1
818113 1
823119 1
825825 1
826581 1
828380 1
829804 1
832807 1
832910 1
834102 1
834525 1
834767 1
836638 1
838309 1
838888 1
840046 1
843432 1
844280 1
844848 1
848294 1
870243 1
871192 1
897104 1
897837 1
900047 1
900309 1
908921 1
918432 1
921546 1
922823 1
924259 1
924814 1
927056 1
928456 1
929409 1
932228 1
934425 1
937950 1
941459 1
941584 1
941881 1
942180 1
953438 1
961504 1
967585 1
981469 1
987200 1
996537 1
997693 1
1011767 1
1027598 1
1027676 1
1029114 1
1030818 1
1038870 1
1044002 1
1044015 1
1045949 1
1046338 1
1047117 1
1047401 1
1048576 1
1056562 1
1063629 1
1067222 1
1071805 1
1078805 1
1089147 1
1096069 1
1096537 1
1097922 1
1100907 1
1105296 1
1107511 1
1109400 1
1116311 1
1117694 1
1122782 1
1126514 1
1127019 1
1127286 1
1127289 1
1127412 1
1132090 1
1135955 1
1138112 1
1154322 1
1159632 1
1165711 1
1166862 1
1171636 1
1176440 1
1181037 1
1184403 1
1185625 1
1187760 1
1189057 1
1199269 1
1208816 1
1209829 1
1213117 1
1213524 1
1214466 1
1216977 1
1220725 1
1226796 1
1227291 1
1239973 1
1240079 1
1240221 1
1242277 1
1248485 1
1257936 1
1258367 1
1263635 1
1263680 1
1272061 1
1276092 1
1280063 1
1281986 1
1294586 1
1297205 1
1302776 1
1306680 1
1306771 1
1319639 1
1324783 1
1324843 1
1331699 1
1343250 1
1349080 1
1354098 1
1356175 1
1359404 1
1367722 1
1370657 1
1372543 1
1374169 1
1375903 1
1380079 1
1385713 1
1396450 1
1397328 1
1397520 1
1399118 1
1399676 1
1400300 1
1407450 1
1408035 1
1411141 1
1417100 1
1423251 1
1424080 1
1440292 1
1443422 1
1444511 1
1451906 1
1452223 1
1458966 1
1459364 1
1460575 1
1480315 1
1481314 1
1481506 1
1488357 1
1491078 1
1491307 1
1494427 1
1496711 1
1497026 1
1497543 1
1499327 1
1510578 1
1519687 1
1521425 1
1523380 1
1523449 1
1531996 1
1532018 1
1546080 1
1547198 1
1549871 1
1549875 1
1550056 1
1550642 1
1554629 1
1555104 1
1563231 1
1564703 1
1565150 1
1571740 1
1573636 1
1581843 1
1582283 1
1594182 1
1594683 1
1595238 1
1606052 1
1607306 1
1609198 1
1619622 1
1621204 1
1621695 1
1628039 1
1629546 1
1633557 1
1639605 1
1646213 1
1651259 1
1652788 1
1659250 1
1659266 1
1659358 1
1659963 1
1662259 1
1662932 1
1667193 1
1670123 1
1670257 1
1672951 1
1675441 1
1680635 1
1680792 1
1683210 1
1685611 1
1686783 1
1694121 1
1698956 1
1700429 1
1701247 1
1702170 1
1702641 1
1719235 1
1719774 1
1721648 1
1723574 1
1730231 1
1731816 1
1731938 1
1735218 1
1742509 1
1744911 1
1754079 1
1759697 1
1759785 1
1764556 1
1784268 1
1788204 1
1788973 1
1789968 1
1792271 1
1792939 1
1801586 1
1811483 1
1811500 1
1814018 1
1818099 1
1826667 1
1827870 1
1830116 1
1830621 1
1834337 1
1853264 1
1853874 1
1855543 1
1855818 1
1856320 1
1858241 1
1874728 1
1875718 1
1876073 1
1876080 1
1879760 1
1880330 1
1880515 1
1891797 1
1896120 1
1897703 1
1898548 1
1900118 1
1900464 1
1905334 1
1912757 1
1916064 1
1928345 1
1932750 1
1934737 1
1935447 1
1937527 1
1942206 1
1952199 1
1958759 1
1964207 1
1966777 1
1967936 1
1976158 1
1976492 1
1978700 1
1978916 1
1979452 1
1980477 1
1983109 1
1990362 1
1994225 1
1996751 1
1999668 1
2009444 1
2011255 1
2012488 1
2030077 1
2032120 1
2036204 1
2039484 1
2039543 1
2039579 1
2052808 1
2053086 1
2053111 1
2055084 1
2055098 1
2071496 1
2073963 1
2080538 1
2084622 1
2085474 1
2087549 1
2089217 1
2089546 1
2102294 1
2102705 1
2112629 1
2113456 1
2113917 1
2117357 1
2119723 1
2125754 1
2132331 1
2137113 1
2139261 1
2140450 1
2149832 1
2155889 1
2171358 1
2175100 1
2178539 1
2187949 1
2188600 1
2191055 1
2204253 1
2204284 1
2205715 1
2211165 1
2223441 1
2234160 1
2236263 1
2239371 1
2248548 1
2251504 1
2257027 1
2258473 1
2266210 1
2274357 1
2274761 1
2275179 1
2277555 1
2279661 1
2284248 1
2290677 1
2293041 1
2294019 1
2295579 1
2296021 1
2300909 1
2301724 1
2306826 1
2307137 1
2312067 1
2313734 1
2320761 1
2321574 1
2326551 1
2328265 1
2332131 1
2333532 1
2334034 1
2337996 1
2338287 1
2345523 1
2352840 1
2353909 1
2354505 1
2357027 1
2357936 1
2359831 1
2362345 1
2382890 1
2385469 1
2385478 1
2390516 1
2390740 1
2392441 1
2395328 1
2401849 1
2404846 1
2407184 1
2408342 1
2419280 1
2420015 1
2421054 1
2421090 1
2421481 1
2421674 1
2422733 1
2423722 1
2424727 1
2424830 1
2426329 1
2429284 1
2429340 1
2431440 1
2432075 1
2434734 1
2435153 1
2435518 1
2440848 1
2441146 1
2442954 1
2443080 1
2443474 1
2453258 1
2456909 1
2456912 1
2463804 1
2466459 1
2472609 1
2476934 1
2478503 1
2481106 1
2484783 1
2491753 1
2495358 1
2513893 1
2517102 1
2517392 1
2518674 1
2521617 1
2522879 1
2523925 1
2528184 1
2528325 1
2531042 1
2533163 1
2533780 1
2536863 1
2540986 1
2552427 1
2556270 1
2561196 1
2569129 1
2579851 1
2587136 1
2588318 1
2592287 1
2592771 1
2594889 1
2597468 1
2606783 1
2610113 1
2616032 1
2616405 1
2621169 1
2628745 1
2636398 1
2641466 1
2644959 1
2663777 1
2669578 1
2669766 1
2672009 1
2676839 1
2682450 1
2684973 1
2689577 1
2708300 1
2711248 1
2715167 1
2720498 1
2721164 1
2721850 1
2726862 1
2733973 1
2748449 1
2756300 1
2756991 1
2759493 1
2760409 1
2761198 1
2772565 1
2773406 1
2774404 1
2780752 1
2792657 1
2793098 1
2794120 1
2799688 1
2800887 1
2801076 1
2801077 1
2801090 1
2804187 1
2807741 1
2808342 1
2809729 1
2810997 1
2812883 1
2832768 1
2833814 1
2843447 1
2849357 1
2849551 1
2854666 1
2858740 1
2862082 1
2865690 1
2865976 1
2868835 1
2869491 1
2877246 1
2878880 1
2879391 1
2879632 1
2894250 1
2895400 1
2898327 1
2901005 1
2906727 1
2909410 1
2913462 1
2915694 1
2919860 1
2926830 1
2939809 1
2965452 1
2966806 1
2970373 1
2971287 1
2971967 1
2978445 1
2979747 1
2981143 1
2983986 1
2988250 1
2991073 1
2992168 1
2996535 1
3000999 1
3001270 1
3004560 1
3007797 1
3013077 1
3019411 1
3027629 1
3029472 1
3033756 1
3034572 1
3036779 1
3046456 1
3053005 1
3056123 1
3061029 1
3072963 1
3073277 1
3078542 1
3084825 1
3087228 1
3097646 1
3102943 1
3105343 1
3105651 1
3117925 1
3118562 1
3120832 1
3128664 1
3129506 1
3132374 1
3136406 1
3148368 1
3164281 1
3166539 1
3168013 1
3169032 1
3171594 1
3173229 1
3175708 1
3177102 1
3178407 1
3179546 1
3187515 1
3191796 1
3192076 1
3194839 1
3196416 1
3198681 1
3212153 1
3217340 1
3218288 1
3224591 1
3224994 1
3226512 1
3227089 1
3235541 1
3245547 1
3247405 1
3248767 1
3251130 1
3254888 1
3255005 1
3257199 1
3261789 1
3265244 1
3266664 1
3269403 1
3273502 1
3281539 1
3282882 1
3285856 1
3287330 1
3288460 1
3300832 1
3302343 1
3302734 1
3306775 1
3307614 1
3311978 1
3313456 1
3315556 1
3331897 1
3336397 1
3338781 1
3339104 1
3342456 1
3348912 1
3357975 1
3358691 1
3362241 1
3367322 1
3368318 1
3369950 1
3381042 1
3381668 1
3389389 1
3390599 1
3397117 1
3406218 1
3408721 1
3409060 1
3414125 1
3415006 1
3419823 1
3426192 1
3433402 1
3433635 1
3434344 1
3437676 1
3438479 1
3441657 1
3445647 1
3446612 1
3449002 1
3451189 1
3451968 1
3454719 1
3457830 1
3464586 1
3477170 1
3477318 1
3481472 1
3487218 1
3492615 1
3499731 1
3502924 1
3504017 1
3507844 1
3509822 1
3512400 1
3513143 1
3514183 1
3531051 1
3533739 1
3537913 1
3538911 1
3539189 1
3541596 1
3544667 1
3544770 1
3546642 1
3556595 1
3557765 1
3561374 1
3564936 1
3573036 1
3591459 1
3605425 1
3607356 1
3619687 1
3628596 1
3631537 1
3632705 1
3633494 1
3638992 1
3643817 1
3653292 1
3653738 1
3656286 1
3658656 1
3658829 1
3661455 1
3663071 1
3664179 1
3676735 1
3682342 1
3684430 1
3684684 1
3688086 1
3688894 1
3691150 1
3697305 1
3698662 1
3701755 1
3707314 1
3707699 1
3708216 1
3716630 1
3720536 1
3722559 1
3722957 1
3723752 1
3732655 1
3738667 1
3741484 1
3745206 1
3756250 1
3757440 1
3762061 1
3764913 1
3768710 1
3769616 1
3776764 1
3776826 1
3778471 1
3783369 1
3785442 1
3786170 1
3789165 1
3792147 1
3793702 1
3794440 1
3798643 1
3801806 1
3812734 1
3823165 1
3824051 1
3830037 1
3835076 1
3850996 1
3858091 1
3858961 1
3859857 1
3862675 1
3862701 1
3863261 1
3863322 1
3863531 1
3866268 1
3869908 1
3870322 1
3871446 1
3872231 1
3873101 1
3874409 1
3905132 1
3905703 1
3906377 1
3912084 1
3932878 1
3936105 1
3936383 1
3941665 1
3947546 1
3954370 1
3956534 1
3956534 1
3969007 1
3970709 1
3973008 1
3974695 1
3975690 1
3981572 1
3988952 1
3994667 1
4008780 1
4015342 1
4018949 1
4019006 1
4028279 1
4033161 1
4041648 1
4059705 1
4060380 1
4062062 1
4065751 1
4070610 1
4074064 1
4074994 1
4081290 1
4087226 1
4101570 1
4101691 1
4103848 1
4104579 1
4105413 1
4111179 1
4127432 1
4129278 1
4129439 1
4137612 1
4138281 1
4138366 1
4144738 1
4145322 1
4150500 1
4151091 1
4152103 1
4155210 1
4157334 1
4162923 1
4165758 1
4165857 1
4167424 1
4170138 1
4177615 1
4178973 1
4181647 1
4183163 1
4196722 1
4199058 1
4209170 1
4212532 1
4214584 1
4215733 1
4221117 1
4229936 1
4233503 1
4235872 1
4236433 1
4236465 1
4236897 1
4237212 1
4239139 1
4242397 1
4254968 1
4255529 1
4255808 1
4260451 1
4261427 1
4270386 1
4273013 1
4273208 1
4273521 1
4277554 1
4277953 1
4288762 1
4292462 1
4293958 1
4295005 1
4299293 1
4319742 1
4321233 1
4332717 1
4335810 1
4336596 1
4340198 1
4341575 1
4341687 1
4342029 1
4343053 1
4343905 1
4343985 1
4344773 1
4344989 1
4348148 1
4354378 1
4356625 1
4359101 1
4361425 1
4365054 1
4365438 1
4367989 1
4368086 1
4368624 1
4372057 1
4373679 1
4375230 1
4377599 1
4379440 1
4379750 1
4379929 1
4387617 1
4396003 1
4396585 1
4397374 1
4398593 1
4399224 1
4400667 1
4401473 1
4405473 1
4410464 1
4412802 1
4415156 1
4415706 1
4417538 1
4424537 1
4427094 1
4428738 1
4429502 1
4430335 1
4430451 1
4431245 1
4434149 1
4435028 1
4437251 1
4439559 1
4439657 1
4440287 1
4451206 1
4457628 1
4470671 1
4472631 1
4479751 1
4485133 1
4486598 1
4494151 1
4496943 1
4498437 1
4498617 1
4499319 1
4501934 1
4532693 1
4534061 1
4535677 1
4545673 1
4572880 1
4582811 1
4593753 1
4619018 1
4621109 1
4621225 1
4630972 1
4648200 1
4649323 1
4654263 1
4655456 1
4657049 1
4658105 1
4661337 1
4661976 1
4662921 1
4669198 1
4682905 1
4700758 1
4702615 1
4721897 1
4725370 1
4730052 1
4737515 1
4738560 1
4738922 1
4747807 1
4760532 1
4764743 1
4769720 1
4771028 1
4771071 1
4774901 1
4788888 1
4794862 1
4796683 1
4802156 1
4802437 1
4812219 1
4814450 1
4815105 1
4818034 1
4820292 1
4826056 1
4826686 1
4850686 1
4856069 1
4859516 1
4861190 1
4861363 1
4863475 1
4867747 1
4869984 1
4880500 1
4881692 1
4889192 1
4890043 1
4893038 1
4896148 1
4896369 1
4899860 1
4900605 1
4900785 1
4912063 1
4924884 1
4927238 1
4928463 1
4932274 1
4937386 1
4955372 1
4964563 1
4967778 1
4969326 1
4972562 1
4977026 1
4981525 1
4986130 1
4986395 1
4990129 1
4992743 1
4998014 1
5000624 1
5004628 1
5008783 1
5010130 1
5011145 1
5016284 1
5017938 1
5024490 1
5025540 1
5027385 1
5029620 1
5030796 1
5035243 1
5036161 1
5036698 1
5038526 1
5047059 1
5047134 1
5053511 1
5058547 1
5081544 1
5092458 1
5106979 1
5114581 1
5118836 1
5123695 1
5134152 1
5135543 1
5135633 1
5139663 1
5139884 1
5152208 1
5154021 1
5159524 1
5159607 1
5161607 1
5170068 1
5172669 1
5172671 1
5191500 1
5192276 1
5202398 1
5204554 1
5207099 1
5207426 1
5208834 1
5210848 1
5219477 1
5220285 1
5238080 1
5243831 1
5247446 1
5249406 1
5263524 1
5266716 1
5276147 1
5278316 1
5283843 1
5287861 1
5289704 1
5290812 1
5294124 1
5294215 1
5296134 1
5306880 1
5311981 1
5323252 1
5329286 1
5336711 1
5337500 1
5337825 1
5340291 1
5343403 1
5344164 1
5344604 1
5346564 1
5347579 1
5353419 1
5364788 1
5365255 1
5367718 1
5372315 1
5393198 1
5406197 1
5417714 1
5425317 1
5428561 1
5431692 1
5435773 1
5441526 1
5442559 1
5442639 1
5443371 1
5451862 1
5452432 1
5452981 1
5460870 1
5462090 1
5487027 1
5491085 1
5496506 1
5498213 1
5508607 1
5510920 1
5519702 1
5523138 1
5544592 1
5548437 1
5550460 1
5568031 1
5591117 1
5591383 1
5593154 1
5599756 1
5605398 1
5616829 1
5617045 1
5620103 1
5620117 1
5650747 1
5651306 1
5651772 1
5651987 1
5653582 1
5661796 1
5661971 1
5663534 1
5666009 1
5671993 1
5672666 1
5673346 1
5679192 1
5679216 1
5679590 1
5681278 1
5682355 1
5685321 1
5686377 1
5687061 1
5693351 1
5699121 1
5701185 1
5705327 1
5707561 1
5710053 1
5726017 1
5727249 1
5730096 1
5735180 1
5735212 1
5749638 1
5749784 1
5750390 1
5752124 1
5756745 1
5758692 1
5761944 1
5770824 1
5783145 1
5787034 1
5790585 1
5790909 1
5792806 1
5792885 1
5796395 1
5804506 1
5805798 1
5809703 1
5810268 1
5811086 1
5811414 1
5811580 1
5813580 1
5815621 1
5819324 1
5820585 1
5822671 1
5823161 1
5827319 1
5827662 1
5836947 1
5840873 1
5847066 1
5854372 1
5858909 1
5860067 1
5860539 1
5862853 1
5863503 1
5868414 1
5874498 1
5876409 1
5876843 1
5878237 1
5879075 1
5879849 1
5880497 1
5881681 1
5888544 1
5889771 1
5890073 1
5890351 1
5890573 1
5890877 1
5893777 1
5901988 1
5902675 1
5908455 1
5914301 1
5921508 1
5926089 1
5935239 1
5938238 1
5949811 1
5952896 1
5959136 1
5970038 1
5970790 1
5974225 1
5974296 1
5991666 1
5994173 1
5998553 1
6000875 1
6007447 1
6009306 1
6009351 1
6009941 1
6013781 1
6013875 1
6029512 1
6029571 1
6030848 1
6033789 1
6035308 1
6036038 1
6041512 1
6045044 1
6046441 1
6054450 1
6060903 1
6063944 1
6070568 1
6087610 1
6090410 1
6096704 1
6097351 1
6100011 1
6104598 1
6137021 1
6144126 1
6148505 1
6152064 1
6156772 1
6157754 1
6158919 1
6171987 1
6184373 1
6185375 1
6187831 1
6191403 1
6195476 1
6197271 1
6201907 1
6224901 1
6227748 1
6228267 1
6229508 1
6229631 1
6230531 1
6232162 1
6254713 1
6266255 1
6278976 1
6280814 1
6283814 1
6287177 1
6307224 1
6308493 1
6311005 1
6314968 1
6318414 1
6330808 1
6331038 1
6331735 1
6333726 1
6335842 1
6336698 1
6337304 1
6339651 1
6343984 1
6348055 1
6353207 1
6357420 1
6358501 1
6358762 1
6365504 1
6378765 1
6379168 1
6379184 1
6381373 1
6381417 1
6381625 1
6383087 1
6387540 1
6404523 1
6408545 1
6413225 1
6414235 1
6426220 1
6428401 1
6430569 1
6438242 1
6439004 1
6449780 1
6452278 1
6453450 1
6459273 1
6470406 1
6472195 1
6474899 1
6479041 1
6484013 1
6484739 1
6485121 1
6487698 1
6487926 1
6492493 1
6501298 1
6502479 1
6503607 1
6503850 1
6508374 1
6510196 1
6520596 1
6521315 1
6521721 1
6523338 1
6524206 1
6524450 1
6534106 1
6534538 1
6535299 1
6541852 1
6542557 1
6544932 1
6550707 1
6552957 1
6554023 1
6555981 1
6557663 1
6559585 1
6560393 1
6561829 1
6572914 1
6577030 1
6580143 1
6581629 1
6583396 1
6585751 1
6587871 1
6609974 1
6611020 1
6613184 1
6626181 1
6626784 1
6628059 1
6630582 1
6630875 1
6631748 1
6633100 1
6639820 1
6644977 1
6649689 1
6651009 1
6651475 1
6671390 1
6671393 1
6671674 1
6672786 1
6675998 1
6679232 1
6683569 1
6687253 1
6691627 1
6709672 1
6714616 1
6728359 1
6743002 1
6750807 1
6752868 1
6756013 1
6757271 1
6760870 1
6771710 1
6772770 1
6773566 1
6776173 1
6785333 1
6789199 1
6790310 1
6790423 1
6792842 1
6800954 1
6800984 1
6801919 1
6802824 1
6808739 1
6808786 1
6811033 1
6811404 1
6827718 1
6833540 1
6834635 1
6835016 1
6835781 1
6836049 1
6838272 1
6841274 1
6842770 1
6844763 1
6845398 1
6848319 1
6849655 1
6850114 1
6856312 1
6861041 1
6861848 1
6865003 1
6869766 1
6869955 1
6871604 1
6883809 1
6885306 1
6895646 1
6897777 1
6912103 1
6915649 1
6916736 1
6918145 1
6918271 1
6921843 1
6923174 1
6923299 1
6923653 1
6924494 1
6924511 1
6926550 1
6927642 1
6930546 1
6930982 1
6931436 1
6932746 1
6933127 1
6935803 1
6936002 1
6936537 1
6936723 1
6937391 1
6938089 1
6939195 1
6940282 1
6940439 1
6941197 1
6943881 1
6944474 1
6945471 1
6953991 1
6954067 1
6954961 1
6955046 1
6955305 1
6963291 1
6964420 1
6964968 1
6970555 1
6976526 1
6979978 1
6986457 1
6993009 1
6994217 1
6995802 1
7000806 1
7002135 1
7011579 1
7011669 1
7018672 1
7020794 1
7021612 1
7027324 1
7027618 1
7029217 1
7030038 1
7030875 1
7033476 1
7034845 1
7040819 1
7042157 1
7044245 1
7045931 1
7050727 1
7051348 1
7052189 1
7053664 1
7055775 1
7057644 1
7063859 1
7070323 1
7070831 1
7070840 1
7073542 1
7075446 1
7076065 1
7082702 1
7099058 1
7101375 1
7105471 1
7106304 1
7108777 1
7110484 1
7110949 1
7116352 1
7116751 1
7119886 1
7120539 1
7120592 1
7120975 1
7126083 1
7129085 1
7129221 1
7130957 1
7131514 1
7133436 1
7133666 1
7136163 1
7141151 1
7141514 1
7144903 1
7146734 1
7153740 1
7157243 1
7157568 1
7159528 1
7159773 1
7160406 1
7168675 1
7170462 1
7171829 1
7180293 1
7182329 1
7182468 1
7182635 1
7193232 1
7195594 1
7196300 1
7208220 1
7210829 1
7212549 1
7212577 1
7212854 1
7219848 1
7225049 1
7227513 1
7227881 1
7231671 1
7232451 1
7232554 1
7233691 1
7238050 1
7240980 1
7243038 1
7251755 1
7271235 1
7272446 1
7273578 1
7276445 1
7289984 1
7290091 1
7290334 1
7291604 1
7293135 1
7295538 1
7296074 1
7303135 1
7304109 1
7312645 1
7316574 1
7319829 1
7320800 1
7321025 1
7323852 1
7330565 1
7332031 1
7332553 1
7335666 1
7336488 1
7336584 1
7342694 1
7342808 1
7344456 1
7349683 1
7352055 1
7353858 1
7356589 1
7357471 1
7357494 1
7357780 1
7359662 1
7361185 1
7362798 1
7362856 1
7364894 1
7365805 1
7372941 1
7381259 1
7385244 1
7386679 1
7387060 1
7400723 1
7403533 1
7412376 1
7412549 1
7417258 1
7419852 1
7428653 1
7437852 1
7440829 1
7460138 1
7460492 1
7464542 1
7466997 1
7482180 1
7483175 1
7484717 1
7489648 1
7493264 1
7501791 1
7503264 1
7506372 1
7509286 1
7514729 1
7526846 1
7533089 1
7539488 1
7539896 1
7545898 1
7545938 1
7551430 1
7556804 1
7556946 1
7558114 1
7560654 1
7579078 1
7583983 1
7589677 1
7591971 1
7593687 1
7594286 1
7594470 1
7595568 1
7599794 1
7600180 1
7606760 1
7615225 1
7616412 1
7628180 1
7632155 1
7635312 1
7643355 1
7646777 1
7649694 1
7652976 1
7657319 1
7660775 1
7662881 1
7667021 1
7670601 1
7673755 1
7676521 1
7686355 1
7698036 1
7704337 1
7706139 1
7708013 1
7727644 1
7727644 1
7729017 1
7759087 1
7759087 1
7772388 1
7773151 1
7775021 1
7775917 1
7776823 1
7777276 1
7782356 1
7790160 1
7791361 1
7801444 1
7824180 1
7824796 1
7826124 1
7831204 1
7831542 1
7835582 1
7840222 1
7842013 1
7842096 1
7842174 1
7856696 1
7857181 1
7859820 1
7874448 1
7874494 1
7879395 1
7886546 1
7887539 1
7889423 1
7892326 1
7902572 1
7904518 1
7905076 1
7906475 1
7907669 1
7909272 1
7915808 1
7916592 1
7920994 1
7923836 1
7924811 1
7928914 1
7928925 1
7932490 1
7933671 1
7938690 1
7940444 1
7943453 1
7958029 1
7967388 1
7968691 1
7971458 1
7976892 1
7988559 1
7994523 1
7999419 1
7999428 1
7999435 1
8000017 1
8003321 1
8004412 1
8004745 1
8005086 1
8005767 1
8006678 1
8010577 1
8010883 1
8012236 1
8012375 1
8012407 1
8013861 1
8016762 1
8017732 1
8019873 1
8023021 1
8027585 1
8027874 1
8028965 1
8036948 1
8037179 1
8037198 1
8039845 1
8040155 1
8041119 1
8041395 1
8042029 1
8045933 1
8046003 1
8046789 1
8048906 1
8053175 1
8053901 1
8055518 1
8059434 1
8059527 1
8061222 1
8061222 1
8063400 1
8063788 1
8065072 1
8065642 1
8065965 1
8071077 1
8071088 1
8071383 1
8071822 1
8073230 1
8073280 1
8075805 1
8076156 1
8076354 1
8076380 1
8076509 1
8077964 1
8078188 1
8078518 1
8080336 1
8081061 1
8081185 1
8082603 1
8084649 1
8086417 1
8087042 1
8087508 1
8088295 1
8090398 1
8097526 1
8098983 1
8099937 1
8102585 1
8103119 1
8103910 1
8105285 1
8106185 1
8106312 1
8109672 1
8114416 1
8116070 1
8117826 1
8118338 1
8120630 1
8120686 1
8121224 1
8122363 1
8123012 1
8123095 1
8123653 1
8127249 1
8128299 1
8128675 1
8129553 1
8130657 1
8131685 1
8131712 1
8133153 1
8134192 1
8139607 1
8140872 1
8140878 1
8148115 1
8148192 1
8149486 1
8152911 1
8154197 1
8155078 1
8155255 1
8156420 1
8156692 1
8157568 1
8158392 1
8163502 1
8178522 1
8184367 1
8187972 1
8190974 1
8191249 1
8197845 1
8198245 1
8209155 1
8213891 1
8217457 1
8217478 1
8218905 1
8221474 1
8224973 1
8226951 1
8229074 1
8230619 1
8237511 1
8250787 1
8255733 1
8265233 1
8270613 1
8272384 1
8272926 1
8280208 1
8287380 1
8287622 1
8293714 1
8293822 1
8300817 1
8304054 1
9829 1
9855 1
10147 1
15482 1
24742 1
24753 1
27232 1
34816 1
39063 1
44610 1
46266 1
49132 1
49364 1
55952 1
81859 1
81871 1
92588 1
98481 1
100628 1
100800 1
100914 1
101752 1
103932 1
105175 1
105571 1
106495 1
106582 1
106812 1
107181 1
107923 1
108722 1
109546 1
110079 1
111423 1
111744 1
112070 1
112121 1
112835 1
113321 1
115775 1
116796 1
117231 1
117999 1
118183 1
118535 1
118727 1
123791 1
125079 1
125537 1
129969 1
130088 1
130335 1
132041 1
132594 1
134387 1
135644 1
135983 1
136178 1
136815 1
137030 1
137207 1
137615 1
137851 1
141385 1
144744 1
145117 1
145985 1
146642 1
149891 1
150898 1
151736 1
152985 1
155108 1
155991 1
157766 1
158076 1
158652 1
159870 1
160055 1
161138 1
163666 1
164399 1
164983 1
165096 1
165605 1
167981 1
170382 1
170520 1
174350 1
174573 1
174872 1
176550 1
180832 1
183249 1
184168 1
185466 1
186549 1
187277 1
188027 1
188547 1
193030 1
194040 1
195429 1
198496 1
198667 1
199186 1
199376 1
199376 1
201131 1
204545 1
205589 1
206198 1
206353 1
207342 1
208870 1
210400 1
211086 1
211866 1
213069 1
214003 1
216020 1
216148 1
217459 1
218468 1
222608 1
224170 1
225348 1
228711 1
229076 1
229294 1
230463 1
231276 1
239469 1
244808 1
245125 1
247092 1
254214 1
256250 1
257151 1
269341 1
269792 1
272659 1
273164 1
273952 1
289038 1
289073 1
290564 1
291718 1
293890 1
294465 1
298859 1
298970 1
299192 1
301174 1
303860 1
304056 1
311763 1
317949 1
321362 1
329791 1
333877 1
351571 1
353568 1
363420 1
366309 1
376196 1
384252 1
403756 1
413779 1
421285 1
424044 1
425298 1
425610 1
425712 1
426980 1
431891 1
432071 1
434003 1
441502 1
447142 1
447791 1
450319 1
450934 1
451374 1
452141 1
454257 1
454431 1
458940 1
460031 1
461044 1
472560 1
474654 1
494208 1
495176 1
495780 1
499441 1
499611 1
500176 1
501596 1
507538 1
509804 1
511235 1
518692 1
524158 1
526305 1
547125 1
557697 1
557851 1
565943 1
569350 1
569993 1
571885 1
572998 1
573638 1
579295 1
599888 1
601343 1
610754 1
614777 1
626828 1
650642 1
650827 1
659115 1
660187 1
660370 1
660614 1
677780 1
679316 1
683984 1
689423 1
707579 1
713501 1
718330 1
719326 1
719954 1
721282 1
729532 1
730642 1
736895 1
743187 1
743334 1
744237 1
750552 1
752171 1
764765 1
768166 1
769354 1
784981 1
793333 1
801304 1
808987 1
812720 1
821118 1
834081 1
834792 1
836037 1
844954 1
845910 1
848828 1
854619 1
857183 1
859776 1
860951 1
865918 1
866331 1
867700 1
868799 1
871942 1
872014 1
897135 1
897675 1
903336 1
910304 1
910955 1
911253 1
912864 1
920046 1
921711 1
923689 1
924427 1
928779 1
934087 1
938139 1
938819 1
951106 1
951838 1
952570 1
952679 1
952723 1
954375 1
963740 1
967281 1
975739 1
976101 1
977148 1
979270 1
979271 1
980830 1
987059 1
987268 1
987986 1
991474 1
1002789 1
1009733 1
1036164 1
1037984 1
1038753 1
1039410 1
1039428 1
1040109 1
1041456 1
1042120 1
1044599 1
1046802 1
1048830 1
1049851 1
1050028 1
1050540 1
1054453 1
1060904 1
1061341 1
1063422 1
1063608 1
1071462 1
1080517 1
1083709 1
1087493 1
1087493 1
1089986 1
1095111 1
1096229 1
1098578 1
1099802 1
1099916 1
1101211 1
1101928 1
1102325 1
1107554 1
1110089 1
1118546 1
1125732 1
1126930 1
1136131 1
1145078 1
1146928 1
1147841 1
1150568 1
1153246 1
1159558 1
1163551 1
1167976 1
1170530 1
1170953 1
1171078 1
1174404 1
1182665 1
1186749 1
1187001 1
1187656 1
1190348 1
1192615 1
1199086 1
1200112 1
1206030 1
1212711 1
1214087 1
1215190 1
1215247 1
1216586 1
1218311 1
1218392 1
1219184 1
1219538 1
1219554 1
1220099 1
1220111 1
1225399 1
1226177 1
1226253 1
1227118 1
1228514 1
1230770 1
1231998 1
1233479 1
1240831 1
1253936 1
1255958 1
1256211 1
1259732 1
1264786 1
1273029 1
1274310 1
1275731 1
1278177 1
1292822 1
1294349 1
1300531 1
1302149 1
1304078 1
1309218 1
1313636 1
1318519 1
1321161 1
1323247 1
1326066 1
1327115 1
1329695 1
1338686 1
1338689 1
1341435 1
1342514 1
1345192 1
1346211 1
1346841 1
1359825 1
1362207 1
1367275 1
1370050 1
1373262 1
1376065 1
1376446 1
1377381 1
1396614 1
1397228 1
1398296 1
1399171 1
1400658 1
1405527 1
1414295 1
1422106 1
1424267 1
1431217 1
1434457 1
1434750 1
1435753 1
1439642 1
1442991 1
1450476 1
1453009 1
1456540 1
1460170 1
1461837 1
1463230 1
1463649 1
1468488 1
1470510 1
1483734 1
1484911 1
1486674 1
1494193 1
1497033 1
1497554 1
1501085 1
1509467 1
1509789 1
1510120 1
1512013 1
1519862 1
1521643 1
1522507 1
1526883 1
1528686 1
1534638 1
1535877 1
1544079 1
1544340 1
1544834 1
1546430 1
1548062 1
1556900 1
1564043 1
1575562 1
1580667 1
1582088 1
1588683 1
1589974 1
1595407 1
1599607 1
1610033 1
1618622 1
1618848 1
1620530 1
1624664 1
1625036 1
1627346 1
1628903 1
1635673 1
1638990 1
1641434 1
1641748 1
1644338 1
1648688 1
1648889 1
1649000 1
1649160 1
1657487 1
1662605 1
1663458 1
1665780 1
1665780 1
1665827 1
1668345 1
1671810 1
1675459 1
1682456 1
1685558 1
1686888 1
1695872 1
1697815 1
1700018 1
1701909 1
1702506 1
1707199 1
1716684 1
1718272 1
1728335 1
1729293 1
1735062 1
1743050 1
1748957 1
1749665 1
1758819 1
1760826 1
1771352 1
1772370 1
1788446 1
1788483 1
1790027 1
1791600 1
1793790 1
1805653 1
1811531 1
1818145 1
1824527 1
1827313 1
1832218 1
1834601 1
1840808 1
1847912 1
1849624 1
1855226 1
1855524 1
1857605 1
1857633 1
1859065 1
1867801 1
1875109 1
1880383 1
1880388 1
1880538 1
1881096 1
1882413 1
1886663 1
1891416 1
1898056 1
1901441 1
1904055 1
1912531 1
1917235 1
1919633 1
1921423 1
1936981 1
1942584 1
1943312 1
1945967 1
1947541 1
1948917 1
1949936 1
1951526 1
1966313 1
1970819 1
1973395 1
1976415 1
1978835 1
1986098 1
1989506 1
1991652 1
1992296 1
1995356 1
1999891 1
2001049 1
2002449 1
2002569 1
2002671 1
2003145 1
2005798 1
2006211 1
2006844 1
2008782 1
2010082 1
2011282 1
2013901 1
2015774 1
2017041 1
2019315 1
2025378 1
2027562 1
2033201 1
2036189 1
2039217 1
2039994 1
2053301 1
2053744 1
2055842 1
2063966 1
2065511 1
2070902 1
2072524 1
2072878 1
2078225 1
2079282 1
2092114 1
2092633 1
2093942 1
2095803 1
2100793 1
2100953 1
2112719 1
2113966 1
2115811 1
2118065 1
2120339 1
2125073 1
2127943 1
2130002 1
2147566 1
2152860 1
2163945 1
2171442 1
2171581 1
2175214 1
2179706 1
2183615 1
2185271 1
2185642 1
2186378 1
2193930 1
2194816 1
2197904 1
2197998 1
2205072 1
2205096 1
2237280 1
2238943 1
2249694 1
2251664 1
2255847 1
2261141 1
2266662 1
2271788 1
2272241 1
2273419 1
2274689 1
2280012 1
2281224 1
2282816 1
2283512 1
2284322 1
2284337 1
2286637 1
2291360 1
2297566 1
2299498 1
2299501 1
2300862 1
2301446 1
2313102 1
2321884 1
2323386 1
2324126 1
2325140 1
2325294 1
2327350 1
2335088 1
2344504 1
2358974 1
2374378 1
2375500 1
2376450 1
2376488 1
2376699 1
2377481 1
2377555 1
2385172 1
2386942 1
2388317 1
2398959 1
2400023 1
2406178 1
2406688 1
2407419 1
2407956 1
2411692 1
2420826 1
2422001 1
2422298 1
2422608 1
2424191 1
2425372 1
2427714 1
2428623 1
2430376 1
2431303 1
2433200 1
2433288 1
2438135 1
2439628 1
2440025 1
2440294 1
2440384 1
2441134 1
2453173 1
2468562 1
2476869 1
2476928 1
2478165 1
2478847 1
2481789 1
2484157 1
2495419 1
2496132 1
2506122 1
2516910 1
2517862 1
2518786 1
2521540 1
2527966 1
2529033 1
2531381 1
2533753 1
2543248 1
2548665 1
2549879 1
2552003 1
2553950 1
2555037 1
2556464 1
2560153 1
2561597 1
2563265 1
2565680 1
2566075 1
2566275 1
2569910 1
2569915 1
2577269 1
2580173 1
2584965 1
2586024 1
2588634 1
2588895 1
2589234 1
2589403 1
2590594 1
2591709 1
2591802 1
2592127 1
2592305 1
2592798 1
2594155 1
2594802 1
2599241 1
2618966 1
2622263 1
2622627 1
2624466 1
2629674 1
2633683 1
2635203 1
2645441 1
2651034 1
2652671 1
2654598 1
2654721 1
2655859 1
2661857 1
2667364 1
2675669 1
2676269 1
2678740 1
2683464 1
2693853 1
2700587 1
2712890 1
2727061 1
2727943 1
2730170 1
2741804 1
2754237 1
2755248 1
2756953 1
2760987 1
2764829 1
2767538 1
2769635 1
2771534 1
2773205 1
2781151 1
2782765 1
2784395 1
2785581 1
2792392 1
2792413 1
2794326 1
2795957 1
2800346 1
2800373 1
2801872 1
2805624 1
2806471 1
2811664 1
2812939 1
2817254 1
2817446 1
2821487 1
2836387 1
2838699 1
2848392 1
2850538 1
2853495 1
2854675 1
2865176 1
2869352 1
2875997 1
2878697 1
2880450 1
2881724 1
2885736 1
2892280 1
2892654 1
2897087 1
2898947 1
2907670 1
2910659 1
2911315 1
2912515 1
2915584 1
2916283 1
2919647 1
2922332 1
2924607 1
2925028 1
2926140 1
2928833 1
2929392 1
2931331 1
2932570 1
2940137 1
2943481 1
2949508 1
2949757 1
2950860 1
2979399 1
3002162 1
3002791 1
3003801 1
3008393 1
3013923 1
3015146 1
3016632 1
3017670 1
3023146 1
3026346 1
3026843 1
3027440 1
3030270 1
3039756 1
3041773 1
3043269 1
3048659 1
3051947 1
3057778 1
3058631 1
3059192 1
3060811 1
3062270 1
3062436 1
3063908 1
3066928 1
3075753 1
3078164 1
3084664 1
3092293 1
3092942 1
3094371 1
3095482 1
3098007 1
3103050 1
3104442 1
3107148 1
3110009 1
3113819 1
3114226 1
3114445 1
3114447 1
3119672 1
3121915 1
3136356 1
3138767 1
3143057 1
3143330 1
3145286 1
3147734 1
3154398 1
3158037 1
3175880 1
3202814 1
3204143 1
3210839 1
3216229 1
3221299 1
3224366 1
3225609 1
3226112 1
3235932 1
3239221 1
3239947 1
3240824 1
3242212 1
3250919 1
3251762 1
3256157 1
3258811 1
3260374 1
3261483 1
3269237 1
3270677 1
3272066 1
3272189 1
3272895 1
3274733 1
3277701 1
3278925 1
3280139 1
3281214 1
3284383 1
3285972 1
3287095 1
3289288 1
3291230 1
3296148 1
3296657 1
3300079 1
3301995 1
3305640 1
3313653 1
3320144 1
3320455 1
3321082 1
3328020 1
3330213 1
3331936 1
3334944 1
3341465 1
3361896 1
3364172 1
3371140 1
3374493 1
3382866 1
3393638 1
3395483 1
3395743 1
3396246 1
3403469 1
3405624 1
3407322 1
3408411 1
3410196 1
3413733 1
3418770 1
3432547 1
3434669 1
3436208 1
3439203 1
3461102 1
3467050 1
3467413 1
3472105 1
3476197 1
3480829 1
3493505 1
3496543 1
3497803 1
3503340 1
3507420 1
3513579 1
3513750 1
3513788 1
3513863 1
3525554 1
3525666 1
3531615 1
3532448 1
3537799 1
3554448 1
3573128 1
3576295 1
3578322 1
3581696 1
3587979 1
3596690 1
3599456 1
3611036 1
3621805 1
3626215 1
3626941 1
3628186 1
3636166 1
3640176 1
3646878 1
3650019 1
3654944 1
3655487 1
3655898 1
3656052 1
3657278 1
3658363 1
3659192 1
3660491 1
3666176 1
3667748 1
3670312 1
3673036 1
3674555 1
3675945 1
3680920 1
3682287 1
3692316 1
3697312 1
3699289 1
3705956 1
3712508 1
3713992 1
3717640 1
3724440 1
3727917 1
3741846 1
3745640 1
3759535 1
3763331 1
3766620 1
3771384 1
3771398 1
3771713 1
3774945 1
3780011 1
3785586 1
3786404 1
3788441 1
3794615 1
3810463 1
3822915 1
3831617 1
3834481 1
3846359 1
3846573 1
3858438 1
3859155 1
3859735 1
3860171 1
3860231 1
3860287 1
3862275 1
3862282 1
3864488 1
3867732 1
3868044 1
3872078 1
3872868 1
3873542 1
3885580 1
3888953 1
3893213 1
3897794 1
3912990 1
3921538 1
3932520 1
3937797 1
3940482 1
3941435 1
3950242 1
3950242 1
3959452 1
3962236 1
3970057 1
3970426 1
3975677 1
3976760 1
3983095 1
3987480 1
3988324 1
3992001 1
3996169 1
4001984 1
4002178 1
4005233 1
4008430 1
4017167 1
4019675 1
4020147 1
4020185 1
4027881 1
4028499 1
4032554 1
4038812 1
4041132 1
4041658 1
4045642 1
4047489 1
4048810 1
4051107 1
4051565 1
4058594 1
4058643 1
4066040 1
4069946 1
4072435 1
4076621 1
4081263 1
4082478 1
4085901 1
4090533 1
4094548 1
4103313 1
4105444 1
4105800 1
4116700 1
4124263 1
4130598 1
4139959 1
4142245 1
4144517 1
4161627 1
4162201 1
4172500 1
4172632 1
4174636 1
4190956 1
4193238 1
4194865 1
4197861 1
4199246 1
4199248 1
4205988 1
4211289 1
4216981 1
4217070 1
4217721 1
4218522 1
4224780 1
4225808 1
4228236 1
4238667 1
4246726 1
4250205 1
4251748 1
4252978 1
4253958 1
4256025 1
4258331 1
4258775 1
4259448 1
4259473 1
4263207 1
4268085 1
4272814 1
4286973 1
4293321 1
4298011 1
4298111 1
4305401 1
4306805 1
4309657 1
4313814 1
4316314 1
4321038 1
4321907 1
4324934 1
4325717 1
4329451 1
4331566 1
4336248 1
4336866 1
4338706 1
4339802 1
4339825 1
4341559 1
4341884 1
4342970 1
4344464 1
4344815 1
4346521 1
4347509 1
4348362 1
4351905 1
4356051 1
4357078 1
4357501 1
4358377 1
4364372 1
4365444 1
4366796 1
4370581 1
4373584 1
4374259 1
4390446 1
4391163 1
4392679 1
4393863 1
4399291 1
4400708 1
4404393 1
4410438 1
4413256 1
4421208 1
4422301 1
4423333 1
4423903 1
4426576 1
4426899 1
4427204 1
4430190 1
4430827 1
4432099 1
4437861 1
4437889 1
4438926 1
4438930 1
4444029 1
4444917 1
4447057 1
4450500 1
4465053 1
4485703 1
4488888 1
4490245 1
4492792 1
4505280 1
4505368 1
4514257 1
4514383 1
4534351 1
4549882 1
4554520 1
4581144 1
4584171 1
4589341 1
4591606 1
4601331 1
4608906 1
4609011 1
4610759 1
4622394 1
4622701 1
4629581 1
4629944 1
4632301 1
4632403 1
4639231 1
4641628 1
4647006 1
4647676 1
4648526 1
4652208 1
4655349 1
4656222 1
4657846 1
4660433 1
4664916 1
4670428 1
4670899 1
4675509 1
4679700 1
4684400 1
4686196 1
4690008 1
4695426 1
4698573 1
4699135 1
4701962 1
4708363 1
4716601 1
4717773 1
4734780 1
4735425 1
4738168 1
4761420 1
4765703 1
4768669 1
4773009 1
4788214 1
4807808 1
4808245 1
4814891 1
4816513 1
4820929 1
4825514 1
4826251 1
4832937 1
4836989 1
4837445 1
4838647 1
4842823 1
4857311 1
4873937 1
4875795 1
4883388 1
4895074 1
4895520 1
4896346 1
4896756 1
4898124 1
4901089 1
4902291 1
4906318 1
4908813 1
4912178 1
4915707 1
4943961 1
4947725 1
4955109 1
4965301 1
4967018 1
4979451 1
4979534 1
4986007 1
4998338 1
5004495 1
5004729 1
5014604 1
5016420 1
5018546 1
5019450 1
5021004 1
5021244 1
5026550 1
5032200 1
5032213 1
5032214 1
5033808 1
5037234 1
5038400 1
5043429 1
5044232 1
5045042 1
5046210 1
5046236 1
5047794 1
5048336 1
5049410 1
5049936 1
5051804 1
5052185 1
5067150 1
5088541 1
5090258 1
5117611 1
5118339 1
5133517 1
5139758 1
5157699 1
5159051 1
5160498 1
5163955 1
5168357 1
5169346 1
5170706 1
5181261 1
5184276 1
5184576 1
5194536 1
5201966 1
5208028 1
5210981 1
5216436 1
5227951 1
5228889 1
5240046 1
5240204 1
5240564 1
5248309 1
5248767 1
5253224 1
5253242 1
5259446 1
5273142 1
5280852 1
5283948 1
5283983 1
5285881 1
5285889 1
5291217 1
5292342 1
5293575 1
5294130 1
5300030 1
5303759 1
5314553 1
5323035 1
5323382 1
5332026 1
5333990 1
5340276 1
5340825 1
5346447 1
5350507 1
5350801 1
5351334 1
5351475 1
5353729 1
5356009 1
5365083 1
5368376 1
5369693 1
5371951 1
5373502 1
5380096 1
5385297 1
5427947 1
5428484 1
5428747 1
5431361 1
5433177 1
5434693 1
5438584 1
5439164 1
5443163 1
5449110 1
5451462 1
5458130 1
5461342 1
5466082 1
5466765 1
5468427 1
5470854 1
5479520 1
5489772 1
5494931 1
5497233 1
5500677 1
5501665 1
5503081 1
5503106 1
5505115 1
5505120 1
5505487 1
5506055 1
5509791 1
5511035 1
5514742 1
5517708 1
5520062 1
5520901 1
5521036 1
5521037 1
5523947 1
5524472 1
5526398 1
5526489 1
5526748 1
5529385 1
5535928 1
5539226 1
5541783 1
5550934 1
5553664 1
5559230 1
5563149 1
5584069 1
5591966 1
5593730 1
5596312 1
5600644 1
5600916 1
5607595 1
5609787 1
5615337 1
5616393 1
5620701 1
5621907 1
5623993 1
5633880 1
5641959 1
5642402 1
5643877 1
5650309 1
5651888 1
5657063 1
5657854 1
5661855 1
5662707 1
5663542 1
5664935 1
5670366 1
5670672 1
5671187 1
5674395 1
5675070 1
5675243 1
5677682 1
5677747 1
5678312 1
5681541 1
5681883 1
5682332 1
5683860 1
5683861 1
5684038 1
5684038 1
5684493 1
5689016 1
5690190 1
5690467 1
5691522 1
5691658 1
5692646 1
5692829 1
5693279 1
5698372 1
5698597 1
5699910 1
5700520 1
5706683 1
5708342 1
5708789 1
5709131 1
5709220 1
5710747 1
5710766 1
5715307 1
5718365 1
5718989 1
5721592 1
5722364 1
5722763 1
5735045 1
5740120 1
5742049 1
5742713 1
5742765 1
5747986 1
5751717 1
5759401 1
5770213 1
5770822 1
5771397 1
5773613 1
5773620 1
5774849 1
5778170 1
5779265 1
5782141 1
5783943 1
5788264 1
5789844 1
5789883 1
5790647 1
5800700 1
5807091 1
5807869 1
5816954 1
5819567 1
5821946 1
5824016 1
5824957 1
5828377 1
5830629 1
5835607 1
5861607 1
5863013 1
5863281 1
5865621 1
5869634 1
5876241 1
5876300 1
5877697 1
5878148 1
5879301 1
5880469 1
5881330 1
5881889 1
5886893 1
5887535 1
5890639 1
5892229 1
5892804 1
5893802 1
5893977 1
5903977 1
5907796 1
5915945 1
5921726 1
5928804 1
5929851 1
5931097 1
5942827 1
5944444 1
5945387 1
5948666 1
5948844 1
5952483 1
5961184 1
5962833 1
5962837 1
5964956 1
5965062 1
5969951 1
5970169 1
5971417 1
5972949 1
5974857 1
6005638 1
6007967 1
6014146 1
6017598 1
6027539 1
6030153 1
6037387 1
6040275 1
6040411 1
6047222 1
6051598 1
6057006 1
6057701 1
6071238 1
6083751 1
6121129 1
6122688 1
6126028 1
6126236 1
6141907 1
6150244 1
6153231 1
6156301 1
6171510 1
6182168 1
6182258 1
6183895 1
6187438 1
6188324 1
6197711 1
6201706 1
6225134 1
6225693 1
6227854 1
6237087 1
6238145 1
6239801 1
6260144 1
6264993 1
6265158 1
6269763 1
6269924 1
6278435 1
6282115 1
6287279 1
6287449 1
6288465 1
6305353 1
6307840 1
6309781 1
6318024 1
6328293 1
6335602 1
6336754 1
6344374 1
6345562 1
6346431 1
6347195 1
6355065 1
6369832 1
6371760 1
6372037 1
6389120 1
6404097 1
6404740 1
6404946 1
6405152 1
6406805 1
6410047 1
6412012 1
6414507 1
6419193 1
6423393 1
6423545 1
6424074 1
6425443 1
6438494 1
6438790 1
6448907 1
6449353 1
6453023 1
6453405 1
6473058 1
6476296 1
6479529 1
6480426 1
6480864 1
6487874 1
6497619 1
6505735 1
6506966 1
6512673 1
6514739 1
6520157 1
6521679 1
6524876 1
6529085 1
6533843 1
6536907 1
6537148 1
6537678 1
6547531 1
6553396 1
6557406 1
6557648 1
6558761 1
6560735 1
6563868 1
6565154 1
6565242 1
6566548 1
6578486 1
6578530 1
6581376 1
6581922 1
6586531 1
6588069 1
6600176 1
6601528 1
6611202 1
6612219 1
6615670 1
6617290 1
6618141 1
6618233 1
6618564 1
6618875 1
6619544 1
6621062 1
6622724 1
6622853 1
6622891 1
6627828 1
6629930 1
6630046 1
6630647 1
6640333 1
6644265 1
6644422 1
6644485 1
6646090 1
6646363 1
6647332 1
6649323 1
6653852 1
6662926 1
6674380 1
6674464 1
6679536 1
6681031 1
6686482 1
6687713 1
6695435 1
6696234 1
6709725 1
6710649 1
6713199 1
6713209 1
6716107 1
6717480 1
6718940 1
6718972 1
6725329 1
6727436 1
6731239 1
6735396 1
6735861 1
6735888 1
6737396 1
6738984 1
6740432 1
6741113 1
6742187 1
6743334 1
6754590 1
6757075 1
6758340 1
6761940 1
6764234 1
6765577 1
6765828 1
6766486 1
6769484 1
6772850 1
6774441 1
6780463 1
6784793 1
6788779 1
6792027 1
6793696 1
6803118 1
6804391 1
6805761 1
6806358 1
6806533 1
6807382 1
6812776 1
6815782 1
6815791 1
6816603 1
6824909 1
6830333 1
6830549 1
6833501 1
6834548 1
6835241 1
6842884 1
6842917 1
6844991 1
6850435 1
6854718 1
6859716 1
6860505 1
6868187 1
6873514 1
6874569 1
6876081 1
6882402 1
6893119 1
6895225 1
6896333 1
6898941 1
6900066 1
6906917 1
6914337 1
6914591 1
6914722 1
6920962 1
6921345 1
6922010 1
6922204 1
6922330 1
6922481 1
6924179 1
6924505 1
6924811 1
6925137 1
6926081 1
6926154 1
6929817 1
6929996 1
6930381 1
6930728 1
6931449 1
6933793 1
6935797 1
6936145 1
6937034 1
6937114 1
6937514 1
6937861 1
6938024 1
6938114 1
6938463 1
6940531 1
6940899 1
6944225 1
6948398 1
6948537 1
6950990 1
6951179 1
6951401 1
6952129 1
6954485 1
6954633 1
6954906 1
6955053 1
6961492 1
6970504 1
6972597 1
6979918 1
6981344 1
6981965 1
6982824 1
6983285 1
6983984 1
6988112 1
6990372 1
6991429 1
6994496 1
6994967 1
6999769 1
7000504 1
7001598 1
7005257 1
7005636 1
7007561 1
7012630 1
7017498 1
7021670 1
7022370 1
7024432 1
7026028 1
7026770 1
7027170 1
7027520 1
7030271 1
7033461 1
7039596 1
7043075 1
7047401 1
7050750 1
7052701 1
7054080 1
7059082 1
7070497 1
7076209 1
7077032 1
7103925 1
7106420 1
7106849 1
7109901 1
7110751 1
7111514 1
7113248 1
7114704 1
7115017 1
7116672 1
7117246 1
7122242 1
7125991 1
7127677 1
7129796 1
7136130 1
7143975 1
7147773 1
7155147 1
7159491 1
7160389 1
7163190 1
7164602 1
7165049 1
7165278 1
7166327 1
7166658 1
7170096 1
7173342 1
7175725 1
7208558 1
7212564 1
7215104 1
7218712 1
7218987 1
7220148 1
7220148 1
7223390 1
7224012 1
7224145 1
7224506 1
7230931 1
7232322 1
7233528 1
7235694 1
7242630 1
7258406 1
7260723 1
7261707 1
7273098 1
7277350 1
7277862 1
7279073 1
7290710 1
7291620 1
7307286 1
7313839 1
7319998 1
7326743 1
7330597 1
7336590 1
7340224 1
7344671 1
7347191 1
7356665 1
7357550 1
7361165 1
7376860 1
7380743 1
7381428 1
7381528 1
7382815 1
7385658 1
7387422 1
7388483 1
7393699 1
7396432 1
7396887 1
7402538 1
7403749 1
7404485 1
7408861 1
7417564 1
7428027 1
7429788 1
7435516 1
7435865 1
7436965 1
7439892 1
7440996 1
7442947 1
7445492 1
7447057 1
7473300 1
7475846 1
7476336 1
7479597 1
7481022 1
7484093 1
7486954 1
7488428 1
7489788 1
7490444 1
7492123 1
7494444 1
7513698 1
7514326 1
7517714 1
7518975 1
7519477 1
7520285 1
7529747 1
7540702 1
7542363 1
7546292 1
7547079 1
7554122 1
7566659 1
7569186 1
7577616 1
7580529 1
7593138 1
7594045 1
7595129 1
7596780 1
7604397 1
7604909 1
7606132 1
7610216 1
7620301 1
7621084 1
7631350 1
7634369 1
7636283 1
7639474 1
7644775 1
7645014 1
7645270 1
7648437 1
7648881 1
7653935 1
7656422 1
7659547 1
7661517 1
7663340 1
7665965 1
7676489 1
7676510 1
7677189 1
7680889 1
7682754 1
7691337 1
7693202 1
7696581 1
7697788 1
7705941 1
7714432 1
7718751 1
7730444 1
7733451 1
7733768 1
7742219 1
7742236 1
7758685 1
7760556 1
7761745 1
7772639 1
7780120 1
7784343 1
7789772 1
7790465 1
7800358 1
7808883 1
7821562 1
7829842 1
7829896 1
7831341 1
7831361 1
7834572 1
7835340 1
7840945 1
7850736 1
7856323 1
7857137 1
7857419 1
7861500 1
7864943 1
7870405 1
7872127 1
7877103 1
7881114 1
7894779 1
7896112 1
7900401 1
7902591 1
7907381 1
7909441 1
7909653 1
7914620 1
7915801 1
7921632 1
7931378 1
7936688 1
7937658 1
7945431 1
7946560 1
7947005 1
7948530 1
7949348 1
7951553 1
7957820 1
7958146 1
7960663 1
7963718 1
7965396 1
7965464 1
7981381 1
7985547 1
7997194 1
7998420 1
7999364 1
8004202 1
8004267 1
8004601 1
8006667 1
8007383 1
8008771 1
8016384 1
8018077 1
8019778 1
8019917 1
8020277 1
8021844 1
8025811 1
8032444 1
8033086 1
8033330 1
8033441 1
8034069 1
8034913 1
8035017 1
8035508 1
8035947 1
8037172 1
8039520 1
8042118 1
8042196 1
8044251 1
8044968 1
8045084 1
8047266 1
8048675 1
8049773 1
8050525 1
8052629 1
8053293 1
8053299 1
8053411 1
8054173 1
8054634 1
8055005 1
8055489 1
8055548 1
8056457 1
8057062 1
8059085 1
8066103 1
8066248 1
8067974 1
8069620 1
8070449 1
8072427 1
8074187 1
8075073 1
8075339 1
8077213 1
8078213 1
8079821 1
8083868 1
8083961 1
8086434 1
8088958 1
8090841 1
8094137 1
8095406 1
8099225 1
8099995 1
8101115 1
8102130 1
8103159 1
8103976 1
8109275 1
8110425 1
8112128 1
8113059 1
8113442 1
8114219 1
8114730 1
8115166 1
8116423 1
8116603 1
8117655 1
8117686 1
8120139 1
8120149 1
8121301 1
8121314 1
8121677 1
8122990 1
8123470 1
8124990 1
8125081 1
8127683 1
8132428 1
8132829 1
8132850 1
8132876 1
8133133 1
8134953 1
8135514 1
8135828 1
8136422 1
8137746 1
8137980 1
8138406 1
8138808 1
8138943 1
8139046 1
8139870 1
8141263 1
8142000 1
8145629 1
8150386 1
8151296 1
8151785 1
8154366 1
8155203 1
8155291 1
8155496 1
8155736 1
8157323 1
8158113 1
8159296 1
8161916 1
8164440 1
8167964 1
8182667 1
8187130 1
8187161 1
8187517 1
8187644 1
8187645 1
8189949 1
8192223 1
8193026 1
8199274 1
8210602 1
8212726 1
8212890 1
8215805 1
8218791 1
8219729 1
8221599 1
8222098 1
8222406 1
8223157 1
8224684 1
8246472 1
8249220 1
8255440 1
8260455 1
8262578 1
8274225 1
8274983 1
8292119 1
8294622 1
8301920 1
15608 1
16687 1
26778 1
53859 1
66236 1
99880 1
106639 1
113085 1
115785 1
115786 1
126845 1
127424 1
129455 1
134308 1
135551 1
137205 1
141503 1
143364 1
149654 1
150259 1
153209 1
153919 1
162541 1
162760 1
174437 1
176218 1
176409 1
204886 1
209822 1
211352 1
222042 1
222672 1
228820 1
230507 1
231925 1
248349 1
285987 1
286553 1
295253 1
299216 1
315727 1
316071 1
319492 1
320920 1
384106 1
459436 1
482438 1
482529 1
506263 1
531014 1
536467 1
549396 1
554232 1
560555 1
561400 1
562623 1
565262 1
583172 1
615477 1
624602 1
637577 1
638064 1
659827 1
666216 1
690344 1
706533 1
726888 1
730352 1
743906 1
744834 1
745681 1
752894 1
781879 1
785519 1
788976 1
814303 1
821723 1
825547 1
840387 1
840884 1
849379 1
912481 1
918574 1
920941 1
923241 1
923506 1
926045 1
930515 1
940938 1
950386 1
951527 1
972008 1
983629 1
1000276 1
1000673 1
1013125 1
1030837 1
1061239 1
1063301 1
1069606 1
1078028 1
1093243 1
1094859 1
1099188 1
1108007 1
1108312 1
1114933 1
1116620 1
1169416 1
1184553 1
1185184 1
1186469 1
1187452 1
1190075 1
1192876 1
1193382 1
1197204 1
1201861 1
1208292 1
1214379 1
1215787 1
1228975 1
1238349 1
1242000 1
1250715 1
1260693 1
1274036 1
1298656 1
1300166 1
1325984 1
1326032 1
1328978 1
1332003 1
1339688 1
1339892 1
1346286 1
1348272 1
1352047 1
1356971 1
1361520 1
1369898 1
1397383 1
1399993 1
1400192 1
1421673 1
1438939 1
1454032 1
1473372 1
1479649 1
1536200 1
1556625 1
1566773 1
1576238 1
1577422 1
1577741 1
1590774 1
1592933 1
1595777 1
1599601 1
1623096 1
1626752 1
1636377 1
1636501 1
1641204 1
1649103 1
1672547 1
1693847 1
1713539 1
1719678 1
1721943 1
1727118 1
1738468 1
1738957 1
1777944 1
1822374 1
1828570 1
1842958 1
1876784 1
1883235 1
1883827 1
1910192 1
1916359 1
1925338 1
1928275 1
1932316 1
1977417 1
1979288 1
2001724 1
2001836 1
2005622 1
2065755 1
2067891 1
2074886 1
2095522 1
2101906 1
2102194 1
2103713 1
2110270 1
2126140 1
2130629 1
2149843 1
2172841 1
2276712 1
2295155 1
2310612 1
2317955 1
2320815 1
2363661 1
2375639 1
2399189 1
2406734 1
2411629 1
2413309 1
2418713 1
2437779 1
2439701 1
2440822 1
2445851 1
2446958 1
2456491 1
2457616 1
2469314 1
2476115 1
2478265 1
2482074 1
2542733 1
2542919 1
2545831 1
2555967 1
2562039 1
2566378 1
2570896 1
2585541 1
2604139 1
2622783 1
2647293 1
2687506 1
2694492 1
2713372 1
2714387 1
2736071 1
2737608 1
2740764 1
2754905 1
2755869 1
2756343 1
2781997 1
2791620 1
2857906 1
2863416 1
2893471 1
2896679 1
2903512 1
2929301 1
2937745 1
2950575 1
2956530 1
2964383 1
2966258 1
2982290 1
2994270 1
3005285 1
3006564 1
3014219 1
3016091 1
3017850 1
3024653 1
3027782 1
3029860 1
3032612 1
3037627 1
3049098 1
3049512 1
3053023 1
3067645 1
3069245 1
3073948 1
3084162 1
3091995 1
3105933 1
3113534 1
3114054 1
3155054 1
3187682 1
3189494 1
3192291 1
3201957 1
3207594 1
3211449 1
3211931 1
3222817 1
3225323 1
3229134 1
3231843 1
3250513 1
3266417 1
3282554 1
3286965 1
3286983 1
3290609 1
3301780 1
3305548 1
3308902 1
3310469 1
3319875 1
3324837 1
3325324 1
3328657 1
3329114 1
3331102 1
3335015 1
3340189 1
3346168 1
3346168 1
3374015 1
3383342 1
3385278 1
3402067 1
3407175 1
3410762 1
3415477 1
3427315 1
3431600 1
3439380 1
3464534 1
3471257 1
3501894 1
3504786 1
3518948 1
3530296 1
3542344 1
3553445 1
3589584 1
3589692 1
3621258 1
3624621 1
3633822 1
3666931 1
3673006 1
3679473 1
3702558 1
3715751 1
3745499 1
3759868 1
3762920 1
3764122 1
3772980 1
3779504 1
3784888 1
3805579 1
3808625 1
3810495 1
3816851 1
3821210 1
3834348 1
3849322 1
3853787 1
3864215 1
3864391 1
3875607 1
3875822 1
3877086 1
3883556 1
3917184 1
3918840 1
3931445 1
3937432 1
3943066 1
3965401 1
3977189 1
4016258 1
4016789 1
4021120 1
4047464 1
4056472 1
4060379 1
4062158 1
4064958 1
4066815 1
4073459 1
4093060 1
4095293 1
4104559 1
4104607 1
4110058 1
4140861 1
4159640 1
4165039 1
4174333 1
4193890 1
4195424 1
4204235 1
4213452 1
4213942 1
4216014 1
4232917 1
4252062 1
4259047 1
4260201 1
4262350 1
4266300 1
4278526 1
4282657 1
4314196 1
4324240 1
4324331 1
4333699 1
4335853 1
4339919 1
4340420 1
4342340 1
4346849 1
4357039 1
4371406 1
4375869 1
4379629 1
4381447 1
4393954 1
4403920 1
4411125 1
4422662 1
4435195 1
4444866 1
4448701 1
4455370 1
4471090 1
4485158 1
4488743 1
4498518 1
4513584 1
4519525 1
4543188 1
4557346 1
4585552 1
4601106 1
4640045 1
4640933 1
4661632 1
4685616 1
4687959 1
4703527 1
4738374 1
4738844 1
4769670 1
4773212 1
4792476 1
4818633 1
4830764 1
4831789 1
4845774 1
4883430 1
4892963 1
4893659 1
4894661 1
4908849 1
4928454 1
4940081 1
4952200 1
4966766 1
4987219 1
4992720 1
5001900 1
5019948 1
5020447 1
5038038 1
5045839 1
5045891 1
5046089 1
5046477 1
5047193 1
5047261 1
5048935 1
5056235 1
5077460 1
5140533 1
5160423 1
5167350 1
5172767 1
5175270 1
5196626 1
5233536 1
5237944 1
5259469 1
5287556 1
5301427 1
5310934 1
5323776 1
5326204 1
5345515 1
5350222 1
5374329 1
5377019 1
5393310 1
5416906 1
5417872 1
5428496 1
5442886 1
5448836 1
5463874 1
5468801 1
5491712 1
5524191 1
5538556 1
5543562 1
5547406 1
5552150 1
5571507 1
5612860 1
5634302 1
5637231 1
5656704 1
5662521 1
5669585 1
5676783 1
5680906 1
5681029 1
5683368 1
5696105 1
5716119 1
5717784 1
5717785 1
5720028 1
5723253 1
5725545 1
5730471 1
5743214 1
5753496 1
5778938 1
5782393 1
5805582 1
5822458 1
5838231 1
5841112 1
5870413 1
5881950 1
5893831 1
5894870 1
5904504 1
5915697 1
5924055 1
5925583 1
5931633 1
5932899 1
5943963 1
5961087 1
5969482 1
5969482 1
5971797 1
5975511 1
5988596 1
6002297 1
6037997 1
6045834 1
6051550 1
6056066 1
6095832 1
6097065 1
6099999 1
6119318 1
6122821 1
6139503 1
6151368 1
6152987 1
6172384 1
6195952 1
6228445 1
6228497 1
6239764 1
6241614 1
6264708 1
6306584 1
6346533 1
6347374 1
6357329 1
6358033 1
6396039 1
6398003 1
6405187 1
6406553 1
6409494 1
6410001 1
6410214 1
6418223 1
6438720 1
6452829 1
6459247 1
6482823 1
6483110 1
6502861 1
6508518 1
6509993 1
6537533 1
6543587 1
6569903 1
6570947 1
6571651 1
6582398 1
6589072 1
6598585 1
6600342 1
6616952 1
6617245 1
6618534 1
6622895 1
6629592 1
6647023 1
6661009 1
6674902 1
6677603 1
6678601 1
6682721 1
6700315 1
6700492 1
6700838 1
6752464 1
6752763 1
6757049 1
6778272 1
6787187 1
6807782 1
6851654 1
6861583 1
6866575 1
6892532 1
6916648 1
6917119 1
6920985 1
6921358 1
6921758 1
6924583 1
6925357 1
6925813 1
6927866 1
6929150 1
6931213 1
6931969 1
6932783 1
6934495 1
6934992 1
6935645 1
6935891 1
6937176 1
6940409 1
6944516 1
6946138 1
6957218 1
6995004 1
7010828 1
7014333 1
7024973 1
7028640 1
7036760 1
7040505 1
7040984 1
7042226 1
7084706 1
7085435 1
7088666 1
7111698 1
7117807 1
7126640 1
7164010 1
7168743 1
7199430 1
7199920 1
7205759 1
7212710 1
7247670 1
7270831 1
7271916 1
7288852 1
7289933 1
7297564 1
7298571 1
7307878 1
7309298 1
7314192 1
7326655 1
7331535 1
7341949 1
7345949 1
7358192 1
7369078 1
7372924 1
7387439 1
7389068 1
7393137 1
7394380 1
7395408 1
7395909 1
7418342 1
7423392 1
7434055 1
7441678 1
7443105 1
7453910 1
7457102 1
7459856 1
7462807 1
7468525 1
7477010 1
7483693 1
7485841 1
7494807 1
7506107 1
7530591 1
7533742 1
7540392 1
7549289 1
7552268 1
7552368 1
7583927 1
7588359 1
7603833 1
7608871 1
7617684 1
7619669 1
7701346 1
7724596 1
7727508 1
7745308 1
7748686 1
7776822 1
7785385 1
7835850 1
7853523 1
7869590 1
7878708 1
7887690 1
7890455 1
7911251 1
7915826 1
7922999 1
7925744 1
7935992 1
7947017 1
8007290 1
8007299 1
8008665 1
8008862 1
8010124 1
8012955 1
8013517 1
8023477 1
8023700 1
8028806 1
8029585 1
8033355 1
8033612 1
8034043 1
8036058 1
8039153 1
8043675 1
8043793 1
8054261 1
8056214 1
8058760 1
8063366 1
8066955 1
8067497 1
8069219 1
8070390 1
8080980 1
8081557 1
8083415 1
8084466 1
8087755 1
8088505 1
8089182 1
8094345 1
8094345 1
8095836 1
8097283 1
8102470 1
8107114 1
8108157 1
8112446 1
8118218 1
8121119 1
8131125 1
8137686 1
8143556 1
8147072 1
8150500 1
8150759 1
8152223 1
8157143 1
8162642 1
8191493 1
8192254 1
8198121 1
8225751 1
8277288 1
8283511 1
8293866 1
8297876 1
