1359 1
1762 1
3731 1
9253 1
13017 1
27762 1
32601 1
45873 1
46554 1
49231 1
50276 1
56109 1
60686 1
60977 1
71807 1
86833 1
89350 1
95536 1
97726 1
97793 1
99513 1
99542 1
99764 1
100292 1
101983 1
102057 1
102115 1
102367 1
102992 1
104482 1
105307 1
105461 1
107162 1
108322 1
108471 1
109202 1
109889 1
110827 1
111852 1
111928 1
113379 1
117471 1
117659 1
118449 1
119590 1
121656 1
122047 1
123473 1
125995 1
126960 1
128113 1
128232 1
131038 1
135359 1
136966 1
137910 1
138593 1
141385 1
144877 1
146998 1
148605 1
149761 1
149953 1
150275 1
150291 1
151061 1
151131 1
156547 1
156919 1
156968 1
157726 1
160865 1
162904 1
163148 1
166266 1
168069 1
168616 1
168794 1
169355 1
171450 1
171476 1
175304 1
179175 1
179987 1
180647 1
182023 1
187503 1
188922 1
193083 1
194312 1
194506 1
195943 1
196964 1
198192 1
199200 1
205400 1
206895 1
206947 1
209203 1
211843 1
212396 1
212430 1
213012 1
213358 1
214995 1
217115 1
217321 1
218296 1
222070 1
224245 1
225049 1
225244 1
231340 1
235010 1
238885 1
242695 1
242873 1
243774 1
247321 1
247332 1
249908 1
255689 1
259545 1
272317 1
272659 1
273133 1
273231 1
273460 1
274440 1
277601 1
280789 1
283704 1
283849 1
285191 1
321102 1
322859 1
326492 1
327672 1
327863 1
328448 1
331408 1
339098 1
342581 1
349462 1
356528 1
362219 1
366850 1
408557 1
409922 1
423495 1
424940 1
428860 1
437864 1
439245 1
451125 1
452628 1
454104 1
456013 1
458710 1
459326 1
459445 1
463559 1
475711 1
477283 1
481127 1
482438 1
485790 1
486727 1
486892 1
494218 1
497855 1
500388 1
500807 1
501596 1
503092 1
503224 1
504597 1
507034 1
511235 1
514545 1
514546 1
515839 1
523329 1
530708 1
531699 1
533408 1
536155 1
541935 1
542443 1
542890 1
546346 1
554184 1
555045 1
561616 1
565838 1
570051 1
572654 1
573281 1
573569 1
573786 1
583918 1
586424 1
586961 1
598167 1
600297 1
613746 1
619367 1
624079 1
644866 1
648030 1
648880 1
658023 1
659428 1
666694 1
668684 1
670160 1
672093 1
677613 1
692300 1
694206 1
697933 1
701892 1
703609 1
717922 1
719012 1
723550 1
733298 1
736979 1
745213 1
747476 1
750626 1
752333 1
765846 1
775267 1
782278 1
788955 1
793884 1
796430 1
824598 1
826601 1
832780 1
840046 1
840345 1
840804 1
841927 1
846050 1
849369 1
852185 1
852269 1
854441 1
867176 1
868190 1
869781 1
871387 1
874964 1
881207 1
890158 1
910642 1
911371 1
911871 1
912244 1
912472 1
912864 1
913041 1
913042 1
915970 1
921471 1
921877 1
922215 1
923053 1
927056 1
928370 1
937668 1
938819 1
943065 1
946174 1
952286 1
957132 1
958373 1
961389 1
964120 1
969723 1
971669 1
972881 1
979572 1
982362 1
983408 1
983442 1
985074 1
986007 1
986179 1
986198 1
986451 1
987268 1
997679 1
999756 1
1000397 1
1002270 1
1004556 1
1004771 1
1004989 1
1011607 1
1013977 1
1015595 1
1030846 1
1040148 1
1042072 1
1043921 1
1045594 1
1047137 1
1049055 1
1054005 1
1063529 1
1064272 1
1066497 1
1067565 1
1068149 1
1069609 1
1070695 1
1070945 1
1071896 1
1071898 1
1072052 1
1072081 1
1073373 1
1073846 1
1075494 1
1080734 1
1084326 1
1091941 1
1094623 1
1097159 1
1097382 1
1100192 1
1100459 1
1100743 1
1101082 1
1101666 1
1102025 1
1104446 1
1105296 1
1107911 1
1108280 1
1108631 1
1112877 1
1118650 1
1122256 1
1126766 1
1129176 1
1129778 1
1132008 1
1134554 1
1138378 1
1147247 1
1147905 1
1148164 1
1148415 1
1151010 1
1151438 1
1155707 1
1156850 1
1165109 1
1170620 1
1172880 1
1176704 1
1176886 1
1177590 1
1179657 1
1184857 1
1186645 1
1189333 1
1198281 1
1200358 1
1200764 1
1200786 1
1201165 1
1201623 1
1206780 1
1207928 1
1208256 1
1209493 1
1209916 1
1213419 1
1213524 1
1221301 1
1222679 1
1225745 1
1225803 1
1226892 1
1230314 1
1232955 1
1234681 1
1240786 1
1255958 1
1277387 1
1280129 1
1289049 1
1295872 1
1296667 1
1297994 1
1301073 1
1301753 1
1307695 1
1308755 1
1321762 1
1322459 1
1324066 1
1329865 1
1330083 1
1330421 1
1336397 1
1337321 1
1343697 1
1347764 1
1352288 1
1356131 1
1356175 1
1365782 1
1366572 1
1367489 1
1372576 1
1375416 1
1376509 1
1379324 1
1379791 1
1389838 1
1397954 1
1400233 1
1401232 1
1401350 1
1411153 1
1412972 1
1416553 1
1422916 1
1424199 1
1424779 1
1428143 1
1430460 1
1430460 1
1430788 1
1434787 1
1435381 1
1436093 1
1438619 1
1440426 1
1442868 1
1442972 1
1443553 1
1448187 1
1451998 1
1453089 1
1458249 1
1461049 1
1463230 1
1463311 1
1464606 1
1475125 1
1476539 1
1479023 1
1486471 1
1490827 1
1495439 1
1510120 1
1515735 1
1517566 1
1519850 1
1522859 1
1523631 1
1523819 1
1525902 1
1530553 1
1533244 1
1535426 1
1535877 1
1543989 1
1546080 1
1547081 1
1547589 1
1550061 1
1553251 1
1554629 1
1560663 1
1563706 1
1566710 1
1567919 1
1568578 1
1569465 1
1577422 1
1587432 1
1587476 1
1593544 1
1593626 1
1595100 1
1596813 1
1598287 1
1602823 1
1605659 1
1609079 1
1611911 1
1623164 1
1627375 1
1629859 1
1629917 1
1632814 1
1633703 1
1641467 1
1641834 1
1642024 1
1645355 1
1646582 1
1647740 1
1648286 1
1649407 1
1651307 1
1662504 1
1663656 1
1663748 1
1664765 1
1666873 1
1670335 1
1672224 1
1673328 1
1673330 1
1674537 1
1674881 1
1675759 1
1676429 1
1676949 1
1680635 1
1687227 1
1689390 1
1689611 1
1689611 1
1690004 1
1694495 1
1694501 1
1698083 1
1698956 1
1702671 1
1704292 1
1708015 1
1709645 1
1715527 1
1719653 1
1720767 1
1723150 1
1724788 1
1724939 1
1726413 1
1733988 1
1737351 1
1740923 1
1747892 1
1761875 1
1767158 1
1770069 1
1779834 1
1782155 1
1782178 1
1782860 1
1785558 1
1787442 1
1791987 1
1792941 1
1794443 1
1801562 1
1804302 1
1810973 1
1817210 1
1823710 1
1827313 1
1845439 1
1850184 1
1852909 1
1853775 1
1855806 1
1865987 1
1874625 1
1881456 1
1891115 1
1899674 1
1904297 1
1905573 1
1909248 1
1910955 1
1919138 1
1919769 1
1929517 1
1930790 1
1935963 1
1938991 1
1943940 1
1951812 1
1957010 1
1964793 1
1973745 1
1987487 1
1992411 1
1993519 1
1999108 1
1999690 1
2001565 1
2002355 1
2005622 1
2007099 1
2016759 1
2033247 1
2034200 1
2037037 1
2037622 1
2038625 1
2053312 1
2054238 1
2062643 1
2064829 1
2067488 1
2067550 1
2073895 1
2075078 1
2076788 1
2077282 1
2078225 1
2078836 1
2088760 1
2098906 1
2099193 1
2099563 1
2102251 1
2102385 1
2104440 1
2105102 1
2107832 1
2108842 1
2109638 1
2112364 1
2116315 1
2126300 1
2126540 1
2140450 1
2142602 1
2150540 1
2156334 1
2164327 1
2164905 1
2168221 1
2171320 1
2171920 1
2172714 1
2172729 1
2173726 1
2183882 1
2184258 1
2186012 1
2189041 1
2190093 1
2197208 1
2197896 1
2200227 1
2203628 1
2211395 1
2213678 1
2222009 1
2223887 1
2227946 1
2233719 1
2241562 1
2244397 1
2247477 1
2247479 1
2250491 1
2259354 1
2260946 1
2261055 1
2265109 1
2267568 1
2274761 1
2277646 1
2284971 1
2285979 1
2290314 1
2300747 1
2303143 1
2303390 1
2303651 1
2306435 1
2319912 1
2335494 1
2335533 1
2335803 1
2341837 1
2341987 1
2342031 1
2349661 1
2356160 1
2357518 1
2358866 1
2365279 1
2370957 1
2374721 1
2376187 1
2376727 1
2384268 1
2388002 1
2392559 1
2392894 1
2396860 1
2397185 1
2399897 1
2404117 1
2408342 1
2408398 1
2409315 1
2409319 1
2411650 1
2412332 1
2415537 1
2420018 1
2420911 1
2421460 1
2423211 1
2424418 1
2429422 1
2430786 1
2436795 1
2437491 1
2438585 1
2441583 1
2441720 1
2442035 1
2442344 1
2442356 1
2445638 1
2448732 1
2448746 1
2455849 1
2459293 1
2461454 1
2462039 1
2467862 1
2468725 1
2470351 1
2478466 1
2479036 1
2482753 1
2483899 1
2489042 1
2489606 1
2494021 1
2497390 1
2501529 1
2509058 1
2512462 1
2516031 1
2517582 1
2517887 1
2529321 1
2541011 1
2541388 1
2542159 1
2548069 1
2548190 1
2548366 1
2552395 1
2553195 1
2553717 1
2555851 1
2558754 1
2561196 1
2563270 1
2563951 1
2564729 1
2577007 1
2577132 1
2578985 1
2581182 1
2581343 1
2584459 1
2586154 1
2587951 1
2591709 1
2592194 1
2596304 1
2617185 1
2618958 1
2620399 1
2622857 1
2635167 1
2636055 1
2636647 1
2642028 1
2643037 1
2645433 1
2645603 1
2649900 1
2650961 1
2652297 1
2657095 1
2664947 1
2667308 1
2672619 1
2682855 1
2684796 1
2692073 1
2702795 1
2710238 1
2710837 1
2710837 1
2712595 1
2712595 1
2718045 1
2726352 1
2731478 1
2732027 1
2734051 1
2734614 1
2736922 1
2736924 1
2737312 1
2743393 1
2769276 1
2771867 1
2773953 1
2775453 1
2777890 1
2777989 1
2780776 1
2781151 1
2781699 1
2782674 1
2782724 1
2783311 1
2783709 1
2783884 1
2784005 1
2785289 1
2787294 1
2800521 1
2812638 1
2816833 1
2817778 1
2819789 1
2820629 1
2821075 1
2827824 1
2838397 1
2838979 1
2839808 1
2844152 1
2858625 1
2865673 1
2867574 1
2875489 1
2876443 1
2879896 1
2881460 1
2883258 1
2883437 1
2885728 1
2886650 1
2895170 1
2896063 1
2897598 1
2897989 1
2899682 1
2900005 1
2900745 1
2907184 1
2911283 1
2919860 1
2919996 1
2924403 1
2931045 1
2931068 1
2931068 1
2942165 1
2943425 1
2945163 1
2947179 1
2949700 1
2951247 1
2954602 1
2955731 1
2962832 1
2966332 1
2989760 1
3001626 1
3003946 1
3007201 1
3007630 1
3015146 1
3015886 1
3017756 1
3017907 1
3024183 1
3027404 1
3033350 1
3036857 1
3038876 1
3039347 1
3039756 1
3046121 1
3046456 1
3047505 1
3048418 1
3049768 1
3051411 1
3051411 1
3053385 1
3057882 1
3066264 1
3068179 1
3074083 1
3074412 1
3077285 1
3077468 1
3085874 1
3091582 1
3093612 1
3093621 1
3096483 1
3097646 1
3098147 1
3105576 1
3105990 1
3106253 1
3112228 1
3112821 1
3115958 1
3119191 1
3119710 1
3120949 1
3126368 1
3128033 1
3143840 1
3146781 1
3149442 1
3151569 1
3161562 1
3162004 1
3162845 1
3168056 1
3168238 1
3168588 1
3174177 1
3174177 1
3179389 1
3179492 1
3180679 1
3181046 1
3181743 1
3186233 1
3187714 1
3191498 1
3193853 1
3205366 1
3206640 1
3212375 1
3213343 1
3216100 1
3216986 1
3218520 1
3221519 1
3221666 1
3224389 1
3231720 1
3244056 1
3247234 1
3249584 1
3256957 1
3260294 1
3261297 1
3261789 1
3265451 1
3266664 1
3276969 1
3288344 1
3290392 1
3291575 1
3292349 1
3297202 1
3302432 1
3311001 1
3312852 1
3319422 1
3320032 1
3320299 1
3327635 1
3331312 1
3340259 1
3342456 1
3345057 1
3345139 1
3345876 1
3349128 1
3359365 1
3359874 1
3364263 1
3377194 1
3386229 1
3389113 1
3393360 1
3405792 1
3415080 1
3415093 1
3415826 1
3418061 1
3418506 1
3427258 1
3427258 1
3429188 1
3432628 1
3435208 1
3436756 1
3437486 1
3438326 1
3442826 1
3448231 1
3449565 1
3464586 1
3465464 1
3472720 1
3473179 1
3476048 1
3481177 1
3490159 1
3491421 1
3500413 1
3503354 1
3506303 1
3508504 1
3511762 1
3512970 1
3513727 1
3516453 1
3517810 1
3526068 1
3526399 1
3529614 1
3531866 1
3539280 1
3543947 1
3549139 1
3553039 1
3559755 1
3560995 1
3563227 1
3567283 1
3568104 1
3570599 1
3579983 1
3581374 1
3582562 1
3585599 1
3598134 1
3619275 1
3632666 1
3633078 1
3635997 1
3637091 1
3647843 1
3653011 1
3657371 1
3659637 1
3661455 1
3662618 1
3665519 1
3669027 1
3669457 1
3670312 1
3675661 1
3677990 1
3679369 1
3688525 1
3690290 1
3691181 1
3701674 1
3706328 1
3709284 1
3726297 1
3740094 1
3743243 1
3746609 1
3747416 1
3748460 1
3759807 1
3777960 1
3778374 1
3779294 1
3780337 1
3783718 1
3784225 1
3787523 1
3813895 1
3814511 1
3814791 1
3815916 1
3824691 1
3831795 1
3834277 1
3834418 1
3834758 1
3837668 1
3837749 1
3838604 1
3839993 1
3839993 1
3845994 1
3860207 1
3860346 1
3860716 1
3860958 1
3865307 1
3866769 1
3870020 1
3870496 1
3877546 1
3880991 1
3885214 1
3885710 1
3886666 1
3886678 1
3891056 1
3891855 1
3893042 1
3898369 1
3898744 1
3907170 1
3913187 1
3915425 1
3916857 1
3936940 1
3937263 1
3937835 1
3941026 1
3943090 1
3946578 1
3948767 1
3951526 1
3954030 1
3955085 1
3960895 1
3961502 1
3961805 1
3963288 1
3983095 1
3983249 1
3985885 1
3986144 1
3987598 1
3988475 1
3994732 1
3995355 1
3998805 1
4002271 1
4006664 1
4008222 1
4013058 1
4020524 1
4021120 1
4023140 1
4025083 1
4026231 1
4026457 1
4027422 1
4032962 1
4033841 1
4035758 1
4038435 1
4040102 1
4048576 1
4049790 1
4058857 1
4062062 1
4062952 1
4062985 1
4064924 1
4064958 1
4064999 1
4065269 1
4065433 1
4068662 1
4069044 1
4070864 1
4071367 1
4074374 1
4075547 1
4082734 1
4083026 1
4083980 1
4084082 1
4084396 1
4089188 1
4105357 1
4111003 1
4111179 1
4115178 1
4136025 1
4138281 1
4140223 1
4142031 1
4150639 1
4151050 1
4155452 1
4156879 1
4163101 1
4164058 1
4164293 1
4169801 1
4173095 1
4177308 1
4181356 1
4182125 1
4182125 1
4183412 1
4185755 1
4189982 1
4191876 1
4194425 1
4196489 1
4196722 1
4196881 1
4197359 1
4197861 1
4197952 1
4199769 1
4203125 1
4203953 1
4207252 1
4207426 1
4210955 1
4212196 1
4215733 1
4216155 1
4219464 1
4224845 1
4226072 1
4226163 1
4229647 1
4230806 1
4232909 1
4235882 1
4236734 1
4241040 1
4242306 1
4242824 1
4250478 1
4250507 1
4251192 1
4252379 1
4258711 1
4259751 1
4261645 1
4263207 1
4264848 1
4270023 1
4271952 1
4278980 1
4279215 1
4280052 1
4282817 1
4292354 1
4297985 1
4301375 1
4308680 1
4310958 1
4319405 1
4323288 1
4324263 1
4336866 1
4338752 1
4339802 1
4340147 1
4340198 1
4346445 1
4347472 1
4351311 1
4356736 1
4358072 1
4359266 1
4360216 1
4366183 1
4366517 1
4375424 1
4375424 1
4376151 1
4378592 1
4379429 1
4379738 1
4379750 1
4380225 1
4385609 1
4393711 1
4396988 1
4400667 1
4400857 1
4401896 1
4402706 1
4403373 1
4404134 1
4405464 1
4412257 1
4415170 1
4415669 1
4423143 1
4426184 1
4433953 1
4436024 1
4439477 1
4449655 1
4462500 1
4465371 1
4469783 1
4470221 1
4474326 1
4474636 1
4474811 1
4478706 1
4482272 1
4482507 1
4486403 1
4488624 1
4488675 1
4489435 1
4500096 1
4502165 1
4503092 1
4508695 1
4521230 1
4531125 1
4533635 1
4534466 1
4535187 1
4539568 1
4546360 1
4551256 1
4563557 1
4565974 1
4567066 1
4577911 1
4579420 1
4582127 1
4589103 1
4589341 1
4595208 1
4597579 1
4609625 1
4614576 1
4617389 1
4618492 1
4619912 1
4626295 1
4649185 1
4649226 1
4654263 1
4654711 1
4655321 1
4660301 1
4661905 1
4670241 1
4670428 1
4674563 1
4677582 1
4679700 1
4680005 1
4682456 1
4682638 1
4684068 1
4686177 1
4686353 1
4687240 1
4687750 1
4688970 1
4702392 1
4710346 1
4711152 1
4717443 1
4721897 1
4723562 1
4729994 1
4731776 1
4732847 1
4736608 1
4736981 1
4737281 1
4737286 1
4744952 1
4757110 1
4765796 1
4767765 1
4771885 1
4779098 1
4787451 1
4794373 1
4797330 1
4798243 1
4799675 1
4799972 1
4800576 1
4804904 1
4806068 1
4807458 1
4807708 1
4809308 1
4810302 1
4812219 1
4813857 1
4820180 1
4821133 1
4836443 1
4838000 1
4838897 1
4839063 1
4844872 1
4846343 1
4852404 1
4854787 1
4865332 1
4867375 1
4876742 1
4879079 1
4879974 1
4881123 1
4885726 1
4894748 1
4895586 1
4902291 1
4906807 1
4908991 1
4910322 1
4913336 1
4915755 1
4928015 1
4944970 1
4947554 1
4960733 1
4961079 1
4961218 1
4963560 1
4969216 1
4969502 1
4982377 1
4983286 1
4987018 1
4991153 1
4998209 1
4999662 1
5006103 1
5008320 1
5014531 1
5016176 1
5023087 1
5027108 1
5029841 1
5033027 1
5034209 1
5037894 1
5037931 1
5040679 1
5050636 1
5052573 1
5053220 1
5059471 1
5067027 1
5074456 1
5075810 1
5093935 1
5098793 1
5107161 1
5115702 1
5115954 1
5117611 1
5117998 1
5119602 1
5131136 1
5135660 1
5136665 1
5138176 1
5138474 1
5141612 1
5146278 1
5149601 1
5151000 1
5153426 1
5155408 1
5159929 1
5162296 1
5166890 1
5172295 1
5183956 1
5193155 1
5194477 1
5200505 1
5207508 1
5211231 1
5233818 1
5237984 1
5241370 1
5241862 1
5242217 1
5245415 1
5251472 1
5254159 1
5260942 1
5261056 1
5263657 1
5272129 1
5273792 1
5281884 1
5287861 1
5288319 1
5290129 1
5293943 1
5296843 1
5296894 1
5300225 1
5300291 1
5311006 1
5315329 1
5317605 1
5321003 1
5321936 1
5323227 1
5328717 1
5332026 1
5336959 1
5337500 1
5347290 1
5347407 1
5351195 1
5352777 1
5354253 1
5363446 1
5367291 1
5369096 1
5374106 1
5375394 1
5376061 1
5376126 1
5376801 1
5377328 1
5379341 1
5408505 1
5416275 1
5417729 1
5422102 1
5423467 1
5423684 1
5424978 1
5425043 1
5430376 1
5430554 1
5430781 1
5433071 1
5439412 1
5439664 1
5440559 1
5440684 1
5441549 1
5448408 1
5449582 1
5449917 1
5450594 1
5455495 1
5462954 1
5463702 1
5468195 1
5468228 1
5469032 1
5480996 1
5482221 1
5483548 1
5483875 1
5489213 1
5489848 1
5489848 1
5497270 1
5502921 1
5503106 1
5504030 1
5505793 1
5509199 1
5509887 1
5509908 1
5511127 1
5513976 1
5515051 1
5516967 1
5520163 1
5521704 1
5525399 1
5525975 1
5527045 1
5529201 1
5531024 1
5533262 1
5535252 1
5548570 1
5548811 1
5549940 1
5553639 1
5561329 1
5565482 1
5567669 1
5570599 1
5575358 1
5575777 1
5590008 1
5591420 1
5595630 1
5595739 1
5596597 1
5597577 1
5597632 1
5599217 1
5605271 1
5605296 1
5606523 1
5608124 1
5611106 1
5615941 1
5617360 1
5628622 1
5634073 1
5635399 1
5639102 1
5639273 1
5651008 1
5659021 1
5659620 1
5661180 1
5663534 1
5663911 1
5665106 1
5675928 1
5676262 1
5677352 1
5679385 1
5679590 1
5681208 1
5682355 1
5683723 1
5684348 1
5688264 1
5692314 1
5693851 1
5702006 1
5704192 1
5705248 1
5714632 1
5720293 1
5720695 1
5722083 1
5724821 1
5726192 1
5727252 1
5727795 1
5730674 1
5737558 1
5741554 1
5744235 1
5748238 1
5757297 1
5763479 1
5778400 1
5783164 1
5791073 1
5803454 1
5803454 1
5805645 1
5807460 1
5809094 1
5819469 1
5820329 1
5824957 1
5825980 1
5827662 1
5835622 1
5838231 1
5847091 1
5848582 1
5852397 1
5854372 1
5861622 1
5877604 1
5877606 1
5878023 1
5879046 1
5879256 1
5881490 1
5881517 1
5886594 1
5888363 1
5890001 1
5891619 1
5891776 1
5896829 1
5909673 1
5915945 1
5918296 1
5919455 1
5921355 1
5923651 1
5933492 1
5943030 1
5945517 1
5948049 1
5948894 1
5950697 1
5951639 1
5951653 1
5960275 1
5966286 1
5969787 1
5970012 1
5971120 1
5973003 1
5974221 1
5974640 1
5975275 1
5976357 1
5979444 1
5981030 1
5994887 1
5996365 1
6002882 1
6003714 1
6003964 1
6006504 1
6009346 1
6011423 1
6021374 1
6025464 1
6025754 1
6025953 1
6031997 1
6033879 1
6047066 1
6047358 1
6052782 1
6056706 1
6058475 1
6060246 1
6068794 1
6079012 1
6082792 1
6086644 1
6088940 1
6108172 1
6120033 1
6120707 1
6121042 1
6123217 1
6126625 1
6129998 1
6148204 1
6149318 1
6150270 1
6150725 1
6151285 1
6153251 1
6157674 1
6158382 1
6177877 1
6185123 1
6188277 1
6194293 1
6197761 1
6201907 1
6228009 1
6228408 1
6244081 1
6254640 1
6256109 1
6256700 1
6263742 1
6264263 1
6265121 1
6272997 1
6276984 1
6289761 1
6300773 1
6303044 1
6303619 1
6304075 1
6304590 1
6307586 1
6307672 1
6308613 1
6309483 1
6312453 1
6313509 1
6313617 1
6316099 1
6320913 1
6330184 1
6330669 1
6334187 1
6334919 1
6335918 1
6336754 1
6338324 1
6339395 1
6341741 1
6342969 1
6345200 1
6345641 1
6352082 1
6353730 1
6355174 1
6357531 1
6361882 1
6364490 1
6365142 1
6377408 1
6378972 1
6383087 1
6384217 1
6395554 1
6396039 1
6396127 1
6402134 1
6402622 1
6404523 1
6407988 1
6409622 1
6412092 1
6419432 1
6421413 1
6426052 1
6428110 1
6430924 1
6438790 1
6438801 1
6441607 1
6449780 1
6452829 1
6455496 1
6465567 1
6466800 1
6467717 1
6469791 1
6475399 1
6484682 1
6484909 1
6485213 1
6490454 1
6493743 1
6497343 1
6500882 1
6505172 1
6508518 1
6509285 1
6510298 1
6516541 1
6516979 1
6517704 1
6520116 1
6521913 1
6523357 1
6524831 1
6539313 1
6540028 1
6540925 1
6543129 1
6544083 1
6551581 1
6554850 1
6554864 1
6558119 1
6559653 1
6565242 1
6572455 1
6577170 1
6580331 1
6583424 1
6584155 1
6584709 1
6584820 1
6608359 1
6613011 1
6618564 1
6620469 1
6620570 1
6620635 1
6623377 1
6624270 1
6624317 1
6630113 1
6638132 1
6638541 1
6640466 1
6641736 1
6648363 1
6651475 1
6651840 1
6654035 1
6655009 1
6664010 1
6671390 1
6673993 1
6679685 1
6687678 1
6698949 1
6710288 1
6713179 1
6714992 1
6719968 1
6719968 1
6726287 1
6731052 1
6732478 1
6732728 1
6737477 1
6738984 1
6739128 1
6739736 1
6739853 1
6741667 1
6746087 1
6752974 1
6763708 1
6764049 1
6767692 1
6771584 1
6772166 1
6772246 1
6773305 1
6773309 1
6773392 1
6774754 1
6774754 1
6779359 1
6788190 1
6794885 1
6798493 1
6802010 1
6805785 1
6805976 1
6806342 1
6808786 1
6810529 1
6816214 1
6825455 1
6826604 1
6834064 1
6835364 1
6835589 1
6841896 1
6843272 1
6843533 1
6849131 1
6849533 1
6852746 1
6859748 1
6861046 1
6869944 1
6871808 1
6871948 1
6873566 1
6874769 1
6876535 1
6879602 1
6879634 1
6882550 1
6884722 1
6885193 1
6885559 1
6893231 1
6897194 1
6898029 1
6899365 1
6912698 1
6915394 1
6915649 1
6917771 1
6918961 1
6925499 1
6926073 1
6928847 1
6929793 1
6931108 1
6932821 1
6932987 1
6933848 1
6934418 1
6934707 1
6936588 1
6937417 1
6940471 1
6941257 1
6943417 1
6944503 1
6947693 1
6950990 1
6951659 1
6953940 1
6954685 1
6957854 1
6958059 1
6960340 1
6960769 1
6961843 1
6963829 1
6970100 1
6975025 1
6984865 1
6985967 1
6988786 1
6989510 1
6996825 1
6999086 1
7005276 1
7007042 1
7007764 1
7010412 1
7019059 1
7022862 1
7023527 1
7025709 1
7027170 1
7027438 1
7028622 1
7029680 1
7030310 1
7038667 1
7038989 1
7040257 1
7042157 1
7042553 1
7042620 1
7043013 1
7044955 1
7055328 1
7056266 1
7057644 1
7066878 1
7068231 1
7068889 1
7071396 1
7071788 1
7071799 1
7072546 1
7074425 1
7076929 1
7076929 1
7078495 1
7079754 1
7081589 1
7083909 1
7087609 1
7089022 1
7102718 1
7103882 1
7105286 1
7106200 1
7106800 1
7107832 1
7108407 1
7110969 1
7111339 1
7111514 1
7112056 1
7112931 1
7113504 1
7114246 1
7119477 1
7121507 1
7122219 1
7129275 1
7129773 1
7130784 1
7130784 1
7134606 1
7139954 1
7143332 1
7146734 1
7151469 1
7151469 1
7154440 1
7155318 1
7156630 1
7156811 1
7156811 1
7157149 1
7160457 1
7161535 1
7165758 1
7166055 1
7168308 1
7168374 1
7171175 1
7180651 1
7181476 1
7182235 1
7182635 1
7184896 1
7186846 1
7186846 1
7187142 1
7193777 1
7194249 1
7199213 1
7209152 1
7211192 1
7212179 1
7212742 1
7224651 1
7227309 1
7228707 1
7229845 1
7230278 1
7231416 1
7232289 1
7232322 1
7233663 1
7239232 1
7239653 1
7242317 1
7250497 1
7250519 1
7253714 1
7258406 1
7261852 1
7268908 1
7269251 1
7272863 1
7274301 1
7279305 1
7282647 1
7284489 1
7284983 1
7290518 1
7293932 1
7297045 1
7300333 1
7300407 1
7310013 1
7314192 1
7321836 1
7321908 1
7323852 1
7327084 1
7327225 1
7327738 1
7329526 1
7341173 1
7341208 1
7341917 1
7343645 1
7344635 1
7363966 1
7365403 1
7374334 1
7377711 1
7378055 1
7380198 1
7380536 1
7381259 1
7381627 1
7386428 1
7386895 1
7387422 1
7387439 1
7388258 1
7390460 1
7394567 1
7394573 1
7396874 1
7402329 1
7404216 1
7406828 1
7406840 1
7408477 1
7412900 1
7418697 1
7420330 1
7421217 1
7425575 1
7431250 1
7434439 1
7438780 1
7441378 1
7442793 1
7449575 1
7457102 1
7458191 1
7463820 1
7494488 1
7496849 1
7497857 1
7501642 1
7539488 1
7540554 1
7542599 1
7542969 1
7543308 1
7548462 1
7549807 1
7553970 1
7557085 1
7558263 1
7564952 1
7567619 1
7568295 1
7571915 1
7585237 1
7591220 1
7591708 1
7598622 1
7608565 1
7609941 1
7610004 1
7612283 1
7614445 1
7620994 1
7633833 1
7636077 1
7637669 1
7638884 1
7642340 1
7644111 1
7645890 1
7646421 1
7650276 1
7652676 1
7652976 1
7653275 1
7655692 1
7656611 1
7661119 1
7664970 1
7669856 1
7674311 1
7677471 1
7680889 1
7685377 1
7690718 1
7694134 1
7694244 1
7697032 1
7697955 1
7716426 1
7728669 1
7730128 1
7735368 1
7735910 1
7750621 1
7755265 1
7756820 1
7758160 1
7761057 1
7767151 1
7767627 1
7777033 1
7777468 1
7788264 1
7788427 1
7789269 1
7790611 1
7792161 1
7804308 1
7817927 1
7824752 1
7831361 1
7841796 1
7847899 1
7848052 1
7855969 1
7856253 1
7857795 1
7862680 1
7863553 1
7869638 1
7869640 1
7870771 1
7871009 1
7874494 1
7878446 1
7880844 1
7882079 1
7885445 1
7885939 1
7894537 1
7900408 1
7902572 1
7904950 1
7913581 1
7913632 1
7921137 1
7923686 1
7934880 1
7943342 1
7946852 1
7951102 1
7951219 1
7956213 1
7963557 1
7964945 1
7964945 1
7965165 1
7965464 1
7965697 1
7971467 1
7974441 1
7976633 1
7984382 1
7985358 1
7988416 1
7995292 1
7995995 1
7996526 1
7997648 1
7997855 1
7998463 1
7999419 1
7999466 1
8001133 1
8003743 1
8004051 1
8004665 1
8005170 1
8005408 1
8007142 1
8011658 1
8012219 1
8012566 1
8014884 1
8015622 1
8015813 1
8016657 1
8018714 1
8021295 1
8022532 1
8024315 1
8026818 1
8029556 1
8030986 1
8031657 1
8041179 1
8041333 1
8041711 1
8042029 1
8043675 1
8044326 1
8051604 1
8052452 1
8053527 1
8056503 1
8058144 1
8058329 1
8060419 1
8061182 1
8061687 1
8061955 1
8064865 1
8064962 1
8071443 1
8071835 1
8077637 1
8079793 1
8081551 1
8084035 1
8086681 1
8087252 1
8087508 1
8087592 1
8088240 1
8090600 1
8091576 1
8097326 1
8097465 1
8098075 1
8098238 1
8099393 1
8100523 1
8103976 1
8106083 1
8106602 1
8106686 1
8108117 1
8109748 1
8110204 1
8112050 1
8112065 1
8112125 1
8116583 1
8118618 1
8119710 1
8120531 1
8121340 1
8121791 1
8123583 1
8129956 1
8131914 1
8134953 1
8135038 1
8135208 1
8135584 1
8136112 1
8136145 1
8137455 1
8138638 1
8138808 1
8139607 1
8142353 1
8143123 1
8144237 1
8144562 1
8145444 1
8145631 1
8147797 1
8148192 1
8151205 1
8151947 1
8152551 1
8153018 1
8155674 1
8156375 1
8157201 1
8158802 1
8163640 1
8165536 1
8167139 1
8177742 1
8178786 1
8185297 1
8187130 1
8188020 1
8188356 1
8190376 1
8190982 1
8198022 1
8200406 1
8209511 1
8220371 1
8220870 1
8227515 1
8236116 1
8244487 1
8264403 1
8269860 1
8297834 1
8298761 1
8310943 1
1250 1
8151 1
10021 1
17866 1
29180 1
29577 1
35651 1
40636 1
45148 1
51733 1
54372 1
65327 1
79659 1
80515 1
80515 1
86792 1
88602 1
94166 1
100019 1
101622 1
101925 1
106582 1
107005 1
107892 1
109198 1
112302 1
114471 1
115827 1
115827 1
116030 1
116270 1
118183 1
121474 1
124292 1
125088 1
125537 1
126291 1
129805 1
129832 1
129933 1
132553 1
132860 1
132860 1
133098 1
133398 1
134074 1
134232 1
136675 1
139390 1
140390 1
141443 1
142065 1
142137 1
142696 1
142974 1
144430 1
144531 1
150077 1
158891 1
160937 1
161015 1
162541 1
163316 1
163466 1
164006 1
164950 1
165196 1
165691 1
168248 1
168878 1
170520 1
173589 1
174590 1
177228 1
177495 1
178021 1
180189 1
181737 1
182598 1
185142 1
185696 1
187829 1
194485 1
196738 1
198312 1
198426 1
201942 1
206116 1
206432 1
206789 1
208408 1
208718 1
209412 1
211086 1
212409 1
213242 1
214432 1
214754 1
215924 1
217233 1
217411 1
218161 1
218925 1
219556 1
219787 1
220222 1
221315 1
222639 1
228375 1
228861 1
229482 1
229756 1
238773 1
243498 1
248466 1
252186 1
253570 1
273758 1
274911 1
278028 1
281505 1
286392 1
288535 1
290373 1
290520 1
290556 1
298985 1
304093 1
305205 1
311847 1
321830 1
326386 1
329728 1
338634 1
343058 1
344924 1
352368 1
352563 1
359062 1
364518 1
370892 1
387151 1
398715 1
415393 1
420749 1
425497 1
425953 1
426531 1
427591 1
439647 1
442392 1
443000 1
448557 1
449772 1
451252 1
452119 1
453381 1
454084 1
454159 1
459750 1
460092 1
461188 1
462117 1
484634 1
486058 1
494042 1
494208 1
500193 1
501661 1
502511 1
505996 1
514417 1
515056 1
515371 1
517113 1
520298 1
523540 1
529251 1
533860 1
535405 1
535654 1
547125 1
548873 1
551695 1
558913 1
561163 1
564008 1
566097 1
566786 1
575520 1
579295 1
579701 1
584383 1
594864 1
597584 1
598364 1
603276 1
610840 1
611463 1
615829 1
618704 1
627692 1
634345 1
644571 1
647396 1
647576 1
648808 1
654870 1
656185 1
659932 1
660678 1
661176 1
666680 1
669440 1
671499 1
677710 1
680693 1
688404 1
688604 1
692576 1
701952 1
713560 1
716419 1
718330 1
719909 1
724469 1
727732 1
734561 1
735115 1
737754 1
737765 1
745044 1
747525 1
752909 1
756073 1
763339 1
764315 1
766051 1
770262 1
771629 1
787885 1
788777 1
794433 1
800178 1
810578 1
811999 1
812165 1
818105 1
819705 1
823530 1
825409 1
826345 1
828771 1
832807 1
833103 1
834767 1
839068 1
839168 1
842495 1
844227 1
844280 1
858871 1
867051 1
868799 1
871192 1
871682 1
880657 1
881421 1
882545 1
889420 1
894998 1
899551 1
910304 1
911812 1
912178 1
916317 1
916370 1
919804 1
928779 1
931533 1
932228 1
932526 1
933339 1
938938 1
940561 1
943500 1
944549 1
953067 1
959309 1
962010 1
966204 1
972231 1
979476 1
980969 1
982522 1
983323 1
985765 1
986236 1
989911 1
994297 1
999580 1
1002891 1
1027168 1
1028441 1
1030580 1
1032773 1
1036634 1
1037707 1
1044002 1
1045842 1
1047095 1
1047117 1
1047291 1
1049563 1
1050540 1
1050699 1
1060496 1
1065658 1
1065933 1
1071437 1
1071660 1
1071805 1
1071912 1
1077183 1
1078805 1
1078890 1
1079852 1
1080114 1
1083726 1
1087125 1
1088297 1
1091422 1
1098565 1
1099001 1
1099001 1
1099775 1
1101005 1
1101076 1
1103982 1
1107844 1
1109400 1
1115868 1
1117694 1
1123306 1
1132885 1
1136695 1
1141672 1
1151468 1
1153824 1
1165680 1
1165711 1
1171068 1
1176249 1
1176964 1
1184403 1
1186749 1
1186796 1
1187760 1
1187772 1
1188159 1
1189057 1
1189391 1
1190927 1
1194965 1
1196537 1
1198468 1
1199098 1
1199950 1
1202462 1
1205891 1
1207749 1
1208067 1
1209598 1
1222098 1
1225399 1
1226120 1
1226796 1
1228004 1
1228732 1
1230069 1
1230718 1
1235553 1
1240258 1
1242396 1
1267959 1
1268810 1
1268962 1
1272061 1
1273123 1
1275334 1
1279995 1
1280063 1
1290872 1
1294586 1
1296634 1
1297734 1
1302138 1
1302776 1
1313301 1
1314221 1
1316535 1
1329614 1
1330520 1
1331699 1
1336208 1
1342588 1
1343250 1
1353321 1
1357431 1
1363181 1
1364388 1
1367722 1
1382007 1
1385713 1
1387380 1
1392198 1
1393414 1
1399676 1
1400300 1
1401220 1
1402515 1
1409321 1
1422822 1
1437176 1
1439430 1
1443109 1
1451906 1
1458573 1
1463362 1
1463649 1
1465547 1
1473420 1
1473968 1
1475108 1
1478302 1
1480411 1
1480986 1
1486069 1
1491078 1
1491770 1
1497012 1
1497543 1
1497687 1
1499327 1
1508013 1
1510101 1
1515429 1
1526684 1
1534406 1
1545405 1
1546881 1
1550056 1
1550642 1
1554469 1
1555020 1
1560337 1
1561710 1
1570562 1
1570991 1
1581807 1
1582266 1
1584439 1
1586414 1
1586494 1
1587554 1
1590502 1
1590636 1
1592942 1
1595374 1
1596784 1
1598354 1
1601004 1
1601476 1
1602998 1
1604986 1
1606052 1
1609198 1
1610033 1
1611832 1
1615019 1
1619175 1
1619622 1
1624170 1
1640140 1
1640781 1
1642346 1
1645242 1
1645607 1
1646038 1
1653463 1
1654077 1
1655875 1
1657418 1
1657522 1
1659830 1
1659963 1
1662259 1
1662932 1
1664423 1
1666011 1
1666935 1
1670123 1
1670404 1
1671339 1
1675570 1
1683210 1
1686357 1
1687470 1
1689077 1
1694478 1
1695922 1
1700551 1
1700936 1
1703085 1
1703586 1
1706336 1
1716932 1
1724353 1
1729682 1
1730231 1
1731523 1
1739126 1
1742509 1
1750348 1
1755437 1
1771057 1
1777376 1
1779485 1
1780174 1
1780317 1
1780837 1
1784710 1
1784997 1
1785116 1
1785134 1
1785704 1
1788161 1
1788973 1
1789235 1
1790027 1
1790666 1
1791771 1
1792939 1
1794006 1
1794101 1
1798287 1
1809934 1
1810974 1
1812858 1
1815463 1
1817604 1
1818099 1
1826542 1
1828858 1
1829970 1
1834337 1
1834601 1
1854846 1
1855543 1
1855818 1
1858230 1
1876334 1
1887421 1
1889565 1
1891890 1
1903201 1
1903974 1
1908030 1
1908198 1
1908860 1
1909280 1
1909638 1
1917482 1
1937527 1
1942109 1
1942849 1
1946703 1
1947287 1
1949721 1
1951623 1
1951923 1
1956724 1
1964406 1
1969860 1
1970598 1
1971188 1
1989480 1
1994225 1
1999668 1
2001273 1
2002473 1
2003477 1
2011570 1
2012226 1
2015143 1
2016549 1
2019013 1
2020561 1
2024801 1
2045991 1
2049863 1
2072255 1
2074314 1
2080538 1
2080727 1
2081495 1
2082612 1
2089217 1
2100557 1
2101089 1
2102294 1
2102766 1
2102901 1
2104946 1
2110049 1
2112132 1
2117998 1
2118648 1
2125538 1
2130016 1
2137854 1
2140467 1
2140493 1
2143890 1
2150202 1
2152179 1
2162485 1
2165383 1
2170895 1
2174404 1
2178539 1
2184948 1
2188931 1
2193930 1
2198113 1
2198663 1
2199425 1
2205715 1
2207981 1
2226535 1
2229811 1
2235573 1
2237768 1
2246215 1
2247427 1
2248233 1
2248697 1
2256231 1
2263321 1
2269965 1
2270034 1
2274231 1
2279701 1
2283819 1
2287578 1
2288649 1
2289838 1
2293041 1
2293772 1
2294019 1
2294754 1
2295487 1
2296031 1
2300352 1
2300909 1
2301724 1
2303174 1
2307137 1
2312314 1
2323601 1
2326551 1
2328903 1
2332683 1
2334390 1
2337548 1
2337596 1
2339625 1
2340968 1
2347294 1
2347610 1
2356827 1
2357027 1
2357269 1
2362345 1
2368877 1
2371164 1
2375960 1
2377561 1
2385469 1
2389682 1
2389878 1
2395890 1
2404060 1
2404846 1
2405980 1
2405985 1
2406130 1
2406750 1
2406998 1
2408366 1
2409922 1
2411216 1
2419783 1
2420264 1
2420595 1
2420597 1
2421054 1
2421674 1
2423325 1
2424467 1
2424666 1
2424727 1
2424830 1
2431390 1
2431440 1
2431746 1
2431823 1
2433480 1
2435956 1
2438729 1
2441708 1
2442071 1
2456912 1
2461191 1
2463100 1
2466782 1
2476807 1
2477003 1
2482184 1
2484684 1
2488532 1
2492796 1
2496032 1
2497055 1
2504511 1
2506146 1
2509222 1
2510104 1
2514409 1
2516910 1
2521617 1
2524484 1
2527345 1
2529727 1
2531042 1
2532375 1
2535512 1
2542204 1
2544232 1
2546054 1
2549547 1
2553948 1
2555733 1
2556270 1
2557008 1
2558028 1
2558028 1
2562422 1
2567557 1
2568170 1
2570798 1
2582665 1
2583211 1
2588984 1
2590570 1
2593473 1
2608738 1
2615128 1
2616461 1
2618436 1
2619859 1
2624269 1
2628684 1
2631238 1
2632802 1
2636706 1
2640018 1
2651530 1
2657113 1
2659235 1
2659246 1
2663777 1
2668492 1
2670476 1
2671517 1
2673021 1
2676269 1
2680650 1
2684958 1
2686013 1
2688703 1
2689577 1
2692978 1
2698537 1
2698555 1
2701816 1
2708797 1
2713498 1
2719731 1
2721953 1
2724215 1
2735825 1
2736100 1
2740150 1
2740764 1
2748078 1
2755248 1
2756006 1
2769360 1
2769484 1
2780412 1
2781585 1
2781862 1
2792657 1
2796464 1
2801129 1
2814258 1
2825148 1
2829825 1
2832768 1
2833411 1
2837337 1
2844233 1
2854666 1
2860024 1
2860079 1
2861259 1
2863871 1
2865690 1
2870442 1
2876026 1
2877464 1
2877632 1
2878880 1
2884128 1
2888362 1
2891210 1
2898503 1
2901276 1
2910829 1
2913354 1
2915694 1
2932609 1
2943743 1
2959437 1
2965623 1
2972107 1
2981143 1
2988250 1
2991073 1
2995399 1
2996010 1
3000999 1
3001699 1
3002968 1
3004712 1
3007055 1
3009021 1
3010095 1
3012475 1
3012712 1
3013077 1
3016756 1
3028200 1
3049725 1
3049938 1
3052333 1
3063242 1
3064362 1
3069878 1
3086725 1
3087228 1
3089334 1
3090914 1
3091897 1
3094645 1
3099290 1
3101632 1
3105651 1
3111605 1
3111789 1
3112061 1
3113435 1
3120832 1
3124185 1
3126010 1
3132046 1
3134482 1
3135501 1
3143355 1
3144994 1
3145427 1
3146160 1
3147734 1
3147751 1
3151214 1
3161969 1
3162526 1
3162858 1
3163948 1
3166539 1
3169032 1
3170471 1
3172281 1
3172605 1
3177102 1
3179756 1
3187022 1
3197507 1
3202982 1
3206687 1
3208329 1
3218288 1
3220563 1
3222007 1
3224628 1
3245828 1
3248380 1
3248706 1
3257199 1
3259789 1
3261670 1
3267050 1
3267150 1
3268742 1
3269574 1
3271934 1
3272895 1
3273634 1
3274733 1
3275842 1
3276066 1
3279337 1
3280172 1
3280573 1
3281616 1
3281821 1
3282260 1
3282514 1
3282882 1
3283431 1
3284504 1
3286555 1
3288135 1
3288460 1
3288610 1
3291786 1
3294080 1
3294648 1
3297716 1
3306662 1
3307308 1
3310469 1
3312150 1
3313977 1
3320063 1
3324680 1
3327070 1
3328154 1
3328663 1
3328904 1
3330446 1
3332296 1
3332415 1
3334186 1
3336772 1
3339104 1
3340490 1
3345466 1
3346791 1
3361874 1
3373960 1
3383239 1
3383594 1
3387723 1
3389389 1
3391216 1
3394566 1
3396507 1
3402568 1
3403552 1
3406218 1
3406418 1
3408250 1
3408734 1
3409486 1
3409534 1
3411760 1
3413733 1
3418119 1
3432298 1
3433402 1
3436208 1
3439184 1
3439380 1
3441657 1
3445609 1
3448598 1
3451189 1
3451622 1
3473679 1
3473918 1
3477170 1
3481472 1
3487892 1
3488264 1
3492615 1
3504017 1
3505235 1
3507502 1
3509822 1
3514400 1
3514627 1
3516348 1
3518938 1
3526674 1
3527097 1
3527631 1
3532375 1
3533342 1
3542276 1
3542344 1
3544767 1
3544910 1
3552839 1
3559978 1
3563985 1
3569077 1
3569077 1
3569077 1
3573036 1
3583758 1
3586854 1
3586854 1
3589448 1
3589584 1
3593726 1
3595277 1
3608527 1
3615151 1
3625393 1
3625718 1
3628478 1
3629517 1
3632049 1
3632091 1
3633429 1
3635971 1
3636673 1
3644235 1
3644925 1
3646493 1
3652025 1
3654043 1
3655485 1
3655898 1
3656286 1
3657017 1
3659896 1
3662443 1
3664179 1
3668828 1
3673499 1
3676735 1
3678219 1
3683848 1
3686174 1
3686624 1
3689946 1
3691150 1
3693442 1
3693554 1
3695698 1
3696213 1
3700161 1
3701755 1
3707314 1
3707699 1
3708900 1
3717693 1
3719884 1
3729307 1
3731108 1
3731121 1
3739788 1
3740694 1
3742470 1
3742912 1
3745206 1
3752809 1
3756226 1
3757691 1
3760002 1
3760079 1
3761053 1
3764444 1
3764913 1
3768710 1
3773003 1
3774306 1
3777009 1
3778638 1
3783379 1
3790902 1
3794440 1
3801806 1
3802848 1
3805096 1
3807549 1
3816633 1
3819017 1
3824051 1
3829394 1
3832613 1
3843591 1
3847694 1
3849385 1
3858559 1
3859356 1
3859416 1
3860600 1
3860852 1
3861193 1
3862983 1
3863261 1
3863531 1
3863639 1
3866268 1
3867123 1
3870275 1
3871660 1
3875372 1
3879468 1
3881509 1
3889579 1
3893660 1
3895133 1
3896365 1
3912084 1
3918672 1
3933209 1
3936366 1
3939666 1
3943066 1
3943984 1
3946455 1
3947260 1
3954047 1
3955407 1
3961003 1
3974695 1
3975690 1
3978783 1
3988548 1
3990477 1
3996914 1
3997335 1
4000138 1
4005707 1
4010201 1
4013094 1
4016731 1
4020823 1
4030090 1
4032011 1
4036776 1
4041582 1
4044740 1
4049654 1
4061630 1
4062810 1
4062904 1
4063195 1
4063277 1
4064941 1
4065018 1
4065656 1
4065852 1
4067467 1
4069942 1
4074014 1
4079813 1
4093251 1
4095575 1
4097057 1
4103848 1
4104224 1
4105849 1
4106576 1
4123033 1
4136034 1
4136378 1
4137612 1
4140899 1
4141694 1
4143006 1
4143890 1
4144738 1
4146003 1
4149658 1
4151091 1
4151115 1
4152390 1
4153616 1
4155210 1
4156370 1
4162792 1
4162923 1
4164480 1
4165758 1
4167424 1
4175375 1
4188946 1
4190515 1
4192157 1
4193051 1
4193059 1
4198321 1
4198326 1
4206205 1
4206224 1
4207310 1
4208210 1
4211861 1
4216914 1
4219844 1
4230246 1
4233503 1
4241409 1
4242397 1
4243454 1
4249045 1
4250874 1
4252724 1
4254670 1
4256580 1
4256643 1
4257320 1
4259483 1
4261427 1
4268058 1
4273533 1
4274891 1
4276514 1
4276873 1
4285597 1
4287027 1
4288762 1
4297283 1
4298111 1
4306447 1
4321297 1
4321820 1
4325056 1
4325527 1
4339919 1
4339977 1
4340315 1
4343905 1
4346612 1
4347509 1
4348148 1
4351107 1
4359133 1
4365444 1
4365726 1
4369686 1
4373982 1
4374748 1
4379440 1
4387418 1
4399224 1
4400814 1
4401666 1
4402725 1
4403646 1
4416630 1
4417538 1
4417690 1
4422846 1
4422935 1
4424418 1
4426951 1
4428738 1
4430451 1
4430827 1
4430975 1
4431245 1
4438560 1
4457628 1
4464548 1
4473746 1
4479751 1
4486598 1
4497858 1
4497980 1
4498437 1
4504803 1
4509281 1
4512234 1
4514242 1
4514517 1
4517044 1
4528744 1
4530697 1
4533770 1
4535532 1
4543253 1
4553019 1
4557346 1
4558889 1
4564055 1
4572880 1
4573917 1
4585995 1
4587395 1
4592722 1
4593392 1
4593515 1
4593561 1
4594651 1
4601331 1
4609510 1
4613190 1
4619018 1
4647725 1
4651358 1
4667279 1
4667766 1
4667856 1
4671740 1
4677122 1
4677799 1
4683729 1
4685254 1
4692261 1
4696198 1
4696198 1
4700475 1
4707455 1
4720770 1
4725147 1
4725370 1
4730639 1
4734494 1
4738272 1
4740458 1
4740799 1
4742778 1
4747248 1
4747807 1
4751165 1
4758516 1
4759507 1
4764743 1
4766958 1
4767046 1
4769720 1
4776906 1
4777616 1
4777772 1
4781040 1
4786233 1
4790414 1
4798978 1
4800706 1
4802156 1
4809748 1
4812406 1
4812823 1
4814880 1
4815583 1
4816257 1
4816896 1
4819171 1
4823146 1
4825095 1
4830802 1
4843691 1
4847350 1
4852061 1
4853425 1
4859516 1
4867747 1
4869224 1
4869344 1
4869481 1
4878368 1
4879383 1
4880502 1
4884562 1
4889192 1
4894934 1
4905219 1
4909751 1
4910482 1
4916146 1
4924884 1
4928463 1
4932274 1
4933391 1
4934310 1
4935740 1
4937386 1
4955372 1
4961260 1
4963491 1
4967997 1
4969205 1
4970604 1
4976226 1
4977026 1
4979212 1
4980582 1
4986395 1
4992743 1
4993636 1
4998116 1
5000126 1
5009959 1
5010130 1
5011145 1
5014676 1
5018716 1
5020774 1
5024490 1
5027381 1
5028933 1
5030796 1
5032200 1
5039967 1
5045738 1
5047059 1
5047134 1
5053523 1
5059424 1
5075222 1
5080433 1
5081543 1
5086953 1
5089834 1
5090338 1
5091141 1
5099639 1
5114818 1
5115548 1
5118836 1
5125400 1
5125405 1
5126186 1
5127695 1
5130142 1
5135633 1
5137538 1
5139834 1
5146310 1
5146827 1
5147406 1
5148984 1
5154963 1
5159607 1
5161607 1
5167248 1
5168033 1
5170068 1
5172146 1
5172671 1
5172789 1
5181542 1
5181890 1
5197361 1
5199474 1
5202398 1
5208277 1
5208834 1
5210114 1
5216635 1
5219477 1
5220285 1
5221652 1
5240090 1
5240463 1
5247446 1
5248809 1
5249406 1
5250142 1
5251431 1
5262113 1
5270834 1
5283437 1
5286042 1
5287645 1
5290812 1
5291805 1
5292804 1
5294389 1
5296000 1
5298080 1
5306880 1
5311981 1
5312366 1
5314310 1
5318508 1
5322069 1
5322235 1
5323382 1
5326032 1
5329286 1
5330413 1
5334841 1
5346518 1
5346564 1
5348683 1
5350149 1
5355485 1
5364799 1
5366894 1
5367339 1
5369863 1
5371759 1
5375844 1
5376429 1
5414122 1
5417429 1
5423557 1
5425791 1
5429348 1
5439349 1
5442929 1
5443043 1
5444022 1
5447879 1
5448450 1
5448916 1
5457032 1
5460767 1
5462006 1
5462483 1
5462701 1
5472218 1
5482247 1
5491085 1
5494798 1
5495574 1
5498425 1
5502757 1
5503757 1
5504922 1
5506150 1
5506722 1
5517764 1
5523138 1
5525666 1
5534809 1
5534987 1
5546714 1
5546784 1
5549740 1
5550240 1
5550460 1
5550586 1
5556943 1
5558042 1
5561322 1
5562092 1
5562276 1
5562399 1
5562523 1
5565402 1
5567250 1
5567645 1
5570945 1
5572965 1
5586115 1
5590724 1
5591966 1
5598854 1
5599567 1
5605323 1
5607351 1
5618859 1
5620103 1
5620486 1
5628998 1
5636323 1
5649163 1
5657306 1
5660060 1
5660627 1
5661971 1
5668521 1
5669585 1
5675368 1
5676551 1
5679216 1
5681131 1
5681225 1
5682332 1
5683068 1
5685016 1
5685333 1
5688218 1
5690190 1
5699120 1
5705327 1
5709448 1
5710053 1
5711463 1
5716705 1
5722997 1
5723253 1
5724187 1
5724208 1
5746281 1
5747814 1
5762442 1
5768522 1
5771217 1
5776467 1
5779093 1
5780788 1
5783145 1
5784955 1
5787034 1
5792806 1
5796281 1
5796395 1
5804161 1
5804506 1
5805798 1
5808129 1
5808291 1
5809436 1
5810875 1
5811086 1
5813580 1
5815621 1
5818553 1
5819172 1
5822094 1
5822583 1
5824751 1
5824917 1
5827693 1
5840873 1
5842471 1
5858909 1
5860067 1
5860395 1
5865506 1
5878290 1
5878738 1
5879301 1
5879849 1
5880442 1
5880863 1
5881330 1
5889631 1
5902550 1
5914301 1
5914379 1
5915917 1
5920848 1
5921803 1
5926089 1
5934962 1
5938238 1
5940780 1
5947521 1
5948362 1
5948666 1
5952896 1
5953366 1
5971004 1
5974296 1
5974309 1
5980054 1
5981408 1
5982041 1
5983222 1
5984204 1
5993579 1
6000194 1
6005661 1
6007193 1
6009628 1
6013781 1
6017683 1
6025074 1
6030848 1
6032960 1
6033191 1
6034670 1
6036390 1
6038004 1
6044635 1
6046441 1
6054251 1
6056560 1
6061511 1
6069234 1
6070568 1
6071331 1
6074233 1
6077021 1
6079382 1
6086071 1
6097148 1
6097351 1
6099999 1
6100989 1
6101249 1
6101575 1
6103262 1
6108377 1
6112461 1
6118259 1
6125237 1
6137021 1
6144126 1
6144597 1
6148505 1
6151218 1
6152064 1
6154386 1
6155231 1
6165867 1
6167141 1
6174252 1
6176822 1
6181298 1
6191702 1
6197516 1
6198998 1
6199103 1
6226852 1
6227748 1
6232724 1
6233059 1
6235241 1
6238992 1
6243906 1
6247210 1
6248990 1
6248990 1
6254183 1
6254713 1
6257758 1
6267953 1
6278976 1
6281929 1
6283281 1
6283814 1
6286143 1
6286172 1
6286848 1
6291435 1
6292814 1
6293783 1
6294850 1
6295903 1
6300414 1
6305604 1
6317091 1
6323957 1
6324019 1
6326828 1
6337304 1
6337369 1
6338495 1
6339289 1
6339651 1
6340795 1
6343227 1
6343984 1
6344226 1
6345818 1
6346839 1
6349225 1
6354318 1
6354318 1
6354552 1
6361711 1
6366394 1
6378765 1
6380892 1
6382485 1
6387382 1
6388010 1
6392950 1
6395686 1
6397426 1
6398003 1
6399292 1
6400078 1
6402495 1
6406514 1
6407798 1
6408545 1
6419504 1
6427937 1
6430569 1
6438242 1
6457557 1
6458964 1
6472188 1
6474899 1
6479041 1
6480894 1
6483851 1
6499914 1
6510016 1
6520596 1
6523338 1
6528111 1
6530177 1
6531125 1
6534538 1
6534871 1
6535299 1
6535647 1
6539925 1
6541852 1
6542557 1
6543614 1
6545598 1
6545983 1
6548744 1
6549215 1
6550707 1
6551692 1
6553595 1
6561829 1
6563210 1
6567548 1
6567699 1
6567792 1
6570977 1
6580522 1
6582049 1
6582074 1
6583958 1
6584449 1
6591434 1
6595777 1
6598807 1
6613444 1
6624681 1
6630557 1
6631573 1
6632277 1
6638983 1
6639820 1
6643982 1
6648485 1
6648550 1
6650081 1
6655323 1
6659142 1
6659664 1
6669645 1
6671674 1
6674622 1
6680454 1
6681483 1
6687713 1
6689561 1
6692186 1
6695663 1
6703353 1
6710718 1
6711534 1
6712790 1
6712958 1
6716107 1
6716718 1
6720058 1
6720165 1
6722533 1
6723568 1
6728359 1
6730177 1
6730692 1
6730905 1
6742754 1
6743002 1
6743103 1
6747275 1
6748183 1
6750982 1
6751950 1
6752152 1
6754590 1
6755879 1
6756976 1
6759500 1
6760359 1
6760631 1
6760862 1
6762076 1
6762419 1
6762760 1
6766542 1
6767160 1
6768215 1
6769710 1
6772222 1
6772227 1
6779461 1
6781150 1
6804806 1
6806351 1
6807744 1
6808692 1
6811894 1
6813044 1
6816883 1
6817076 1
6818896 1
6821121 1
6824893 1
6828934 1
6831740 1
6832058 1
6834412 1
6834563 1
6834635 1
6835057 1
6837387 1
6838618 1
6848112 1
6851930 1
6852024 1
6858460 1
6860002 1
6860641 1
6868543 1
6869434 1
6869503 1
6878225 1
6882423 1
6884360 1
6886873 1
6889803 1
6890928 1
6895646 1
6899080 1
6904936 1
6906997 1
6912748 1
6916106 1
6923653 1
6924512 1
6929663 1
6930182 1
6930203 1
6930982 1
6931158 1
6934953 1
6935348 1
6937453 1
6937954 1
6938089 1
6938091 1
6941197 1
6946056 1
6947515 1
6954127 1
6955046 1
6964420 1
6969005 1
6970555 1
6974183 1
6986958 1
6994217 1
6997926 1
7001854 1
7004747 1
7013323 1
7018672 1
7021612 1
7022113 1
7027187 1
7027829 1
7028384 1
7028618 1
7028927 1
7029821 1
7031004 1
7034845 1
7035441 1
7035441 1
7040984 1
7041281 1
7041842 1
7045931 1
7051348 1
7052579 1
7056166 1
7057755 1
7059718 1
7060761 1
7069210 1
7069353 1
7070840 1
7072226 1
7075446 1
7078658 1
7081367 1
7082702 1
7087729 1
7090000 1
7095106 1
7105338 1
7108193 1
7108487 1
7109968 1
7110571 1
7111434 1
7111933 1
7113087 1
7113184 1
7115017 1
7116751 1
7120739 1
7120975 1
7121116 1
7124428 1
7125651 1
7130752 1
7131514 1
7132828 1
7138331 1
7141434 1
7143402 1
7144905 1
7152507 1
7153087 1
7154388 1
7160662 1
7163132 1
7163216 1
7164172 1
7167937 1
7175374 1
7175486 1
7184600 1
7190699 1
7196444 1
7205247 1
7206476 1
7219848 1
7220687 1
7221658 1
7224428 1
7225608 1
7228697 1
7231671 1
7233722 1
7233888 1
7234862 1
7241416 1
7243038 1
7245698 1
7251976 1
7258668 1
7273979 1
7275143 1
7277109 1
7277383 1
7279690 1
7279789 1
7281370 1
7288641 1
7291604 1
7292410 1
7299039 1
7301561 1
7304946 1
7305765 1
7309219 1
7315289 1
7316574 1
7318314 1
7324411 1
7324733 1
7326462 1
7330565 1
7332031 1
7334851 1
7336742 1
7337032 1
7337932 1
7339253 1
7341689 1
7341813 1
7345550 1
7345915 1
7346514 1
7357780 1
7360511 1
7361185 1
7365805 1
7368743 1
7371806 1
7372090 1
7372237 1
7375524 1
7376539 1
7376906 1
7376906 1
7377217 1
7382253 1
7383952 1
7386976 1
7389225 1
7392227 1
7395311 1
7402987 1
7410862 1
7412376 1
7414639 1
7416251 1
7420216 1
7420979 1
7428653 1
7436844 1
7440383 1
7441841 1
7442013 1
7458693 1
7460106 1
7460492 1
7461199 1
7465182 1
7466268 1
7468490 1
7481359 1
7485830 1
7490140 1
7490444 1
7498583 1
7501311 1
7503879 1
7506750 1
7506960 1
7515446 1
7526073 1
7526830 1
7532860 1
7545646 1
7547885 1
7553354 1
7553404 1
7555302 1
7580505 1
7582304 1
7582991 1
7584111 1
7586108 1
7589677 1
7589726 1
7591415 1
7591429 1
7591971 1
7593307 1
7594231 1
7595568 1
7599928 1
7600180 1
7600236 1
7603537 1
7613211 1
7615225 1
7617512 1
7626312 1
7628446 1
7638205 1
7638851 1
7645402 1
7649694 1
7649700 1
7649726 1
7650059 1
7660775 1
7665641 1
7665965 1
7666269 1
7666986 1
7669495 1
7679958 1
7680050 1
7693202 1
7704337 1
7708413 1
7710626 1
7710717 1
7727274 1
7729946 1
7732915 1
7733707 1
7737674 1
7739357 1
7744142 1
7744803 1
7758569 1
7758714 1
7764466 1
7773151 1
7773537 1
7775021 1
7780379 1
7783106 1
7787113 1
7787803 1
7789614 1
7789962 1
7791361 1
7791365 1
7792533 1
7806767 1
7807410 1
7829842 1
7830720 1
7834650 1
7840190 1
7842013 1
7842174 1
7846640 1
7849547 1
7850402 1
7850912 1
7851308 1
7857606 1
7859820 1
7864336 1
7865775 1
7869015 1
7872711 1
7887539 1
7889778 1
7891435 1
7892129 1
7894344 1
7894955 1
7899359 1
7900835 1
7904369 1
7904518 1
7908162 1
7922643 1
7923594 1
7925744 1
7932185 1
7933259 1
7941438 1
7943453 1
7946594 1
7946594 1
7950540 1
7952030 1
7958029 1
7965986 1
7966903 1
7967701 1
7968020 1
7971588 1
7978218 1
7996337 1
7997849 1
7999428 1
8007407 1
8008771 1
8009184 1
8010015 1
8010094 1
8010765 1
8010883 1
8013870 1
8018362 1
8019048 1
8019873 1
8020440 1
8020736 1
8023032 1
8027216 1
8028004 1
8028943 1
8031208 1
8034069 1
8034913 1
8035692 1
8037172 1
8039315 1
8041395 1
8042249 1
8043426 1
8046002 1
8053901 1
8055518 1
8056276 1
8059085 1
8059699 1
8060881 1
8065072 1
8066918 1
8068216 1
8069226 1
8071152 1
8076103 1
8076459 1
8077900 1
8080573 1
8080906 1
8081501 1
8082991 1
8084649 1
8086417 1
8086434 1
8088030 1
8091059 1
8091868 1
8096154 1
8098983 1
8100522 1
8101474 1
8103119 1
8104341 1
8105285 1
8106758 1
8113594 1
8114416 1
8114566 1
8116423 1
8118666 1
8121917 1
8123744 1
8124657 1
8127249 1
8131685 1
8131712 1
8131751 1
8131832 1
8132410 1
8132411 1
8133153 1
8135427 1
8135514 1
8139763 1
8140229 1
8140363 1
8140872 1
8141614 1
8142345 1
8143676 1
8144130 1
8144783 1
8147072 1
8147212 1
8148065 1
8149543 1
8150711 1
8152950 1
8160306 1
8161595 1
8165512 1
8166890 1
8167129 1
8178324 1
8181088 1
8187972 1
8191249 1
8213506 1
8213891 1
8215805 1
8216895 1
8217123 1
8222472 1
8255733 1
8255749 1
8257910 1
8284811 1
8287481 1
8287622 1
8293918 1
8300808 1
8303907 1
4090 1
10147 1
17782 1
27010 1
27232 1
35970 1
37127 1
44610 1
45320 1
46266 1
46441 1
46859 1
49339 1
52144 1
52453 1
55952 1
63428 1
63718 1
83204 1
91615 1
93462 1
98292 1
98481 1
98738 1
100800 1
102152 1
103897 1
105175 1
105564 1
105571 1
105852 1
106782 1
108361 1
109016 1
109167 1
111744 1
113531 1
115967 1
115967 1
116796 1
117999 1
120770 1
121211 1
121808 1
123791 1
124524 1
128673 1
129139 1
129969 1
130791 1
132420 1
132594 1
132698 1
134387 1
137615 1
137851 1
139314 1
141651 1
145117 1
146642 1
147894 1
149100 1
150655 1
153921 1
157766 1
158076 1
158672 1
158957 1
159870 1
170159 1
174295 1
175171 1
179435 1
180394 1
181045 1
183983 1
186219 1
186590 1
187028 1
188421 1
193030 1
195429 1
198496 1
198667 1
199376 1
199376 1
200107 1
203267 1
203806 1
204874 1
205754 1
206341 1
209737 1
209822 1
211588 1
212024 1
212633 1
212633 1
214927 1
216759 1
222608 1
227846 1
228711 1
229076 1
235689 1
236826 1
238684 1
239892 1
243937 1
250881 1
254214 1
256250 1
259261 1
259374 1
261430 1
265178 1
267421 1
270793 1
271597 1
275491 1
276157 1
276176 1
286553 1
289426 1
292170 1
298970 1
300549 1
306155 1
307933 1
311612 1
325953 1
351571 1
357782 1
359965 1
361978 1
363420 1
373769 1
378797 1
385340 1
385340 1
409962 1
412138 1
420410 1
420519 1
425298 1
425634 1
425787 1
434350 1
443769 1
443893 1
445850 1
450934 1
451374 1
452054 1
453764 1
454794 1
458940 1
459436 1
459450 1
459463 1
466443 1
473577 1
474490 1
474654 1
482379 1
482768 1
482774 1
488633 1
489238 1
492862 1
495176 1
496865 1
498660 1
499611 1
499665 1
502474 1
503291 1
505822 1
507239 1
507776 1
509081 1
509126 1
510272 1
510716 1
513192 1
513419 1
518699 1
524158 1
538269 1
541660 1
547151 1
548977 1
556148 1
560209 1
563357 1
565943 1
570370 1
572719 1
579367 1
583547 1
589229 1
594947 1
597842 1
610839 1
626828 1
641196 1
644986 1
650827 1
652256 1
663452 1
676850 1
680838 1
689423 1
697313 1
699149 1
711358 1
713501 1
716601 1
721019 1
726292 1
731550 1
734945 1
743187 1
744379 1
755954 1
759389 1
763889 1
764235 1
765035 1
765276 1
766127 1
767336 1
769354 1
773859 1
774558 1
781756 1
788099 1
793745 1
793747 1
803660 1
811097 1
812504 1
815831 1
818918 1
820073 1
823254 1
825407 1
830126 1
830228 1
832269 1
834080 1
834081 1
834792 1
835965 1
839551 1
842292 1
849537 1
856945 1
860741 1
865918 1
866331 1
867700 1
869828 1
870053 1
871943 1
872726 1
880886 1
880963 1
882033 1
894091 1
894618 1
896763 1
899562 1
900047 1
902535 1
903336 1
911472 1
911701 1
912784 1
912848 1
913235 1
914509 1
920363 1
920893 1
922145 1
922217 1
923240 1
925922 1
929745 1
929883 1
932720 1
933364 1
939541 1
939597 1
943957 1
954880 1
967281 1
976342 1
979270 1
979271 1
980830 1
985169 1
987437 1
991474 1
998339 1
1004385 1
1006238 1
1007916 1
1009004 1
1013412 1
1019482 1
1022971 1
1029040 1
1030837 1
1037632 1
1038753 1
1041456 1
1046802 1
1047052 1
1050028 1
1051963 1
1054274 1
1059312 1
1060904 1
1061960 1
1062731 1
1067401 1
1068520 1
1077333 1
1081964 1
1082639 1
1087993 1
1093439 1
1094163 1
1097371 1
1097578 1
1098578 1
1103955 1
1104347 1
1107852 1
1108007 1
1110322 1
1111932 1
1113992 1
1115671 1
1117836 1
1118546 1
1126930 1
1127493 1
1131553 1
1131553 1
1132059 1
1133307 1
1135024 1
1137007 1
1140386 1
1142077 1
1150568 1
1150971 1
1153246 1
1157985 1
1158121 1
1158777 1
1163541 1
1167096 1
1167985 1
1169581 1
1170518 1
1173793 1
1174198 1
1176947 1
1187079 1
1189776 1
1193382 1
1194460 1
1197419 1
1199086 1
1199818 1
1200946 1
1206744 1
1210137 1
1213580 1
1214540 1
1214999 1
1217578 1
1220099 1
1225984 1
1227787 1
1231998 1
1236515 1
1238562 1
1245607 1
1248122 1
1250715 1
1257775 1
1263719 1
1264169 1
1264669 1
1268208 1
1273029 1
1274310 1
1274667 1
1275731 1
1278073 1
1278177 1
1295346 1
1299659 1
1300166 1
1302350 1
1302981 1
1303545 1
1310437 1
1324691 1
1326066 1
1328143 1
1329695 1
1329930 1
1333283 1
1341269 1
1346857 1
1350403 1
1350717 1
1354861 1
1358169 1
1363336 1
1365902 1
1367200 1
1373262 1
1373668 1
1376065 1
1376940 1
1383186 1
1389511 1
1390630 1
1391753 1
1402549 1
1402581 1
1414295 1
1433498 1
1435753 1
1435861 1
1437557 1
1441182 1
1442812 1
1442991 1
1444364 1
1445049 1
1449984 1
1452269 1
1456223 1
1463405 1
1468488 1
1469596 1
1471782 1
1475304 1
1478737 1
1482750 1
1483734 1
1487123 1
1488531 1
1495578 1
1497033 1
1498291 1
1498291 1
1501085 1
1501607 1
1508677 1
1509789 1
1510018 1
1512013 1
1512031 1
1514535 1
1516904 1
1519334 1
1525850 1
1528814 1
1528964 1
1532727 1
1536055 1
1537939 1
1540076 1
1543274 1
1544340 1
1544424 1
1546916 1
1548295 1
1548677 1
1552349 1
1563671 1
1564027 1
1567190 1
1568423 1
1571740 1
1577049 1
1582250 1
1582271 1
1587094 1
1591235 1
1602058 1
1604118 1
1604294 1
1607306 1
1609636 1
1612384 1
1618848 1
1627348 1
1644338 1
1644934 1
1649160 1
1652102 1
1653989 1
1662104 1
1666884 1
1669893 1
1670247 1
1671830 1
1675459 1
1676085 1
1679134 1
1682456 1
1691442 1
1697815 1
1707488 1
1716684 1
1721943 1
1722616 1
1722734 1
1724053 1
1724625 1
1725096 1
1730800 1
1733634 1
1734281 1
1735062 1
1735807 1
1735895 1
1745054 1
1748957 1
1750364 1
1752645 1
1767063 1
1773866 1
1780408 1
1785839 1
1785897 1
1786143 1
1788483 1
1789222 1
1789384 1
1790187 1
1790832 1
1792877 1
1793790 1
1796498 1
1796859 1
1797179 1
1818878 1
1822099 1
1824018 1
1829915 1
1845740 1
1850556 1
1855226 1
1855524 1
1857699 1
1871081 1
1871798 1
1875432 1
1879760 1
1881702 1
1884832 1
1886210 1
1891095 1
1896645 1
1899832 1
1902509 1
1906142 1
1926600 1
1932921 1
1935628 1
1935767 1
1947389 1
1948917 1
1950504 1
1951739 1
1952856 1
1961480 1
1973395 1
1983291 1
1991652 1
1994015 1
1996736 1
1998744 1
1999891 1
2006211 1
2006369 1
2006844 1
2009955 1
2010082 1
2010754 1
2011513 1
2011853 1
2015351 1
2016124 1
2016527 1
2020667 1
2023024 1
2039994 1
2048580 1
2049699 1
2055084 1
2055842 1
2058610 1
2072524 1
2073746 1
2073802 1
2084231 1
2096928 1
2098196 1
2100793 1
2102727 1
2104170 1
2106528 1
2110990 1
2112719 1
2113654 1
2114030 1
2114909 1
2115811 1
2117357 1
2117896 1
2119203 1
2121425 1
2132514 1
2135396 1
2143226 1
2146023 1
2146416 1
2147689 1
2149843 1
2154154 1
2158384 1
2159298 1
2161174 1
2168583 1
2168880 1
2171377 1
2171988 1
2181735 1
2183687 1
2185661 1
2190012 1
2193612 1
2196468 1
2205134 1
2205321 1
2207138 1
2211951 1
2216543 1
2219945 1
2231821 1
2232664 1
2232887 1
2235790 1
2239570 1
2255847 1
2257116 1
2258615 1
2259646 1
2261141 1
2264486 1
2265369 1
2266618 1
2269855 1
2274689 1
2276139 1
2281296 1
2282040 1
2282816 1
2284337 1
2298503 1
2299108 1
2299108 1
2299240 1
2301874 1
2301879 1
2307868 1
2308472 1
2308544 1
2313102 1
2313134 1
2314277 1
2314353 1
2315817 1
2316432 1
2324126 1
2324460 1
2325225 1
2325294 1
2336298 1
2339769 1
2340853 1
2351546 1
2360641 1
2361653 1
2363909 1
2376488 1
2377907 1
2390740 1
2391442 1
2392872 1
2396321 1
2398488 1
2399854 1
2400023 1
2402507 1
2405315 1
2406918 1
2406924 1
2409131 1
2410094 1
2417006 1
2421633 1
2422606 1
2425372 1
2438135 1
2438299 1
2439424 1
2442540 1
2443057 1
2445153 1
2446065 1
2450827 1
2452621 1
2460081 1
2465637 1
2467958 1
2475083 1
2476623 1
2476869 1
2477193 1
2478165 1
2482079 1
2484173 1
2489805 1
2503728 1
2513642 1
2514850 1
2516394 1
2519659 1
2521516 1
2523089 1
2524597 1
2524597 1
2525268 1
2529033 1
2531398 1
2534942 1
2537695 1
2543597 1
2543758 1
2545031 1
2545560 1
2550010 1
2550302 1
2551654 1
2551744 1
2551962 1
2552553 1
2555037 1
2560269 1
2566275 1
2570239 1
2580861 1
2583190 1
2585421 1
2585476 1
2588133 1
2589403 1
2591104 1
2592127 1
2592405 1
2595133 1
2609602 1
2614274 1
2618966 1
2622263 1
2624466 1
2624578 1
2625439 1
2626808 1
2633683 1
2634914 1
2635203 1
2640965 1
2651071 1
2652495 1
2654905 1
2665074 1
2669030 1
2672274 1
2676104 1
2689373 1
2696842 1
2710665 1
2727943 1
2728114 1
2739793 1
2741769 1
2742104 1
2748062 1
2762477 1
2769548 1
2773401 1
2773559 1
2777963 1
2778638 1
2780726 1
2786314 1
2787353 1
2789762 1
2793581 1
2800373 1
2800766 1
2801157 1
2811664 1
2813316 1
2815053 1
2816877 1
2826315 1
2827789 1
2834158 1
2838229 1
2839443 1
2851136 1
2854675 1
2857751 1
2859513 1
2865176 1
2871267 1
2874113 1
2875549 1
2878958 1
2879029 1
2881724 1
2882758 1
2885813 1
2890657 1
2892280 1
2895447 1
2895876 1
2900594 1
2903280 1
2903318 1
2913767 1
2916049 1
2924607 1
2932563 1
2932563 1
2933900 1
2936572 1
2937745 1
2940333 1
2943769 1
2949757 1
2950575 1
2951432 1
2955786 1
2962934 1
2963203 1
2965907 1
2968516 1
2968812 1
2971585 1
2973282 1
2975101 1
2982368 1
2982499 1
2989187 1
2993329 1
2993585 1
2993731 1
2995627 1
3001657 1
3003783 1
3009728 1
3020004 1
3026509 1
3028344 1
3030270 1
3033921 1
3037783 1
3041740 1
3041773 1
3048063 1
3052930 1
3058631 1
3062270 1
3066224 1
3068835 1
3078164 1
3080964 1
3083450 1
3084825 1
3096685 1
3097578 1
3101305 1
3105176 1
3106370 1
3106484 1
3111635 1
3114054 1
3121649 1
3128915 1
3130992 1
3132185 1
3133125 1
3140783 1
3141866 1
3145286 1
3146762 1
3147457 1
3155054 1
3159599 1
3162987 1
3170620 1
3175393 1
3175555 1
3175880 1
3177497 1
3178548 1
3180273 1
3182180 1
3183981 1
3187450 1
3187514 1
3190611 1
3197940 1
3204610 1
3205065 1
3205421 1
3206340 1
3210238 1
3210789 1
3214367 1
3225488 1
3232886 1
3243421 1
3246089 1
3253387 1
3254658 1
3256157 1
3258223 1
3260374 1
3261398 1
3261885 1
3263183 1
3263761 1
3265836 1
3267428 1
3270677 1
3273210 1
3277944 1
3281214 1
3284383 1
3289181 1
3290735 1
3292586 1
3293524 1
3296374 1
3296568 1
3297868 1
3299318 1
3304260 1
3314131 1
3316558 1
3320455 1
3321082 1
3323376 1
3328657 1
3330122 1
3330311 1
3330481 1
3331897 1
3332673 1
3337005 1
3340189 1
3340607 1
3355042 1
3360479 1
3364172 1
3368011 1
3370572 1
3374493 1
3374573 1
3379153 1
3379623 1
3381668 1
3382752 1
3382866 1
3383342 1
3387439 1
3390170 1
3390936 1
3392401 1
3392992 1
3393865 1
3404569 1
3405605 1
3405624 1
3406123 1
3407327 1
3408936 1
3433299 1
3434128 1
3434803 1
3446560 1
3447479 1
3452347 1
3461102 1
3474871 1
3476197 1
3476685 1
3482690 1
3491477 1
3492880 1
3493958 1
3495010 1
3496543 1
3502908 1
3504005 1
3507605 1
3507906 1
3508872 1
3511839 1
3513863 1
3514637 1
3516465 1
3518510 1
3518682 1
3520263 1
3524816 1
3528040 1
3529990 1
3529990 1
3530389 1
3531274 1
3533194 1
3538836 1
3548972 1
3550817 1
3554448 1
3561616 1
3576300 1
3578322 1
3580513 1
3592738 1
3611871 1
3616007 1
3616439 1
3633822 1
3636166 1
3636494 1
3640163 1
3640999 1
3643343 1
3643343 1
3650440 1
3652264 1
3652822 1
3652900 1
3653925 1
3654944 1
3655520 1
3657278 1
3657517 1
3658598 1
3659773 1
3660491 1
3661070 1
3661204 1
3664097 1
3673036 1
3675339 1
3675945 1
3678321 1
3680858 1
3683224 1
3683766 1
3697525 1
3699289 1
3699828 1
3712521 1
3714400 1
3720536 1
3721007 1
3722559 1
3737316 1
3737950 1
3739325 1
3745459 1
3745640 1
3745964 1
3748524 1
3750799 1
3756250 1
3759535 1
3759836 1
3759880 1
3771398 1
3772185 1
3774945 1
3776756 1
3777000 1
3777924 1
3780011 1
3781994 1
3782513 1
3783466 1
3785215 1
3786321 1
3788441 1
3788469 1
3788567 1
3791394 1
3797975 1
3807320 1
3811651 1
3812059 1
3817299 1
3818116 1
3819807 1
3821694 1
3822593 1
3824513 1
3837602 1
3850738 1
3858274 1
3858718 1
3862275 1
3863456 1
3867732 1
3869000 1
3877295 1
3881985 1
3888953 1
3895527 1
3911236 1
3915520 1
3920191 1
3928442 1
3931445 1
3935549 1
3941435 1
3949786 1
3955543 1
3955543 1
3955543 1
3955543 1
3962236 1
3973435 1
3985712 1
3988324 1
3991792 1
3992001 1
3994765 1
3996110 1
4002178 1
4005233 1
4005334 1
4008248 1
4010831 1
4011388 1
4016766 1
4017167 1
4018065 1
4022531 1
4023727 1
4028392 1
4032554 1
4036805 1
4050557 1
4051565 1
4056773 1
4060838 1
4061852 1
4063052 1
4066040 1
4066473 1
4068853 1
4075331 1
4075709 1
4080937 1
4081263 1
4085451 1
4088297 1
4091869 1
4092640 1
4094548 1
4103522 1
4104003 1
4111671 1
4121069 1
4136064 1
4139844 1
4139959 1
4144499 1
4145057 1
4145134 1
4174636 1
4179589 1
4185122 1
4186974 1
4189076 1
4189533 1
4189998 1
4190687 1
4190956 1
4191504 1
4193238 1
4199644 1
4200969 1
4202908 1
4205988 1
4214555 1
4214555 1
4214555 1
4214555 1
4245152 1
4246726 1
4251748 1
4254881 1
4259448 1
4259838 1
4260667 1
4262048 1
4268085 1
4273049 1
4274930 1
4280281 1
4280281 1
4280476 1
4282600 1
4286973 1
4293321 1
4300284 1
4305513 1
4308173 1
4309657 1
4309801 1
4310482 1
4314196 1
4324756 1
4324934 1
4325717 1
4329451 1
4332644 1
4334094 1
4338706 1
4341884 1
4342529 1
4346557 1
4346802 1
4346849 1
4348362 1
4349937 1
4349982 1
4351437 1
4356664 1
4367356 1
4369473 1
4370139 1
4373036 1
4376669 1
4377378 1
4380140 1
4382634 1
4390446 1
4391105 1
4398593 1
4401207 1
4413256 1
4423381 1
4427204 1
4427955 1
4434149 1
4437889 1
4438926 1
4440177 1
4441422 1
4443952 1
4444917 1
4445482 1
4447057 1
4450500 1
4454466 1
4460786 1
4460797 1
4463561 1
4464485 1
4465053 1
4468813 1
4472099 1
4481136 1
4485263 1
4485703 1
4498107 1
4505058 1
4505368 1
4506225 1
4506949 1
4513323 1
4513584 1
4515208 1
4519282 1
4528485 1
4530939 1
4532811 1
4534351 1
4539074 1
4549717 1
4551341 1
4558753 1
4562505 1
4562998 1
4571272 1
4572416 1
4587625 1
4593815 1
4597623 1
4600854 1
4608906 1
4609011 1
4611504 1
4612945 1
4620674 1
4621168 1
4621311 1
4622424 1
4629944 1
4632301 1
4632403 1
4632852 1
4633769 1
4639231 1
4640158 1
4641628 1
4646763 1
4669729 1
4670899 1
4672161 1
4675271 1
4675509 1
4677344 1
4678471 1
4679357 1
4680597 1
4681108 1
4681229 1
4683523 1
4686196 1
4688711 1
4688946 1
4689440 1
4697887 1
4698245 1
4708363 1
4714938 1
4729406 1
4730424 1
4733163 1
4738579 1
4738844 1
4749325 1
4751097 1
4763773 1
4765496 1
4772072 1
4778110 1
4785903 1
4787079 1
4789691 1
4792112 1
4800976 1
4807532 1
4808958 1
4810193 1
4811708 1
4813110 1
4813630 1
4814450 1
4816127 1
4816438 1
4816513 1
4818062 1
4818633 1
4819526 1
4837112 1
4849603 1
4854566 1
4854690 1
4857238 1
4857951 1
4861190 1
4862066 1
4863914 1
4870013 1
4871044 1
4873239 1
4873937 1
4877041 1
4877971 1
4878887 1
4880654 1
4881772 1
4885355 1
4892577 1
4895427 1
4895520 1
4898811 1
4900778 1
4901345 1
4902356 1
4913501 1
4924494 1
4927238 1
4928454 1
4930425 1
4957241 1
4964598 1
4964964 1
4966936 1
4977971 1
4979599 1
4988528 1
4990924 1
4994396 1
4999736 1
5004479 1
5004495 1
5009659 1
5010025 1
5010938 1
5012572 1
5014604 1
5016420 1
5023456 1
5026724 1
5035214 1
5043971 1
5045042 1
5046236 1
5047571 1
5047794 1
5049757 1
5054496 1
5055246 1
5055958 1
5056245 1
5068695 1
5068941 1
5070362 1
5073874 1
5075359 1
5078703 1
5079997 1
5081471 1
5085744 1
5088364 1
5088541 1
5093845 1
5109806 1
5116720 1
5122233 1
5136865 1
5139198 1
5139884 1
5140533 1
5141984 1
5142262 1
5150212 1
5154433 1
5170858 1
5171955 1
5173874 1
5175685 1
5177589 1
5184757 1
5187137 1
5194344 1
5194536 1
5201278 1
5201463 1
5205502 1
5209544 1
5218394 1
5220879 1
5244533 1
5244533 1
5247463 1
5249248 1
5256800 1
5259064 1
5260197 1
5262183 1
5262315 1
5270574 1
5275724 1
5283492 1
5283983 1
5287461 1
5292006 1
5294130 1
5294215 1
5294708 1
5298477 1
5300957 1
5301192 1
5303289 1
5313272 1
5316694 1
5324790 1
5326204 1
5329541 1
5331402 1
5335734 1
5341007 1
5342092 1
5344964 1
5345204 1
5345574 1
5350644 1
5356547 1
5363218 1
5363774 1
5370405 1
5371452 1
5371951 1
5373846 1
5376145 1
5377019 1
5381817 1
5416906 1
5425444 1
5427178 1
5427527 1
5428653 1
5435773 1
5439199 1
5440631 1
5442886 1
5445158 1
5450663 1
5458130 1
5461532 1
5461593 1
5463363 1
5463458 1
5464345 1
5472459 1
5475488 1
5477482 1
5479520 1
5487992 1
5492568 1
5494963 1
5498954 1
5500677 1
5503081 1
5505120 1
5505145 1
5505738 1
5506879 1
5508127 1
5511035 1
5520901 1
5522556 1
5526344 1
5537209 1
5547406 1
5548897 1
5549838 1
5563149 1
5590886 1
5591425 1
5592113 1
5605375 1
5607374 1
5615925 1
5616592 1
5620885 1
5620916 1
5621198 1
5626134 1
5637231 1
5642402 1
5643072 1
5650747 1
5651803 1
5657063 1
5662948 1
5664935 1
5665391 1
5674335 1
5675243 1
5679876 1
5680103 1
5681591 1
5682524 1
5683861 1
5684503 1
5685232 1
5686182 1
5688013 1
5690467 1
5691522 1
5692646 1
5693154 1
5697579 1
5698597 1
5700275 1
5700520 1
5701510 1
5709220 1
5710593 1
5710634 1
5716503 1
5722364 1
5723514 1
5726628 1
5731574 1
5737647 1
5742765 1
5744294 1
5745629 1
5746921 1
5764945 1
5770857 1
5774849 1
5774880 1
5775453 1
5776845 1
5781185 1
5783946 1
5788264 1
5797471 1
5799761 1
5806858 1
5807091 1
5807869 1
5808110 1
5808916 1
5809585 1
5816308 1
5819480 1
5819850 1
5821393 1
5823461 1
5824016 1
5825993 1
5833201 1
5833389 1
5839076 1
5840921 1
5840995 1
5842711 1
5848328 1
5853262 1
5861607 1
5863013 1
5868926 1
5868926 1
5873235 1
5875555 1
5876529 1
5878148 1
5878453 1
5879032 1
5885890 1
5885891 1
5889584 1
5890639 1
5893802 1
5893977 1
5897053 1
5907796 1
5911669 1
5921204 1
5923612 1
5932899 1
5941314 1
5943509 1
5948844 1
5955979 1
5962837 1
5969415 1
5973405 1
5975085 1
5975092 1
5984182 1
5984674 1
5985811 1
6002429 1
6007403 1
6016310 1
6029512 1
6031882 1
6036967 1
6045834 1
6048585 1
6048670 1
6050851 1
6053614 1
6057701 1
6058656 1
6068387 1
6069159 1
6071535 1
6074640 1
6083610 1
6086402 1
6094098 1
6107787 1
6108386 1
6115562 1
6121129 1
6125924 1
6127137 1
6129384 1
6129487 1
6130413 1
6130928 1
6138058 1
6151368 1
6151479 1
6151850 1
6154937 1
6155578 1
6167219 1
6167432 1
6171422 1
6173921 1
6178121 1
6181428 1
6182168 1
6184373 1
6187438 1
6187675 1
6187799 1
6191330 1
6197711 1
6198326 1
6201706 1
6206117 1
6209271 1
6224325 1
6225134 1
6228210 1
6236361 1
6238856 1
6239810 1
6255799 1
6259551 1
6259988 1
6264993 1
6277620 1
6282115 1
6292494 1
6303611 1
6305207 1
6305353 1
6307840 1
6326151 1
6328233 1
6333385 1
6338188 1
6343030 1
6343321 1
6347281 1
6355065 1
6355254 1
6358499 1
6366954 1
6376654 1
6376655 1
6378605 1
6379799 1
6380403 1
6382100 1
6382656 1
6386843 1
6387759 1
6390314 1
6394878 1
6401660 1
6402615 1
6406805 1
6419800 1
6419881 1
6424074 1
6426123 1
6426362 1
6442749 1
6448232 1
6451862 1
6455238 1
6465671 1
6466736 1
6467541 1
6468166 1
6468183 1
6479529 1
6489534 1
6490638 1
6491413 1
6495196 1
6499945 1
6503114 1
6505328 1
6509991 1
6517194 1
6519460 1
6524609 1
6527906 1
6528872 1
6532353 1
6540113 1
6541995 1
6543563 1
6548573 1
6550652 1
6551618 1
6569903 1
6570196 1
6573456 1
6578486 1
6580832 1
6585125 1
6588343 1
6594226 1
6599845 1
6600914 1
6601121 1
6603261 1
6604285 1
6605664 1
6605884 1
6607161 1
6608434 1
6611217 1
6617290 1
6618862 1
6618875 1
6621062 1
6623479 1
6627828 1
6629759 1
6629911 1
6630046 1
6630582 1
6630993 1
6633093 1
6635243 1
6636861 1
6639042 1
6640665 1
6640696 1
6640701 1
6641695 1
6644200 1
6645256 1
6646128 1
6647765 1
6648098 1
6672611 1
6677632 1
6679083 1
6681031 1
6684652 1
6684771 1
6686482 1
6688198 1
6695435 1
6696899 1
6703105 1
6704309 1
6704720 1
6704944 1
6708942 1
6709277 1
6711409 1
6714920 1
6718940 1
6721031 1
6724859 1
6726456 1
6732616 1
6735888 1
6735973 1
6736851 1
6737729 1
6739321 1
6742007 1
6751132 1
6751300 1
6755830 1
6757075 1
6760468 1
6761673 1
6762983 1
6764201 1
6765280 1
6765577 1
6767797 1
6769497 1
6770220 1
6771049 1
6778138 1
6778272 1
6781846 1
6783726 1
6789076 1
6793696 1
6798388 1
6799460 1
6800446 1
6803118 1
6804204 1
6805199 1
6806358 1
6808831 1
6815782 1
6823761 1
6830333 1
6833501 1
6835328 1
6847282 1
6848647 1
6848930 1
6854732 1
6858584 1
6859150 1
6859716 1
6869955 1
6871299 1
6882402 1
6883812 1
6886844 1
6890205 1
6890372 1
6892663 1
6906917 1
6908413 1
6909322 1
6912655 1
6914258 1
6916648 1
6921321 1
6924179 1
6925438 1
6929150 1
6929446 1
6929996 1
6930027 1
6931418 1
6933081 1
6933422 1
6934337 1
6934840 1
6934935 1
6935195 1
6936148 1
6937195 1
6937514 1
6940899 1
6945636 1
6947363 1
6949302 1
6952875 1
6962631 1
6967058 1
6967821 1
6972597 1
6973648 1
6974737 1
6981059 1
6983147 1
6983984 1
6984822 1
6987932 1
6990372 1
6990744 1
7000433 1
7005636 1
7007561 1
7008593 1
7008793 1
7017423 1
7018118 1
7018966 1
7020326 1
7024375 1
7024991 1
7025149 1
7026957 1
7028097 1
7029427 1
7040138 1
7041168 1
7043075 1
7044245 1
7045335 1
7047265 1
7051021 1
7052017 1
7052701 1
7054401 1
7056208 1
7057310 1
7057440 1
7057916 1
7062245 1
7065872 1
7072737 1
7073072 1
7073229 1
7075274 1
7086881 1
7103813 1
7106849 1
7107721 1
7108492 1
7110208 1
7110751 1
7112002 1
7112002 1
7112979 1
7113248 1
7114704 1
7116672 1
7117246 1
7117919 1
7119314 1
7129796 1
7130557 1
7131645 1
7131684 1
7136640 1
7146884 1
7153788 1
7159491 1
7160389 1
7166327 1
7168675 1
7170399 1
7173342 1
7174965 1
7175730 1
7176469 1
7180350 1
7180870 1
7188434 1
7191217 1
7196016 1
7197015 1
7199406 1
7210829 1
7211614 1
7214710 1
7221887 1
7224531 1
7225564 1
7228212 1
7233528 1
7234573 1
7255424 1
7256884 1
7260723 1
7267580 1
7275454 1
7279683 1
7280419 1
7282394 1
7282418 1
7283440 1
7291620 1
7303471 1
7312016 1
7312863 1
7314280 1
7317580 1
7319998 1
7322050 1
7325065 1
7325930 1
7327415 1
7333149 1
7336247 1
7336584 1
7341831 1
7343019 1
7344671 1
7345635 1
7347191 1
7347202 1
7353419 1
7370698 1
7371156 1
7372822 1
7376076 1
7376744 1
7392332 1
7393137 1
7393273 1
7393913 1
7395375 1
7412961 1
7412965 1
7414233 1
7415492 1
7416749 1
7417564 1
7423865 1
7428027 1
7429788 1
7432983 1
7434055 1
7436965 1
7437141 1
7437872 1
7447050 1
7453518 1
7462263 1
7462273 1
7462665 1
7465005 1
7479597 1
7484199 1
7491463 1
7494958 1
7505458 1
7506996 1
7508575 1
7509893 1
7510496 1
7513876 1
7520036 1
7520039 1
7520209 1
7524959 1
7525280 1
7529090 1
7532590 1
7534096 1
7534742 1
7536697 1
7538973 1
7540702 1
7540705 1
7544796 1
7545803 1
7548513 1
7548806 1
7550792 1
7551739 1
7570912 1
7570912 1
7571090 1
7572381 1
7576122 1
7578304 1
7584771 1
7584946 1
7587356 1
7589705 1
7591834 1
7593708 1
7595314 1
7596780 1
7596786 1
7596786 1
7597445 1
7603168 1
7604714 1
7606132 1
7606970 1
7612818 1
7617229 1
7635903 1
7645014 1
7646219 1
7649795 1
7650908 1
7653935 1
7656314 1
7664045 1
7664045 1
7674797 1
7676527 1
7683138 1
7683671 1
7685907 1
7689886 1
7690179 1
7694147 1
7708985 1
7710887 1
7712062 1
7718751 1
7727225 1
7742219 1
7742985 1
7743342 1
7757678 1
7760556 1
7763533 1
7765162 1
7772639 1
7776517 1
7777446 1
7777498 1
7781798 1
7790465 1
7791846 1
7803692 1
7816519 1
7818517 1
7829921 1
7835996 1
7836966 1
7838658 1
7844475 1
7853523 1
7854966 1
7855102 1
7861500 1
7863125 1
7864113 1
7868305 1
7870405 1
7872785 1
7879395 1
7881479 1
7888370 1
7889166 1
7891280 1
7895208 1
7897454 1
7897800 1
7899287 1
7899887 1
7900401 1
7907381 1
7908179 1
7909441 1
7912521 1
7915363 1
7921632 1
7926350 1
7932001 1
7938998 1
7947232 1
7948202 1
7953016 1
7953501 1
7954510 1
7963718 1
7965396 1
7969164 1
7970835 1
7971758 1
7972879 1
7976370 1
7976715 1
7976969 1
7993724 1
7998420 1
7998585 1
8004026 1
8004202 1
8004745 1
8006667 1
8007383 1
8015903 1
8016655 1
8018932 1
8020262 1
8020277 1
8021562 1
8022781 1
8026942 1
8027997 1
8030696 1
8033330 1
8035011 1
8038543 1
8041551 1
8044708 1
8046325 1
8047586 1
8050843 1
8054634 1
8061663 1
8063937 1
8064731 1
8066659 1
8070186 1
8070449 1
8071986 1
8072121 1
8074187 1
8077213 1
8082969 1
8083868 1
8086586 1
8087094 1
8089063 1
8090841 1
8092635 1
8093200 1
8094137 1
8094945 1
8095661 1
8099995 1
8100280 1
8103159 1
8103876 1
8116603 1
8117057 1
8118079 1
8118546 1
8118914 1
8119620 1
8119753 1
8119850 1
8120139 1
8121301 1
8122338 1
8123389 1
8124120 1
8125856 1
8128502 1
8132850 1
8133049 1
8133463 1
8137722 1
8137980 1
8140578 1
8141792 1
8144346 1
8144443 1
8149254 1
8150461 1
8152911 1
8156671 1
8157323 1
8160467 1
8161916 1
8162292 1
8163283 1
8163329 1
8167964 1
8170373 1
8181678 1
8187391 1
8191345 1
8192223 1
8193026 1
8194301 1
8194723 1
8194808 1
8197999 1
8198021 1
8199274 1
8211750 1
8211887 1
8212890 1
8217561 1
8218960 1
8220955 1
8222098 1
8225157 1
8226779 1
8249007 1
8249220 1
8251342 1
8255187 1
8256066 1
8257706 1
8274983 1
8295985 1
15608 1
24604 1
26778 1
29812 1
37606 1
53859 1
99880 1
99880 1
106639 1
109328 1
128475 1
131442 1
137205 1
164733 1
168899 1
199864 1
215736 1
222042 1
228799 1
231925 1
250699 1
256890 1
270928 1
291654 1
292304 1
315727 1
316071 1
316243 1
334407 1
336173 1
356899 1
361010 1
375502 1
390411 1
436449 1
456648 1
458991 1
479042 1
479588 1
523032 1
531445 1
535202 1
565987 1
603354 1
620779 1
677887 1
690344 1
706533 1
735366 1
781293 1
781879 1
788970 1
800386 1
821723 1
829315 1
849379 1
912481 1
939686 1
984343 1
987725 1
988908 1
1013125 1
1042739 1
1063301 1
1066945 1
1067457 1
1070324 1
1092318 1
1093243 1
1099477 1
1099916 1
1101411 1
1107387 1
1130811 1
1131015 1
1143784 1
1146393 1
1154117 1
1184553 1
1187641 1
1190395 1
1191207 1
1201861 1
1208293 1
1226177 1
1238349 1
1244493 1
1263139 1
1263446 1
1274036 1
1275397 1
1333682 1
1342632 1
1346286 1
1349694 1
1392373 1
1399993 1
1406360 1
1406752 1
1445916 1
1469224 1
1475626 1
1477790 1
1496348 1
1499630 1
1508908 1
1509577 1
1528686 1
1536200 1
1591525 1
1598130 1
1611350 1
1611575 1
1621536 1
1623096 1
1624445 1
1638925 1
1694408 1
1722929 1
1731823 1
1745144 1
1752307 1
1784646 1
1788707 1
1803221 1
1820461 1
1842641 1
1842958 1
1851013 1
1857605 1
1882658 1
1943774 1
1975356 1
1996754 1
2019315 1
2023468 1
2033536 1
2065755 1
2074921 1
2091903 1
2126140 1
2173909 1
2185340 1
2189897 1
2197456 1
2258835 1
2260387 1
2260821 1
2297424 1
2302502 1
2308152 1
2325007 1
2340831 1
2350475 1
2350477 1
2364041 1
2370553 1
2405740 1
2406734 1
2407919 1
2408872 1
2413309 1
2422709 1
2431606 1
2434708 1
2445851 1
2446958 1
2463875 1
2471461 1
2474958 1
2476097 1
2476713 1
2478265 1
2547489 1
2565631 1
2565902 1
2585765 1
2588684 1
2589192 1
2595795 1
2627991 1
2629532 1
2688942 1
2704027 1
2728154 1
2737608 1
2753022 1
2754188 1
2755557 1
2767538 1
2769415 1
2773672 1
2785021 1
2807568 1
2858963 1
2865466 1
2897467 1
2909685 1
2909685 1
2914727 1
2932570 1
2939384 1
2940844 1
2966258 1
2971967 1
2982290 1
2994270 1
3024130 1
3031842 1
3032612 1
3034572 1
3036686 1
3039666 1
3078480 1
3084664 1
3102496 1
3113534 1
3115607 1
3121099 1
3128779 1
3149950 1
3163891 1
3177618 1
3194266 1
3201957 1
3201957 1
3207594 1
3210605 1
3225323 1
3236509 1
3257808 1
3266706 1
3267107 1
3282554 1
3284612 1
3286450 1
3293750 1
3327571 1
3335755 1
3339440 1
3366781 1
3379409 1
3392425 1
3393070 1
3402067 1
3413430 1
3425678 1
3431600 1
3432893 1
3446592 1
3455300 1
3468180 1
3485590 1
3485769 1
3498058 1
3511573 1
3512091 1
3521183 1
3521449 1
3530478 1
3536286 1
3537741 1
3556236 1
3560153 1
3613847 1
3619983 1
3622506 1
3659642 1
3660701 1
3667598 1
3679473 1
3679997 1
3685396 1
3715751 1
3756258 1
3756628 1
3759868 1
3760908 1
3762061 1
3762920 1
3775395 1
3790102 1
3790102 1
3802168 1
3808625 1
3817527 1
3823165 1
3834348 1
3847098 1
3877086 1
3912828 1
3917184 1
3925958 1
3929480 1
3932320 1
3937103 1
3937432 1
3952297 1
3952795 1
3974325 1
3976760 1
3981342 1
4003029 1
4003740 1
4006897 1
4015807 1
4024530 1
4028528 1
4041013 1
4041658 1
4054776 1
4060379 1
4063849 1
4066815 1
4067104 1
4067104 1
4068968 1
4083694 1
4086596 1
4088143 1
4093060 1
4098645 1
4104607 1
4140861 1
4152965 1
4156066 1
4163917 1
4169313 1
4173382 1
4190894 1
4216014 1
4219407 1
4222230 1
4225856 1
4232917 1
4246600 1
4252062 1
4270429 1
4274680 1
4284286 1
4288052 1
4305732 1
4324331 1
4330188 1
4356620 1
4367050 1
4373018 1
4378652 1
4381238 1
4381447 1
4387260 1
4406265 1
4410505 1
4411125 1
4416554 1
4429502 1
4437178 1
4440361 1
4444329 1
4485158 1
4490245 1
4519903 1
4616684 1
4629143 1
4635428 1
4640933 1
4648526 1
4650876 1
4690630 1
4703527 1
4713582 1
4773212 1
4792476 1
4833262 1
4845774 1
4891576 1
4908849 1
4922231 1
4936623 1
4952550 1
4986853 1
4990011 1
4992720 1
4996384 1
5008430 1
5017391 1
5024853 1
5027315 1
5035399 1
5038038 1
5044123 1
5047017 1
5076349 1
5097606 1
5112603 1
5122080 1
5136127 1
5184151 1
5217864 1
5219875 1
5244307 1
5249996 1
5252977 1
5252977 1
5263003 1
5301427 1
5320760 1
5323776 1
5325944 1
5351344 1
5356590 1
5360813 1
5381887 1
5416681 1
5417391 1
5431862 1
5432575 1
5448598 1
5462675 1
5499733 1
5508138 1
5535948 1
5538556 1
5543562 1
5549130 1
5557965 1
5589106 1
5605252 1
5612860 1
5621794 1
5659771 1
5665564 1
5680907 1
5686068 1
5686963 1
5691704 1
5701437 1
5717417 1
5722750 1
5767774 1
5782136 1
5819567 1
5823387 1
5875494 1
5891398 1
5893831 1
5922351 1
5922542 1
5960527 1
5971797 1
5975408 1
6000120 1
6071212 1
6100041 1
6108780 1
6144908 1
6172384 1
6196903 1
6228306 1
6228308 1
6289863 1
6293366 1
6299871 1
6321415 1
6365112 1
6384630 1
6408989 1
6410001 1
6421752 1
6473058 1
6485374 1
6492574 1
6502861 1
6510566 1
6526756 1
6528084 1
6543587 1
6544132 1
6577620 1
6618180 1
6622891 1
6622895 1
6645708 1
6646090 1
6647332 1
6649484 1
6656263 1
6656452 1
6677116 1
6677603 1
6682721 1
6694380 1
6706807 1
6735193 1
6748358 1
6750974 1
6763487 1
6774441 1
6787187 1
6791666 1
6804302 1
6805632 1
6807146 1
6850147 1
6852537 1
6862465 1
6868258 1
6871113 1
6881962 1
6884608 1
6894172 1
6908873 1
6913529 1
6913623 1
6917119 1
6921198 1
6925357 1
6925813 1
6932783 1
6935645 1
6943973 1
6953962 1
6957218 1
6967967 1
6970789 1
6981055 1
6982144 1
6986758 1
6991404 1
6991429 1
7022664 1
7028640 1
7036555 1
7048529 1
7050876 1
7051353 1
7065482 1
7067043 1
7105718 1
7110158 1
7123560 1
7153262 1
7164010 1
7175473 1
7177399 1
7230787 1
7231501 1
7235892 1
7237291 1
7268844 1
7284904 1
7299704 1
7303711 1
7304925 1
7315342 1
7330064 1
7340224 1
7356071 1
7369078 1
7372248 1
7391507 1
7414668 1
7423392 1
7440503 1
7441491 1
7441678 1
7453910 1
7462807 1
7477010 1
7489255 1
7511923 1
7519497 1
7538390 1
7540727 1
7543239 1
7574625 1
7592561 1
7600811 1
7600811 1
7617684 1
7619124 1
7621534 1
7642754 1
7668106 1
7694139 1
7694139 1
7737378 1
7739704 1
7747240 1
7748686 1
7781801 1
7786341 1
7841816 1
7850060 1
7855713 1
7865984 1
7888685 1
7906076 1
7907322 1
7918154 1
7920477 1
7933215 1
7941818 1
7947017 1
7948253 1
7956897 1
7968647 1
7972716 1
7979107 1
7990663 1
7996562 1
7997569 1
7998793 1
8007290 1
8033355 1
8033612 1
8035406 1
8037838 1
8043793 1
8055748 1
8060216 1
8066955 1
8070390 1
8083415 1
8088976 1
8089182 1
8095573 1
8109798 1
8118218 1
8121023 1
8125200 1
8134224 1
8143556 1
8150386 1
8152882 1
8157143 1
8188797 1
8191493 1
8208056 1
8216511 1
8223905 1
8273264 1
8307615 1
