4199 1
14694 1
15861 1
23501 1
29478 1
33769 1
34897 1
39349 1
40336 1
45425 1
49364 1
50276 1
53587 1
55938 1
59701 1
62867 1
63931 1
79978 1
92173 1
94292 1
99351 1
99513 1
99542 1
99764 1
99821 1
103734 1
105307 1
105751 1
107162 1
107854 1
109208 1
111234 1
111392 1
112863 1
113000 1
113639 1
114494 1
115687 1
115709 1
116063 1
116828 1
117445 1
118310 1
118449 1
119567 1
120288 1
120551 1
123473 1
125475 1
125739 1
126960 1
127603 1
130454 1
131070 1
132476 1
133553 1
134155 1
134713 1
137030 1
137924 1
138083 1
138521 1
138528 1
139713 1
146257 1
147471 1
148209 1
148605 1
150291 1
151953 1
153237 1
158499 1
159749 1
161737 1
164046 1
164806 1
164828 1
165003 1
166450 1
166641 1
167815 1
167981 1
168835 1
168957 1
169831 1
170533 1
175648 1
176550 1
179151 1
181213 1
183015 1
185874 1
193083 1
195422 1
195824 1
196964 1
197041 1
198366 1
198769 1
200412 1
202360 1
203560 1
203863 1
205350 1
205772 1
206947 1
209203 1
211261 1
211719 1
212396 1
213462 1
215244 1
216541 1
217321 1
218044 1
220478 1
222079 1
224960 1
225049 1
230610 1
230841 1
235215 1
245694 1
249908 1
258052 1
260293 1
260462 1
261040 1
261205 1
266850 1
266879 1
266888 1
272118 1
273296 1
275474 1
282264 1
283079 1
284487 1
289062 1
292920 1
303852 1
322313 1
325102 1
325667 1
326081 1
326810 1
327863 1
329182 1
334302 1
342064 1
347782 1
355437 1
355998 1
363620 1
379270 1
383314 1
389148 1
416760 1
421300 1
427493 1
428860 1
429056 1
429094 1
429482 1
432034 1
441188 1
442657 1
451447 1
452069 1
456126 1
458227 1
463927 1
465379 1
467269 1
469431 1
472251 1
485790 1
487736 1
488085 1
490508 1
494804 1
500354 1
500807 1
504597 1
508659 1
514283 1
514545 1
518618 1
522058 1
527785 1
531699 1
546294 1
552196 1
554232 1
554232 1
560913 1
565838 1
567710 1
570127 1
570671 1
571255 1
572015 1
574246 1
574650 1
574708 1
578610 1
589392 1
596287 1
600297 1
606276 1
609986 1
615649 1
618429 1
619626 1
621220 1
621578 1
634272 1
639590 1
644866 1
646336 1
646448 1
647845 1
666446 1
668898 1
679537 1
703609 1
719954 1
721307 1
725746 1
736978 1
737517 1
738042 1
750340 1
750626 1
771938 1
777392 1
779619 1
785580 1
810317 1
813636 1
830882 1
831417 1
831599 1
833837 1
840046 1
845768 1
846697 1
847242 1
849018 1
849369 1
857005 1
867176 1
871540 1
896124 1
909325 1
915708 1
923929 1
926820 1
934369 1
935276 1
935937 1
937478 1
939123 1
952542 1
954065 1
957132 1
957532 1
958373 1
961389 1
963527 1
963740 1
963818 1
967008 1
972881 1
982362 1
983629 1
985484 1
987989 1
992577 1
995157 1
1000397 1
1002270 1
1016921 1
1027804 1
1031159 1
1038314 1
1038591 1
1038904 1
1041048 1
1043102 1
1046232 1
1048806 1
1049502 1
1049590 1
1051865 1
1052608 1
1060419 1
1062764 1
1063529 1
1069609 1
1070695 1
1070945 1
1071896 1
1072054 1
1073846 1
1074189 1
1074489 1
1075494 1
1083449 1
1087155 1
1088575 1
1088818 1
1094623 1
1100743 1
1100850 1
1105296 1
1107800 1
1107911 1
1110340 1
1110693 1
1124116 1
1126501 1
1126983 1
1129778 1
1132008 1
1133560 1
1135549 1
1136439 1
1159702 1
1165484 1
1170916 1
1185946 1
1188754 1
1196108 1
1200790 1
1201018 1
1203533 1
1204328 1
1213117 1
1214036 1
1215574 1
1217805 1
1218521 1
1222815 1
1241726 1
1249003 1
1251554 1
1256166 1
1258119 1
1262535 1
1263296 1
1264221 1
1266570 1
1268136 1
1271520 1
1274344 1
1275003 1
1277387 1
1290342 1
1296667 1
1303205 1
1303684 1
1306811 1
1307988 1
1321903 1
1322561 1
1328812 1
1334039 1
1342130 1
1348232 1
1349594 1
1359791 1
1372757 1
1382403 1
1389822 1
1395804 1
1398658 1
1399223 1
1400426 1
1401350 1
1405959 1
1416136 1
1416436 1
1417067 1
1422916 1
1422918 1
1423607 1
1432787 1
1433974 1
1434706 1
1435381 1
1438939 1
1439090 1
1440396 1
1442972 1
1446955 1
1463230 1
1466888 1
1467381 1
1468304 1
1470916 1
1479687 1
1486400 1
1491660 1
1499121 1
1507882 1
1508349 1
1509091 1
1509681 1
1510120 1
1513013 1
1517566 1
1524948 1
1525848 1
1530633 1
1531940 1
1535877 1
1548574 1
1553251 1
1554226 1
1554702 1
1563127 1
1567919 1
1570604 1
1579561 1
1581987 1
1586311 1
1588835 1
1588835 1
1592933 1
1597380 1
1607378 1
1609446 1
1609652 1
1614437 1
1619231 1
1622409 1
1623164 1
1625495 1
1626806 1
1629917 1
1632570 1
1635938 1
1640935 1
1641834 1
1654765 1
1656381 1
1660648 1
1663021 1
1664658 1
1664765 1
1665020 1
1673330 1
1674034 1
1675105 1
1682762 1
1682919 1
1684656 1
1685667 1
1686553 1
1689390 1
1695460 1
1697164 1
1698083 1
1698189 1
1700465 1
1700909 1
1701169 1
1702819 1
1707778 1
1718511 1
1723405 1
1726285 1
1729224 1
1730374 1
1733197 1
1733988 1
1739077 1
1740377 1
1742907 1
1744394 1
1747892 1
1748938 1
1756404 1
1756526 1
1759070 1
1759873 1
1785786 1
1786206 1
1786634 1
1789120 1
1794464 1
1804096 1
1806484 1
1814018 1
1816024 1
1816228 1
1817210 1
1820012 1
1823730 1
1829186 1
1829405 1
1830577 1
1831595 1
1832721 1
1832747 1
1832861 1
1836245 1
1839728 1
1845823 1
1847752 1
1848832 1
1853775 1
1855358 1
1856084 1
1856821 1
1859196 1
1866158 1
1868919 1
1870566 1
1870651 1
1871446 1
1872521 1
1880460 1
1880739 1
1881392 1
1881454 1
1884015 1
1890452 1
1891115 1
1896120 1
1902964 1
1904297 1
1906204 1
1914817 1
1918522 1
1920401 1
1920403 1
1930746 1
1932316 1
1939166 1
1940078 1
1949096 1
1949101 1
1949795 1
1951812 1
1955567 1
1956744 1
1956933 1
1962970 1
1967946 1
1969643 1
1969918 1
1975799 1
1986568 1
1994873 1
1999108 1
1999476 1
1999690 1
2001769 1
2005622 1
2015534 1
2019058 1
2019701 1
2027562 1
2027923 1
2047663 1
2057350 1
2060515 1
2065494 1
2069371 1
2081236 1
2084206 1
2092114 1
2093350 1
2093935 1
2098760 1
2099193 1
2102251 1
2102641 1
2106642 1
2107832 1
2112356 1
2116139 1
2116594 1
2118724 1
2120339 1
2120452 1
2132651 1
2135507 1
2140450 1
2144764 1
2150159 1
2150911 1
2156869 1
2164905 1
2166013 1
2173726 1
2175361 1
2180187 1
2184258 1
2184967 1
2186987 1
2190093 1
2195011 1
2196402 1
2197964 1
2213353 1
2220914 1
2230421 1
2237823 1
2241053 1
2247479 1
2263310 1
2265026 1
2276712 1
2289743 1
2290296 1
2290688 1
2294788 1
2295318 1
2296278 1
2299938 1
2300566 1
2313917 1
2313922 1
2314243 1
2319686 1
2323861 1
2328715 1
2345034 1
2346002 1
2347661 1
2356160 1
2370425 1
2375639 1
2383207 1
2383747 1
2385134 1
2386474 1
2387670 1
2388002 1
2388352 1
2396860 1
2397201 1
2403282 1
2406542 1
2409319 1
2412332 1
2416014 1
2418616 1
2420487 1
2421460 1
2422036 1
2422684 1
2422733 1
2425196 1
2425925 1
2428818 1
2430786 1
2431682 1
2433016 1
2435229 1
2436795 1
2439523 1
2442344 1
2445029 1
2445735 1
2464387 1
2466459 1
2470737 1
2482753 1
2484621 1
2489829 1
2504664 1
2506169 1
2506429 1
2514644 1
2522845 1
2525447 1
2529011 1
2529942 1
2556372 1
2558754 1
2563052 1
2565367 1
2570105 1
2571386 1
2577007 1
2579095 1
2581634 1
2585850 1
2586780 1
2590149 1
2594271 1
2607792 1
2608467 1
2614627 1
2616042 1
2617186 1
2621605 1
2622798 1
2630791 1
2633296 1
2634348 1
2638869 1
2640808 1
2642926 1
2645603 1
2649900 1
2652925 1
2657624 1
2657762 1
2662267 1
2681321 1
2684011 1
2708072 1
2710386 1
2710837 1
2710837 1
2725162 1
2736922 1
2737312 1
2738668 1
2744205 1
2750956 1
2756250 1
2759980 1
2761024 1
2764373 1
2764842 1
2764891 1
2765403 1
2771134 1
2771134 1
2781699 1
2782285 1
2783311 1
2784452 1
2788865 1
2789192 1
2792862 1
2792894 1
2793098 1
2799581 1
2800044 1
2800414 1
2800926 1
2801090 1
2817574 1
2817768 1
2817919 1
2832283 1
2836024 1
2836348 1
2837393 1
2838397 1
2844152 1
2850140 1
2851358 1
2851860 1
2852728 1
2852946 1
2857218 1
2867157 1
2868709 1
2870669 1
2881462 1
2898369 1
2900172 1
2902485 1
2907248 1
2921922 1
2922136 1
2922332 1
2931458 1
2935407 1
2939809 1
2945531 1
2949532 1
2949911 1
2965452 1
2966045 1
2985795 1
2987982 1
2989007 1
2997733 1
3002693 1
3007637 1
3008486 1
3011625 1
3023942 1
3024186 1
3026720 1
3036349 1
3039756 1
3047505 1
3047997 1
3051147 1
3052733 1
3058785 1
3066928 1
3079389 1
3086642 1
3092489 1
3094834 1
3097646 1
3098325 1
3106253 1
3106839 1
3109930 1
3113228 1
3121546 1
3126368 1
3126627 1
3127964 1
3131767 1
3141409 1
3142143 1
3149442 1
3151493 1
3163632 1
3164290 1
3164538 1
3169838 1
3174177 1
3174177 1
3180584 1
3183519 1
3184764 1
3188284 1
3189359 1
3191498 1
3191801 1
3193858 1
3199788 1
3205366 1
3206640 1
3211449 1
3213343 1
3216100 1
3223844 1
3226925 1
3227137 1
3237695 1
3243899 1
3254474 1
3256957 1
3261789 1
3265244 1
3275644 1
3278230 1
3279709 1
3282675 1
3286287 1
3286314 1
3287287 1
3287837 1
3289028 1
3290924 1
3291230 1
3291575 1
3292352 1
3292353 1
3294833 1
3299305 1
3300284 1
3303114 1
3304276 1
3306457 1
3319422 1
3320613 1
3322007 1
3328300 1
3328379 1
3328941 1
3329403 1
3340259 1
3340644 1
3348888 1
3359365 1
3360433 1
3375744 1
3381624 1
3381996 1
3396076 1
3399629 1
3415826 1
3433805 1
3437486 1
3453816 1
3456768 1
3464683 1
3465028 1
3471403 1
3475351 1
3483527 1
3497594 1
3500964 1
3501799 1
3516295 1
3517596 1
3522346 1
3524088 1
3524251 1
3524322 1
3525684 1
3535449 1
3536395 1
3539532 1
3539587 1
3540043 1
3541199 1
3545188 1
3558010 1
3559755 1
3570547 1
3584321 1
3592893 1
3598134 1
3604281 1
3624739 1
3629906 1
3645568 1
3649138 1
3649382 1
3654997 1
3655487 1
3655705 1
3658885 1
3664589 1
3666931 1
3684555 1
3689239 1
3691569 1
3698336 1
3699694 1
3716234 1
3717477 1
3723420 1
3740342 1
3748460 1
3752137 1
3752384 1
3776802 1
3777132 1
3784225 1
3792638 1
3794741 1
3819096 1
3831795 1
3833146 1
3834418 1
3837749 1
3839304 1
3845970 1
3856650 1
3857784 1
3863407 1
3864038 1
3864384 1
3866762 1
3871641 1
3873121 1
3876795 1
3878336 1
3878987 1
3882101 1
3883614 1
3914122 1
3918446 1
3918869 1
3929470 1
3935345 1
3937835 1
3941026 1
3954845 1
3959326 1
3970017 1
3970376 1
3987598 1
3993427 1
3994169 1
4003277 1
4004902 1
4006591 1
4011557 1
4014539 1
4016024 1
4016449 1
4019444 1
4024348 1
4024503 1
4025829 1
4025958 1
4028982 1
4045145 1
4049620 1
4058410 1
4064999 1
4068971 1
4070864 1
4079632 1
4085419 1
4090609 1
4090829 1
4101221 1
4101909 1
4105840 1
4105930 1
4110644 1
4113642 1
4140223 1
4140886 1
4144358 1
4146506 1
4148618 1
4153724 1
4162412 1
4162624 1
4173095 1
4177500 1
4184783 1
4195424 1
4198136 1
4203953 1
4207079 1
4210307 1
4211542 1
4217351 1
4217627 1
4235899 1
4236465 1
4253225 1
4263395 1
4271573 1
4272354 1
4276317 1
4282817 1
4291772 1
4295792 1
4296400 1
4298538 1
4299354 1
4301132 1
4305866 1
4308298 1
4314777 1
4316020 1
4319405 1
4320454 1
4321460 1
4324445 1
4327271 1
4333570 1
4336596 1
4336866 1
4342955 1
4353839 1
4355987 1
4357750 1
4357926 1
4359881 1
4373063 1
4377105 1
4377554 1
4379629 1
4379707 1
4379728 1
4383776 1
4392741 1
4392741 1
4396585 1
4396882 1
4397698 1
4398454 1
4401687 1
4402502 1
4404134 1
4411049 1
4413752 1
4415740 1
4417512 1
4418388 1
4423012 1
4423143 1
4425933 1
4433494 1
4433652 1
4460003 1
4460236 1
4462500 1
4462514 1
4465147 1
4468215 1
4470012 1
4473209 1
4480283 1
4482272 1
4482680 1
4482850 1
4487008 1
4490463 1
4497732 1
4499217 1
4506268 1
4506280 1
4528391 1
4530209 1
4535885 1
4539568 1
4545232 1
4546360 1
4573204 1
4579885 1
4580642 1
4591373 1
4597579 1
4603917 1
4610829 1
4616532 1
4629505 1
4629898 1
4633701 1
4644737 1
4647012 1
4647143 1
4648066 1
4649090 1
4649358 1
4651636 1
4653643 1
4654726 1
4660968 1
4668504 1
4670428 1
4671983 1
4673015 1
4673608 1
4683681 1
4686286 1
4692868 1
4694546 1
4694550 1
4707823 1
4709398 1
4710171 1
4714706 1
4724297 1
4729994 1
4735980 1
4739267 1
4739719 1
4743520 1
4748508 1
4765787 1
4767893 1
4771060 1
4773009 1
4776531 1
4779766 1
4780202 1
4785490 1
4787648 1
4791505 1
4791878 1
4798148 1
4802930 1
4806068 1
4807708 1
4807912 1
4808077 1
4808945 1
4813857 1
4814905 1
4820180 1
4822531 1
4828505 1
4833725 1
4834175 1
4838023 1
4839063 1
4856009 1
4857863 1
4860265 1
4861817 1
4864382 1
4870267 1
4872215 1
4873296 1
4874210 1
4878942 1
4879505 1
4879722 1
4884699 1
4889062 1
4890004 1
4892273 1
4893133 1
4894748 1
4902291 1
4902687 1
4906111 1
4922617 1
4928153 1
4928201 1
4945704 1
4949439 1
4960733 1
4964254 1
4964930 1
4965189 1
4965581 1
4976599 1
4987303 1
4989928 1
4990332 1
4995205 1
4997847 1
4998014 1
5003891 1
5013582 1
5014510 1
5014531 1
5021473 1
5030119 1
5031689 1
5032038 1
5033027 1
5039554 1
5041018 1
5041018 1
5048011 1
5048564 1
5049412 1
5052185 1
5052573 1
5052965 1
5054595 1
5055703 1
5064042 1
5067027 1
5072659 1
5075049 1
5093935 1
5099053 1
5115702 1
5115954 1
5118131 1
5123695 1
5133666 1
5136360 1
5138176 1
5152637 1
5153730 1
5154299 1
5156724 1
5183956 1
5202417 1
5216436 1
5223499 1
5225546 1
5230259 1
5237829 1
5237984 1
5239157 1
5239912 1
5240564 1
5258438 1
5258517 1
5258696 1
5260942 1
5263977 1
5266423 1
5266423 1
5270581 1
5287861 1
5291971 1
5293403 1
5295386 1
5295819 1
5300291 1
5304515 1
5315329 1
5316466 1
5319847 1
5321936 1
5347407 1
5354253 1
5355890 1
5355890 1
5355946 1
5362243 1
5364211 1
5365083 1
5366082 1
5367291 1
5369096 1
5370709 1
5377328 1
5416520 1
5416629 1
5425317 1
5425539 1
5426034 1
5430280 1
5432439 1
5438584 1
5442559 1
5450594 1
5466082 1
5502931 1
5505779 1
5509199 1
5510337 1
5510489 1
5514200 1
5517601 1
5519702 1
5522672 1
5523462 1
5525425 1
5529695 1
5535252 1
5535951 1
5549940 1
5555389 1
5562272 1
5563255 1
5593441 1
5595630 1
5605296 1
5606380 1
5607000 1
5612211 1
5615346 1
5617357 1
5617360 1
5620117 1
5624042 1
5625797 1
5630426 1
5638081 1
5643570 1
5643739 1
5643840 1
5647106 1
5654325 1
5656327 1
5656671 1
5658967 1
5663579 1
5663911 1
5664808 1
5666043 1
5666055 1
5666085 1
5667520 1
5677619 1
5679385 1
5682854 1
5693386 1
5693523 1
5694275 1
5698372 1
5698780 1
5710893 1
5715895 1
5715959 1
5719707 1
5719906 1
5720695 1
5722600 1
5726983 1
5732154 1
5741658 1
5742051 1
5752375 1
5752547 1
5756745 1
5762797 1
5764212 1
5765142 1
5769933 1
5774247 1
5775819 1
5777314 1
5795233 1
5805658 1
5807481 1
5810446 1
5816544 1
5822699 1
5827079 1
5827662 1
5828750 1
5828757 1
5836441 1
5838231 1
5839367 1
5839367 1
5842339 1
5862853 1
5867267 1
5870977 1
5872817 1
5876486 1
5878706 1
5878869 1
5880364 1
5881517 1
5881816 1
5888363 1
5889729 1
5889789 1
5891374 1
5891776 1
5897026 1
5904178 1
5922693 1
5925046 1
5927083 1
5929769 1
5934248 1
5938493 1
5938870 1
5938870 1
5944406 1
5944885 1
5951987 1
5962723 1
5962761 1
5968932 1
5969122 1
5970018 1
5970038 1
5971374 1
5972277 1
5972826 1
5987217 1
5994194 1
5998040 1
6000273 1
6001322 1
6003714 1
6003964 1
6004765 1
6010422 1
6011423 1
6014274 1
6014789 1
6015062 1
6020153 1
6021374 1
6022578 1
6031997 1
6032033 1
6033879 1
6036760 1
6037546 1
6038515 1
6039078 1
6041752 1
6045769 1
6060246 1
6074784 1
6082398 1
6085311 1
6085591 1
6088731 1
6091523 1
6108641 1
6113589 1
6120004 1
6122640 1
6127050 1
6146698 1
6148204 1
6153251 1
6155036 1
6155708 1
6155773 1
6155781 1
6157377 1
6167109 1
6171510 1
6180217 1
6183800 1
6194293 1
6228945 1
6232769 1
6234307 1
6235762 1
6247345 1
6249572 1
6264909 1
6271548 1
6275107 1
6276984 1
6277999 1
6280359 1
6291551 1
6298112 1
6300434 1
6311420 1
6313509 1
6313617 1
6323467 1
6328723 1
6334755 1
6340852 1
6345641 1
6351809 1
6353730 1
6355173 1
6355174 1
6357531 1
6359595 1
6360326 1
6371760 1
6372106 1
6378972 1
6379868 1
6381826 1
6381834 1
6386014 1
6387396 1
6388578 1
6389256 1
6395092 1
6395303 1
6396127 1
6403678 1
6406331 1
6408601 1
6409494 1
6410230 1
6422063 1
6422063 1
6422271 1
6424313 1
6425185 1
6426247 1
6452829 1
6454621 1
6459911 1
6465214 1
6466639 1
6471148 1
6475399 1
6479325 1
6481960 1
6483545 1
6491279 1
6502133 1
6509285 1
6510731 1
6515062 1
6516979 1
6517835 1
6528150 1
6537017 1
6537017 1
6540028 1
6540925 1
6550494 1
6550843 1
6551323 1
6554661 1
6562424 1
6573091 1
6574453 1
6578644 1
6580143 1
6583424 1
6583571 1
6591079 1
6605126 1
6605780 1
6605854 1
6606173 1
6606794 1
6607055 1
6616728 1
6616960 1
6618141 1
6620635 1
6625260 1
6627035 1
6627811 1
6629141 1
6633033 1
6638225 1
6639286 1
6641109 1
6644977 1
6645861 1
6646443 1
6648274 1
6650652 1
6652851 1
6652942 1
6663436 1
6663911 1
6667045 1
6675331 1
6678629 1
6681887 1
6683701 1
6687253 1
6688376 1
6702788 1
6703929 1
6709267 1
6712560 1
6714616 1
6714992 1
6718174 1
6727566 1
6732954 1
6733606 1
6733736 1
6740761 1
6745806 1
6753538 1
6760484 1
6771708 1
6772166 1
6773309 1
6774576 1
6783331 1
6786138 1
6790412 1
6794885 1
6795643 1
6807684 1
6826604 1
6828412 1
6830622 1
6835219 1
6841896 1
6843274 1
6849766 1
6850112 1
6850881 1
6852960 1
6856117 1
6863203 1
6865378 1
6866107 1
6868140 1
6871926 1
6878992 1
6879356 1
6879634 1
6881441 1
6883387 1
6883966 1
6884496 1
6887422 1
6891322 1
6897616 1
6898548 1
6909708 1
6911801 1
6912698 1
6914722 1
6915394 1
6915649 1
6916219 1
6916843 1
6920995 1
6921843 1
6930728 1
6932987 1
6934707 1
6938667 1
6939725 1
6940492 1
6940922 1
6943417 1
6944414 1
6944503 1
6948464 1
6952181 1
6960340 1
6960574 1
6962753 1
6963533 1
6965704 1
6968743 1
6970456 1
6979833 1
6991261 1
6999160 1
7002838 1
7005276 1
7007764 1
7017571 1
7019970 1
7020966 1
7022272 1
7022507 1
7026917 1
7027438 1
7027905 1
7029253 1
7033792 1
7036904 1
7037920 1
7038128 1
7040819 1
7043439 1
7050751 1
7055328 1
7057845 1
7060185 1
7073165 1
7075130 1
7082626 1
7106625 1
7109219 1
7112931 1
7114396 1
7115357 1
7134904 1
7135556 1
7136181 1
7136890 1
7138243 1
7138798 1
7138965 1
7138966 1
7139954 1
7154530 1
7155318 1
7156309 1
7157313 1
7158283 1
7159765 1
7160457 1
7165319 1
7169541 1
7171346 1
7174509 1
7180486 1
7184066 1
7192729 1
7195202 1
7200122 1
7205139 1
7223127 1
7225299 1
7225885 1
7229119 1
7231707 1
7232136 1
7239932 1
7245814 1
7246168 1
7253714 1
7257513 1
7261852 1
7280538 1
7286205 1
7290710 1
7316718 1
7321436 1
7325378 1
7325634 1
7343462 1
7344228 1
7359585 1
7361350 1
7362670 1
7362958 1
7365857 1
7368174 1
7374491 1
7377711 1
7377987 1
7381625 1
7381627 1
7382162 1
7382947 1
7388506 1
7389695 1
7390098 1
7394498 1
7399488 1
7404144 1
7409598 1
7412364 1
7412549 1
7412900 1
7414024 1
7429190 1
7435106 1
7439191 1
7439250 1
7445238 1
7445477 1
7452467 1
7456860 1
7464981 1
7468695 1
7474032 1
7478236 1
7478587 1
7484056 1
7484738 1
7486023 1
7491118 1
7492464 1
7492731 1
7492776 1
7492928 1
7493578 1
7497857 1
7510317 1
7513421 1
7513857 1
7514297 1
7514608 1
7518859 1
7520655 1
7527410 1
7528525 1
7538503 1
7542703 1
7570179 1
7571915 1
7579015 1
7579708 1
7584882 1
7588936 1
7589508 1
7590415 1
7591708 1
7593934 1
7596740 1
7600327 1
7602957 1
7615165 1
7627507 1
7629555 1
7633890 1
7644045 1
7644435 1
7646882 1
7652976 1
7654718 1
7655696 1
7661967 1
7663340 1
7668217 1
7669294 1
7670938 1
7674311 1
7680889 1
7682545 1
7694034 1
7694134 1
7699107 1
7703680 1
7705025 1
7706734 1
7707892 1
7708104 1
7708329 1
7715825 1
7716426 1
7727701 1
7734505 1
7746995 1
7752681 1
7756128 1
7765371 1
7765483 1
7768170 1
7777146 1
7777296 1
7780695 1
7782764 1
7786314 1
7791659 1
7791685 1
7792547 1
7793741 1
7798523 1
7798841 1
7801324 1
7801644 1
7805534 1
7805742 1
7809788 1
7812712 1
7825309 1
7831044 1
7833368 1
7836258 1
7837598 1
7841796 1
7842546 1
7842992 1
7844605 1
7849253 1
7849253 1
7849505 1
7850786 1
7850960 1
7855370 1
7855969 1
7857105 1
7867270 1
7869575 1
7871009 1
7875238 1
7876292 1
7879829 1
7879829 1
7883033 1
7885939 1
7888443 1
7889115 1
7889897 1
7899758 1
7907140 1
7911798 1
7911838 1
7912072 1
7916164 1
7916174 1
7923686 1
7928387 1
7941893 1
7942261 1
7945977 1
7948931 1
7951219 1
7952316 1
7952706 1
7959085 1
7963255 1
7963557 1
7971062 1
7971467 1
7971515 1
7971959 1
7986216 1
7986693 1
7988559 1
7990630 1
8003743 1
8004646 1
8005328 1
8012713 1
8015622 1
8016312 1
8016384 1
8021154 1
8022321 1
8023736 1
8029556 1
8033909 1
8042895 1
8044327 1
8045092 1
8046158 1
8046529 1
8046827 1
8047396 1
8054274 1
8056503 1
8057146 1
8057165 1
8059601 1
8060285 1
8061189 1
8061687 1
8064403 1
8064865 1
8071443 1
8074053 1
8075452 1
8075638 1
8075638 1
8077560 1
8077637 1
8078653 1
8083343 1
8101115 1
8103910 1
8105438 1
8106185 1
8106312 1
8107147 1
8107208 1
8108816 1
8108859 1
8108932 1
8116504 1
8116852 1
8118338 1
8118477 1
8119710 1
8119879 1
8120531 1
8120926 1
8120942 1
8123014 1
8125325 1
8128426 1
8128446 1
8129654 1
8129956 1
8131125 1
8132556 1
8134040 1
8134326 1
8135956 1
8136112 1
8140201 1
8141280 1
8142760 1
8145444 1
8148653 1
8150178 1
8151403 1
8153001 1
8153370 1
8154115 1
8156036 1
8156292 1
8156375 1
8161494 1
8162051 1
8162509 1
8172480 1
8187485 1
8192009 1
8194845 1
8201981 1
8212079 1
8217554 1
8218323 1
8246611 1
8255158 1
8258311 1
8270765 1
8272247 1
8273037 1
8274082 1
8274515 1
8275477 1
8291080 1
8293486 1
8294151 1
8294622 1
8297048 1
8298324 1
8298761 1
8310958 1
8765 1
15350 1
19735 1
30339 1
33943 1
37742 1
39063 1
40636 1
49280 1
53102 1
59439 1
61261 1
63052 1
64459 1
73377 1
79659 1
80515 1
80515 1
97915 1
101098 1
101879 1
106582 1
112070 1
113085 1
116030 1
117190 1
122224 1
123156 1
123486 1
123531 1
123796 1
124274 1
125537 1
128384 1
129220 1
130088 1
133537 1
134074 1
139340 1
142974 1
143081 1
144531 1
144625 1
148871 1
149804 1
151840 1
153919 1
155128 1
155971 1
159633 1
159700 1
161015 1
162154 1
162541 1
163466 1
165163 1
166973 1
169382 1
169697 1
172862 1
173238 1
173305 1
174901 1
175953 1
175962 1
179748 1
184168 1
187313 1
187697 1
192303 1
192312 1
194337 1
196603 1
199869 1
200821 1
201826 1
201892 1
204814 1
207606 1
208408 1
208410 1
214602 1
215556 1
215642 1
215863 1
218063 1
218202 1
218925 1
219787 1
220202 1
220941 1
222140 1
225585 1
226597 1
229369 1
229756 1
229983 1
230892 1
232913 1
245115 1
249591 1
250710 1
258082 1
265693 1
268002 1
268009 1
268992 1
269537 1
272120 1
273173 1
285359 1
286920 1
290520 1
293890 1
297573 1
302000 1
303483 1
315599 1
321190 1
332919 1
338634 1
344924 1
357326 1
364518 1
367932 1
368928 1
369266 1
384252 1
397517 1
418064 1
425953 1
428580 1
438044 1
442392 1
451653 1
455630 1
462117 1
464519 1
470652 1
475363 1
482085 1
482142 1
489097 1
493680 1
494042 1
494456 1
498224 1
501766 1
515056 1
515224 1
517113 1
534205 1
537786 1
551695 1
556752 1
569169 1
572322 1
578689 1
579706 1
589967 1
590520 1
591574 1
605285 1
610122 1
612572 1
614632 1
614774 1
632301 1
635994 1
645956 1
648974 1
653806 1
660130 1
666680 1
667580 1
672321 1
674314 1
687362 1
687612 1
688605 1
700312 1
702297 1
702704 1
707521 1
715844 1
718348 1
724469 1
744060 1
747525 1
748380 1
752807 1
752812 1
754676 1
756073 1
757478 1
764765 1
766277 1
770101 1
773992 1
780098 1
788777 1
790150 1
793439 1
795029 1
801807 1
809073 1
819938 1
823119 1
825932 1
826581 1
832409 1
833563 1
836037 1
843796 1
844225 1
844239 1
844954 1
868799 1
871192 1
872175 1
875694 1
884675 1
897837 1
899551 1
904536 1
904536 1
915088 1
921744 1
923462 1
924259 1
924814 1
928456 1
929923 1
931533 1
942180 1
952336 1
956030 1
957744 1
964078 1
970229 1
973430 1
975660 1
983896 1
984151 1
986153 1
987200 1
995092 1
997564 1
1009997 1
1011938 1
1014748 1
1021065 1
1021949 1
1026413 1
1026704 1
1027160 1
1027589 1
1027598 1
1029269 1
1032773 1
1035997 1
1036701 1
1038105 1
1038870 1
1039192 1
1039261 1
1040092 1
1040132 1
1040811 1
1042835 1
1043376 1
1050540 1
1055248 1
1058488 1
1060365 1
1061131 1
1063422 1
1069864 1
1069980 1
1071912 1
1077973 1
1086055 1
1089802 1
1090772 1
1091846 1
1093256 1
1099775 1
1100603 1
1101485 1
1103982 1
1104652 1
1109499 1
1117694 1
1120261 1
1126655 1
1127286 1
1141672 1
1150022 1
1168458 1
1170511 1
1174042 1
1180981 1
1181037 1
1183899 1
1186082 1
1194132 1
1202474 1
1207641 1
1207880 1
1215736 1
1216213 1
1220725 1
1226796 1
1228758 1
1235799 1
1239963 1
1246959 1
1254331 1
1258551 1
1268962 1
1269882 1
1270994 1
1272763 1
1294586 1
1311003 1
1317578 1
1319417 1
1324783 1
1326032 1
1327245 1
1330638 1
1334060 1
1336396 1
1343250 1
1355222 1
1358296 1
1362052 1
1364388 1
1367722 1
1368453 1
1370452 1
1380488 1
1381838 1
1382283 1
1383653 1
1385713 1
1391840 1
1397228 1
1399118 1
1400171 1
1400300 1
1408387 1
1411141 1
1428242 1
1428640 1
1432183 1
1433048 1
1440640 1
1444945 1
1453009 1
1455887 1
1458573 1
1459364 1
1459778 1
1481314 1
1481599 1
1490510 1
1497543 1
1511900 1
1524336 1
1525045 1
1525155 1
1525428 1
1527902 1
1528019 1
1531996 1
1541731 1
1542180 1
1542207 1
1542381 1
1554154 1
1555104 1
1558542 1
1570237 1
1584439 1
1593213 1
1597331 1
1597424 1
1599236 1
1601004 1
1608231 1
1616533 1
1618622 1
1624401 1
1625572 1
1633558 1
1633745 1
1639605 1
1641180 1
1641349 1
1645242 1
1654504 1
1655875 1
1657418 1
1667193 1
1670123 1
1675441 1
1678672 1
1680217 1
1683210 1
1685224 1
1685731 1
1689639 1
1694121 1
1694621 1
1700698 1
1702859 1
1703085 1
1703586 1
1703856 1
1705751 1
1713673 1
1718334 1
1726072 1
1730231 1
1731852 1
1732070 1
1748083 1
1748839 1
1758819 1
1759785 1
1759919 1
1761820 1
1762270 1
1763180 1
1768707 1
1775567 1
1776113 1
1779229 1
1784997 1
1791029 1
1794006 1
1795584 1
1796029 1
1808711 1
1809934 1
1816316 1
1819513 1
1821658 1
1826667 1
1826668 1
1830232 1
1844753 1
1846267 1
1852706 1
1853264 1
1854704 1
1854993 1
1855667 1
1855867 1
1857649 1
1858568 1
1868297 1
1870980 1
1871102 1
1872028 1
1874728 1
1875068 1
1875130 1
1875511 1
1876080 1
1879616 1
1887421 1
1890922 1
1894426 1
1894546 1
1896975 1
1897498 1
1897815 1
1900398 1
1900464 1
1905334 1
1906970 1
1906971 1
1910192 1
1914677 1
1916997 1
1937536 1
1938020 1
1943004 1
1943894 1
1945785 1
1947230 1
1947646 1
1952088 1
1954562 1
1956640 1
1963074 1
1964125 1
1964207 1
1964406 1
1966777 1
1968960 1
1969695 1
1971666 1
1978174 1
1978916 1
1979012 1
1979279 1
1979452 1
1980097 1
1998860 1
1998903 1
1999800 1
2001451 1
2005059 1
2009240 1
2010204 1
2012226 1
2017503 1
2021596 1
2022536 1
2028940 1
2029168 1
2031531 1
2037301 1
2053086 1
2066168 1
2070168 1
2071496 1
2071854 1
2073562 1
2073963 1
2074477 1
2097560 1
2098556 1
2098942 1
2099724 1
2110836 1
2113320 1
2121319 1
2136154 1
2141852 1
2149832 1
2154082 1
2162306 1
2168359 1
2174040 1
2175100 1
2180024 1
2185945 1
2187949 1
2200248 1
2205715 1
2211155 1
2220186 1
2222681 1
2229204 1
2241762 1
2257027 1
2258473 1
2260172 1
2274231 1
2278660 1
2279484 1
2289459 1
2290677 1
2291085 1
2293875 1
2294525 1
2297930 1
2300896 1
2300909 1
2305917 1
2306826 1
2307137 1
2313281 1
2314878 1
2328265 1
2328741 1
2334390 1
2346361 1
2348001 1
2353954 1
2354012 1
2354504 1
2356827 1
2357027 1
2358143 1
2359846 1
2364285 1
2367525 1
2374685 1
2376346 1
2377291 1
2382890 1
2383958 1
2384209 1
2384303 1
2385172 1
2388676 1
2393479 1
2393721 1
2394312 1
2399189 1
2406130 1
2406998 1
2407054 1
2407184 1
2409157 1
2417212 1
2419645 1
2421054 1
2422796 1
2423722 1
2431823 1
2432075 1
2433480 1
2437315 1
2439909 1
2440848 1
2442961 1
2443080 1
2456912 1
2466782 1
2481607 1
2482356 1
2488000 1
2488187 1
2490036 1
2492917 1
2496743 1
2497891 1
2503748 1
2510104 1
2510168 1
2510168 1
2515759 1
2516529 1
2517392 1
2519249 1
2521617 1
2523456 1
2525397 1
2529400 1
2529504 1
2531042 1
2532048 1
2533780 1
2534883 1
2543777 1
2549547 1
2551326 1
2556270 1
2561248 1
2565648 1
2570090 1
2578252 1
2587641 1
2588765 1
2590436 1
2592287 1
2594222 1
2596083 1
2597468 1
2598574 1
2602883 1
2603199 1
2603983 1
2605789 1
2605972 1
2609780 1
2610801 1
2612201 1
2621169 1
2622348 1
2623480 1
2628684 1
2631238 1
2645335 1
2652785 1
2660355 1
2660678 1
2664811 1
2665761 1
2667299 1
2669288 1
2669766 1
2670476 1
2672009 1
2690261 1
2699799 1
2719731 1
2727857 1
2731234 1
2747706 1
2761198 1
2761250 1
2764867 1
2769560 1
2781585 1
2782019 1
2784514 1
2785046 1
2789187 1
2796225 1
2796464 1
2800346 1
2800887 1
2801129 1
2820138 1
2822878 1
2823046 1
2832162 1
2836767 1
2840697 1
2841929 1
2850538 1
2850820 1
2850884 1
2851216 1
2851527 1
2852496 1
2852867 1
2854666 1
2859912 1
2874551 1
2879391 1
2893964 1
2895400 1
2895499 1
2915733 1
2915861 1
2916283 1
2925028 1
2930921 1
2931525 1
2934801 1
2938745 1
2941244 1
2958445 1
2966806 1
2970441 1
2971102 1
2976703 1
2981143 1
2981902 1
2982123 1
2982350 1
2990198 1
2991467 1
2993015 1
2998237 1
2999950 1
3000999 1
3001437 1
3006964 1
3011221 1
3019411 1
3024516 1
3024987 1
3025350 1
3040150 1
3044593 1
3045970 1
3053005 1
3053023 1
3057622 1
3061029 1
3064362 1
3065479 1
3065897 1
3073382 1
3085712 1
3101632 1
3110455 1
3111789 1
3112376 1
3113113 1
3113233 1
3118764 1
3122014 1
3126010 1
3129506 1
3129706 1
3129944 1
3134036 1
3140232 1
3143556 1
3157225 1
3159846 1
3165881 1
3166539 1
3167152 1
3169032 1
3169649 1
3171637 1
3172758 1
3187394 1
3187515 1
3191662 1
3221299 1
3226260 1
3238269 1
3252208 1
3255005 1
3257199 1
3258705 1
3260616 1
3264377 1
3267239 1
3267295 1
3269095 1
3271472 1
3272435 1
3276998 1
3276999 1
3277891 1
3280573 1
3282882 1
3285030 1
3295100 1
3295537 1
3299284 1
3310469 1
3310509 1
3316743 1
3323054 1
3327898 1
3329626 1
3331102 1
3341238 1
3343683 1
3349843 1
3350360 1
3355293 1
3359643 1
3362597 1
3373824 1
3376612 1
3385278 1
3394428 1
3405953 1
3408250 1
3409060 1
3417392 1
3423083 1
3425623 1
3425712 1
3428050 1
3430893 1
3432809 1
3433402 1
3437162 1
3441657 1
3451189 1
3457329 1
3457830 1
3459220 1
3463228 1
3470136 1
3474849 1
3484825 1
3489917 1
3498050 1
3502993 1
3504017 1
3506545 1
3509822 1
3515926 1
3516348 1
3520188 1
3525256 1
3530300 1
3532375 1
3547330 1
3548631 1
3550109 1
3556055 1
3577457 1
3584996 1
3595957 1
3596935 1
3599456 1
3607542 1
3608041 1
3611327 1
3613710 1
3615159 1
3632091 1
3634134 1
3634370 1
3656286 1
3663071 1
3664179 1
3670763 1
3676735 1
3682342 1
3684430 1
3696200 1
3707699 1
3708216 1
3712381 1
3732655 1
3739835 1
3740921 1
3741484 1
3742912 1
3744392 1
3762834 1
3763673 1
3764444 1
3777449 1
3784567 1
3785442 1
3805096 1
3807385 1
3810788 1
3819017 1
3819561 1
3819566 1
3819892 1
3821689 1
3825778 1
3829483 1
3830037 1
3831215 1
3838861 1
3842063 1
3846140 1
3848378 1
3850698 1
3858091 1
3860118 1
3860280 1
3860287 1
3863937 1
3867786 1
3868591 1
3869758 1
3869908 1
3870116 1
3871446 1
3873101 1
3873542 1
3874254 1
3879468 1
3885553 1
3893703 1
3897590 1
3898012 1
3918463 1
3932684 1
3936105 1
3936366 1
3952465 1
3954047 1
3961395 1
3989027 1
3995882 1
4008780 1
4020208 1
4021701 1
4024432 1
4028279 1
4029751 1
4036776 1
4040641 1
4047489 1
4056612 1
4059394 1
4072384 1
4078508 1
4082015 1
4090533 1
4095097 1
4095974 1
4101629 1
4101691 1
4101911 1
4105167 1
4105413 1
4123033 1
4134017 1
4138366 1
4147935 1
4147935 1
4153533 1
4162201 1
4162273 1
4162923 1
4164226 1
4168131 1
4173034 1
4183163 1
4183564 1
4187380 1
4189178 1
4190515 1
4191806 1
4198321 1
4203058 1
4208647 1
4209170 1
4216185 1
4217533 1
4225176 1
4227877 1
4230114 1
4235872 1
4236433 1
4236505 1
4236961 1
4237204 1
4237212 1
4237592 1
4242397 1
4244448 1
4254670 1
4257692 1
4261427 1
4265009 1
4277554 1
4288762 1
4289845 1
4293958 1
4297283 1
4305401 1
4319200 1
4319755 1
4321677 1
4321820 1
4325527 1
4328685 1
4331508 1
4332528 1
4332717 1
4335671 1
4338888 1
4341523 1
4343985 1
4347509 1
4348148 1
4348455 1
4352808 1
4354378 1
4355256 1
4360908 1
4363131 1
4364846 1
4365444 1
4367989 1
4369635 1
4373679 1
4379929 1
4390973 1
4393954 1
4394258 1
4400814 1
4401412 1
4405473 1
4416263 1
4420887 1
4420887 1
4421733 1
4424013 1
4424057 1
4424710 1
4426576 1
4430288 1
4443101 1
4447731 1
4448774 1
4451206 1
4458927 1
4472563 1
4472631 1
4477134 1
4478224 1
4483559 1
4497980 1
4499584 1
4501934 1
4505280 1
4505303 1
4505303 1
4512001 1
4514242 1
4517044 1
4519899 1
4523966 1
4528744 1
4530985 1
4539888 1
4540060 1
4552700 1
4558889 1
4571183 1
4571244 1
4594027 1
4612819 1
4614713 1
4624796 1
4628567 1
4639983 1
4644479 1
4647725 1
4657049 1
4661337 1
4666071 1
4669667 1
4675266 1
4675453 1
4677976 1
4683488 1
4689930 1
4697621 1
4702439 1
4706692 1
4713074 1
4716400 1
4723492 1
4725032 1
4729150 1
4736101 1
4737059 1
4737342 1
4739073 1
4754544 1
4763583 1
4767915 1
4769853 1
4770049 1
4777616 1
4781732 1
4791641 1
4792204 1
4800604 1
4805721 1
4807345 1
4811784 1
4814880 1
4824848 1
4825085 1
4826366 1
4832937 1
4856722 1
4861363 1
4862848 1
4865871 1
4878017 1
4879383 1
4881692 1
4883073 1
4883478 1
4885743 1
4889192 1
4899708 1
4899896 1
4900605 1
4903106 1
4905799 1
4905897 1
4906318 1
4910482 1
4914134 1
4914411 1
4924884 1
4928494 1
4953882 1
4961260 1
4961840 1
4967539 1
4969326 1
4972259 1
4977737 1
4990129 1
4996964 1
4997932 1
5000195 1
5000542 1
5011145 1
5011531 1
5014676 1
5020774 1
5024490 1
5027385 1
5028353 1
5030770 1
5033823 1
5040143 1
5041486 1
5044266 1
5047042 1
5047134 1
5049463 1
5049846 1
5051738 1
5053486 1
5053511 1
5053523 1
5055863 1
5058377 1
5062711 1
5070753 1
5074815 1
5080433 1
5081544 1
5086526 1
5115548 1
5115886 1
5118636 1
5133703 1
5134152 1
5135302 1
5139663 1
5144547 1
5147169 1
5155887 1
5167248 1
5172510 1
5178149 1
5181890 1
5194253 1
5202398 1
5203574 1
5208338 1
5210848 1
5220732 1
5222101 1
5224866 1
5235529 1
5250143 1
5251431 1
5252399 1
5258529 1
5263963 1
5272447 1
5280398 1
5286479 1
5294389 1
5300097 1
5306559 1
5308991 1
5312037 1
5312761 1
5316790 1
5318508 1
5322195 1
5326035 1
5330625 1
5332172 1
5332235 1
5340825 1
5342679 1
5351964 1
5368830 1
5383201 1
5424090 1
5443371 1
5454097 1
5457173 1
5462412 1
5469530 1
5478948 1
5479826 1
5480616 1
5482247 1
5491085 1
5492715 1
5495847 1
5495847 1
5496506 1
5498213 1
5501911 1
5505259 1
5506358 1
5508607 1
5530193 1
5532747 1
5536424 1
5545967 1
5547127 1
5558042 1
5558219 1
5562802 1
5567645 1
5584509 1
5590724 1
5596644 1
5602952 1
5605731 1
5611190 1
5616367 1
5617127 1
5625009 1
5639746 1
5642214 1
5653582 1
5655427 1
5656438 1
5657760 1
5665003 1
5665752 1
5666090 1
5666128 1
5676551 1
5679192 1
5679934 1
5680124 1
5681837 1
5682332 1
5683009 1
5685016 1
5687061 1
5687151 1
5687354 1
5690203 1
5701185 1
5701293 1
5706713 1
5710685 1
5715087 1
5715307 1
5715375 1
5720889 1
5723253 1
5725545 1
5730096 1
5730183 1
5735180 1
5739284 1
5742001 1
5746281 1
5747126 1
5748131 1
5748185 1
5750774 1
5753267 1
5770007 1
5770822 1
5770824 1
5770839 1
5773841 1
5775977 1
5793895 1
5798478 1
5802002 1
5807578 1
5809436 1
5811034 1
5815621 1
5836724 1
5853691 1
5856800 1
5859940 1
5860395 1
5860534 1
5876409 1
5877326 1
5878788 1
5879301 1
5879421 1
5880267 1
5881681 1
5882550 1
5883649 1
5884210 1
5890573 1
5893777 1
5905107 1
5914301 1
5919833 1
5920848 1
5922972 1
5923034 1
5940050 1
5943783 1
5948420 1
5952474 1
5952615 1
5957777 1
5959196 1
5959811 1
5960367 1
5969445 1
5971417 1
5985799 1
5988711 1
5999734 1
6005661 1
6008803 1
6009351 1
6013690 1
6013875 1
6014018 1
6031102 1
6031891 1
6034156 1
6035436 1
6043836 1
6045433 1
6054653 1
6056560 1
6061515 1
6064321 1
6073512 1
6075010 1
6100011 1
6106779 1
6124872 1
6133906 1
6148505 1
6149691 1
6152064 1
6156772 1
6157462 1
6164018 1
6164510 1
6165867 1
6188023 1
6192709 1
6207831 1
6224901 1
6227938 1
6228267 1
6228445 1
6235241 1
6238409 1
6251696 1
6274733 1
6278938 1
6278938 1
6279540 1
6281929 1
6284329 1
6286172 1
6294425 1
6294835 1
6297324 1
6299917 1
6302816 1
6309566 1
6311005 1
6311435 1
6312503 1
6314985 1
6323957 1
6333989 1
6334603 1
6336919 1
6337398 1
6338072 1
6339723 1
6340461 1
6343227 1
6344728 1
6348296 1
6354318 1
6354318 1
6366306 1
6379333 1
6380391 1
6380397 1
6381373 1
6381557 1
6381625 1
6386066 1
6386999 1
6387501 1
6393312 1
6408356 1
6408545 1
6409926 1
6422804 1
6433883 1
6439004 1
6439951 1
6440162 1
6458826 1
6459985 1
6465080 1
6474733 1
6474899 1
6478901 1
6479041 1
6480347 1
6483950 1
6488237 1
6498703 1
6503850 1
6505207 1
6505370 1
6506766 1
6507796 1
6509641 1
6510995 1
6513937 1
6520560 1
6521315 1
6523338 1
6524450 1
6530623 1
6534290 1
6535647 1
6539925 1
6544773 1
6544932 1
6545598 1
6549952 1
6550358 1
6562254 1
6568829 1
6570021 1
6576964 1
6584449 1
6585751 1
6600878 1
6601528 1
6606063 1
6606498 1
6607415 1
6614601 1
6616160 1
6618064 1
6619199 1
6624681 1
6626784 1
6637088 1
6646319 1
6646725 1
6652100 1
6652496 1
6671219 1
6671393 1
6671645 1
6673634 1
6674622 1
6675681 1
6686495 1
6687713 1
6702717 1
6709724 1
6712790 1
6718158 1
6728359 1
6742754 1
6743002 1
6746144 1
6746867 1
6747275 1
6748111 1
6750275 1
6752152 1
6754266 1
6755151 1
6755403 1
6755879 1
6760631 1
6760870 1
6770754 1
6785503 1
6800954 1
6802711 1
6811894 1
6814080 1
6817076 1
6824824 1
6830494 1
6832058 1
6834281 1
6835057 1
6835781 1
6843212 1
6847902 1
6848112 1
6848386 1
6855357 1
6855394 1
6869434 1
6871604 1
6872124 1
6872998 1
6874649 1
6879611 1
6881932 1
6883647 1
6883809 1
6884164 1
6885604 1
6885971 1
6893156 1
6895291 1
6895577 1
6897371 1
6912578 1
6917441 1
6927171 1
6930982 1
6935803 1
6936002 1
6937711 1
6938089 1
6938858 1
6939195 1
6940439 1
6943881 1
6948497 1
6950099 1
6958757 1
6961012 1
6964968 1
6971021 1
6972163 1
6972163 1
6986958 1
6992356 1
6992356 1
6994217 1
6994303 1
6995490 1
6997900 1
7001510 1
7001854 1
7005946 1
7011579 1
7011669 1
7018207 1
7018673 1
7019806 1
7022113 1
7022634 1
7025395 1
7026474 1
7029217 1
7030177 1
7034128 1
7034619 1
7035551 1
7037915 1
7042021 1
7045037 1
7060863 1
7066064 1
7066470 1
7070831 1
7071917 1
7075446 1
7077434 1
7078130 1
7087729 1
7098679 1
7101628 1
7107020 1
7108777 1
7112632 1
7116352 1
7117303 1
7120739 1
7120944 1
7125651 1
7131514 1
7131602 1
7133234 1
7134358 1
7136163 1
7137703 1
7144617 1
7144905 1
7149645 1
7155975 1
7155975 1
7159528 1
7164498 1
7164753 1
7165499 1
7193139 1
7194193 1
7195594 1
7197634 1
7199794 1
7200721 1
7214402 1
7215144 1
7220248 1
7221658 1
7224039 1
7224458 1
7225049 1
7225270 1
7225280 1
7225608 1
7231186 1
7233888 1
7235256 1
7242943 1
7252268 1
7266147 1
7271335 1
7275572 1
7277954 1
7280258 1
7282428 1
7286402 1
7291813 1
7297003 1
7299391 1
7305324 1
7314998 1
7322342 1
7323265 1
7324411 1
7326631 1
7329490 1
7330038 1
7338298 1
7340156 1
7342694 1
7348044 1
7348669 1
7357160 1
7360511 1
7362216 1
7362856 1
7368106 1
7368617 1
7372573 1
7376065 1
7377221 1
7380750 1
7382475 1
7391149 1
7394600 1
7395311 1
7396432 1
7400576 1
7403301 1
7412376 1
7414245 1
7419852 1
7425593 1
7426918 1
7450465 1
7451184 1
7455330 1
7460492 1
7464359 1
7466997 1
7468490 1
7481354 1
7482827 1
7483175 1
7485235 1
7492475 1
7492649 1
7493264 1
7493339 1
7499482 1
7501277 1
7505208 1
7506107 1
7506153 1
7506216 1
7506637 1
7509290 1
7513987 1
7515120 1
7517419 1
7517714 1
7524310 1
7539896 1
7546704 1
7556946 1
7558134 1
7559547 1
7567759 1
7582304 1
7585149 1
7588131 1
7590060 1
7593685 1
7594332 1
7594757 1
7596896 1
7600180 1
7600210 1
7610140 1
7619566 1
7621084 1
7626312 1
7628446 1
7629721 1
7631268 1
7635768 1
7635773 1
7639674 1
7649290 1
7651818 1
7655978 1
7657319 1
7669399 1
7669882 1
7672945 1
7674074 1
7677189 1
7681934 1
7684246 1
7686671 1
7690428 1
7693202 1
7694073 1
7694128 1
7695050 1
7695158 1
7696653 1
7700281 1
7704796 1
7710626 1
7720632 1
7723363 1
7727545 1
7729103 1
7733623 1
7733707 1
7734616 1
7736290 1
7744948 1
7750750 1
7752687 1
7755333 1
7767993 1
7780775 1
7785469 1
7809010 1
7809013 1
7809576 1
7815965 1
7838762 1
7842013 1
7842174 1
7847487 1
7849552 1
7850528 1
7851308 1
7853257 1
7853907 1
7862961 1
7867112 1
7868067 1
7869716 1
7874448 1
7883065 1
7887539 1
7889423 1
7889520 1
7890959 1
7891435 1
7892116 1
7898311 1
7898482 1
7917042 1
7918873 1
7924811 1
7933498 1
7935100 1
7937711 1
7937765 1
7938478 1
7950183 1
7951009 1
7957445 1
7967388 1
7967963 1
7971588 1
7975825 1
7976799 1
7976892 1
7980212 1
7997849 1
8000017 1
8003956 1
8004244 1
8004612 1
8010577 1
8016587 1
8016704 1
8018362 1
8019353 1
8019990 1
8020440 1
8020636 1
8023311 1
8026371 1
8026882 1
8027216 1
8027427 1
8028943 1
8028965 1
8029671 1
8031195 1
8034069 1
8035853 1
8036421 1
8037198 1
8040155 1
8040492 1
8041395 1
8042180 1
8042249 1
8042667 1
8045077 1
8046003 1
8046939 1
8053195 1
8053901 1
8054685 1
8054955 1
8055533 1
8058122 1
8058978 1
8061421 1
8061628 1
8061803 1
8063788 1
8065432 1
8065642 1
8066918 1
8067350 1
8068692 1
8069226 1
8071384 1
8072459 1
8073314 1
8076354 1
8076509 1
8078188 1
8078518 1
8079464 1
8080535 1
8080573 1
8080749 1
8080906 1
8081061 1
8082655 1
8087654 1
8088770 1
8098824 1
8098983 1
8099375 1
8105415 1
8108272 1
8109243 1
8110360 1
8111525 1
8111979 1
8114416 1
8114790 1
8119461 1
8122742 1
8123095 1
8123653 1
8125900 1
8126335 1
8126763 1
8127249 1
8127521 1
8129553 1
8130657 1
8131712 1
8131748 1
8131751 1
8132798 1
8132829 1
8133153 1
8134192 1
8137659 1
8138554 1
8140464 1
8143801 1
8146360 1
8147244 1
8148115 1
8149220 1
8150711 1
8152157 1
8154161 1
8154433 1
8155078 1
8156692 1
8156859 1
8157744 1
8158392 1
8160146 1
8161359 1
8161583 1
8162968 1
8163502 1
8163878 1
8165503 1
8210984 1
8217457 1
8217478 1
8220701 1
8222822 1
8224629 1
8226024 1
8228213 1
8229074 1
8237511 1
8255733 1
8256388 1
8265233 1
8269725 1
8297687 1
8300379 1
8300817 1
8303271 1
3749 1
7748 1
10136 1
10147 1
25205 1
35545 1
35970 1
37127 1
44610 1
46126 1
49132 1
49339 1
53021 1
63428 1
63718 1
69604 1
70967 1
73892 1
81859 1
82343 1
95971 1
97369 1
97669 1
98562 1
98576 1
102964 1
104875 1
105175 1
106812 1
107271 1
107923 1
110079 1
110660 1
113054 1
115110 1
115785 1
117764 1
118727 1
119718 1
121697 1
123095 1
123791 1
125812 1
126433 1
127406 1
127906 1
128540 1
132416 1
134387 1
135983 1
136815 1
141651 1
142789 1
143364 1
145117 1
146642 1
147894 1
151736 1
153303 1
155991 1
157093 1
157766 1
158076 1
159870 1
160055 1
160083 1
168482 1
180892 1
182882 1
186314 1
186911 1
187277 1
188027 1
191070 1
191782 1
193233 1
196552 1
197358 1
197502 1
197901 1
200107 1
203806 1
204545 1
205360 1
205589 1
207342 1
210412 1
211235 1
212888 1
214244 1
214933 1
216636 1
216759 1
216904 1
217262 1
218678 1
219007 1
222672 1
224283 1
225427 1
226527 1
228711 1
229447 1
229594 1
229906 1
230907 1
231276 1
236821 1
238520 1
243711 1
245125 1
248071 1
251744 1
257151 1
259929 1
265649 1
265862 1
269341 1
275753 1
279514 1
282291 1
285890 1
287823 1
287912 1
304272 1
311067 1
315759 1
316818 1
326587 1
351571 1
353568 1
364684 1
365964 1
373188 1
378797 1
380948 1
384994 1
425610 1
431891 1
432071 1
441194 1
441502 1
443893 1
450390 1
450934 1
451374 1
455338 1
456033 1
468082 1
469056 1
470100 1
474789 1
482379 1
490339 1
492202 1
498660 1
499005 1
499665 1
500217 1
500542 1
501796 1
501799 1
507776 1
509126 1
509364 1
510272 1
510273 1
511418 1
526305 1
530153 1
549396 1
556762 1
565943 1
567287 1
571620 1
571885 1
574704 1
579367 1
581804 1
582376 1
584645 1
620709 1
645615 1
647783 1
649294 1
650827 1
662030 1
663512 1
666432 1
666527 1
666758 1
699149 1
702031 1
713252 1
720001 1
727748 1
730352 1
743187 1
743823 1
746948 1
761602 1
765010 1
765010 1
768241 1
769354 1
773052 1
773052 1
778659 1
782490 1
784604 1
790221 1
813208 1
815576 1
815828 1
825407 1
825547 1
831781 1
834080 1
834792 1
835210 1
837300 1
838309 1
844035 1
845224 1
848228 1
848814 1
850261 1
864154 1
865684 1
866331 1
867493 1
871943 1
872074 1
878220 1
880963 1
894898 1
897043 1
903336 1
904298 1
917697 1
920046 1
921711 1
922070 1
922098 1
923236 1
924427 1
924429 1
924429 1
925922 1
926099 1
929883 1
934477 1
934632 1
939489 1
939674 1
939766 1
947459 1
960173 1
963140 1
976182 1
979270 1
980142 1
981368 1
983047 1
987265 1
998339 1
1013311 1
1029486 1
1034235 1
1037464 1
1038231 1
1039428 1
1040109 1
1042216 1
1054274 1
1059907 1
1060904 1
1063078 1
1063557 1
1078661 1
1083862 1
1086404 1
1088805 1
1088858 1
1089041 1
1094163 1
1095111 1
1096069 1
1105369 1
1118188 1
1124096 1
1133068 1
1136663 1
1138776 1
1145078 1
1146350 1
1146928 1
1159558 1
1164242 1
1170530 1
1174404 1
1181690 1
1184643 1
1187656 1
1189232 1
1213580 1
1214555 1
1215247 1
1218203 1
1218311 1
1219184 1
1220111 1
1228823 1
1231998 1
1238562 1
1240278 1
1240868 1
1242971 1
1253936 1
1259563 1
1264169 1
1265696 1
1271902 1
1273029 1
1273313 1
1273313 1
1274381 1
1276115 1
1278073 1
1281033 1
1284878 1
1299659 1
1300531 1
1303545 1
1303990 1
1304078 1
1309218 1
1319639 1
1321161 1
1323247 1
1325984 1
1326066 1
1327003 1
1328444 1
1329930 1
1333139 1
1335050 1
1336288 1
1339603 1
1339997 1
1341435 1
1342355 1
1345192 1
1351231 1
1376750 1
1376940 1
1382366 1
1393596 1
1416836 1
1424080 1
1433693 1
1456156 1
1460932 1
1461167 1
1461837 1
1470179 1
1470510 1
1476986 1
1497033 1
1497554 1
1502244 1
1502499 1
1512013 1
1513805 1
1519334 1
1527528 1
1544834 1
1551696 1
1554268 1
1561810 1
1561810 1
1563009 1
1563589 1
1566773 1
1576226 1
1580667 1
1582088 1
1586195 1
1586776 1
1587094 1
1593421 1
1593629 1
1597314 1
1602058 1
1603991 1
1604118 1
1610472 1
1610625 1
1613008 1
1628903 1
1632552 1
1636527 1
1640161 1
1666930 1
1668556 1
1670257 1
1673139 1
1676006 1
1683442 1
1685349 1
1688177 1
1688836 1
1693825 1
1697815 1
1701346 1
1701829 1
1703443 1
1706096 1
1706636 1
1719448 1
1721480 1
1724478 1
1735062 1
1735218 1
1739250 1
1741130 1
1744911 1
1747231 1
1754179 1
1754317 1
1759697 1
1760512 1
1767063 1
1773866 1
1779454 1
1779560 1
1798649 1
1804639 1
1806259 1
1821166 1
1822099 1
1822444 1
1822863 1
1823495 1
1823495 1
1825573 1
1826253 1
1827505 1
1828618 1
1834151 1
1855960 1
1858631 1
1867786 1
1869980 1
1869984 1
1870722 1
1871081 1
1871510 1
1876189 1
1881096 1
1883991 1
1886766 1
1890433 1
1895150 1
1895738 1
1898056 1
1899622 1
1899832 1
1900535 1
1903435 1
1904055 1
1904267 1
1909183 1
1910550 1
1911519 1
1912952 1
1920069 1
1928275 1
1929950 1
1932921 1
1937791 1
1940861 1
1942045 1
1945967 1
1947410 1
1948917 1
1951739 1
1951869 1
1952100 1
1968174 1
1972421 1
1976158 1
1979575 1
1987582 1
1991652 1
2000946 1
2002449 1
2003325 1
2005524 1
2006844 1
2008782 1
2010082 1
2011282 1
2012158 1
2021266 1
2023024 1
2025378 1
2036036 1
2039217 1
2051349 1
2059073 1
2059073 1
2077772 1
2078711 1
2080296 1
2084966 1
2093942 1
2100133 1
2102194 1
2109263 1
2111161 1
2114746 1
2115811 1
2116078 1
2119480 1
2119571 1
2120014 1
2121425 1
2131423 1
2137801 1
2139529 1
2140994 1
2149843 1
2158612 1
2160994 1
2163945 1
2167254 1
2175214 1
2183515 1
2185654 1
2189123 1
2191432 1
2196878 1
2203380 1
2204894 1
2207952 1
2220623 1
2223864 1
2236017 1
2237118 1
2238943 1
2239570 1
2240172 1
2240387 1
2241373 1
2253704 1
2261880 1
2275823 1
2278133 1
2289112 1
2291189 1
2291604 1
2292111 1
2294552 1
2295910 1
2298095 1
2301879 1
2302532 1
2304720 1
2308472 1
2315817 1
2318969 1
2324126 1
2327350 1
2337996 1
2340910 1
2341318 1
2346061 1
2351597 1
2352476 1
2358035 1
2358827 1
2362853 1
2378744 1
2382056 1
2382648 1
2385357 1
2386679 1
2387528 1
2388317 1
2389137 1
2392872 1
2393501 1
2401356 1
2402999 1
2403092 1
2406508 1
2408867 1
2411563 1
2412159 1
2418713 1
2420826 1
2422399 1
2424191 1
2424595 1
2426056 1
2427714 1
2438277 1
2438299 1
2440384 1
2441711 1
2443148 1
2443888 1
2452621 1
2453173 1
2453962 1
2454552 1
2456796 1
2457616 1
2468562 1
2472486 1
2487896 1
2488793 1
2490464 1
2493291 1
2514693 1
2516394 1
2518674 1
2524597 1
2524597 1
2543915 1
2551962 1
2555016 1
2561597 1
2565680 1
2566275 1
2577269 1
2588895 1
2590594 1
2591656 1
2591897 1
2594802 1
2595953 1
2606062 1
2615287 1
2616058 1
2616686 1
2621564 1
2622263 1
2622733 1
2622950 1
2625439 1
2636218 1
2636750 1
2638789 1
2643197 1
2645075 1
2647456 1
2647781 1
2654252 1
2667364 1
2672137 1
2677536 1
2683768 1
2693853 1
2694492 1
2696305 1
2696688 1
2700587 1
2708287 1
2709441 1
2726862 1
2727061 1
2727825 1
2727943 1
2728768 1
2729109 1
2733538 1
2753165 1
2756953 1
2760877 1
2764762 1
2764829 1
2767439 1
2769318 1
2774743 1
2782334 1
2782765 1
2784395 1
2784395 1
2785581 1
2792413 1
2797509 1
2800373 1
2801105 1
2801408 1
2801872 1
2805619 1
2806521 1
2814755 1
2817038 1
2817473 1
2819109 1
2821487 1
2821794 1
2825784 1
2837128 1
2849884 1
2850416 1
2852327 1
2852904 1
2858805 1
2867945 1
2868233 1
2868572 1
2868826 1
2870050 1
2871032 1
2879029 1
2911315 1
2922177 1
2923087 1
2930460 1
2932262 1
2932350 1
2932563 1
2932563 1
2937745 1
2946371 1
2949637 1
2950860 1
2955527 1
2957099 1
2965907 1
2968250 1
2982368 1
2982420 1
2986478 1
2987965 1
3002791 1
3006114 1
3007356 1
3018129 1
3025608 1
3030035 1
3043050 1
3043271 1
3059653 1
3060074 1
3061340 1
3086546 1
3092023 1
3095488 1
3097383 1
3097578 1
3098983 1
3105933 1
3107320 1
3113312 1
3115136 1
3118283 1
3121915 1
3124313 1
3125695 1
3130459 1
3131750 1
3145157 1
3145186 1
3145286 1
3146938 1
3152837 1
3154961 1
3158037 1
3168184 1
3175244 1
3175880 1
3176227 1
3181818 1
3187450 1
3187616 1
3191358 1
3194764 1
3196584 1
3204133 1
3216229 1
3218722 1
3222416 1
3224994 1
3231641 1
3242212 1
3245178 1
3249331 1
3250919 1
3260374 1
3261483 1
3269690 1
3271710 1
3272189 1
3273071 1
3281126 1
3281214 1
3283304 1
3284280 1
3285391 1
3286065 1
3296374 1
3308902 1
3309826 1
3311792 1
3311808 1
3321411 1
3328020 1
3337005 1
3341278 1
3341804 1
3343300 1
3343498 1
3349809 1
3353013 1
3359382 1
3359780 1
3363736 1
3365236 1
3371546 1
3378248 1
3379413 1
3382866 1
3383017 1
3383268 1
3383659 1
3387510 1
3387513 1
3393865 1
3395483 1
3403619 1
3405995 1
3406586 1
3418544 1
3434128 1
3434785 1
3435131 1
3437042 1
3437440 1
3438856 1
3444693 1
3444887 1
3445478 1
3450829 1
3452347 1
3472105 1
3473158 1
3478733 1
3489945 1
3491477 1
3506897 1
3511839 1
3512469 1
3513750 1
3513788 1
3515521 1
3520263 1
3524000 1
3525554 1
3528040 1
3541210 1
3544729 1
3562195 1
3563032 1
3570468 1
3581696 1
3581826 1
3583246 1
3594436 1
3596690 1
3620523 1
3626215 1
3630985 1
3631537 1
3633822 1
3636409 1
3636494 1
3649239 1
3651125 1
3652533 1
3655048 1
3656052 1
3657278 1
3662253 1
3682141 1
3693212 1
3701588 1
3707989 1
3708031 1
3708864 1
3712521 1
3712574 1
3717889 1
3722559 1
3734771 1
3742831 1
3750799 1
3776756 1
3788305 1
3789897 1
3791394 1
3797893 1
3817878 1
3821210 1
3826610 1
3831617 1
3832406 1
3833448 1
3842572 1
3842750 1
3845898 1
3846400 1
3847013 1
3847013 1
3851685 1
3858024 1
3858507 1
3860016 1
3862275 1
3863054 1
3863456 1
3872078 1
3872454 1
3872868 1
3873038 1
3878091 1
3896555 1
3916663 1
3918245 1
3925886 1
3954642 1
3955102 1
3965942 1
3973253 1
3976255 1
3985712 1
3987588 1
3988090 1
3988850 1
3989584 1
3992001 1
4009772 1
4011388 1
4012630 1
4014042 1
4015607 1
4016936 1
4017167 1
4017561 1
4027016 1
4029896 1
4041605 1
4048810 1
4050327 1
4053537 1
4060349 1
4068734 1
4070191 1
4070411 1
4075709 1
4088418 1
4091869 1
4092658 1
4096004 1
4096182 1
4103083 1
4103398 1
4105800 1
4107755 1
4116320 1
4130420 1
4133926 1
4134028 1
4142256 1
4144499 1
4144517 1
4144600 1
4151326 1
4162986 1
4164651 1
4165769 1
4174636 1
4178050 1
4180809 1
4191779 1
4192458 1
4195489 1
4197774 1
4200316 1
4202908 1
4209658 1
4209744 1
4211024 1
4218522 1
4218607 1
4219260 1
4225109 1
4225214 1
4227785 1
4238667 1
4259473 1
4272430 1
4272814 1
4273220 1
4278526 1
4295559 1
4298011 1
4298120 1
4300284 1
4304332 1
4304787 1
4306900 1
4315907 1
4322018 1
4329451 1
4330522 1
4335469 1
4336248 1
4336248 1
4338706 1
4340178 1
4340846 1
4344190 1
4344464 1
4346199 1
4347811 1
4348362 1
4351090 1
4357078 1
4358408 1
4366012 1
4366165 1
4366796 1
4369009 1
4371860 1
4375025 1
4392679 1
4399069 1
4404393 1
4404817 1
4414264 1
4422662 1
4423333 1
4423381 1
4423903 1
4424733 1
4427540 1
4427955 1
4431018 1
4431754 1
4439657 1
4439679 1
4444917 1
4448544 1
4450500 1
4473030 1
4474914 1
4485263 1
4485513 1
4488888 1
4495299 1
4504932 1
4507788 1
4512395 1
4516880 1
4525524 1
4530939 1
4531234 1
4532159 1
4558753 1
4561048 1
4562420 1
4579561 1
4582226 1
4597623 1
4618867 1
4619661 1
4632986 1
4633778 1
4639785 1
4640045 1
4649670 1
4651677 1
4652208 1
4655456 1
4656529 1
4656578 1
4669729 1
4671054 1
4671528 1
4674077 1
4687959 1
4705226 1
4707875 1
4713766 1
4720364 1
4723230 1
4723569 1
4727793 1
4728026 1
4737318 1
4738844 1
4738922 1
4740490 1
4749325 1
4761420 1
4766587 1
4768631 1
4771990 1
4790989 1
4792599 1
4794114 1
4794415 1
4797559 1
4797996 1
4802437 1
4810052 1
4810193 1
4810242 1
4812031 1
4816761 1
4818817 1
4821496 1
4824880 1
4825508 1
4825534 1
4825738 1
4825852 1
4826808 1
4828922 1
4832087 1
4835243 1
4835362 1
4836327 1
4836385 1
4841002 1
4849834 1
4864106 1
4864245 1
4869871 1
4873937 1
4885698 1
4889037 1
4898418 1
4915707 1
4916354 1
4918531 1
4923855 1
4923855 1
4925371 1
4929996 1
4947725 1
4960016 1
4970537 1
4972157 1
4978029 1
4986007 1
4997183 1
5000857 1
5011853 1
5014300 1
5016420 1
5018011 1
5018546 1
5039017 1
5040912 1
5043971 1
5044232 1
5044232 1
5045335 1
5048336 1
5056727 1
5056727 1
5071253 1
5073119 1
5073874 1
5093819 1
5118339 1
5118789 1
5131265 1
5133517 1
5139758 1
5139884 1
5155419 1
5158912 1
5159051 1
5163955 1
5169346 1
5170373 1
5171955 1
5174086 1
5180783 1
5187802 1
5197091 1
5201703 1
5208028 1
5218394 1
5220290 1
5220751 1
5228498 1
5228889 1
5229821 1
5234611 1
5249268 1
5257214 1
5258349 1
5260129 1
5269382 1
5271515 1
5280405 1
5285881 1
5285889 1
5287546 1
5291201 1
5292342 1
5298458 1
5300848 1
5300848 1
5303938 1
5317294 1
5320864 1
5324399 1
5330731 1
5330751 1
5333001 1
5340276 1
5345204 1
5347660 1
5350989 1
5355689 1
5355878 1
5356009 1
5356547 1
5369547 1
5370453 1
5374805 1
5377019 1
5377751 1
5377886 1
5378303 1
5416906 1
5425599 1
5427099 1
5434693 1
5446377 1
5452432 1
5455834 1
5471551 1
5498191 1
5503081 1
5514835 1
5520901 1
5523878 1
5524472 1
5526762 1
5527196 1
5529385 1
5538040 1
5539204 1
5541783 1
5543358 1
5547074 1
5553664 1
5555137 1
5563149 1
5563433 1
5572720 1
5590639 1
5592113 1
5596452 1
5605375 1
5615407 1
5616393 1
5617231 1
5620730 1
5621394 1
5637231 1
5647093 1
5656704 1
5660943 1
5661114 1
5663542 1
5666140 1
5666165 1
5666169 1
5666240 1
5672364 1
5672487 1
5675243 1
5677747 1
5678880 1
5679975 1
5684112 1
5687975 1
5688432 1
5691522 1
5691658 1
5692622 1
5695238 1
5695238 1
5695257 1
5696025 1
5699910 1
5708789 1
5708921 1
5709131 1
5710747 1
5716119 1
5720131 1
5720636 1
5726366 1
5732754 1
5732851 1
5735821 1
5735821 1
5742765 1
5744294 1
5746225 1
5766814 1
5770857 1
5773620 1
5775860 1
5776461 1
5782141 1
5783943 1
5788264 1
5790107 1
5790457 1
5806066 1
5806339 1
5807091 1
5807969 1
5816274 1
5817064 1
5817705 1
5821501 1
5821946 1
5824016 1
5825151 1
5829541 1
5830629 1
5833421 1
5836970 1
5840731 1
5840921 1
5847892 1
5849075 1
5859855 1
5862548 1
5862600 1
5862816 1
5863013 1
5864912 1
5868795 1
5869634 1
5870976 1
5876038 1
5876241 1
5876277 1
5876800 1
5878126 1
5880466 1
5881950 1
5881962 1
5882908 1
5886695 1
5895226 1
5897053 1
5899207 1
5913713 1
5914474 1
5920527 1
5920650 1
5921226 1
5921764 1
5921786 1
5923276 1
5925037 1
5925215 1
5925564 1
5939443 1
5942366 1
5943509 1
5945387 1
5961184 1
5962716 1
5962837 1
5965062 1
5968749 1
5970469 1
5972699 1
5972981 1
5974380 1
5982016 1
5984182 1
6001657 1
6002582 1
6002824 1
6004556 1
6005638 1
6005957 1
6007447 1
6012402 1
6014146 1
6014173 1
6015325 1
6019272 1
6029512 1
6031886 1
6033478 1
6044594 1
6051598 1
6057006 1
6066217 1
6066300 1
6068321 1
6073071 1
6083610 1
6084521 1
6085472 1
6086402 1
6097915 1
6105411 1
6121129 1
6121461 1
6122688 1
6122966 1
6130413 1
6139503 1
6146646 1
6148096 1
6151368 1
6151850 1
6152987 1
6153311 1
6155042 1
6157865 1
6182258 1
6186533 1
6188098 1
6189119 1
6197711 1
6200903 1
6201706 1
6202171 1
6225134 1
6228210 1
6236361 1
6269924 1
6282115 1
6290489 1
6300663 1
6303685 1
6324144 1
6332479 1
6345562 1
6347195 1
6357329 1
6357420 1
6371650 1
6374889 1
6377287 1
6377685 1
6381116 1
6381323 1
6381435 1
6382584 1
6382656 1
6384308 1
6387540 1
6388289 1
6390314 1
6394396 1
6404111 1
6404946 1
6405736 1
6419287 1
6421771 1
6426470 1
6427928 1
6431174 1
6438779 1
6454860 1
6475124 1
6478223 1
6481558 1
6482823 1
6483509 1
6486586 1
6494453 1
6501444 1
6501628 1
6518023 1
6520045 1
6529085 1
6532353 1
6533528 1
6535404 1
6536067 1
6536708 1
6541995 1
6547715 1
6548762 1
6553396 1
6556098 1
6561483 1
6566655 1
6567332 1
6570947 1
6578406 1
6578486 1
6590486 1
6591628 1
6605664 1
6608317 1
6611020 1
6617290 1
6617744 1
6618233 1
6619544 1
6622132 1
6628308 1
6629930 1
6630046 1
6630582 1
6630647 1
6644265 1
6644911 1
6644956 1
6645256 1
6646363 1
6649672 1
6650909 1
6654360 1
6662340 1
6663976 1
6666289 1
6666844 1
6674431 1
6684179 1
6684771 1
6686417 1
6686482 1
6689146 1
6692913 1
6694306 1
6698626 1
6707290 1
6709488 1
6716078 1
6718940 1
6720030 1
6725329 1
6734014 1
6735396 1
6743334 1
6747293 1
6757075 1
6757757 1
6762500 1
6765828 1
6769497 1
6772792 1
6774594 1
6781518 1
6786870 1
6789703 1
6802866 1
6804391 1
6805747 1
6806533 1
6806664 1
6810917 1
6825704 1
6832345 1
6834662 1
6834662 1
6844991 1
6852768 1
6853195 1
6856312 1
6868180 1
6868664 1
6869484 1
6881288 1
6882402 1
6883935 1
6885530 1
6886844 1
6892939 1
6895225 1
6899211 1
6912178 1
6913247 1
6916648 1
6921321 1
6922330 1
6922712 1
6923571 1
6924179 1
6925137 1
6927866 1
6928098 1
6937034 1
6937423 1
6937725 1
6938463 1
6940409 1
6940530 1
6940899 1
6943823 1
6944074 1
6944074 1
6944225 1
6947363 1
6947495 1
6951179 1
6954485 1
6963405 1
6971005 1
6971506 1
6972597 1
6973345 1
6980895 1
6981344 1
6981857 1
6981905 1
6983147 1
6983984 1
6985672 1
6991485 1
6992148 1
6992148 1
6994405 1
6996038 1
6999520 1
7007561 1
7008593 1
7009734 1
7018966 1
7019985 1
7023281 1
7024134 1
7030271 1
7033254 1
7034379 1
7034492 1
7034492 1
7034718 1
7036760 1
7047401 1
7056332 1
7057310 1
7057440 1
7059799 1
7059883 1
7066934 1
7071968 1
7073847 1
7076204 1
7076209 1
7076211 1
7101225 1
7101295 1
7109622 1
7110208 1
7111698 1
7115916 1
7116447 1
7117246 1
7130557 1
7135801 1
7136130 1
7137545 1
7139416 1
7139437 1
7140208 1
7140330 1
7142342 1
7142980 1
7160653 1
7162245 1
7165049 1
7168675 1
7170092 1
7170096 1
7173342 1
7175635 1
7177135 1
7190362 1
7196016 1
7200929 1
7205297 1
7205560 1
7206272 1
7215274 1
7220141 1
7228212 1
7232582 1
7237778 1
7239738 1
7242203 1
7242203 1
7247786 1
7251701 1
7253556 1
7256884 1
7259761 1
7259761 1
7260723 1
7272446 1
7274851 1
7275067 1
7275346 1
7279073 1
7280419 1
7290369 1
7291486 1
7304163 1
7313474 1
7313839 1
7317342 1
7319998 1
7325077 1
7329425 1
7330197 1
7332707 1
7341936 1
7341949 1
7347519 1
7365729 1
7370040 1
7374462 1
7375327 1
7379742 1
7383811 1
7388483 1
7390936 1
7393137 1
7393730 1
7398226 1
7401523 1
7401523 1
7402538 1
7404485 1
7414233 1
7415183 1
7425410 1
7427685 1
7432983 1
7436269 1
7452865 1
7463586 1
7484093 1
7491463 1
7495392 1
7498373 1
7499921 1
7501451 1
7505676 1
7508575 1
7509886 1
7511176 1
7513983 1
7514326 1
7519210 1
7520285 1
7520286 1
7520783 1
7528450 1
7536889 1
7540702 1
7542363 1
7545623 1
7551493 1
7553599 1
7556325 1
7556923 1
7569186 1
7580529 1
7584771 1
7585321 1
7585370 1
7593708 1
7595122 1
7600344 1
7601077 1
7607616 1
7614337 1
7618676 1
7631350 1
7636751 1
7639474 1
7639652 1
7640207 1
7645014 1
7656422 1
7659910 1
7661517 1
7661908 1
7671867 1
7673052 1
7676489 1
7676596 1
7682766 1
7691337 1
7692787 1
7705630 1
7705941 1
7705954 1
7708013 1
7708214 1
7708985 1
7715123 1
7733768 1
7742219 1
7742236 1
7742827 1
7745645 1
7755227 1
7757678 1
7764783 1
7775514 1
7775726 1
7776517 1
7780669 1
7800358 1
7801615 1
7803692 1
7833716 1
7835909 1
7840078 1
7840286 1
7841434 1
7842602 1
7849209 1
7850725 1
7851412 1
7856323 1
7856753 1
7857521 1
7870405 1
7872064 1
7873761 1
7876446 1
7881114 1
7888370 1
7890455 1
7904214 1
7911474 1
7912300 1
7912521 1
7914084 1
7914946 1
7915826 1
7918138 1
7919530 1
7922508 1
7936688 1
7938123 1
7951553 1
7951709 1
7954031 1
7958324 1
7962063 1
7962491 1
7963718 1
7964923 1
7965396 1
7969797 1
7976715 1
7980021 1
7981381 1
7994047 1
7994730 1
7994984 1
7998420 1
7998585 1
8003783 1
8004202 1
8004623 1
8004745 1
8006609 1
8006667 1
8007383 1
8007846 1
8009013 1
8009856 1
8010431 1
8010895 1
8011799 1
8012282 1
8012955 1
8014120 1
8015800 1
8015903 1
8018333 1
8018518 1
8021562 1
8022359 1
8023578 1
8024863 1
8028056 1
8028955 1
8029363 1
8030398 1
8032491 1
8033086 1
8033255 1
8034827 1
8035017 1
8036173 1
8037444 1
8037772 1
8038547 1
8039520 1
8042196 1
8043218 1
8043440 1
8044251 1
8044951 1
8044968 1
8045084 1
8045347 1
8047264 1
8048675 1
8049276 1
8049773 1
8049831 1
8054540 1
8054877 1
8057332 1
8057496 1
8058010 1
8066103 1
8067974 1
8068973 1
8070449 1
8071535 1
8071739 1
8072121 1
8072601 1
8075314 1
8076444 1
8076541 1
8077182 1
8077662 1
8079344 1
8079821 1
8080296 1
8083961 1
8084714 1
8090841 1
8099225 1
8099995 1
8102130 1
8103159 1
8106466 1
8110187 1
8110239 1
8114730 1
8119308 1
8120139 1
8120670 1
8122990 1
8124781 1
8124938 1
8131029 1
8132260 1
8132428 1
8136146 1
8136988 1
8137365 1
8138902 1
8141792 1
8148975 1
8150036 1
8151785 1
8156671 1
8158646 1
8162292 1
8165643 1
8171444 1
8182431 1
8186739 1
8187357 1
8194203 1
8196230 1
8201227 1
8205159 1
8207292 1
8207869 1
8208982 1
8213390 1
8219266 1
8221599 1
8222406 1
8222791 1
8246472 1
8249220 1
8262578 1
8273046 1
8274983 1
8275685 1
8283736 1
8292119 1
8296660 1
8296844 1
8296875 1
8297528 1
8304130 1
26778 1
35551 1
41549 1
53859 1
83320 1
89402 1
98826 1
99880 1
99880 1
101600 1
120865 1
132485 1
132790 1
137207 1
141755 1
150642 1
153209 1
158860 1
158860 1
170732 1
176218 1
177555 1
181659 1
186787 1
188547 1
199864 1
200648 1
202119 1
285987 1
313792 1
359794 1
415631 1
449488 1
452757 1
468940 1
480862 1
488577 1
563432 1
591675 1
613953 1
638310 1
718909 1
746262 1
781293 1
800606 1
824341 1
824951 1
838888 1
841878 1
880635 1
890871 1
894841 1
952524 1
959154 1
959155 1
982735 1
1013125 1
1037253 1
1044265 1
1044266 1
1051252 1
1061239 1
1068497 1
1081664 1
1088783 1
1089188 1
1089538 1
1094178 1
1138830 1
1146393 1
1166862 1
1184553 1
1201861 1
1213225 1
1214526 1
1224342 1
1226615 1
1228975 1
1243852 1
1250197 1
1254369 1
1260693 1
1308535 1
1329088 1
1333634 1
1352047 1
1356971 1
1358151 1
1406752 1
1432443 1
1432970 1
1469224 1
1506836 1
1538783 1
1546356 1
1556625 1
1561212 1
1602813 1
1609465 1
1613123 1
1624093 1
1631324 1
1641593 1
1661467 1
1672547 1
1703296 1
1712903 1
1719678 1
1752307 1
1776680 1
1777944 1
1801011 1
1820461 1
1828122 1
1832568 1
1842958 1
1857605 1
1882658 1
1889915 1
1901423 1
1910199 1
1916893 1
1918274 1
1938341 1
1962499 1
1979288 1
2019088 1
2044720 1
2071264 1
2074886 1
2091903 1
2110491 1
2123011 1
2133195 1
2169516 1
2191449 1
2230520 1
2293489 1
2296746 1
2296922 1
2302690 1
2308695 1
2313361 1
2345201 1
2350475 1
2387412 1
2406734 1
2408876 1
2410006 1
2430227 1
2433568 1
2439530 1
2439701 1
2445851 1
2446958 1
2476713 1
2481106 1
2486643 1
2497001 1
2509947 1
2514778 1
2525982 1
2570896 1
2595158 1
2598244 1
2612370 1
2629532 1
2661137 1
2672097 1
2712220 1
2728154 1
2751717 1
2756343 1
2757393 1
2767031 1
2770128 1
2781997 1
2805624 1
2840814 1
2849479 1
2903129 1
2924839 1
2950197 1
2956543 1
2973559 1
2982290 1
2996638 1
3025249 1
3049391 1
3053396 1
3062507 1
3073610 1
3078480 1
3084162 1
3090622 1
3108781 1
3114978 1
3133403 1
3154460 1
3160370 1
3163891 1
3176505 1
3179329 1
3186970 1
3192291 1
3207594 1
3213995 1
3221074 1
3231843 1
3242185 1
3250983 1
3263449 1
3266706 1
3278925 1
3282554 1
3286050 1
3302125 1
3304921 1
3318503 1
3319220 1
3319875 1
3327628 1
3358595 1
3366781 1
3386747 1
3387094 1
3391772 1
3397064 1
3475140 1
3484125 1
3539385 1
3560153 1
3592051 1
3630414 1
3667598 1
3704804 1
3714592 1
3765329 1
3772088 1
3779504 1
3811209 1
3849322 1
3859574 1
3865620 1
3874018 1
3877086 1
3904778 1
3918840 1
3965401 1
3970766 1
3972727 1
3995705 1
4012267 1
4015807 1
4016789 1
4017401 1
4028238 1
4033526 1
4046872 1
4063849 1
4066815 1
4140861 1
4183986 1
4187830 1
4204050 1
4204235 1
4235926 1
4236876 1
4250039 1
4252062 1
4259047 1
4305732 1
4342885 1
4349041 1
4371406 1
4372037 1
4387540 1
4396792 1
4404356 1
4430166 1
4430335 1
4440361 1
4494064 1
4497805 1
4504852 1
4541730 1
4611265 1
4613785 1
4632397 1
4707943 1
4710700 1
4738374 1
4769670 1
4800787 1
4801591 1
4813088 1
4825068 1
4825630 1
4826728 1
4836356 1
4880461 1
4891576 1
4898568 1
4898568 1
4906876 1
4922307 1
4929226 1
4937391 1
4940081 1
4952550 1
4963191 1
4974574 1
4978468 1
4979589 1
5013210 1
5015035 1
5015616 1
5020447 1
5024853 1
5027315 1
5038038 1
5047017 1
5047193 1
5048935 1
5110881 1
5116533 1
5123526 1
5136357 1
5138650 1
5167350 1
5183426 1
5214672 1
5226303 1
5247299 1
5249996 1
5255182 1
5259469 1
5262352 1
5268096 1
5276055 1
5300242 1
5328629 1
5344835 1
5363061 1
5375317 1
5417872 1
5421136 1
5428811 1
5432575 1
5439930 1
5441140 1
5442251 1
5442446 1
5508138 1
5524517 1
5529846 1
5548437 1
5549095 1
5551634 1
5554799 1
5626577 1
5641890 1
5646239 1
5662112 1
5686963 1
5688594 1
5700166 1
5701437 1
5702830 1
5710619 1
5720028 1
5720411 1
5743214 1
5757219 1
5771401 1
5774689 1
5812764 1
5824422 1
5860680 1
5861708 1
5869039 1
5877421 1
5884956 1
5893835 1
5894389 1
5897471 1
5904045 1
5918114 1
5938473 1
5961091 1
5962758 1
5965257 1
5979933 1
5988596 1
6008185 1
6009126 1
6011144 1
6013819 1
6030679 1
6041129 1
6051028 1
6076186 1
6085372 1
6088211 1
6095832 1
6107999 1
6120031 1
6138237 1
6139995 1
6147523 1
6150244 1
6159174 1
6165794 1
6167474 1
6233164 1
6238137 1
6238696 1
6240460 1
6286596 1
6299871 1
6308865 1
6324398 1
6326813 1
6332961 1
6337627 1
6345875 1
6359145 1
6376462 1
6410001 1
6426220 1
6473056 1
6481975 1
6497173 1
6506645 1
6521222 1
6522890 1
6529756 1
6546606 1
6573155 1
6589072 1
6598585 1
6600435 1
6606083 1
6618534 1
6622891 1
6629592 1
6644422 1
6721117 1
6735193 1
6750375 1
6824161 1
6851654 1
6877478 1
6885054 1
6944183 1
6944216 1
6944516 1
6961492 1
6976567 1
6988520 1
7020972 1
7026288 1
7080078 1
7105138 1
7116436 1
7126640 1
7134109 1
7153262 1
7176619 1
7199920 1
7234751 1
7243099 1
7258943 1
7277654 1
7284904 1
7285946 1
7300322 1
7307866 1
7322698 1
7329142 1
7369078 1
7391507 1
7393699 1
7405677 1
7423392 1
7451915 1
7464748 1
7490534 1
7494807 1
7505421 1
7513848 1
7552368 1
7576487 1
7594286 1
7595022 1
7600811 1
7600811 1
7603833 1
7608871 1
7616213 1
7617684 1
7618727 1
7673295 1
7677278 1
7690381 1
7706968 1
7707208 1
7724293 1
7734513 1
7734519 1
7761535 1
7775661 1
7786341 1
7790249 1
7811491 1
7822183 1
7835850 1
7849591 1
7891235 1
7894312 1
7895264 1
7901236 1
7914603 1
7918154 1
7938929 1
7947017 1
7966208 1
7968473 1
7980373 1
7990663 1
7994727 1
8008948 1
8010124 1
8020234 1
8034043 1
8040954 1
8045388 1
8046181 1
8046406 1
8063184 1
8063457 1
8064369 1
8065017 1
8069219 1
8070390 1
8076679 1
8077279 1
8081557 1
8092811 1
8104194 1
8104603 1
8116514 1
8124499 1
8126910 1
8151231 1
8159498 1
8177646 1
8193946 1
8202765 1
8211555 1
8217930 1
8224109 1
8283644 1
8284254 1
8296367 1
8298168 1
8305811 1
