1342 1
27901 1
29508 1
32728 1
47853 1
48973 1
81924 1
86965 1
95677 1
105525 1
110311 1
120628 1
123000 1
123706 1
127400 1
128908 1
138040 1
139846 1
144944 1
147249 1
148731 1
150142 1
150616 1
156065 1
158579 1
161655 1
165254 1
166748 1
176735 1
181955 1
182361 1
195979 1
197463 1
204055 1
206952 1
214946 1
219127 1
222171 1
230731 1
237230 1
238370 1
260461 1
282375 1
283038 1
285665 1
288049 1
291433 1
295462 1
308924 1
313464 1
341044 1
345221 1
346080 1
347587 1
351322 1
353407 1
357950 1
364499 1
366590 1
368901 1
371002 1
372277 1
376148 1
377585 1
377862 1
382721 1
383969 1
387425 1
401971 1
406392 1
416352 1
417493 1
423029 1
438123 1
445070 1
456261 1
456274 1
457004 1
459420 1
460902 1
462263 1
463658 1
466539 1
473507 1
479014 1
488815 1
489327 1
493754 1
496921 1
500449 1
511833 1
512274 1
512392 1
519063 1
547431 1
552856 1
553702 1
557470 1
561211 1
561667 1
563688 1
566265 1
576429 1
585645 1
586495 1
586762 1
588277 1
589678 1
615669 1
619061 1
624644 1
642120 1
646024 1
648979 1
656597 1
658410 1
660469 1
662084 1
663330 1
673125 1
675649 1
681660 1
689663 1
710636 1
715198 1
716292 1
735605 1
738903 1
745794 1
748226 1
749926 1
755920 1
755937 1
758540 1
764795 1
767377 1
772025 1
773712 1
779981 1
782802 1
790193 1
793737 1
797924 1
807494 1
816545 1
826399 1
836352 1
836945 1
836975 1
842762 1
844414 1
845633 1
848929 1
849369 1
849745 1
852929 1
853249 1
863612 1
865823 1
866182 1
878967 1
882541 1
882566 1
892460 1
896469 1
897547 1
902466 1
902581 1
914027 1
914241 1
919449 1
921549 1
923449 1
935877 1
941594 1
948065 1
952190 1
958358 1
961048 1
962654 1
965401 1
969997 1
978862 1
985997 1
989965 1
1012802 1
1013558 1
1018022 1
1019892 1
1027724 1
1027737 1
1028157 1
1030475 1
1031433 1
1042714 1
1046129 1
1062246 1
1064581 1
1082085 1
1091191 1
1091788 1
1094272 1
1095066 1
1097397 1
1102913 1
1111963 1
1113025 1
1122029 1
1123157 1
1126940 1
1129402 1
1144006 1
1147807 1
1168528 1
1170159 1
1172256 1
1178241 1
1178354 1
1179270 1
1179878 1
1180030 1
1185776 1
1190431 1
1194508 1
1203235 1
1203505 1
1205577 1
1208916 1
1211995 1
1218687 1
1224239 1
1224239 1
1225764 1
1228908 1
1235300 1
1241858 1
1242170 1
1249695 1
1266801 1
1293965 1
1305378 1
1310772 1
1311607 1
1316844 1
1322788 1
1328031 1
1330383 1
1333081 1
1343766 1
1346609 1
1350021 1
1361608 1
1364489 1
1367603 1
1367788 1
1386501 1
1397490 1
1400386 1
1400757 1
1403504 1
1406738 1
1409480 1
1409679 1
1431751 1
1435070 1
1435689 1
1440893 1
1448994 1
1450384 1
1459134 1
1460057 1
1465634 1
1470434 1
1470462 1
1471287 1
1474980 1
1475835 1
1477576 1
1482451 1
1484109 1
1484884 1
1485844 1
1486141 1
1494216 1
1502736 1
1504036 1
1505007 1
1510165 1
1513267 1
1524002 1
1539029 1
1539276 1
1552497 1
1555348 1
1563121 1
1564672 1
1566189 1
1571340 1
1572189 1
1580572 1
1586665 1
1596160 1
1600254 1
1603341 1
1613363 1
1618930 1
1623126 1
1623155 1
1625437 1
1628989 1
1629739 1
1632570 1
1633116 1
1642176 1
1649234 1
1651805 1
1651962 1
1652055 1
1653503 1
1654743 1
1658277 1
1661174 1
1662931 1
1667366 1
1671997 1
1672441 1
1674818 1
1676169 1
1677802 1
1686754 1
1702432 1
1704078 1
1704235 1
1707759 1
1708192 1
1716347 1
1722321 1
1724028 1
1742632 1
1757411 1
1757747 1
1759991 1
1764142 1
1765335 1
1766583 1
1799459 1
1799744 1
1803711 1
1806292 1
1806371 1
1809019 1
1811692 1
1813311 1
1813489 1
1814949 1
1815257 1
1819300 1
1821681 1
1821785 1
1822962 1
1825128 1
1839211 1
1847681 1
1875391 1
1883791 1
1886911 1
1911199 1
1912667 1
1913396 1
1914451 1
1931598 1
1931994 1
1938108 1
1942614 1
1948667 1
1958274 1
1959557 1
1959732 1
1963156 1
1977212 1
1988057 1
1991678 1
1992857 1
2002475 1
2019360 1
2022156 1
2025496 1
2029850 1
2032120 1
2036099 1
2036272 1
2038312 1
2046000 1
2047345 1
2049390 1
2049860 1
2056669 1
2057699 1
2058296 1
2059679 1
2069101 1
2069138 1
2075001 1
2076186 1
2076391 1
2081209 1
2088347 1
2088672 1
2097561 1
2099422 1
2099640 1
2102498 1
2109294 1
2114525 1
2114528 1
2118014 1
2118731 1
2119343 1
2127906 1
2129924 1
2143373 1
2144625 1
2150435 1
2152231 1
2157294 1
2162533 1
2165125 1
2165675 1
2169922 1
2187488 1
2187779 1
2197097 1
2200730 1
2200807 1
2203996 1
2203996 1
2220186 1
2224830 1
2229069 1
2230230 1
2230936 1
2234917 1
2239320 1
2246856 1
2247949 1
2249879 1
2264367 1
2264935 1
2267514 1
2270257 1
2270336 1
2270442 1
2278058 1
2278391 1
2282287 1
2287699 1
2289238 1
2291365 1
2295925 1
2305942 1
2307905 1
2313335 1
2313477 1
2323326 1
2323543 1
2326462 1
2338320 1
2341970 1
2342700 1
2352165 1
2357426 1
2371110 1
2382837 1
2385964 1
2386573 1
2387423 1
2411822 1
2412297 1
2415537 1
2420083 1
2424435 1
2426153 1
2439948 1
2444155 1
2447089 1
2451245 1
2466850 1
2471598 1
2472209 1
2472495 1
2487096 1
2495514 1
2504458 1
2515383 1
2518816 1
2521181 1
2531189 1
2533163 1
2533936 1
2533999 1
2543976 1
2544250 1
2549834 1
2554323 1
2555580 1
2557008 1
2561745 1
2562461 1
2579115 1
2579119 1
2580421 1
2592332 1
2599581 1
2608333 1
2609042 1
2609466 1
2616559 1
2617541 1
2620574 1
2624933 1
2625311 1
2637992 1
2643971 1
2645401 1
2646836 1
2651100 1
2652544 1
2664793 1
2666496 1
2668118 1
2669827 1
2672897 1
2685256 1
2686751 1
2700163 1
2700387 1
2705982 1
2724949 1
2724958 1
2732119 1
2732126 1
2734909 1
2739525 1
2744422 1
2746266 1
2754467 1
2760040 1
2760290 1
2762567 1
2770707 1
2782498 1
2787001 1
2789776 1
2793978 1
2794638 1
2796214 1
2798746 1
2810233 1
2810233 1
2823813 1
2828796 1
2830786 1
2834584 1
2836371 1
2839809 1
2866454 1
2872120 1
2878129 1
2882885 1
2883862 1
2889479 1
2889694 1
2890354 1
2890626 1
2895592 1
2900779 1
2904496 1
2910571 1
2911498 1
2915728 1
2917056 1
2925329 1
2926684 1
2944832 1
2955970 1
2960232 1
2968112 1
2975146 1
2975264 1
2980819 1
2982992 1
2984796 1
2985921 1
2993469 1
2997638 1
2999676 1
3008841 1
3009954 1
3017837 1
3018928 1
3029594 1
3032672 1
3038150 1
3043146 1
3047431 1
3054759 1
3074724 1
3080993 1
3084869 1
3097323 1
3100831 1
3102480 1
3104754 1
3118358 1
3118938 1
3121410 1
3126177 1
3136382 1
3149088 1
3155375 1
3156627 1
3158840 1
3160854 1
3161670 1
3168431 1
3171190 1
3176708 1
3188107 1
3191384 1
3192763 1
3193012 1
3198794 1
3202891 1
3207352 1
3210682 1
3212414 1
3217704 1
3217778 1
3233699 1
3237683 1
3248491 1
3249651 1
3252229 1
3253983 1
3262505 1
3273434 1
3284673 1
3284903 1
3284912 1
3287130 1
3293549 1
3295417 1
3299085 1
3304848 1
3306645 1
3313823 1
3314863 1
3316691 1
3326310 1
3328836 1
3334210 1
3339635 1
3340210 1
3342658 1
3352833 1
3358656 1
3363652 1
3366214 1
3369462 1
3374113 1
3375933 1
3382624 1
3384457 1
3393016 1
3408858 1
3409161 1
3415826 1
3422691 1
3434445 1
3434769 1
3436470 1
3439640 1
3441396 1
3443649 1
3446943 1
3451812 1
3452117 1
3465460 1
3465524 1
3468351 1
3472140 1
3472504 1
3474458 1
3476952 1
3482856 1
3494557 1
3494640 1
3511432 1
3513064 1
3515314 1
3521834 1
3523425 1
3536317 1
3536792 1
3537360 1
3540462 1
3547040 1
3560694 1
3571656 1
3572030 1
3577274 1
3583588 1
3583936 1
3596983 1
3600513 1
3609793 1
3615019 1
3615714 1
3615950 1
3619146 1
3619158 1
3622991 1
3624521 1
3624522 1
3628108 1
3639988 1
3642304 1
3655393 1
3657687 1
3662832 1
3664902 1
3665335 1
3665888 1
3667026 1
3671257 1
3680836 1
3683499 1
3684430 1
3705934 1
3706379 1
3707146 1
3708330 1
3709345 1
3715705 1
3741904 1
3757948 1
3759585 1
3772732 1
3775941 1
3779069 1
3780374 1
3782070 1
3791348 1
3793808 1
3796839 1
3798778 1
3808264 1
3810220 1
3810816 1
3816411 1
3829006 1
3832136 1
3834730 1
3848619 1
3851177 1
3853711 1
3859100 1
3867553 1
3874309 1
3876950 1
3877090 1
3883615 1
3889577 1
3891428 1
3892524 1
3894143 1
3914824 1
3918111 1
3921404 1
3935605 1
3937520 1
3939871 1
3943483 1
3943647 1
3944642 1
3945006 1
3952076 1
3961571 1
3963234 1
3987295 1
3988417 1
3989212 1
4007941 1
4010595 1
4010915 1
4015342 1
4017658 1
4022568 1
4027675 1
4029638 1
4038130 1
4047340 1
4048543 1
4048543 1
4052603 1
4063240 1
4065329 1
4067194 1
4075783 1
4081354 1
4090509 1
4094234 1
4104821 1
4117095 1
4125254 1
4151086 1
4151345 1
4154866 1
4157297 1
4159511 1
4161669 1
4166712 1
4167804 1
4174163 1
4175865 1
4178743 1
4184603 1
4191668 1
4192781 1
4193067 1
4193296 1
4196722 1
4197251 1
4199624 1
4203943 1
4205075 1
4205143 1
4209505 1
4211441 1
4216049 1
4224985 1
4229248 1
4229261 1
4231408 1
4238457 1
4252970 1
4254252 1
4255726 1
4257802 1
4260973 1
4265006 1
4265978 1
4293806 1
4296856 1
4309319 1
4325300 1
4339720 1
4341299 1
4343064 1
4343078 1
4348932 1
4348932 1
4349480 1
4353079 1
4360431 1
4364860 1
4370663 1
4371878 1
4373087 1
4386752 1
4390511 1
4394013 1
4399879 1
4414696 1
4423357 1
4423609 1
4424886 1
4430011 1
4447165 1
4447579 1
4449261 1
4449977 1
4460200 1
4464895 1
4469211 1
4473195 1
4477960 1
4488685 1
4491019 1
4494988 1
4498212 1
4502351 1
4502819 1
4507615 1
4516754 1
4519941 1
4536675 1
4539937 1
4540048 1
4542566 1
4553972 1
4557284 1
4562016 1
4575036 1
4577494 1
4600642 1
4605181 1
4606062 1
4609663 1
4612205 1
4615064 1
4616417 1
4617562 1
4626341 1
4630585 1
4633001 1
4634838 1
4643838 1
4649274 1
4649347 1
4650542 1
4651697 1
4654719 1
4655846 1
4661558 1
4664662 1
4668619 1
4679374 1
4708038 1
4713372 1
4719124 1
4727304 1
4733043 1
4740195 1
4761659 1
4762400 1
4764157 1
4764873 1
4781903 1
4782617 1
4784483 1
4787055 1
4788128 1
4804501 1
4806813 1
4807913 1
4820717 1
4823190 1
4823623 1
4826589 1
4827057 1
4833223 1
4838876 1
4839060 1
4843348 1
4856855 1
4862915 1
4874483 1
4874499 1
4897098 1
4898053 1
4900258 1
4902290 1
4906067 1
4912336 1
4918639 1
4930858 1
4931244 1
4936212 1
4936959 1
4941041 1
4942417 1
4948731 1
4948839 1
4953423 1
4960049 1
4972702 1
4977612 1
4982202 1
4983745 1
4986202 1
4998728 1
5014746 1
5016378 1
5019921 1
5027817 1
5029859 1
5031254 1
5031653 1
5032299 1
5036837 1
5056305 1
5063400 1
5079844 1
5107812 1
5109234 1
5118876 1
5121280 1
5124121 1
5132452 1
5144224 1
5149557 1
5152371 1
5152631 1
5154265 1
5154931 1
5156691 1
5158104 1
5165951 1
5166240 1
5169807 1
5173026 1
5179087 1
5179286 1
5192562 1
5193703 1
5200161 1
5201481 1
5215800 1
5227239 1
5228261 1
5231346 1
5240632 1
5244460 1
5244492 1
5269969 1
5270453 1
5271408 1
5271914 1
5273529 1
5279688 1
5282632 1
5293943 1
5304515 1
5309055 1
5314804 1
5315333 1
5316732 1
5317080 1
5322670 1
5328884 1
5331674 1
5332881 1
5334233 1
5334602 1
5345862 1
5346608 1
5379370 1
5385245 1
5394339 1
5407380 1
5407380 1
5408309 1
5410483 1
5414214 1
5417514 1
5430007 1
5435484 1
5439258 1
5443500 1
5450460 1
5452446 1
5452603 1
5466952 1
5473426 1
5488159 1
5506939 1
5509150 1
5515831 1
5528581 1
5529291 1
5537687 1
5537696 1
5539152 1
5543285 1
5548461 1
5552390 1
5555007 1
5555712 1
5563301 1
5587381 1
5604931 1
5604934 1
5605711 1
5620435 1
5621187 1
5623071 1
5635257 1
5639906 1
5640662 1
5641203 1
5641304 1
5644664 1
5648149 1
5654973 1
5660058 1
5661009 1
5662144 1
5665666 1
5672294 1
5675941 1
5675956 1
5677041 1
5683370 1
5683435 1
5686846 1
5687054 1
5688556 1
5702950 1
5706882 1
5710410 1
5714632 1
5724058 1
5734230 1
5735239 1
5741460 1
5750617 1
5750754 1
5764563 1
5771878 1
5774062 1
5776457 1
5776760 1
5780192 1
5790347 1
5800198 1
5800801 1
5810377 1
5811318 1
5811510 1
5817196 1
5824580 1
5836011 1
5841069 1
5849907 1
5850945 1
5857791 1
5863370 1
5864105 1
5864774 1
5866784 1
5866829 1
5876593 1
5878469 1
5882541 1
5885913 1
5889908 1
5892584 1
5893498 1
5894046 1
5895453 1
5902962 1
5903985 1
5904611 1
5909439 1
5918979 1
5924330 1
5926711 1
5932963 1
5942178 1
5950179 1
5956818 1
5959178 1
5962864 1
5969659 1
5974857 1
5981543 1
5984784 1
5985487 1
6006812 1
6011423 1
6015649 1
6026615 1
6028821 1
6032355 1
6034854 1
6045918 1
6052967 1
6054572 1
6058938 1
6065102 1
6065911 1
6068220 1
6073976 1
6081332 1
6087046 1
6088478 1
6094288 1
6099421 1
6104439 1
6104778 1
6105359 1
6114549 1
6121712 1
6122105 1
6133323 1
6151837 1
6152661 1
6155096 1
6171181 1
6175236 1
6194479 1
6198476 1
6204827 1
6207116 1
6207405 1
6212417 1
6226002 1
6228210 1
6230230 1
6231536 1
6236062 1
6239282 1
6239545 1
6246171 1
6252327 1
6252329 1
6256855 1
6257987 1
6258548 1
6259551 1
6265424 1
6267370 1
6274508 1
6281893 1
6290393 1
6293774 1
6299533 1
6302920 1
6310535 1
6311708 1
6340839 1
6345848 1
6345861 1
6357015 1
6359680 1
6361118 1
6361174 1
6361539 1
6368803 1
6370140 1
6374186 1
6377578 1
6380028 1
6381973 1
6388004 1
6394642 1
6395906 1
6403409 1
6408694 1
6414246 1
6422360 1
6424797 1
6429890 1
6434073 1
6441303 1
6459658 1
6464926 1
6472414 1
6473348 1
6477621 1
6481625 1
6487885 1
6492041 1
6501724 1
6503352 1
6506154 1
6507999 1
6509614 1
6510754 1
6516600 1
6517358 1
6528178 1
6531482 1
6537773 1
6537776 1
6538685 1
6542446 1
6546633 1
6553035 1
6556245 1
6557008 1
6558502 1
6568524 1
6575559 1
6579809 1
6580869 1
6582441 1
6590021 1
6593634 1
6598421 1
6601181 1
6603052 1
6606773 1
6611286 1
6619033 1
6620393 1
6621094 1
6623824 1
6626281 1
6629378 1
6637156 1
6646618 1
6666601 1
6667307 1
6669680 1
6669847 1
6679425 1
6686446 1
6686975 1
6688776 1
6692785 1
6725595 1
6738368 1
6744309 1
6744400 1
6746607 1
6747822 1
6748986 1
6751144 1
6751276 1
6761865 1
6771158 1
6781827 1
6784747 1
6788770 1
6789862 1
6792086 1
6800893 1
6801921 1
6805145 1
6807375 1
6811290 1
6829245 1
6835683 1
6847868 1
6856401 1
6860095 1
6860562 1
6860984 1
6861152 1
6863918 1
6869098 1
6878669 1
6882644 1
6890107 1
6890592 1
6892645 1
6896679 1
6900798 1
6902747 1
6906893 1
6907528 1
6909298 1
6912423 1
6922782 1
6925499 1
6933192 1
6934501 1
6938347 1
6939725 1
6947415 1
6948652 1
6953061 1
6961753 1
6973117 1
6975666 1
6975971 1
6977541 1
6979050 1
6981731 1
6982317 1
6985579 1
6987860 1
6988785 1
6997294 1
6997969 1
6999935 1
7003057 1
7007436 1
7010077 1
7011085 1
7014703 1
7015160 1
7021434 1
7026770 1
7027337 1
7030056 1
7032485 1
7055869 1
7056998 1
7062223 1
7062773 1
7071680 1
7079365 1
7083189 1
7083507 1
7085590 1
7109233 1
7111411 1
7111514 1
7112592 1
7113264 1
7114965 1
7115901 1
7119587 1
7134420 1
7143164 1
7149239 1
7153081 1
7155318 1
7158157 1
7173904 1
7175795 1
7177242 1
7195920 1
7213009 1
7215332 1
7215363 1
7217348 1
7220387 1
7225292 1
7226614 1
7229123 1
7232881 1
7234131 1
7236038 1
7237644 1
7242261 1
7244954 1
7248255 1
7250245 1
7250532 1
7269839 1
7278853 1
7290063 1
7299053 1
7304381 1
7311877 1
7314949 1
7322849 1
7327919 1
7327987 1
7332498 1
7338150 1
7347014 1
7348476 1
7357718 1
7362909 1
7364197 1
7366819 1
7367141 1
7367210 1
7379618 1
7390019 1
7393253 1
7397090 1
7403206 1
7405754 1
7415050 1
7422953 1
7424581 1
7434948 1
7444204 1
7457375 1
7465536 1
7478193 1
7483255 1
7490903 1
7491311 1
7511522 1
7512246 1
7522669 1
7528943 1
7529780 1
7530930 1
7537529 1
7538182 1
7539488 1
7545018 1
7545505 1
7546616 1
7556463 1
7560431 1
7561876 1
7562225 1
7563822 1
7567182 1
7574408 1
7576629 1
7586072 1
7593494 1
7605202 1
7606931 1
7608424 1
7608569 1
7610058 1
7621928 1
7635950 1
7636725 1
7637479 1
7641366 1
7641501 1
7649026 1
7650306 1
7650701 1
7651198 1
7651822 1
7660806 1
7666207 1
7669163 1
7669712 1
7670790 1
7671767 1
7680402 1
7685168 1
7686975 1
7694079 1
7697026 1
7697277 1
7701281 1
7706004 1
7709939 1
7723613 1
7728740 1
7731506 1
7742922 1
7750781 1
7752162 1
7755709 1
7762104 1
7779149 1
7784159 1
7790831 1
7792751 1
7800258 1
7801307 1
7801465 1
7808979 1
7830102 1
7834968 1
7841842 1
7844888 1
7844891 1
7846232 1
7848543 1
7853596 1
7865004 1
7870929 1
7874297 1
7874657 1
7881788 1
7884537 1
7892018 1
7892158 1
7892563 1
7896372 1
7896577 1
7908163 1
7913200 1
7913793 1
7915182 1
7922766 1
7924413 1
7925655 1
7928913 1
7932051 1
7933314 1
7933338 1
7938319 1
7941271 1
7941717 1
7942098 1
7943563 1
7949715 1
7960193 1
7964324 1
7975195 1
7981512 1
7986080 1
7989577 1
7992179 1
7994276 1
7998585 1
8001510 1
8010368 1
8013972 1
8013972 1
8016232 1
8021158 1
8023314 1
8023404 1
8024315 1
8025285 1
8034239 1
8036121 1
8050425 1
8050450 1
8053381 1
8058906 1
8069263 1
8070384 1
8072197 1
8073305 1
8073772 1
8096599 1
8108539 1
8113201 1
8118033 1
8119299 1
8120990 1
8127054 1
8130134 1
8141287 1
8143317 1
8150395 1
8156355 1
8160854 1
8164462 1
8166770 1
8173224 1
8178055 1
8183921 1
8187379 1
8190006 1
8191829 1
8195834 1
8197386 1
8203913 1
8210169 1
8222267 1
8222640 1
8232923 1
8233699 1
8241447 1
8250097 1
8251254 1
8252584 1
8254212 1
8264508 1
8265183 1
8271935 1
8272894 1
8273929 1
8287706 1
8294700 1
831 1
4620 1
12017 1
15755 1
35971 1
48418 1
54433 1
97671 1
97671 1
104112 1
104931 1
108773 1
110029 1
110146 1
111970 1
117877 1
120969 1
122707 1
122777 1
132411 1
133020 1
134275 1
137596 1
139042 1
139916 1
144822 1
146538 1
146927 1
147445 1
148850 1
150430 1
151705 1
155536 1
155818 1
156224 1
156351 1
157133 1
157850 1
159244 1
163041 1
166969 1
168768 1
174153 1
177859 1
179350 1
188725 1
195194 1
201711 1
204490 1
206048 1
210562 1
213421 1
224748 1
226837 1
229074 1
229359 1
231944 1
234523 1
237910 1
238200 1
239377 1
243334 1
243809 1
248255 1
262413 1
267586 1
274622 1
274622 1
275408 1
281569 1
289935 1
294907 1
309904 1
310743 1
316418 1
333316 1
353003 1
353374 1
355814 1
357035 1
366151 1
376606 1
380119 1
380652 1
385530 1
419695 1
425953 1
428796 1
433514 1
447030 1
449560 1
451977 1
452603 1
454187 1
455303 1
460082 1
460414 1
472560 1
476833 1
493540 1
495104 1
495815 1
497885 1
504560 1
525577 1
533388 1
550474 1
563099 1
564900 1
569053 1
570037 1
571294 1
574972 1
576443 1
578141 1
584993 1
586410 1
587831 1
628107 1
639621 1
643670 1
646736 1
667711 1
673145 1
680693 1
687537 1
688487 1
688562 1
699113 1
707181 1
709294 1
716568 1
718330 1
753508 1
755171 1
764176 1
764871 1
774749 1
785487 1
794066 1
804844 1
808224 1
814074 1
817518 1
826644 1
828230 1
830930 1
832998 1
834785 1
838405 1
855312 1
855421 1
861597 1
864166 1
867064 1
868073 1
870263 1
871537 1
874832 1
875178 1
887811 1
895806 1
901812 1
905564 1
907300 1
915355 1
919243 1
928224 1
931543 1
942732 1
943352 1
950704 1
960574 1
970861 1
975468 1
979725 1
984786 1
993928 1
997502 1
999263 1
1000495 1
1003572 1
1003775 1
1003852 1
1005116 1
1009423 1
1009432 1
1017029 1
1020367 1
1023840 1
1024858 1
1025406 1
1025811 1
1041595 1
1054895 1
1057302 1
1060893 1
1076920 1
1079472 1
1086166 1
1086431 1
1089127 1
1093200 1
1097689 1
1098696 1
1106670 1
1106677 1
1124053 1
1126499 1
1127192 1
1127493 1
1135847 1
1139911 1
1140302 1
1140336 1
1153653 1
1153932 1
1156199 1
1161189 1
1164447 1
1173353 1
1177533 1
1178337 1
1187645 1
1187647 1
1187735 1
1208922 1
1214572 1
1219544 1
1222738 1
1225917 1
1228777 1
1233621 1
1235715 1
1241075 1
1243724 1
1244271 1
1258854 1
1259411 1
1260732 1
1260732 1
1263626 1
1264720 1
1265260 1
1269916 1
1273575 1
1278417 1
1286955 1
1294021 1
1298798 1
1301286 1
1305353 1
1306872 1
1308409 1
1308474 1
1311444 1
1323068 1
1331834 1
1335076 1
1349221 1
1350412 1
1353660 1
1363591 1
1369330 1
1369506 1
1370667 1
1373000 1
1376271 1
1382025 1
1383653 1
1384585 1
1385713 1
1400585 1
1408136 1
1408517 1
1414165 1
1416489 1
1420409 1
1421673 1
1425513 1
1434253 1
1435308 1
1436433 1
1460882 1
1466535 1
1468141 1
1474211 1
1481772 1
1494848 1
1495903 1
1496309 1
1499792 1
1502332 1
1505222 1
1507793 1
1511482 1
1514029 1
1517038 1
1519862 1
1525529 1
1529744 1
1530304 1
1530645 1
1534406 1
1540564 1
1542180 1
1549906 1
1550177 1
1552132 1
1552707 1
1553086 1
1567591 1
1569246 1
1569829 1
1571888 1
1572157 1
1572903 1
1573658 1
1591542 1
1596104 1
1602194 1
1604022 1
1610389 1
1619837 1
1642058 1
1642434 1
1647413 1
1648365 1
1652929 1
1661079 1
1662677 1
1663789 1
1670466 1
1671862 1
1678685 1
1696350 1
1706570 1
1713671 1
1714569 1
1718932 1
1721004 1
1726461 1
1729691 1
1729784 1
1734814 1
1735112 1
1746545 1
1751200 1
1751529 1
1754702 1
1755406 1
1765377 1
1772969 1
1780317 1
1780413 1
1782407 1
1783090 1
1784771 1
1786333 1
1787743 1
1792479 1
1797937 1
1805469 1
1808562 1
1814118 1
1822994 1
1823904 1
1823924 1
1825040 1
1827313 1
1830705 1
1834171 1
1840665 1
1850224 1
1853540 1
1891067 1
1896413 1
1902270 1
1915542 1
1924402 1
1935020 1
1935615 1
1942043 1
1963505 1
1964068 1
1964645 1
1965816 1
1965816 1
1967799 1
1976629 1
1994257 1
1997586 1
1997764 1
1998635 1
1999542 1
2011287 1
2012048 1
2012325 1
2015252 1
2015676 1
2022279 1
2037871 1
2042188 1
2050422 1
2056066 1
2058730 1
2060836 1
2060836 1
2063214 1
2070809 1
2072920 1
2073666 1
2092785 1
2093966 1
2094974 1
2103059 1
2114760 1
2126792 1
2130465 1
2134520 1
2140322 1
2156588 1
2157824 1
2163976 1
2166820 1
2183240 1
2193171 1
2193784 1
2198058 1
2200032 1
2200032 1
2205189 1
2208432 1
2210131 1
2212579 1
2212857 1
2239168 1
2241300 1
2250047 1
2265282 1
2267048 1
2269706 1
2270961 1
2277791 1
2278428 1
2279370 1
2280728 1
2281953 1
2284214 1
2287630 1
2287868 1
2300028 1
2306515 1
2307746 1
2308281 1
2313671 1
2325740 1
2331679 1
2344036 1
2356600 1
2362287 1
2366256 1
2366602 1
2367000 1
2372954 1
2372954 1
2376287 1
2377015 1
2382527 1
2414415 1
2415091 1
2415868 1
2417424 1
2424987 1
2430753 1
2432669 1
2433044 1
2434817 1
2438663 1
2443515 1
2444608 1
2447297 1
2457310 1
2465675 1
2468854 1
2469173 1
2473177 1
2473325 1
2504464 1
2513352 1
2513688 1
2520713 1
2521824 1
2521963 1
2537419 1
2537624 1
2546934 1
2551972 1
2552120 1
2554269 1
2558437 1
2559328 1
2564164 1
2568487 1
2574126 1
2580219 1
2585245 1
2587796 1
2592516 1
2593171 1
2597903 1
2598948 1
2605413 1
2608465 1
2610164 1
2615281 1
2622263 1
2622857 1
2623012 1
2623244 1
2631790 1
2666674 1
2675573 1
2676434 1
2679229 1
2680180 1
2685149 1
2688026 1
2695446 1
2695618 1
2717196 1
2724328 1
2726421 1
2727537 1
2734337 1
2748659 1
2755738 1
2756483 1
2766159 1
2766209 1
2769680 1
2770762 1
2771059 1
2779913 1
2793681 1
2799249 1
2800884 1
2802071 1
2806480 1
2808447 1
2809092 1
2826314 1
2828955 1
2840031 1
2848327 1
2849427 1
2858833 1
2865145 1
2872648 1
2873955 1
2875581 1
2879613 1
2880740 1
2881570 1
2882369 1
2883524 1
2900180 1
2916049 1
2916591 1
2918169 1
2922564 1
2926497 1
2926940 1
2928055 1
2929847 1
2935726 1
2936572 1
2943985 1
2944213 1
2944555 1
2947941 1
2966961 1
2973909 1
2983475 1
2988422 1
2991831 1
2995394 1
2995807 1
3007727 1
3011689 1
3013299 1
3014671 1
3020742 1
3022323 1
3027235 1
3036323 1
3036323 1
3037783 1
3041766 1
3041976 1
3044865 1
3054964 1
3057160 1
3060058 1
3060763 1
3077946 1
3079575 1
3087064 1
3087730 1
3088654 1
3089502 1
3091324 1
3091520 1
3091973 1
3096774 1
3101079 1
3105398 1
3106007 1
3111955 1
3113416 1
3117524 1
3119791 1
3123385 1
3124319 1
3139777 1
3148041 1
3151016 1
3152910 1
3160630 1
3161838 1
3164327 1
3182196 1
3182536 1
3184340 1
3190184 1
3195306 1
3199459 1
3209362 1
3213217 1
3216014 1
3222557 1
3234708 1
3238420 1
3245768 1
3249444 1
3251552 1
3252317 1
3266959 1
3267398 1
3272867 1
3275411 1
3278664 1
3279071 1
3285192 1
3292999 1
3304597 1
3307004 1
3307056 1
3307766 1
3308929 1
3312150 1
3313137 1
3321991 1
3332044 1
3336523 1
3337561 1
3337641 1
3339678 1
3359208 1
3364578 1
3364801 1
3372870 1
3374068 1
3374447 1
3384087 1
3401027 1
3405252 1
3407566 1
3412616 1
3415881 1
3434682 1
3444256 1
3453188 1
3462667 1
3464530 1
3470366 1
3477337 1
3488343 1
3491714 1
3497801 1
3499977 1
3502998 1
3504873 1
3509934 1
3510626 1
3511925 1
3515704 1
3518660 1
3527528 1
3538991 1
3541938 1
3547483 1
3553314 1
3558427 1
3572015 1
3573607 1
3574016 1
3575910 1
3576359 1
3576848 1
3580350 1
3582105 1
3583204 1
3583536 1
3583660 1
3591311 1
3598302 1
3605544 1
3606240 1
3607867 1
3610789 1
3613408 1
3615642 1
3618368 1
3628518 1
3629448 1
3629980 1
3637776 1
3640184 1
3645549 1
3650899 1
3653927 1
3662216 1
3664080 1
3664956 1
3667739 1
3667932 1
3670005 1
3672586 1
3685583 1
3690714 1
3692761 1
3698428 1
3698662 1
3713761 1
3719205 1
3721303 1
3727191 1
3733031 1
3743372 1
3753643 1
3761889 1
3765318 1
3765607 1
3777189 1
3781334 1
3792283 1
3806188 1
3842698 1
3854146 1
3859361 1
3860917 1
3861553 1
3861553 1
3863992 1
3866078 1
3867631 1
3878941 1
3879015 1
3879229 1
3879908 1
3882510 1
3888812 1
3892821 1
3902889 1
3902998 1
3904718 1
3910884 1
3918009 1
3920848 1
3940457 1
3942826 1
3944675 1
3949643 1
3953621 1
3960862 1
3967404 1
3968623 1
3977604 1
3982352 1
3984398 1
4003389 1
4013238 1
4013809 1
4020774 1
4024795 1
4025536 1
4027028 1
4028458 1
4032746 1
4035513 1
4043633 1
4045558 1
4046742 1
4049395 1
4052667 1
4059009 1
4065224 1
4066793 1
4076231 1
4079222 1
4085030 1
4087737 1
4087898 1
4089281 1
4099152 1
4108671 1
4109763 1
4123192 1
4141677 1
4142823 1
4151361 1
4158762 1
4159434 1
4162540 1
4165154 1
4167842 1
4181691 1
4182548 1
4190220 1
4190347 1
4191068 1
4191670 1
4194358 1
4195803 1
4198321 1
4202981 1
4204681 1
4208296 1
4211169 1
4212756 1
4214533 1
4215459 1
4216097 1
4219740 1
4226486 1
4230181 1
4233151 1
4238808 1
4246150 1
4248460 1
4250060 1
4258640 1
4266366 1
4270696 1
4279621 1
4282631 1
4285280 1
4305500 1
4317868 1
4331507 1
4340362 1
4353237 1
4359237 1
4359237 1
4359608 1
4367654 1
4368953 1
4377770 1
4404669 1
4407598 1
4417686 1
4419798 1
4421654 1
4442019 1
4442538 1
4443275 1
4464557 1
4471597 1
4479700 1
4483544 1
4488595 1
4488910 1
4490595 1
4492819 1
4493508 1
4497723 1
4503734 1
4506373 1
4506823 1
4528487 1
4531006 1
4531006 1
4532021 1
4536961 1
4541425 1
4541563 1
4574020 1
4580203 1
4586321 1
4597201 1
4603076 1
4606914 1
4607643 1
4608861 1
4609973 1
4612071 1
4612401 1
4622239 1
4639708 1
4644921 1
4648197 1
4656859 1
4662929 1
4668437 1
4669998 1
4674260 1
4679927 1
4682745 1
4703500 1
4705515 1
4708450 1
4709625 1
4711074 1
4711074 1
4711301 1
4713766 1
4725490 1
4726137 1
4730151 1
4739416 1
4742914 1
4745367 1
4747913 1
4748510 1
4754038 1
4755663 1
4763361 1
4767820 1
4771718 1
4778852 1
4792079 1
4792500 1
4793429 1
4799103 1
4799360 1
4804798 1
4814615 1
4842442 1
4852737 1
4853487 1
4855706 1
4858605 1
4864594 1
4879180 1
4885071 1
4886167 1
4887631 1
4892017 1
4896401 1
4896503 1
4898411 1
4903056 1
4910781 1
4910781 1
4922159 1
4930710 1
4931194 1
4936777 1
4949809 1
4952689 1
4955588 1
4960821 1
4968856 1
4971459 1
4979389 1
4985935 1
4986074 1
4988515 1
4991497 1
4996986 1
5025537 1
5029200 1
5030721 1
5031579 1
5033421 1
5036740 1
5036951 1
5044539 1
5046210 1
5048377 1
5048812 1
5056325 1
5059012 1
5074239 1
5074359 1
5078384 1
5081847 1
5094258 1
5112237 1
5116318 1
5123350 1
5125214 1
5126994 1
5132435 1
5133875 1
5138374 1
5138800 1
5147597 1
5151444 1
5155625 1
5165826 1
5181536 1
5184355 1
5186625 1
5187130 1
5187821 1
5187888 1
5187888 1
5190236 1
5204785 1
5206340 1
5210240 1
5210240 1
5212147 1
5214328 1
5217453 1
5220176 1
5233730 1
5245482 1
5246562 1
5246562 1
5246562 1
5250594 1
5257133 1
5261628 1
5263456 1
5265794 1
5282007 1
5289898 1
5301979 1
5302573 1
5305382 1
5313173 1
5314887 1
5328147 1
5334574 1
5342250 1
5350877 1
5354165 1
5355819 1
5357197 1
5363399 1
5363547 1
5365999 1
5370744 1
5383579 1
5407898 1
5407898 1
5415534 1
5419233 1
5423831 1
5442841 1
5447930 1
5450703 1
5452225 1
5462164 1
5464412 1
5471425 1
5482658 1
5482740 1
5488860 1
5493838 1
5497263 1
5499358 1
5503083 1
5503083 1
5510364 1
5517708 1
5519454 1
5523009 1
5523600 1
5526062 1
5540312 1
5540312 1
5540312 1
5550529 1
5561565 1
5568025 1
5580456 1
5597603 1
5599885 1
5604814 1
5606211 1
5609002 1
5627741 1
5635035 1
5639705 1
5644786 1
5645022 1
5647793 1
5656595 1
5656808 1
5660077 1
5661496 1
5661496 1
5662714 1
5663103 1
5663470 1
5663529 1
5664222 1
5673719 1
5675772 1
5689634 1
5689795 1
5699563 1
5703252 1
5724339 1
5734513 1
5742523 1
5748781 1
5751717 1
5751974 1
5755170 1
5761993 1
5773134 1
5780230 1
5782081 1
5805097 1
5805208 1
5811239 1
5813401 1
5818042 1
5818260 1
5818373 1
5826295 1
5829077 1
5832815 1
5844647 1
5857012 1
5861140 1
5862543 1
5867684 1
5874511 1
5877479 1
5877479 1
5877479 1
5877933 1
5880293 1
5881108 1
5881846 1
5882366 1
5883267 1
5905419 1
5914768 1
5925355 1
5929424 1
5931831 1
5933463 1
5936970 1
5937256 1
5940903 1
5945788 1
5950374 1
5967152 1
5968224 1
5970188 1
5976358 1
5976516 1
5977598 1
5983213 1
5990822 1
5994136 1
6010697 1
6013307 1
6016101 1
6017891 1
6021727 1
6035967 1
6042474 1
6052256 1
6052673 1
6054155 1
6062405 1
6063834 1
6069484 1
6073177 1
6075413 1
6088578 1
6090242 1
6090687 1
6093990 1
6097627 1
6101778 1
6108041 1
6113609 1
6128997 1
6132404 1
6133102 1
6144331 1
6145908 1
6147167 1
6148946 1
6150436 1
6159347 1
6163838 1
6178144 1
6179848 1
6182371 1
6190592 1
6192516 1
6202970 1
6207933 1
6231220 1
6231220 1
6235608 1
6236431 1
6238055 1
6238079 1
6254724 1
6259976 1
6270472 1
6279141 1
6286963 1
6294188 1
6299984 1
6306925 1
6308313 1
6309174 1
6316783 1
6318451 1
6319540 1
6320407 1
6322887 1
6323379 1
6325795 1
6329135 1
6331368 1
6334104 1
6336623 1
6345010 1
6351392 1
6353192 1
6355051 1
6363016 1
6363789 1
6369181 1
6376456 1
6377750 1
6380158 1
6385092 1
6387568 1
6392958 1
6394185 1
6396380 1
6396831 1
6399935 1
6400361 1
6410045 1
6418959 1
6424845 1
6426137 1
6430400 1
6433709 1
6438006 1
6440920 1
6447012 1
6475124 1
6490277 1
6500599 1
6501957 1
6509690 1
6518034 1
6539763 1
6541341 1
6549877 1
6552881 1
6561221 1
6569839 1
6578449 1
6584074 1
6587357 1
6590450 1
6612254 1
6618879 1
6620888 1
6626728 1
6632349 1
6632821 1
6634659 1
6637722 1
6639188 1
6642501 1
6663943 1
6671229 1
6673650 1
6686695 1
6691485 1
6700851 1
6705514 1
6712957 1
6727138 1
6732499 1
6739930 1
6740647 1
6741477 1
6750579 1
6760790 1
6761434 1
6762500 1
6766742 1
6770854 1
6774634 1
6788479 1
6789206 1
6795584 1
6795784 1
6800749 1
6805282 1
6813930 1
6815331 1
6819776 1
6820594 1
6827724 1
6829296 1
6832206 1
6843579 1
6844512 1
6850559 1
6879917 1
6883910 1
6883962 1
6887358 1
6887542 1
6889004 1
6894492 1
6896008 1
6897826 1
6909758 1
6910771 1
6913293 1
6916050 1
6930097 1
6933478 1
6933596 1
6935168 1
6944477 1
6949847 1
6950991 1
6956857 1
6959559 1
6963613 1
6965482 1
6967987 1
6970807 1
6974812 1
6981583 1
6988481 1
6990384 1
7000650 1
7003797 1
7005633 1
7007425 1
7013950 1
7025004 1
7037166 1
7047991 1
7051821 1
7062310 1
7064300 1
7064845 1
7071845 1
7080006 1
7098260 1
7098993 1
7100424 1
7101549 1
7110179 1
7113195 1
7113774 1
7114301 1
7114350 1
7118372 1
7118619 1
7119140 1
7123047 1
7124203 1
7129275 1
7130987 1
7131396 1
7133825 1
7139665 1
7142136 1
7144085 1
7153064 1
7155696 1
7166151 1
7174208 1
7181214 1
7199532 1
7207973 1
7214147 1
7214319 1
7216736 1
7220996 1
7224225 1
7228766 1
7235597 1
7239712 1
7242970 1
7247389 1
7255594 1
7261918 1
7277295 1
7282097 1
7284466 1
7296706 1
7298759 1
7299190 1
7307389 1
7317548 1
7320995 1
7321187 1
7328538 1
7336785 1
7340894 1
7345699 1
7345768 1
7347048 1
7347048 1
7351619 1
7365313 1
7366456 1
7373067 1
7375126 1
7377830 1
7378699 1
7391104 1
7400296 1
7405293 1
7409191 1
7411030 1
7412725 1
7418180 1
7420092 1
7420114 1
7420435 1
7420596 1
7420729 1
7432993 1
7447097 1
7451184 1
7453388 1
7466295 1
7474514 1
7481169 1
7481347 1
7496572 1
7506540 1
7506988 1
7511327 1
7514787 1
7525586 1
7527547 1
7529231 1
7532115 1
7534828 1
7539088 1
7539660 1
7543619 1
7553523 1
7585615 1
7594762 1
7594767 1
7594920 1
7597642 1
7601367 1
7601603 1
7605595 1
7606994 1
7607125 1
7612520 1
7612520 1
7613669 1
7621885 1
7624973 1
7629701 1
7638616 1
7638845 1
7640103 1
7640419 1
7642884 1
7643816 1
7645977 1
7648563 1
7649839 1
7651505 1
7653315 1
7655905 1
7659248 1
7666577 1
7673283 1
7677270 1
7684243 1
7694449 1
7697483 1
7699491 1
7706071 1
7724636 1
7729012 1
7735871 1
7738786 1
7741192 1
7745984 1
7750566 1
7752527 1
7755678 1
7775256 1
7784988 1
7787375 1
7792831 1
7805581 1
7811037 1
7823423 1
7825557 1
7831689 1
7833098 1
7833650 1
7833650 1
7835370 1
7835774 1
7840914 1
7841694 1
7842152 1
7844594 1
7851417 1
7857753 1
7857994 1
7859590 1
7861210 1
7861963 1
7872064 1
7875994 1
7876576 1
7883066 1
7883067 1
7889193 1
7889657 1
7893025 1
7893025 1
7907106 1
7910015 1
7915560 1
7933746 1
7936237 1
7939751 1
7943648 1
7949503 1
7954031 1
7956516 1
7968928 1
7979243 1
7984283 1
7984311 1
7989464 1
7996151 1
7996780 1
7997165 1
7999190 1
8002012 1
8004896 1
8008555 1
8010034 1
8013343 1
8014642 1
8015809 1
8020111 1
8026154 1
8032598 1
8032871 1
8032871 1
8040612 1
8041858 1
8043238 1
8045321 1
8059800 1
8062209 1
8068704 1
8079482 1
8080598 1
8086893 1
8087359 1
8088024 1
8091825 1
8094250 1
8095213 1
8096154 1
8102184 1
8103634 1
8104832 1
8105209 1
8106035 1
8112358 1
8121925 1
8123759 1
8124127 1
8126932 1
8127626 1
8130698 1
8132751 1
8136722 1
8137940 1
8140124 1
8140446 1
8143576 1
8151913 1
8154781 1
8160035 1
8163882 1
8165016 1
8166652 1
8174678 1
8189438 1
8191599 1
8193344 1
8203023 1
8209617 1
8214985 1
8220659 1
8222091 1
8222472 1
8226862 1
8242970 1
8242990 1
8252715 1
8258844 1
8262334 1
8263677 1
8269466 1
8269918 1
8283892 1
8297130 1
8300262 1
8302188 1
8303947 1
8802 1
27772 1
28946 1
30165 1
33643 1
35816 1
51595 1
69145 1
82974 1
89763 1
98064 1
99809 1
99893 1
106561 1
106632 1
107091 1
109174 1
117338 1
119921 1
124934 1
138328 1
140131 1
141016 1
144712 1
145452 1
145508 1
148076 1
158641 1
173243 1
185891 1
187092 1
190568 1
192007 1
192016 1
192251 1
199929 1
199943 1
201233 1
201559 1
203709 1
204474 1
207446 1
210396 1
211856 1
213730 1
214813 1
215135 1
222710 1
229602 1
230629 1
231044 1
237288 1
255309 1
257912 1
260068 1
263555 1
271788 1
273132 1
274104 1
291679 1
292758 1
307264 1
308410 1
315245 1
319255 1
330123 1
330512 1
331470 1
335469 1
335506 1
343973 1
347150 1
351238 1
359637 1
363762 1
367330 1
367879 1
389735 1
410326 1
415253 1
419771 1
420472 1
443140 1
471364 1
484415 1
490811 1
520232 1
526704 1
536983 1
548510 1
556123 1
561154 1
566069 1
566478 1
568320 1
569979 1
576231 1
576342 1
576500 1
577945 1
579217 1
582024 1
585327 1
602380 1
606530 1
607052 1
609912 1
610862 1
619108 1
633456 1
640709 1
655438 1
656729 1
658516 1
661374 1
666095 1
673695 1
673934 1
679547 1
683339 1
683452 1
687473 1
716163 1
725351 1
730541 1
737838 1
739765 1
750033 1
774122 1
774124 1
784968 1
792890 1
800709 1
801272 1
804362 1
808242 1
809191 1
810075 1
811097 1
813254 1
814433 1
830759 1
830762 1
830869 1
833052 1
834688 1
838565 1
848610 1
854960 1
855878 1
860541 1
866221 1
866979 1
869304 1
870909 1
874951 1
899691 1
899691 1
901486 1
922384 1
928435 1
935616 1
937873 1
943392 1
955067 1
955067 1
959273 1
963612 1
968138 1
980526 1
980618 1
989250 1
990454 1
998344 1
998487 1
999402 1
1000049 1
1003226 1
1005221 1
1010988 1
1013585 1
1014321 1
1019093 1
1021105 1
1024321 1
1025620 1
1028041 1
1030831 1
1033984 1
1045340 1
1057087 1
1058423 1
1077400 1
1092856 1
1099188 1
1103278 1
1105358 1
1115813 1
1118902 1
1119980 1
1119985 1
1128966 1
1143558 1
1145749 1
1147349 1
1151340 1
1156850 1
1156853 1
1160733 1
1174002 1
1181609 1
1183753 1
1185768 1
1193544 1
1194602 1
1195837 1
1197270 1
1198543 1
1198854 1
1201292 1
1203149 1
1203240 1
1206089 1
1221057 1
1223666 1
1236722 1
1236975 1
1243660 1
1254743 1
1257084 1
1259692 1
1261252 1
1274559 1
1278118 1
1278308 1
1289314 1
1290186 1
1298256 1
1305815 1
1327493 1
1331920 1
1334925 1
1336902 1
1339626 1
1343066 1
1349127 1
1356542 1
1360915 1
1362224 1
1365744 1
1366684 1
1367379 1
1368915 1
1375834 1
1391528 1
1391780 1
1393995 1
1400855 1
1409407 1
1409423 1
1415821 1
1418222 1
1422741 1
1422822 1
1428401 1
1429308 1
1430186 1
1434466 1
1435669 1
1445325 1
1465274 1
1467065 1
1471240 1
1476712 1
1476728 1
1483941 1
1485351 1
1496924 1
1513093 1
1517798 1
1517817 1
1526777 1
1527145 1
1540246 1
1543936 1
1545875 1
1547485 1
1553348 1
1557486 1
1566012 1
1567134 1
1570359 1
1576415 1
1577282 1
1581427 1
1581430 1
1593957 1
1609638 1
1609816 1
1614251 1
1615248 1
1619248 1
1620413 1
1621080 1
1621204 1
1628954 1
1629047 1
1635412 1
1641136 1
1641935 1
1654687 1
1657857 1
1662605 1
1662690 1
1662776 1
1665020 1
1666935 1
1677476 1
1678548 1
1679427 1
1686103 1
1686463 1
1696102 1
1697187 1
1700130 1
1700443 1
1705351 1
1705432 1
1707180 1
1709793 1
1726695 1
1727624 1
1728889 1
1731554 1
1735494 1
1741135 1
1743193 1
1743292 1
1749489 1
1761310 1
1763053 1
1763422 1
1765126 1
1766536 1
1767302 1
1776466 1
1784697 1
1787275 1
1798112 1
1799573 1
1818782 1
1819695 1
1820341 1
1820364 1
1826992 1
1828802 1
1830048 1
1835174 1
1838360 1
1842209 1
1845610 1
1846506 1
1846704 1
1861865 1
1865883 1
1866158 1
1871216 1
1872971 1
1885833 1
1889571 1
1892851 1
1895964 1
1909313 1
1938283 1
1938438 1
1948708 1
1950318 1
1965085 1
1976942 1
1978750 1
1982396 1
1985722 1
1994714 1
1995387 1
2014658 1
2015327 1
2019506 1
2021121 1
2023156 1
2023564 1
2023572 1
2026295 1
2041422 1
2051942 1
2067528 1
2068376 1
2069878 1
2071050 1
2074341 1
2083240 1
2088496 1
2096343 1
2102754 1
2102757 1
2103187 1
2110990 1
2113705 1
2114697 1
2115226 1
2121713 1
2125997 1
2126833 1
2133793 1
2134282 1
2137561 1
2139238 1
2145321 1
2147937 1
2153176 1
2155738 1
2166601 1
2166853 1
2171671 1
2179949 1
2183276 1
2184276 1
2187526 1
2192408 1
2192829 1
2201265 1
2205084 1
2214128 1
2216175 1
2219939 1
2219958 1
2225056 1
2233193 1
2234607 1
2235393 1
2247454 1
2251628 1
2259872 1
2260532 1
2262321 1
2268400 1
2284962 1
2284962 1
2287133 1
2294552 1
2296309 1
2297360 1
2307358 1
2320604 1
2321399 1
2326485 1
2333587 1
2333846 1
2343161 1
2343836 1
2344026 1
2351025 1
2368128 1
2370553 1
2375215 1
2377457 1
2384646 1
2385232 1
2386000 1
2389793 1
2401493 1
2409464 1
2410290 1
2414301 1
2420882 1
2428985 1
2432416 1
2433391 1
2437800 1
2438992 1
2441951 1
2444279 1
2444516 1
2470695 1
2471395 1
2474011 1
2475834 1
2481460 1
2485890 1
2487421 1
2495398 1
2501304 1
2507061 1
2507074 1
2508293 1
2509358 1
2511275 1
2523046 1
2523360 1
2527430 1
2531603 1
2531845 1
2536740 1
2546142 1
2548813 1
2550454 1
2551922 1
2555348 1
2573845 1
2581414 1
2584891 1
2588443 1
2596460 1
2598520 1
2607370 1
2611858 1
2612599 1
2613321 1
2615910 1
2617489 1
2617578 1
2618357 1
2622471 1
2623831 1
2629003 1
2635783 1
2644623 1
2644734 1
2650080 1
2665734 1
2670095 1
2671137 1
2674334 1
2689836 1
2699276 1
2707922 1
2708842 1
2709014 1
2713088 1
2724435 1
2726412 1
2726895 1
2736933 1
2743206 1
2750572 1
2753786 1
2756745 1
2757022 1
2758380 1
2758563 1
2762877 1
2766540 1
2781845 1
2786335 1
2787466 1
2789368 1
2799429 1
2800263 1
2816452 1
2827568 1
2832841 1
2849336 1
2859054 1
2862040 1
2862231 1
2862380 1
2866786 1
2870084 1
2874194 1
2879533 1
2896509 1
2902846 1
2906910 1
2907184 1
2916359 1
2917280 1
2932410 1
2934583 1
2935131 1
2939929 1
2943008 1
2948830 1
2960920 1
2969683 1
2981986 1
2988286 1
2988398 1
2992002 1
2992545 1
2993098 1
2993359 1
2998067 1
3007758 1
3026523 1
3030214 1
3031502 1
3035082 1
3043897 1
3049986 1
3053667 1
3062507 1
3066529 1
3067856 1
3076123 1
3086459 1
3092728 1
3108771 1
3118364 1
3123099 1
3129531 1
3136858 1
3138296 1
3141159 1
3148803 1
3149400 1
3154224 1
3155707 1
3159239 1
3162306 1
3168342 1
3168347 1
3170553 1
3173255 1
3183301 1
3190569 1
3193963 1
3197062 1
3198173 1
3199460 1
3202676 1
3203215 1
3221471 1
3231591 1
3244780 1
3245182 1
3247775 1
3253720 1
3265758 1
3271123 1
3271159 1
3276606 1
3292648 1
3292668 1
3293537 1
3303450 1
3305889 1
3313437 1
3320684 1
3320845 1
3321890 1
3326112 1
3329615 1
3351615 1
3373746 1
3378391 1
3379522 1
3380643 1
3383095 1
3389583 1
3389584 1
3392366 1
3393049 1
3406370 1
3412358 1
3414409 1
3418113 1
3419787 1
3422395 1
3425459 1
3431140 1
3431157 1
3432944 1
3433667 1
3441765 1
3442779 1
3443586 1
3450541 1
3450590 1
3476389 1
3479369 1
3479374 1
3486491 1
3488655 1
3497138 1
3502494 1
3515877 1
3527454 1
3529021 1
3533946 1
3538328 1
3542097 1
3542852 1
3553695 1
3555007 1
3556750 1
3572965 1
3573451 1
3575826 1
3576553 1
3585749 1
3587659 1
3589876 1
3594003 1
3594536 1
3595530 1
3597484 1
3599447 1
3607661 1
3609658 1
3611913 1
3612638 1
3619885 1
3622496 1
3623735 1
3625141 1
3626867 1
3626919 1
3627076 1
3632679 1
3656286 1
3665293 1
3669497 1
3676302 1
3683540 1
3684636 1
3686497 1
3691588 1
3692944 1
3694275 1
3700816 1
3703296 1
3710047 1
3718282 1
3718384 1
3727969 1
3733022 1
3737739 1
3740966 1
3743433 1
3744599 1
3746495 1
3753600 1
3758527 1
3759113 1
3771589 1
3771654 1
3779894 1
3781999 1
3794209 1
3794300 1
3795574 1
3795766 1
3801426 1
3802437 1
3803962 1
3804640 1
3805188 1
3814717 1
3827816 1
3839122 1
3852992 1
3860667 1
3860945 1
3870895 1
3877852 1
3885526 1
3890690 1
3894379 1
3927362 1
3927439 1
3937324 1
3953124 1
3955030 1
3955617 1
3961705 1
3966246 1
3968185 1
3977982 1
3987005 1
3988307 1
3995675 1
4016327 1
4022378 1
4027338 1
4028830 1
4030828 1
4041149 1
4041625 1
4047672 1
4051770 1
4053994 1
4055763 1
4067002 1
4068373 1
4071076 1
4074839 1
4091727 1
4094843 1
4106253 1
4138619 1
4164059 1
4165940 1
4166958 1
4170008 1
4174644 1
4176285 1
4190362 1
4192373 1
4193356 1
4201482 1
4205896 1
4211835 1
4214863 1
4232179 1
4232793 1
4233671 1
4239549 1
4240810 1
4241547 1
4246272 1
4249949 1
4252459 1
4254900 1
4261797 1
4264993 1
4267026 1
4268245 1
4268330 1
4281271 1
4296405 1
4297262 1
4304628 1
4311258 1
4312006 1
4315944 1
4331695 1
4333259 1
4334821 1
4336950 1
4337017 1
4338156 1
4340359 1
4341909 1
4343113 1
4353426 1
4355076 1
4366279 1
4367440 1
4380716 1
4381717 1
4401519 1
4401877 1
4418388 1
4421647 1
4428472 1
4428683 1
4439207 1
4460248 1
4462676 1
4464917 1
4466055 1
4474931 1
4475578 1
4509922 1
4512376 1
4516367 1
4528251 1
4531643 1
4533441 1
4534022 1
4537601 1
4557655 1
4561932 1
4575274 1
4579043 1
4588401 1
4588908 1
4596849 1
4602472 1
4612438 1
4617037 1
4617853 1
4619137 1
4620933 1
4622033 1
4622038 1
4623039 1
4633620 1
4642328 1
4644727 1
4653326 1
4660428 1
4670272 1
4674739 1
4684858 1
4715752 1
4731567 1
4735999 1
4736950 1
4742662 1
4745707 1
4751146 1
4753670 1
4754684 1
4754965 1
4760878 1
4769361 1
4771063 1
4772142 1
4797318 1
4799416 1
4805409 1
4809090 1
4812120 1
4812338 1
4812704 1
4816648 1
4817970 1
4822695 1
4822744 1
4823746 1
4828143 1
4840767 1
4845538 1
4850576 1
4853316 1
4873259 1
4875846 1
4880170 1
4881196 1
4897053 1
4899139 1
4900008 1
4900731 1
4906083 1
4915680 1
4938122 1
4940041 1
4941131 1
4943020 1
4956363 1
4965931 1
4968006 1
4971237 1
4972795 1
4984805 1
4993029 1
4999803 1
5002489 1
5012123 1
5017836 1
5043789 1
5043962 1
5047075 1
5048716 1
5050512 1
5051325 1
5059645 1
5078352 1
5082574 1
5085795 1
5104026 1
5121666 1
5135439 1
5139548 1
5140186 1
5143304 1
5146277 1
5148956 1
5151898 1
5157522 1
5160013 1
5168936 1
5168964 1
5171686 1
5191746 1
5196745 1
5201984 1
5210132 1
5212798 1
5214214 1
5221279 1
5230872 1
5233769 1
5244322 1
5256377 1
5276278 1
5290947 1
5293406 1
5301838 1
5313910 1
5321944 1
5322438 1
5331061 1
5346537 1
5346629 1
5348598 1
5349519 1
5353971 1
5355616 1
5363743 1
5371701 1
5376152 1
5391568 1
5426260 1
5429468 1
5433781 1
5437936 1
5439451 1
5439489 1
5446631 1
5467116 1
5487766 1
5488285 1
5510285 1
5517337 1
5521074 1
5522621 1
5524459 1
5527371 1
5542583 1
5547334 1
5548811 1
5561652 1
5567219 1
5572695 1
5577980 1
5579908 1
5585001 1
5590281 1
5593451 1
5597233 1
5602481 1
5614805 1
5615371 1
5615894 1
5619138 1
5631650 1
5634685 1
5634956 1
5637940 1
5638115 1
5646048 1
5651693 1
5652613 1
5658490 1
5659010 1
5672835 1
5673433 1
5678214 1
5682622 1
5693765 1
5694790 1
5697648 1
5705139 1
5712486 1
5721623 1
5724160 1
5724921 1
5730916 1
5734588 1
5740585 1
5748362 1
5748926 1
5751598 1
5757043 1
5759217 1
5779100 1
5794344 1
5797125 1
5799883 1
5810621 1
5810835 1
5812351 1
5816745 1
5818603 1
5819291 1
5820051 1
5822769 1
5827836 1
5836763 1
5854671 1
5859442 1
5862973 1
5867768 1
5869497 1
5873156 1
5874742 1
5876688 1
5879094 1
5879678 1
5883210 1
5891918 1
5893107 1
5896919 1
5897926 1
5907120 1
5907600 1
5915334 1
5923551 1
5928099 1
5937274 1
5941142 1
5942754 1
5950262 1
5953646 1
5969761 1
5972997 1
5983539 1
5984306 1
5984678 1
5994933 1
5995361 1
6006132 1
6013809 1
6018990 1
6033290 1
6038384 1
6038539 1
6050418 1
6050995 1
6053918 1
6057929 1
6059334 1
6064135 1
6075436 1
6075809 1
6077055 1
6077055 1
6088724 1
6094344 1
6094460 1
6097452 1
6102449 1
6104206 1
6105080 1
6119318 1
6125252 1
6133940 1
6143276 1
6144907 1
6157316 1
6157739 1
6162232 1
6163584 1
6180339 1
6185423 1
6185808 1
6185809 1
6189155 1
6192245 1
6195562 1
6225084 1
6228138 1
6229526 1
6249136 1
6252934 1
6257127 1
6258848 1
6258975 1
6261226 1
6261759 1
6263188 1
6265590 1
6272242 1
6274622 1
6279279 1
6280712 1
6286935 1
6290516 1
6294768 1
6300887 1
6303616 1
6327186 1
6329838 1
6333801 1
6335522 1
6336855 1
6338104 1
6339172 1
6343880 1
6344146 1
6345223 1
6354656 1
6355226 1
6357514 1
6358377 1
6358982 1
6374877 1
6380667 1
6382038 1
6383915 1
6388981 1
6389605 1
6390703 1
6392354 1
6393551 1
6394601 1
6396142 1
6400310 1
6400891 1
6403375 1
6406385 1
6409274 1
6410207 1
6423771 1
6426272 1
6435385 1
6438218 1
6439832 1
6440225 1
6452355 1
6470745 1
6474161 1
6475325 1
6475426 1
6488672 1
6496297 1
6497808 1
6499308 1
6501810 1
6504984 1
6505251 1
6506002 1
6510743 1
6510757 1
6518238 1
6519925 1
6521489 1
6526782 1
6529945 1
6533259 1
6534751 1
6542853 1
6543423 1
6556728 1
6557590 1
6563703 1
6564735 1
6578403 1
6578500 1
6581552 1
6582114 1
6582131 1
6592100 1
6620031 1
6621656 1
6631686 1
6639752 1
6648049 1
6661180 1
6670168 1
6674961 1
6680753 1
6693911 1
6694419 1
6704384 1
6709702 1
6711882 1
6714580 1
6718184 1
6720285 1
6735359 1
6753894 1
6753928 1
6755529 1
6755982 1
6761396 1
6761739 1
6767973 1
6772620 1
6772759 1
6774053 1
6778767 1
6783039 1
6787616 1
6790845 1
6790845 1
6800813 1
6805371 1
6805819 1
6817497 1
6829882 1
6831967 1
6834089 1
6835238 1
6837497 1
6843091 1
6844250 1
6849332 1
6850373 1
6856051 1
6856917 1
6860921 1
6869309 1
6871683 1
6882911 1
6891738 1
6891954 1
6896193 1
6899978 1
6900234 1
6903361 1
6908271 1
6914087 1
6920821 1
6922972 1
6923487 1
6927415 1
6931733 1
6933469 1
6936333 1
6944495 1
6949708 1
6950725 1
6952932 1
6959157 1
6964452 1
6966112 1
6973786 1
6975332 1
6977027 1
6986564 1
6986565 1
6991350 1
6996299 1
6999140 1
7001750 1
7005568 1
7007236 1
7007481 1
7014044 1
7024360 1
7028064 1
7034925 1
7040631 1
7042774 1
7048064 1
7049110 1
7052668 1
7063446 1
7066179 1
7075452 1
7076352 1
7078902 1
7083311 1
7083943 1
7098600 1
7103474 1
7107666 1
7109111 1
7112263 1
7113713 1
7119412 1
7119787 1
7127103 1
7127761 1
7128868 1
7129613 1
7134111 1
7135060 1
7138031 1
7140139 1
7141039 1
7142025 1
7145832 1
7154406 1
7154538 1
7155140 1
7159622 1
7161776 1
7166121 1
7169097 1
7185181 1
7211554 1
7212507 1
7214369 1
7216799 1
7217920 1
7227664 1
7228060 1
7229930 1
7231518 1
7232171 1
7238203 1
7239655 1
7241061 1
7242642 1
7244812 1
7245537 1
7248453 1
7249261 1
7251316 1
7254444 1
7265483 1
7265840 1
7266422 1
7273575 1
7275770 1
7279713 1
7284370 1
7286550 1
7287250 1
7292750 1
7293546 1
7293558 1
7297437 1
7310013 1
7312998 1
7316649 1
7324233 1
7329069 1
7336169 1
7351611 1
7353838 1
7355303 1
7362410 1
7373120 1
7374319 1
7382576 1
7388944 1
7392038 1
7409150 1
7409227 1
7420795 1
7421397 1
7431914 1
7435636 1
7437940 1
7441669 1
7442600 1
7455345 1
7456301 1
7468219 1
7473442 1
7477299 1
7481110 1
7485830 1
7489473 1
7516149 1
7516173 1
7518230 1
7520983 1
7523500 1
7523614 1
7533817 1
7534998 1
7539657 1
7546572 1
7552098 1
7564925 1
7580442 1
7582549 1
7582552 1
7591377 1
7591610 1
7594632 1
7595811 1
7597080 1
7606703 1
7608786 1
7615256 1
7617749 1
7618945 1
7627705 1
7633825 1
7634015 1
7634535 1
7636818 1
7637383 1
7637836 1
7651595 1
7660440 1
7663149 1
7663791 1
7680789 1
7694192 1
7694785 1
7695562 1
7701783 1
7704860 1
7708013 1
7729528 1
7734029 1
7737282 1
7737433 1
7746726 1
7756657 1
7757182 1
7760889 1
7776117 1
7777185 1
7780869 1
7790461 1
7795067 1
7805022 1
7806670 1
7822081 1
7826161 1
7828226 1
7833605 1
7847744 1
7849839 1
7856316 1
7859028 1
7861301 1
7865784 1
7868067 1
7872028 1
7873940 1
7877387 1
7886339 1
7891224 1
7893477 1
7900803 1
7903698 1
7907387 1
7911714 1
7912357 1
7912365 1
7914132 1
7917754 1
7918953 1
7919928 1
7921275 1
7924823 1
7927006 1
7932846 1
7932881 1
7942488 1
7943860 1
7943869 1
7952382 1
7954480 1
7959008 1
7962433 1
7962861 1
7962874 1
7965006 1
7968070 1
7968170 1
7974401 1
7986361 1
7994172 1
7994362 1
7994825 1
7995638 1
7995761 1
7996044 1
8003914 1
8005158 1
8005443 1
8005633 1
8006792 1
8010466 1
8013523 1
8016379 1
8026498 1
8031872 1
8034651 1
8034909 1
8041159 1
8042790 1
8044049 1
8044154 1
8051967 1
8052835 1
8059514 1
8066050 1
8077595 1
8088240 1
8088908 1
8091634 1
8092652 1
8095541 1
8102287 1
8109940 1
8115258 1
8118190 1
8122486 1
8127464 1
8127683 1
8128191 1
8129678 1
8129845 1
8135177 1
8135276 1
8140464 1
8144566 1
8145507 1
8146690 1
8152603 1
8158331 1
8158369 1
8175701 1
8177783 1
8178310 1
8182386 1
8190745 1
8202585 1
8209352 1
8220961 1
8222081 1
8225615 1
8238528 1
8249440 1
8254098 1
8254854 1
8260074 1
8262936 1
8267482 1
8269121 1
8270941 1
8275156 1
8278291 1
8294386 1
8311669 1
2477 1
2477 1
29167 1
39985 1
46657 1
56535 1
60659 1
61811 1
68333 1
72007 1
76584 1
77669 1
79338 1
81454 1
104592 1
110298 1
114652 1
115233 1
116063 1
117946 1
122092 1
123928 1
126724 1
134095 1
155248 1
155961 1
160021 1
160208 1
168144 1
168398 1
178607 1
180681 1
185698 1
191230 1
193591 1
193647 1
195107 1
195315 1
200050 1
206308 1
212978 1
217994 1
223762 1
225187 1
225294 1
225703 1
226031 1
228374 1
230879 1
230883 1
231306 1
234697 1
251934 1
265422 1
281855 1
284945 1
295085 1
296528 1
297029 1
303147 1
304888 1
319012 1
329415 1
336935 1
338910 1
342766 1
343104 1
352747 1
361785 1
381752 1
389688 1
410506 1
411413 1
417008 1
428985 1
436884 1
437360 1
441023 1
463968 1
464333 1
472337 1
473654 1
475126 1
478647 1
479198 1
482779 1
487031 1
495387 1
500036 1
500770 1
504767 1
507369 1
510469 1
526588 1
535909 1
563148 1
563628 1
567472 1
568375 1
569546 1
570241 1
570790 1
570906 1
570919 1
579729 1
584298 1
588608 1
590805 1
603942 1
607227 1
649128 1
649861 1
662946 1
663904 1
667105 1
667528 1
672308 1
675464 1
675489 1
683213 1
684782 1
702601 1
705397 1
712944 1
716875 1
717069 1
720024 1
721699 1
722946 1
726472 1
727370 1
732157 1
734753 1
735366 1
747208 1
747471 1
750922 1
751827 1
752595 1
752819 1
758343 1
765496 1
765965 1
782054 1
797704 1
798630 1
801884 1
801918 1
804372 1
810011 1
811463 1
813574 1
817000 1
819071 1
831598 1
833133 1
833138 1
836602 1
839070 1
843830 1
848713 1
872854 1
874017 1
878147 1
888382 1
896811 1
904130 1
914796 1
915605 1
919065 1
922949 1
927134 1
928015 1
931792 1
953141 1
957224 1
970051 1
985205 1
990094 1
1001422 1
1003934 1
1006026 1
1007395 1
1008981 1
1015361 1
1015529 1
1026739 1
1031025 1
1050564 1
1055252 1
1055526 1
1057238 1
1059907 1
1064762 1
1067825 1
1071732 1
1073796 1
1077847 1
1097506 1
1099355 1
1100402 1
1101893 1
1104712 1
1108238 1
1108238 1
1108502 1
1113315 1
1114416 1
1116845 1
1129778 1
1133901 1
1139274 1
1139341 1
1143494 1
1144357 1
1150218 1
1154337 1
1157292 1
1164551 1
1166685 1
1170491 1
1172980 1
1178759 1
1179487 1
1183786 1
1191098 1
1191246 1
1193598 1
1195371 1
1203986 1
1205462 1
1205587 1
1205596 1
1209132 1
1209816 1
1214499 1
1216063 1
1224007 1
1228758 1
1233613 1
1233984 1
1248685 1
1254619 1
1260861 1
1263808 1
1276987 1
1279186 1
1285088 1
1290872 1
1298575 1
1300406 1
1305480 1
1305705 1
1306903 1
1315803 1
1316766 1
1320590 1
1322608 1
1325172 1
1331435 1
1331435 1
1347922 1
1352813 1
1369484 1
1370284 1
1370799 1
1372200 1
1378278 1
1390879 1
1396258 1
1401131 1
1401664 1
1402676 1
1405394 1
1407506 1
1410386 1
1414609 1
1416803 1
1417200 1
1423035 1
1423609 1
1430456 1
1434006 1
1438830 1
1441760 1
1441845 1
1446058 1
1453331 1
1462938 1
1464429 1
1471714 1
1475006 1
1475652 1
1475932 1
1476430 1
1478795 1
1480075 1
1485017 1
1495176 1
1496978 1
1497035 1
1506748 1
1506766 1
1507942 1
1516894 1
1517095 1
1524788 1
1531417 1
1535001 1
1537337 1
1550714 1
1565286 1
1566250 1
1569577 1
1571050 1
1573276 1
1576473 1
1577518 1
1584741 1
1590333 1
1590333 1
1592385 1
1598066 1
1600047 1
1603848 1
1609177 1
1609198 1
1620616 1
1621981 1
1626494 1
1628597 1
1631476 1
1637170 1
1642189 1
1647875 1
1656577 1
1661722 1
1663642 1
1666105 1
1666504 1
1669079 1
1670222 1
1670976 1
1673149 1
1673823 1
1676222 1
1679020 1
1681250 1
1683540 1
1688739 1
1692686 1
1696091 1
1699598 1
1702498 1
1711819 1
1729536 1
1729776 1
1730893 1
1731274 1
1732854 1
1746278 1
1766855 1
1768187 1
1773964 1
1782945 1
1786244 1
1787522 1
1791184 1
1793318 1
1794481 1
1795376 1
1796660 1
1806694 1
1811134 1
1814115 1
1818245 1
1824676 1
1825304 1
1826168 1
1829476 1
1829513 1
1830468 1
1832437 1
1832808 1
1834849 1
1837219 1
1838312 1
1840998 1
1846260 1
1856357 1
1858578 1
1859793 1
1863055 1
1863325 1
1873607 1
1877590 1
1880718 1
1882595 1
1887365 1
1889109 1
1892165 1
1896920 1
1897958 1
1901026 1
1910796 1
1911945 1
1918526 1
1927299 1
1931694 1
1937047 1
1938927 1
1945754 1
1948882 1
1949895 1
1950882 1
1954577 1
1961449 1
1962435 1
1969505 1
1973486 1
1976967 1
1979336 1
1997348 1
2003476 1
2008017 1
2010103 1
2012476 1
2019524 1
2023405 1
2025931 1
2045652 1
2050945 1
2062002 1
2089912 1
2092238 1
2092622 1
2092622 1
2095454 1
2097929 1
2099699 1
2103206 1
2104565 1
2107715 1
2109860 1
2114189 1
2121365 1
2126775 1
2127211 1
2131323 1
2144154 1
2150309 1
2155305 1
2156811 1
2162485 1
2167447 1
2172825 1
2173986 1
2175670 1
2181699 1
2182620 1
2187578 1
2213036 1
2231489 1
2231790 1
2234368 1
2234471 1
2234482 1
2238162 1
2240403 1
2241616 1
2246244 1
2252230 1
2257170 1
2257868 1
2258291 1
2263625 1
2266021 1
2268946 1
2269069 1
2276728 1
2277854 1
2278116 1
2280055 1
2280487 1
2282920 1
2284181 1
2287056 1
2291088 1
2301450 1
2302025 1
2302203 1
2308005 1
2308389 1
2313077 1
2327445 1
2331681 1
2334902 1
2335736 1
2337151 1
2337432 1
2337726 1
2339906 1
2343789 1
2364836 1
2366612 1
2370972 1
2373675 1
2396572 1
2397687 1
2398742 1
2401209 1
2407381 1
2407849 1
2409152 1
2409346 1
2411489 1
2432448 1
2438616 1
2440473 1
2442503 1
2443573 1
2446336 1
2450476 1
2451508 1
2465328 1
2470274 1
2486577 1
2488503 1
2494375 1
2495386 1
2506920 1
2511785 1
2511968 1
2516524 1
2517306 1
2521451 1
2527168 1
2536879 1
2544935 1
2556425 1
2563928 1
2567148 1
2580240 1
2580273 1
2582508 1
2596500 1
2599655 1
2606004 1
2615639 1
2617928 1
2632349 1
2644023 1
2651685 1
2652768 1
2658258 1
2663364 1
2665900 1
2669940 1
2681104 1
2684320 1
2687577 1
2688685 1
2690962 1
2696491 1
2696822 1
2697235 1
2702791 1
2707193 1
2717895 1
2720833 1
2724380 1
2726011 1
2727003 1
2730027 1
2732464 1
2759389 1
2760949 1
2767330 1
2770518 1
2774355 1
2775078 1
2795351 1
2801122 1
2801157 1
2806194 1
2808319 1
2808755 1
2818712 1
2830129 1
2835807 1
2837635 1
2852727 1
2860958 1
2869894 1
2878755 1
2882489 1
2902468 1
2904454 1
2912675 1
2912846 1
2917263 1
2923272 1
2927637 1
2929631 1
2931960 1
2934937 1
2938699 1
2948827 1
2949910 1
2950605 1
2950738 1
2950922 1
2954696 1
2967384 1
2972492 1
2979645 1
2979724 1
2982236 1
2997428 1
2998804 1
3000972 1
3011996 1
3012926 1
3013992 1
3016314 1
3024286 1
3024771 1
3026250 1
3033756 1
3035179 1
3041108 1
3047664 1
3054869 1
3056680 1
3059260 1
3073194 1
3084298 1
3086101 1
3087665 1
3088302 1
3090216 1
3093227 1
3094978 1
3102950 1
3106095 1
3106394 1
3120913 1
3123652 1
3127527 1
3134681 1
3153555 1
3175136 1
3179444 1
3183810 1
3185034 1
3186345 1
3187823 1
3205717 1
3208494 1
3213450 1
3228295 1
3234058 1
3235045 1
3239137 1
3241863 1
3244996 1
3253696 1
3253765 1
3256349 1
3274347 1
3279374 1
3290383 1
3291635 1
3299108 1
3302561 1
3303853 1
3312582 1
3313575 1
3323904 1
3333285 1
3341540 1
3345693 1
3345954 1
3350317 1
3358746 1
3365504 1
3365671 1
3376936 1
3377642 1
3383291 1
3388592 1
3396723 1
3403743 1
3409060 1
3415755 1
3422621 1
3429583 1
3432295 1
3436965 1
3444198 1
3446730 1
3448964 1
3449081 1
3449393 1
3462571 1
3463848 1
3469996 1
3471241 1
3474843 1
3476813 1
3477545 1
3484072 1
3484687 1
3487229 1
3492756 1
3493862 1
3494041 1
3501033 1
3502006 1
3507320 1
3513312 1
3518938 1
3534210 1
3539035 1
3542496 1
3549368 1
3549524 1
3550229 1
3560610 1
3560613 1
3561782 1
3562521 1
3564041 1
3566014 1
3571893 1
3577604 1
3585556 1
3585556 1
3606035 1
3610165 1
3617841 1
3622987 1
3628496 1
3630687 1
3631295 1
3643099 1
3647982 1
3663054 1
3672335 1
3688064 1
3691461 1
3694079 1
3712103 1
3731035 1
3731991 1
3732287 1
3741783 1
3743355 1
3748792 1
3752414 1
3755913 1
3755978 1
3763144 1
3777151 1
3782589 1
3787596 1
3788129 1
3793045 1
3795076 1
3795107 1
3806021 1
3807083 1
3811862 1
3815616 1
3820269 1
3823456 1
3828192 1
3830155 1
3835291 1
3838088 1
3842411 1
3854020 1
3866470 1
3867570 1
3868104 1
3869423 1
3876994 1
3896165 1
3901715 1
3903552 1
3905135 1
3910197 1
3913229 1
3915857 1
3916827 1
3940072 1
3940537 1
3941234 1
3949494 1
3956612 1
3970698 1
3970698 1
3975030 1
3989902 1
4017708 1
4019897 1
4022209 1
4024365 1
4026812 1
4038346 1
4038951 1
4044799 1
4052243 1
4055952 1
4062887 1
4092295 1
4092397 1
4094734 1
4099757 1
4106579 1
4109621 1
4117775 1
4130913 1
4133220 1
4149380 1
4162201 1
4163207 1
4171396 1
4181497 1
4188579 1
4200685 1
4202218 1
4205369 1
4207447 1
4209732 1
4215652 1
4227209 1
4235744 1
4242455 1
4249244 1
4250837 1
4251999 1
4257309 1
4259268 1
4259574 1
4261645 1
4261917 1
4262880 1
4270267 1
4295624 1
4298929 1
4301439 1
4315915 1
4316532 1
4325717 1
4327621 1
4330387 1
4348214 1
4349937 1
4365657 1
4377135 1
4382180 1
4400424 1
4401643 1
4402005 1
4403260 1
4410831 1
4412287 1
4431037 1
4437198 1
4448117 1
4464384 1
4464384 1
4467323 1
4469923 1
4480229 1
4489456 1
4501142 1
4501901 1
4503058 1
4503364 1
4503381 1
4508503 1
4508766 1
4512482 1
4527294 1
4539946 1
4542144 1
4543551 1
4543576 1
4548460 1
4564194 1
4572893 1
4579870 1
4581218 1
4601094 1
4603191 1
4603794 1
4612161 1
4613325 1
4614732 1
4615119 1
4616512 1
4626767 1
4630635 1
4636773 1
4641542 1
4643509 1
4643898 1
4645190 1
4646057 1
4652966 1
4653168 1
4654158 1
4663831 1
4670604 1
4673965 1
4675781 1
4682388 1
4689841 1
4691508 1
4697287 1
4719759 1
4721361 1
4722765 1
4732829 1
4736728 1
4742334 1
4749838 1
4753080 1
4753080 1
4764505 1
4773988 1
4798609 1
4800603 1
4803784 1
4804092 1
4805112 1
4807164 1
4810017 1
4812031 1
4817888 1
4819860 1
4820260 1
4821643 1
4828272 1
4831465 1
4831969 1
4836280 1
4843645 1
4849475 1
4853324 1
4879731 1
4883979 1
4893977 1
4900605 1
4902894 1
4905466 1
4905617 1
4906471 1
4916138 1
4928060 1
4929606 1
4932299 1
4935807 1
4936196 1
4937063 1
4938669 1
4939104 1
4945070 1
4947979 1
4952244 1
4964847 1
4969650 1
4978036 1
4992362 1
4996518 1
4999100 1
4999100 1
5000998 1
5001387 1
5010883 1
5026020 1
5028541 1
5032622 1
5037415 1
5040450 1
5047134 1
5047512 1
5048419 1
5053774 1
5055309 1
5056783 1
5073610 1
5085004 1
5089494 1
5111173 1
5122561 1
5127456 1
5130538 1
5134591 1
5135753 1
5137136 1
5142464 1
5146330 1
5149558 1
5150593 1
5153547 1
5155396 1
5159596 1
5159758 1
5163345 1
5163345 1
5169990 1
5170109 1
5170452 1
5171536 1
5186471 1
5197888 1
5203195 1
5223970 1
5237414 1
5243523 1
5244824 1
5246738 1
5258157 1
5265693 1
5271797 1
5272451 1
5273585 1
5283541 1
5286611 1
5290915 1
5295899 1
5298020 1
5309831 1
5314182 1
5317743 1
5327998 1
5331353 1
5334060 1
5343246 1
5343856 1
5346253 1
5346253 1
5349418 1
5354689 1
5363884 1
5365903 1
5368079 1
5369378 1
5372295 1
5375890 1
5381833 1
5387343 1
5411844 1
5419413 1
5427089 1
5431466 1
5432180 1
5436425 1
5439789 1
5447635 1
5452002 1
5472239 1
5493572 1
5499150 1
5509184 1
5519604 1
5523959 1
5525666 1
5528577 1
5529226 1
5534953 1
5535369 1
5535835 1
5536988 1
5537525 1
5538483 1
5543117 1
5543620 1
5568389 1
5579466 1
5591184 1
5595219 1
5599877 1
5603837 1
5605527 1
5605835 1
5607514 1
5610380 1
5623496 1
5626813 1
5627138 1
5636878 1
5646300 1
5666224 1
5667375 1
5670337 1
5679527 1
5679552 1
5682667 1
5686513 1
5691633 1
5693132 1
5694036 1
5694754 1
5705616 1
5707536 1
5707883 1
5707983 1
5729403 1
5732053 1
5746026 1
5758482 1
5763219 1
5765529 1
5766371 1
5770270 1
5770387 1
5770976 1
5774577 1
5781670 1
5790154 1
5794232 1
5794945 1
5801994 1
5808418 1
5809059 1
5810087 1
5811580 1
5816364 1
5819429 1
5820628 1
5825679 1
5840620 1
5840763 1
5850258 1
5862715 1
5883153 1
5886931 1
5888682 1
5891341 1
5892611 1
5896941 1
5901104 1
5902494 1
5904588 1
5909347 1
5911992 1
5924866 1
5925204 1
5932352 1
5939881 1
5942890 1
5953059 1
5963665 1
5965775 1
5974743 1
5984610 1
6003143 1
6005458 1
6017561 1
6020369 1
6029859 1
6037404 1
6041537 1
6042349 1
6044325 1
6045888 1
6054399 1
6054443 1
6057839 1
6065460 1
6068361 1
6087178 1
6097201 1
6098732 1
6123403 1
6127908 1
6138353 1
6140975 1
6149101 1
6149615 1
6152263 1
6156801 1
6156922 1
6163470 1
6164914 1
6167798 1
6176148 1
6178185 1
6179678 1
6187279 1
6190373 1
6206486 1
6227318 1
6227450 1
6228657 1
6235085 1
6254516 1
6259502 1
6264387 1
6265870 1
6269820 1
6271722 1
6273179 1
6278519 1
6281072 1
6288664 1
6297263 1
6304439 1
6312377 1
6318247 1
6329050 1
6330717 1
6335830 1
6336754 1
6338133 1
6339052 1
6351889 1
6353035 1
6358703 1
6359992 1
6361185 1
6365709 1
6380391 1
6382491 1
6383435 1
6388138 1
6388589 1
6392527 1
6396752 1
6399311 1
6400716 1
6400951 1
6404735 1
6407936 1
6410252 1
6413123 1
6422099 1
6430285 1
6431827 1
6434165 1
6435156 1
6439725 1
6441419 1
6449219 1
6449259 1
6455921 1
6459846 1
6479467 1
6486809 1
6487294 1
6487295 1
6492493 1
6499772 1
6501838 1
6504691 1
6505871 1
6510733 1
6514789 1
6522397 1
6528377 1
6532778 1
6533233 1
6535530 1
6538746 1
6543250 1
6546343 1
6550710 1
6551955 1
6552217 1
6558804 1
6559567 1
6561732 1
6566495 1
6579753 1
6584364 1
6584376 1
6585161 1
6603000 1
6617066 1
6617095 1
6619525 1
6625131 1
6630365 1
6631026 1
6632502 1
6636091 1
6639075 1
6662417 1
6665238 1
6665478 1
6669272 1
6681939 1
6693686 1
6694380 1
6697633 1
6698393 1
6699159 1
6700211 1
6704950 1
6722084 1
6726334 1
6733606 1
6741733 1
6741817 1
6744579 1
6754639 1
6760843 1
6763161 1
6773557 1
6774082 1
6781377 1
6787719 1
6808790 1
6831735 1
6844900 1
6852542 1
6856392 1
6863730 1
6869778 1
6875248 1
6887408 1
6892838 1
6893286 1
6914018 1
6926772 1
6929188 1
6935031 1
6936519 1
6938387 1
6939607 1
6940107 1
6943987 1
6944643 1
6953877 1
6964947 1
6965634 1
6965851 1
6974301 1
6975062 1
6981559 1
6986904 1
6987986 1
6990602 1
6992132 1
7000341 1
7002215 1
7018825 1
7022534 1
7026384 1
7027390 1
7028518 1
7041964 1
7050481 1
7054770 1
7056352 1
7060093 1
7062176 1
7067522 1
7068456 1
7070354 1
7077113 1
7077368 1
7084286 1
7084315 1
7095106 1
7099321 1
7100761 1
7103458 1
7110781 1
7112846 1
7115404 1
7116347 1
7127252 1
7127735 1
7129302 1
7130227 1
7131412 1
7145207 1
7159537 1
7171673 1
7182940 1
7190329 1
7190442 1
7190536 1
7191479 1
7193316 1
7197078 1
7200972 1
7206530 1
7208110 1
7211276 1
7213927 1
7216101 1
7219488 1
7225467 1
7229433 1
7229962 1
7248468 1
7250737 1
7251724 1
7261674 1
7265228 1
7266577 1
7277457 1
7278968 1
7280905 1
7288085 1
7293124 1
7304249 1
7305677 1
7306676 1
7320837 1
7321053 1
7322344 1
7329195 1
7329787 1
7336356 1
7341988 1
7356196 1
7357016 1
7366017 1
7366890 1
7373174 1
7374553 1
7376619 1
7384859 1
7386907 1
7387164 1
7390420 1
7394722 1
7413389 1
7418575 1
7418641 1
7424762 1
7426345 1
7431135 1
7433134 1
7439027 1
7460841 1
7463907 1
7468009 1
7471577 1
7483995 1
7502338 1
7514021 1
7514429 1
7520077 1
7533058 1
7536369 1
7536656 1
7541368 1
7547462 1
7553084 1
7561628 1
7571247 1
7571258 1
7571869 1
7593423 1
7593659 1
7600482 1
7600928 1
7609368 1
7613023 1
7614083 1
7617782 1
7628391 1
7631662 1
7633032 1
7633148 1
7635524 1
7636260 1
7636276 1
7638108 1
7640378 1
7641059 1
7643233 1
7647542 1
7650096 1
7666608 1
7674293 1
7677923 1
7682535 1
7686726 1
7691773 1
7701044 1
7721971 1
7724113 1
7731820 1
7760693 1
7760772 1
7803501 1
7803564 1
7812841 1
7813334 1
7817552 1
7820680 1
7825933 1
7828486 1
7830475 1
7832340 1
7839019 1
7852067 1
7867632 1
7870392 1
7880192 1
7881409 1
7893349 1
7898002 1
7899982 1
7903226 1
7924055 1
7924114 1
7928574 1
7933413 1
7940443 1
7951146 1
7951842 1
7955167 1
7959604 1
7961159 1
7966820 1
7969057 1
7970517 1
7971585 1
7972511 1
7975118 1
7977324 1
7984252 1
7986656 1
7987324 1
7989579 1
7990407 1
7996357 1
7999794 1
8003031 1
8003142 1
8004283 1
8004664 1
8006053 1
8007357 1
8010192 1
8020011 1
8021198 1
8022058 1
8026161 1
8028522 1
8028796 1
8036593 1
8040908 1
8041102 1
8043408 1
8045933 1
8052848 1
8058384 1
8059718 1
8073535 1
8074835 1
8074849 1
8076381 1
8077363 1
8078275 1
8079047 1
8084097 1
8086415 1
8086533 1
8089289 1
8094513 1
8097071 1
8104850 1
8106954 1
8109125 1
8110020 1
8115158 1
8115323 1
8124461 1
8125988 1
8127756 1
8130438 1
8132724 1
8137831 1
8139822 1
8143988 1
8154485 1
8160376 1
8172366 1
8178697 1
8182199 1
8187432 1
8193485 1
8198325 1
8198954 1
8210075 1
8221253 1
8223936 1
8236151 1
8253321 1
8254852 1
8264849 1
8265718 1
8265727 1
8276085 1
8276211 1
8283084 1
8302069 1
8302972 1
8309807 1
22211 1
25198 1
31635 1
39576 1
42127 1
71706 1
88268 1
98738 1
108419 1
109517 1
114282 1
115291 1
119351 1
124855 1
150489 1
150781 1
152593 1
154373 1
157640 1
160904 1
162555 1
163072 1
177550 1
184076 1
185822 1
186299 1
187841 1
189705 1
195178 1
196532 1
203797 1
205754 1
226034 1
228826 1
238180 1
245060 1
254510 1
257714 1
262381 1
270259 1
273885 1
280518 1
281147 1
281147 1
287563 1
289150 1
292755 1
294743 1
302826 1
318891 1
324354 1
324354 1
326111 1
332739 1
335422 1
337002 1
339626 1
340750 1
340897 1
345843 1
351583 1
357616 1
363142 1
370039 1
410143 1
423979 1
425170 1
425231 1
429502 1
432343 1
437412 1
438039 1
441531 1
442821 1
456425 1
457026 1
466924 1
473020 1
474241 1
488723 1
498767 1
499325 1
507487 1
508943 1
512101 1
525166 1
527406 1
537718 1
542657 1
559519 1
559749 1
567149 1
576055 1
578272 1
578334 1
580501 1
585673 1
587209 1
591448 1
610922 1
624012 1
627658 1
627720 1
634363 1
634364 1
634364 1
644642 1
647692 1
649108 1
649834 1
651412 1
651956 1
659599 1
671704 1
679727 1
696820 1
709337 1
713628 1
713957 1
716141 1
716141 1
716700 1
723547 1
728431 1
730364 1
754930 1
760793 1
768528 1
769649 1
774139 1
798168 1
802990 1
811436 1
812183 1
813271 1
813337 1
825817 1
826008 1
831991 1
838139 1
841283 1
847890 1
848294 1
848671 1
848824 1
855886 1
863546 1
873637 1
890165 1
899078 1
903174 1
904669 1
905015 1
917081 1
942243 1
952227 1
959998 1
961409 1
963841 1
984739 1
986121 1
989962 1
993910 1
998921 1
1004346 1
1025738 1
1032848 1
1039350 1
1041366 1
1041831 1
1051470 1
1051787 1
1054059 1
1054609 1
1060334 1
1062362 1
1076531 1
1078259 1
1090228 1
1092829 1
1093303 1
1094929 1
1096229 1
1100099 1
1100326 1
1103726 1
1106148 1
1107080 1
1109997 1
1117064 1
1117132 1
1129783 1
1130041 1
1139707 1
1153780 1
1153882 1
1156467 1
1156467 1
1157636 1
1159494 1
1167107 1
1167631 1
1168821 1
1169354 1
1170258 1
1182126 1
1189176 1
1194401 1
1195326 1
1200005 1
1200232 1
1205223 1
1208656 1
1210532 1
1214584 1
1216658 1
1217123 1
1217842 1
1228237 1
1229881 1
1234798 1
1241681 1
1242888 1
1243384 1
1246045 1
1251431 1
1257509 1
1259263 1
1263459 1
1274925 1
1276488 1
1284360 1
1315020 1
1315602 1
1326365 1
1330201 1
1331144 1
1331665 1
1339611 1
1340089 1
1342071 1
1347112 1
1347672 1
1356412 1
1362019 1
1372504 1
1372997 1
1382150 1
1383181 1
1397124 1
1397265 1
1402538 1
1403967 1
1406095 1
1410098 1
1414348 1
1414429 1
1416978 1
1423501 1
1424926 1
1424956 1
1434370 1
1437230 1
1437774 1
1439147 1
1443613 1
1444981 1
1447340 1
1450476 1
1452983 1
1467002 1
1471456 1
1475796 1
1475796 1
1481289 1
1481795 1
1486209 1
1494536 1
1495093 1
1497496 1
1504831 1
1505006 1
1508744 1
1509947 1
1519053 1
1532931 1
1541782 1
1545052 1
1555617 1
1555881 1
1559428 1
1560169 1
1570516 1
1589246 1
1610637 1
1621409 1
1622272 1
1632410 1
1633495 1
1635060 1
1645336 1
1655048 1
1659365 1
1663472 1
1664988 1
1670641 1
1671701 1
1674062 1
1675938 1
1681218 1
1681274 1
1687174 1
1691922 1
1703275 1
1706811 1
1711814 1
1714278 1
1724559 1
1729894 1
1734206 1
1734263 1
1734435 1
1751280 1
1759484 1
1773884 1
1775069 1
1775268 1
1780821 1
1780920 1
1781995 1
1794391 1
1820133 1
1825350 1
1830280 1
1832761 1
1837370 1
1844359 1
1846112 1
1846130 1
1849202 1
1852911 1
1853790 1
1855718 1
1871854 1
1873757 1
1873867 1
1875029 1
1885982 1
1889405 1
1892954 1
1895843 1
1902843 1
1902918 1
1907705 1
1912826 1
1930852 1
1931169 1
1948312 1
1949760 1
1965196 1
1966701 1
1968788 1
1970222 1
1983333 1
1984669 1
1994932 1
2000534 1
2005913 1
2015351 1
2032440 1
2032939 1
2039857 1
2042469 1
2044230 1
2045105 1
2048187 1
2054903 1
2063622 1
2067344 1
2068428 1
2069409 1
2073804 1
2077148 1
2079958 1
2081826 1
2083888 1
2084412 1
2087468 1
2093258 1
2095178 1
2102237 1
2103929 1
2104165 1
2106834 1
2107468 1
2110999 1
2118819 1
2120558 1
2128481 1
2134955 1
2137127 1
2137347 1
2137642 1
2139297 1
2139846 1
2149257 1
2156802 1
2166264 1
2167510 1
2167925 1
2170545 1
2175784 1
2184150 1
2192848 1
2196327 1
2208093 1
2230415 1
2237463 1
2238823 1
2239030 1
2251567 1
2254611 1
2255844 1
2256609 1
2259166 1
2262491 1
2266782 1
2273143 1
2278083 1
2278091 1
2281125 1
2298340 1
2301348 1
2303464 1
2304233 1
2314321 1
2330212 1
2333076 1
2341819 1
2343304 1
2349112 1
2350472 1
2351322 1
2370708 1
2381561 1
2382072 1
2382929 1
2384381 1
2387611 1
2400092 1
2403276 1
2403724 1
2409722 1
2429713 1
2430261 1
2444835 1
2450824 1
2468642 1
2493631 1
2501845 1
2506458 1
2516889 1
2524800 1
2524804 1
2525110 1
2527317 1
2528863 1
2533252 1
2534512 1
2539835 1
2542757 1
2548880 1
2564690 1
2570864 1
2571002 1
2574216 1
2584090 1
2593921 1
2603462 1
2623700 1
2628480 1
2631716 1
2631982 1
2632463 1
2638583 1
2643685 1
2644924 1
2652439 1
2666041 1
2670314 1
2674163 1
2675892 1
2684571 1
2687298 1
2689127 1
2689829 1
2690501 1
2694668 1
2697260 1
2700210 1
2702964 1
2710875 1
2717779 1
2718006 1
2730205 1
2731593 1
2731829 1
2732595 1
2736533 1
2740764 1
2745102 1
2762302 1
2767458 1
2768920 1
2771195 1
2773811 1
2773925 1
2774056 1
2782422 1
2799292 1
2800751 1
2803676 1
2804285 1
2810610 1
2813694 1
2816104 1
2819430 1
2820558 1
2820986 1
2844629 1
2852188 1
2860238 1
2882592 1
2887542 1
2887971 1
2892528 1
2893120 1
2903674 1
2915336 1
2915476 1
2918705 1
2930981 1
2931088 1
2939097 1
2943345 1
2944487 1
2947816 1
2949188 1
2954328 1
2956474 1
2969075 1
2984576 1
2985650 1
2988862 1
2992415 1
2993378 1
3004204 1
3009161 1
3010116 1
3019045 1
3024319 1
3034545 1
3044760 1
3053904 1
3054467 1
3058624 1
3067343 1
3068630 1
3080553 1
3082108 1
3083924 1
3088150 1
3088944 1
3090846 1
3091683 1
3095491 1
3103185 1
3109383 1
3111330 1
3111641 1
3112575 1
3118317 1
3122364 1
3125691 1
3133816 1
3153654 1
3155053 1
3159052 1
3172779 1
3176505 1
3179389 1
3191196 1
3192979 1
3204314 1
3206504 1
3214876 1
3222359 1
3228356 1
3229631 1
3238293 1
3241526 1
3250906 1
3264637 1
3276280 1
3299659 1
3302121 1
3302949 1
3308991 1
3311245 1
3313063 1
3323097 1
3329257 1
3329344 1
3342624 1
3345869 1
3347599 1
3347866 1
3348308 1
3359736 1
3361087 1
3363726 1
3363733 1
3367657 1
3368628 1
3371775 1
3392290 1
3404215 1
3407858 1
3429728 1
3434335 1
3434477 1
3435635 1
3437465 1
3439906 1
3441780 1
3452036 1
3468016 1
3473375 1
3475019 1
3482698 1
3483013 1
3490896 1
3491967 1
3493220 1
3497293 1
3503690 1
3512249 1
3513579 1
3513826 1
3520647 1
3522460 1
3526862 1
3527230 1
3546150 1
3555483 1
3559662 1
3562593 1
3564651 1
3567679 1
3569860 1
3569868 1
3572817 1
3573207 1
3574700 1
3579062 1
3583924 1
3587291 1
3587368 1
3591386 1
3607005 1
3615254 1
3617622 1
3624768 1
3624895 1
3626990 1
3630232 1
3635462 1
3644858 1
3659436 1
3662924 1
3666961 1
3667206 1
3670105 1
3671521 1
3678863 1
3689525 1
3714913 1
3762736 1
3763050 1
3764574 1
3775761 1
3780841 1
3785365 1
3788981 1
3797770 1
3801039 1
3801144 1
3805318 1
3806539 1
3819802 1
3824343 1
3827041 1
3829269 1
3831805 1
3840946 1
3846740 1
3846806 1
3846966 1
3854188 1
3854939 1
3858133 1
3866847 1
3867513 1
3868766 1
3869315 1
3872035 1
3875251 1
3888032 1
3890412 1
3895159 1
3915438 1
3917109 1
3917308 1
3921516 1
3930482 1
3942018 1
3942756 1
3944499 1
3944939 1
3946635 1
3965580 1
3971441 1
3973004 1
3988641 1
3994319 1
3996293 1
3998945 1
4005644 1
4007597 1
4013607 1
4025325 1
4025387 1
4028691 1
4036638 1
4037186 1
4048739 1
4056477 1
4062731 1
4066258 1
4067467 1
4067788 1
4071808 1
4081079 1
4093097 1
4108000 1
4130321 1
4131048 1
4138920 1
4149284 1
4168478 1
4175254 1
4179603 1
4190633 1
4191745 1
4192019 1
4192989 1
4203312 1
4205769 1
4208019 1
4208705 1
4209141 1
4211307 1
4219317 1
4219671 1
4228533 1
4229892 1
4229945 1
4254439 1
4259838 1
4275915 1
4281912 1
4285268 1
4289469 1
4297585 1
4300127 1
4303869 1
4318652 1
4318981 1
4332001 1
4340348 1
4340886 1
4341901 1
4344676 1
4346849 1
4353874 1
4355577 1
4355677 1
4356874 1
4357504 1
4363102 1
4363785 1
4372551 1
4383343 1
4385813 1
4412059 1
4422819 1
4427868 1
4432463 1
4438405 1
4443351 1
4448030 1
4460441 1
4466370 1
4473317 1
4482987 1
4485055 1
4485830 1
4486927 1
4492718 1
4504434 1
4512304 1
4518874 1
4521620 1
4525584 1
4532552 1
4533081 1
4534553 1
4535524 1
4544980 1
4549794 1
4554985 1
4555922 1
4558765 1
4566602 1
4575477 1
4590338 1
4591683 1
4614893 1
4624789 1
4629960 1
4630207 1
4632403 1
4637005 1
4637214 1
4638220 1
4649066 1
4649805 1
4659075 1
4666266 1
4668589 1
4685817 1
4690311 1
4697919 1
4701274 1
4707409 1
4711817 1
4720927 1
4724828 1
4735027 1
4736504 1
4742369 1
4749322 1
4749325 1
4751019 1
4761407 1
4764455 1
4765199 1
4767271 1
4768805 1
4769281 1
4772515 1
4783497 1
4790711 1
4791316 1
4798202 1
4798301 1
4803522 1
4806051 1
4812051 1
4812715 1
4814103 1
4815537 1
4820361 1
4827762 1
4838934 1
4842026 1
4867024 1
4880948 1
4885057 1
4885113 1
4885277 1
4893079 1
4895503 1
4905331 1
4905655 1
4912195 1
4918074 1
4918286 1
4918475 1
4923043 1
4923302 1
4931208 1
4931315 1
4936801 1
4941582 1
4942177 1
4946147 1
4946993 1
4957014 1
4958626 1
4963450 1
4986092 1
4989343 1
4998388 1
5002359 1
5006161 1
5007241 1
5010411 1
5012184 1
5015895 1
5017732 1
5020928 1
5021497 1
5026438 1
5040350 1
5046477 1
5073638 1
5080811 1
5110342 1
5118307 1
5119310 1
5137814 1
5142775 1
5151093 1
5152589 1
5163636 1
5168896 1
5170407 1
5173161 1
5173736 1
5180495 1
5191368 1
5194798 1
5197970 1
5198149 1
5198149 1
5201284 1
5203284 1
5203963 1
5207950 1
5220697 1
5232415 1
5233343 1
5234660 1
5238022 1
5242111 1
5245044 1
5263319 1
5271430 1
5273264 1
5275272 1
5280291 1
5280683 1
5289640 1
5304301 1
5309959 1
5317787 1
5319478 1
5338819 1
5344324 1
5347745 1
5348717 1
5350557 1
5350559 1
5350586 1
5351969 1
5352033 1
5353829 1
5362955 1
5385344 1
5415405 1
5418896 1
5428047 1
5429948 1
5429958 1
5441891 1
5453341 1
5459958 1
5460922 1
5465829 1
5469679 1
5473667 1
5488805 1
5522692 1
5525313 1
5533800 1
5539203 1
5549046 1
5551692 1
5567397 1
5578847 1
5584146 1
5584722 1
5585099 1
5589675 1
5591915 1
5593259 1
5598891 1
5617231 1
5628071 1
5635226 1
5636665 1
5641455 1
5643077 1
5643077 1
5665060 1
5672767 1
5680034 1
5681927 1
5683362 1
5686087 1
5700565 1
5703914 1
5709009 1
5724289 1
5740543 1
5741086 1
5746774 1
5750506 1
5768554 1
5780585 1
5781918 1
5786944 1
5789216 1
5791221 1
5795273 1
5800120 1
5805303 1
5810956 1
5822443 1
5823465 1
5824602 1
5836718 1
5862078 1
5870610 1
5882445 1
5886223 1
5889810 1
5890313 1
5890418 1
5891817 1
5903200 1
5904139 1
5905287 1
5918953 1
5934554 1
5936794 1
5938642 1
5939263 1
5952304 1
5954860 1
5956997 1
5958387 1
5964721 1
5968584 1
5970061 1
5974721 1
5985075 1
5988342 1
5989728 1
5992061 1
5998377 1
6000903 1
6015596 1
6018579 1
6021281 1
6021489 1
6026938 1
6030260 1
6040474 1
6042394 1
6044923 1
6046875 1
6047853 1
6054615 1
6076673 1
6087854 1
6088285 1
6092477 1
6100722 1
6120446 1
6126236 1
6131360 1
6140303 1
6153725 1
6155163 1
6155163 1
6157808 1
6162284 1
6162288 1
6167444 1
6178917 1
6179031 1
6183949 1
6184352 1
6187553 1
6188997 1
6193850 1
6205491 1
6207276 1
6207376 1
6229087 1
6231904 1
6239685 1
6249559 1
6256521 1
6258435 1
6273424 1
6280244 1
6285773 1
6290753 1
6302604 1
6322319 1
6322427 1
6336404 1
6342802 1
6347222 1
6355186 1
6359426 1
6361671 1
6363335 1
6369124 1
6374244 1
6378292 1
6379495 1
6385314 1
6394023 1
6396248 1
6410578 1
6421771 1
6422294 1
6423889 1
6427279 1
6433200 1
6458637 1
6484861 1
6485073 1
6495097 1
6507449 1
6507452 1
6508037 1
6508397 1
6508747 1
6508779 1
6509210 1
6509540 1
6515030 1
6516338 1
6519345 1
6519385 1
6520860 1
6521973 1
6522910 1
6528544 1
6529899 1
6530831 1
6532741 1
6534502 1
6534576 1
6538097 1
6539923 1
6543684 1
6545971 1
6550116 1
6551752 1
6551965 1
6576033 1
6577226 1
6581497 1
6582600 1
6587722 1
6591837 1
6600063 1
6602550 1
6606639 1
6616209 1
6620476 1
6623592 1
6632677 1
6653686 1
6653837 1
6654689 1
6664430 1
6664725 1
6671823 1
6686915 1
6715160 1
6718794 1
6719957 1
6720674 1
6726248 1
6727142 1
6731127 1
6731127 1
6733901 1
6740879 1
6741025 1
6742641 1
6742724 1
6746780 1
6748015 1
6749376 1
6758518 1
6761003 1
6764430 1
6764697 1
6769337 1
6777155 1
6778608 1
6783775 1
6785708 1
6785821 1
6802036 1
6802060 1
6808162 1
6820325 1
6836126 1
6837805 1
6847658 1
6852664 1
6861860 1
6862953 1
6870071 1
6871103 1
6879723 1
6879723 1
6884619 1
6886272 1
6886925 1
6887212 1
6897200 1
6898969 1
6899288 1
6903035 1
6912103 1
6914962 1
6922019 1
6923375 1
6924169 1
6928008 1
6931746 1
6932979 1
6935812 1
6935820 1
6938254 1
6940983 1
6950434 1
6951204 1
6953337 1
6965419 1
6967585 1
6970706 1
6981611 1
6981831 1
6982500 1
7012035 1
7017270 1
7022448 1
7031656 1
7040130 1
7042322 1
7043599 1
7049747 1
7055593 1
7059799 1
7063795 1
7066912 1
7066927 1
7078698 1
7082788 1
7086708 1
7087973 1
7098447 1
7104987 1
7105676 1
7106022 1
7106750 1
7107197 1
7115305 1
7123669 1
7125109 1
7125559 1
7133308 1
7140970 1
7144469 1
7148476 1
7159445 1
7165553 1
7175729 1
7180161 1
7182332 1
7189179 1
7189986 1
7197847 1
7204946 1
7207766 1
7213970 1
7223664 1
7225485 1
7226770 1
7226770 1
7231431 1
7231929 1
7236080 1
7236771 1
7245719 1
7246600 1
7247571 1
7257701 1
7258438 1
7266501 1
7267436 1
7267727 1
7274813 1
7275073 1
7275497 1
7281078 1
7286476 1
7295660 1
7299707 1
7304309 1
7305556 1
7308038 1
7320018 1
7328652 1
7328725 1
7335305 1
7336663 1
7341948 1
7342372 1
7344390 1
7344390 1
7346358 1
7350054 1
7350709 1
7352951 1
7353781 1
7367105 1
7374284 1
7375186 1
7378024 1
7392710 1
7398956 1
7407602 1
7417604 1
7422425 1
7424354 1
7427269 1
7433313 1
7437628 1
7445527 1
7452117 1
7460862 1
7468763 1
7473568 1
7482528 1
7493474 1
7506278 1
7507678 1
7508362 1
7509701 1
7512567 1
7513876 1
7514681 1
7517268 1
7524098 1
7526638 1
7537141 1
7540712 1
7542068 1
7542553 1
7547102 1
7552989 1
7556892 1
7556989 1
7565531 1
7568159 1
7569983 1
7573666 1
7580925 1
7587135 1
7588021 1
7607132 1
7619806 1
7638082 1
7639139 1
7646732 1
7676859 1
7686193 1
7696561 1
7714048 1
7716258 1
7723558 1
7750379 1
7760886 1
7774106 1
7774815 1
7776878 1
7803019 1
7810467 1
7823873 1
7845693 1
7847296 1
7848736 1
7857322 1
7868469 1
7868469 1
7879284 1
7883228 1
7893110 1
7894842 1
7897853 1
7898743 1
7902468 1
7904949 1
7908897 1
7908987 1
7915623 1
7926152 1
7931580 1
7934580 1
7935472 1
7939854 1
7941329 1
7942217 1
7942538 1
7949559 1
7961096 1
7962463 1
7964502 1
7968676 1
7971866 1
7975153 1
7981655 1
7988301 1
7993772 1
7996208 1
8010810 1
8010874 1
8011269 1
8017723 1
8022095 1
8025373 1
8028807 1
8030717 1
8032244 1
8033324 1
8040048 1
8041069 1
8043565 1
8044460 1
8049502 1
8053600 1
8054726 1
8055464 1
8058757 1
8059352 1
8078555 1
8086221 1
8086832 1
8092072 1
8092937 1
8096520 1
8097362 1
8103357 1
8120827 1
8128701 1
8136145 1
8138229 1
8149504 1
8160548 1
8182667 1
8183064 1
8183120 1
8189855 1
8210387 1
8213014 1
8223194 1
8228540 1
8232326 1
8237375 1
8242927 1
8249724 1
8264438 1
8265404 1
8267790 1
8272038 1
8285766 1
8298422 1
8299918 1
8303339 1
8303424 1
8305166 1
