1854 1
3731 1
4140 1
4327 1
18813 1
21245 1
23501 1
26517 1
26566 1
36067 1
48656 1
48886 1
49339 1
58948 1
62867 1
63464 1
67946 1
76947 1
82042 1
92348 1
95536 1
99589 1
100198 1
100279 1
103932 1
107892 1
108322 1
110853 1
111234 1
111852 1
112684 1
114471 1
114739 1
115566 1
117937 1
119567 1
125296 1
126546 1
127844 1
133553 1
136966 1
139163 1
143635 1
144430 1
145446 1
145985 1
146890 1
149953 1
150291 1
151129 1
151137 1
152549 1
153435 1
160422 1
161236 1
164436 1
166266 1
168367 1
172284 1
172737 1
173225 1
175304 1
185874 1
186590 1
187231 1
190640 1
191702 1
192950 1
196250 1
196964 1
199200 1
201487 1
202345 1
202839 1
203560 1
203863 1
205291 1
207249 1
209203 1
214167 1
214543 1
214754 1
215364 1
217027 1
217459 1
217876 1
228876 1
229482 1
230610 1
230717 1
234692 1
238773 1
244011 1
244011 1
244011 1
246186 1
248071 1
249980 1
255859 1
255881 1
259545 1
261042 1
262244 1
264247 1
266879 1
269224 1
273133 1
273952 1
275156 1
275316 1
277450 1
277450 1
281315 1
281337 1
282375 1
283488 1
283704 1
285499 1
294008 1
294008 1
318050 1
327863 1
328080 1
328448 1
344066 1
346153 1
351142 1
351695 1
353077 1
358280 1
367468 1
375441 1
382452 1
384030 1
398631 1
412240 1
421068 1
421285 1
425761 1
427900 1
428860 1
430604 1
432034 1
432931 1
434021 1
434107 1
437864 1
438766 1
439245 1
440159 1
442299 1
442657 1
448705 1
450720 1
452628 1
454104 1
456488 1
459445 1
460172 1
463467 1
464012 1
465379 1
471659 1
479013 1
480862 1
482197 1
486727 1
488085 1
497112 1
497855 1
499665 1
500422 1
504597 1
506680 1
507776 1
511235 1
515195 1
517655 1
523540 1
536101 1
536155 1
541935 1
549039 1
552025 1
557363 1
559425 1
565838 1
568713 1
570051 1
573252 1
573281 1
573468 1
573569 1
575913 1
577008 1
581575 1
586285 1
589690 1
596287 1
601201 1
604199 1
604199 1
606703 1
606855 1
623980 1
625057 1
626873 1
638493 1
652256 1
652256 1
660106 1
672093 1
678275 1
678985 1
679537 1
679549 1
679824 1
680535 1
681674 1
682445 1
684179 1
696476 1
703916 1
711188 1
719012 1
720443 1
720999 1
722066 1
723550 1
726643 1
727529 1
727743 1
727817 1
728098 1
734416 1
737866 1
743030 1
747604 1
749747 1
752187 1
752341 1
752866 1
753279 1
754940 1
761057 1
766566 1
770788 1
772027 1
774326 1
775267 1
778873 1
779005 1
781711 1
782050 1
783547 1
785640 1
795144 1
801426 1
803330 1
816935 1
818449 1
824598 1
825057 1
828180 1
828180 1
830175 1
830882 1
831862 1
832780 1
832910 1
835468 1
837443 1
840046 1
842495 1
846050 1
857005 1
860903 1
865498 1
866787 1
868705 1
869250 1
870990 1
871387 1
872743 1
877632 1
888265 1
889719 1
891172 1
893274 1
894324 1
897104 1
902535 1
906811 1
909859 1
910017 1
910764 1
911554 1
911871 1
913724 1
914584 1
915426 1
921105 1
927056 1
927300 1
929883 1
937668 1
937820 1
937950 1
938681 1
939766 1
941443 1
944879 1
952286 1
953205 1
955053 1
959082 1
972881 1
978801 1
979940 1
987268 1
993139 1
998560 1
1003441 1
1003485 1
1005303 1
1007296 1
1011305 1
1013308 1
1015439 1
1018373 1
1021640 1
1023505 1
1023934 1
1023994 1
1030846 1
1031434 1
1031876 1
1033211 1
1033938 1
1038314 1
1042072 1
1042216 1
1046707 1
1050540 1
1058020 1
1061813 1
1062544 1
1063629 1
1073373 1
1078643 1
1080114 1
1082109 1
1082971 1
1083709 1
1091941 1
1092639 1
1093439 1
1094527 1
1095793 1
1097852 1
1098083 1
1098395 1
1100192 1
1100743 1
1100743 1
1100850 1
1101734 1
1103284 1
1104707 1
1109771 1
1110238 1
1110446 1
1111017 1
1112925 1
1115864 1
1118510 1
1126983 1
1127166 1
1128430 1
1134579 1
1136753 1
1137007 1
1143110 1
1143549 1
1151010 1
1156628 1
1161104 1
1163541 1
1170354 1
1170953 1
1174757 1
1176957 1
1179657 1
1180030 1
1193625 1
1200969 1
1201018 1
1201165 1
1204136 1
1205176 1
1207928 1
1209203 1
1219538 1
1221301 1
1222679 1
1222815 1
1223614 1
1229668 1
1231087 1
1239410 1
1240118 1
1240786 1
1240831 1
1242004 1
1245607 1
1257329 1
1258734 1
1266236 1
1273670 1
1275150 1
1282610 1
1285963 1
1287467 1
1289049 1
1292793 1
1296103 1
1298802 1
1302776 1
1307588 1
1307695 1
1308114 1
1314509 1
1314600 1
1315042 1
1316535 1
1318958 1
1322015 1
1328143 1
1335432 1
1336768 1
1342588 1
1345725 1
1347764 1
1348651 1
1352288 1
1353761 1
1355925 1
1361684 1
1362406 1
1365740 1
1365782 1
1370406 1
1372317 1
1372757 1
1373225 1
1375591 1
1376509 1
1378726 1
1381756 1
1385341 1
1390567 1
1395518 1
1397273 1
1400233 1
1400600 1
1409597 1
1416436 1
1416655 1
1418186 1
1420962 1
1422271 1
1422391 1
1427387 1
1429899 1
1433974 1
1434787 1
1444760 1
1449191 1
1449752 1
1450545 1
1451671 1
1451676 1
1453089 1
1462056 1
1463311 1
1468488 1
1469224 1
1471747 1
1473498 1
1473565 1
1474461 1
1474849 1
1475982 1
1476713 1
1479023 1
1479687 1
1480624 1
1486471 1
1493076 1
1493377 1
1493515 1
1493884 1
1494306 1
1495185 1
1495228 1
1495288 1
1495439 1
1496296 1
1498531 1
1499121 1
1504955 1
1506800 1
1523819 1
1524278 1
1525244 1
1527764 1
1528686 1
1529596 1
1530300 1
1530402 1
1530633 1
1531566 1
1533146 1
1533715 1
1542381 1
1543710 1
1546881 1
1549372 1
1550972 1
1552176 1
1554226 1
1563706 1
1566641 1
1568578 1
1568584 1
1575881 1
1577422 1
1581989 1
1582071 1
1582204 1
1588835 1
1589236 1
1589379 1
1596353 1
1597331 1
1599654 1
1609046 1
1611350 1
1614242 1
1620704 1
1627375 1
1629917 1
1633425 1
1634648 1
1635938 1
1637031 1
1638073 1
1643269 1
1648052 1
1648286 1
1652662 1
1663021 1
1664658 1
1665020 1
1677286 1
1678561 1
1680153 1
1680279 1
1680635 1
1683442 1
1685093 1
1693821 1
1694495 1
1705609 1
1707692 1
1713673 1
1716405 1
1721713 1
1723150 1
1727209 1
1729184 1
1731368 1
1731597 1
1741130 1
1745283 1
1747650 1
1748938 1
1749126 1
1751387 1
1751457 1
1753625 1
1768023 1
1773040 1
1775544 1
1780641 1
1787492 1
1788254 1
1789222 1
1789354 1
1789968 1
1794128 1
1794464 1
1799459 1
1801019 1
1804302 1
1808111 1
1808837 1
1814018 1
1819989 1
1823730 1
1823838 1
1836957 1
1841231 1
1843733 1
1846080 1
1849884 1
1852909 1
1853431 1
1868919 1
1877714 1
1881392 1
1881456 1
1883470 1
1883611 1
1884015 1
1884104 1
1888172 1
1892462 1
1898834 1
1899674 1
1902509 1
1904165 1
1905869 1
1907396 1
1909033 1
1909538 1
1911474 1
1913401 1
1914101 1
1914817 1
1915231 1
1919533 1
1919769 1
1920151 1
1929837 1
1930746 1
1935128 1
1935963 1
1936981 1
1937309 1
1939277 1
1940017 1
1940267 1
1940733 1
1941472 1
1943558 1
1952864 1
1954106 1
1954945 1
1957010 1
1964793 1
1975234 1
1988986 1
1994256 1
1996201 1
1996506 1
1996681 1
2001304 1
2001565 1
2002922 1
2005690 1
2006369 1
2006803 1
2006978 1
2006990 1
2011896 1
2012823 1
2014092 1
2015513 1
2016028 1
2016759 1
2031347 1
2032120 1
2033718 1
2037035 1
2037037 1
2037622 1
2039994 1
2041881 1
2046624 1
2058310 1
2066260 1
2067550 1
2067550 1
2069371 1
2069975 1
2071929 1
2079235 1
2085157 1
2091006 1
2092128 1
2093350 1
2093935 1
2096517 1
2097240 1
2097402 1
2098682 1
2099289 1
2099563 1
2103186 1
2104803 1
2105102 1
2106294 1
2108842 1
2110990 1
2113330 1
2113654 1
2114909 1
2119284 1
2123145 1
2126456 1
2137603 1
2140450 1
2141872 1
2149249 1
2152546 1
2158384 1
2163690 1
2164327 1
2171377 1
2173726 1
2177700 1
2183882 1
2190505 1
2191784 1
2196878 1
2198806 1
2204253 1
2207012 1
2211532 1
2222092 1
2222325 1
2223506 1
2225357 1
2227744 1
2233707 1
2234917 1
2236087 1
2241562 1
2245538 1
2249174 1
2256313 1
2258546 1
2259354 1
2261055 1
2261691 1
2262315 1
2263321 1
2264430 1
2265109 1
2269935 1
2270502 1
2271844 1
2273799 1
2274273 1
2274534 1
2278742 1
2282064 1
2284665 1
2286637 1
2288635 1
2289743 1
2297907 1
2303174 1
2303256 1
2305001 1
2313649 1
2313747 1
2314244 1
2314808 1
2316313 1
2318674 1
2319508 1
2326087 1
2328584 1
2331555 1
2332236 1
2337996 1
2339494 1
2341813 1
2345682 1
2347755 1
2349661 1
2349762 1
2349784 1
2351049 1
2354820 1
2355218 1
2357269 1
2358677 1
2363176 1
2374721 1
2376187 1
2376727 1
2378434 1
2382954 1
2383143 1
2383811 1
2390495 1
2391695 1
2393445 1
2396785 1
2397185 1
2399897 1
2403980 1
2403980 1
2405985 1
2408867 1
2409316 1
2409319 1
2418500 1
2419280 1
2420394 1
2421460 1
2422934 1
2423478 1
2423835 1
2424329 1
2424918 1
2430786 1
2433508 1
2439805 1
2442035 1
2442687 1
2443080 1
2443366 1
2450167 1
2451572 1
2452302 1
2454957 1
2460619 1
2464516 1
2465334 1
2465743 1
2467862 1
2472080 1
2473733 1
2482903 1
2486371 1
2488187 1
2490282 1
2491543 1
2494118 1
2498610 1
2498728 1
2501346 1
2509893 1
2514084 1
2517582 1
2517594 1
2517887 1
2520759 1
2522775 1
2523812 1
2525447 1
2527305 1
2528626 1
2531398 1
2531998 1
2534100 1
2535648 1
2539158 1
2542159 1
2542688 1
2555746 1
2558174 1
2558732 1
2563035 1
2563951 1
2564729 1
2565563 1
2565563 1
2568067 1
2568449 1
2568786 1
2570798 1
2571185 1
2573971 1
2581626 1
2581634 1
2582083 1
2582892 1
2583386 1
2588498 1
2590019 1
2593193 1
2593430 1
2594271 1
2598068 1
2602708 1
2605627 1
2605854 1
2609532 1
2612592 1
2618379 1
2618737 1
2618928 1
2619984 1
2621605 1
2624404 1
2645433 1
2645438 1
2648545 1
2659865 1
2666460 1
2668292 1
2674730 1
2679499 1
2679576 1
2680675 1
2680800 1
2687172 1
2693654 1
2695345 1
2696949 1
2706857 1
2712197 1
2712595 1
2712595 1
2714794 1
2716087 1
2719073 1
2725162 1
2731478 1
2734051 1
2736430 1
2736922 1
2738397 1
2739525 1
2744735 1
2748458 1
2760040 1
2761106 1
2765050 1
2765412 1
2771867 1
2774085 1
2774355 1
2776439 1
2776704 1
2777989 1
2783709 1
2784001 1
2788865 1
2792862 1
2799986 1
2800044 1
2800926 1
2801244 1
2801492 1
2803117 1
2804287 1
2810895 1
2816877 1
2817574 1
2819782 1
2820836 1
2823575 1
2826045 1
2827643 1
2828117 1
2830082 1
2837393 1
2840679 1
2840847 1
2844152 1
2852713 1
2858713 1
2866786 1
2869077 1
2876244 1
2877114 1
2881462 1
2883258 1
2886650 1
2887564 1
2887982 1
2889405 1
2891080 1
2899682 1
2900745 1
2907184 1
2913891 1
2919996 1
2922177 1
2926127 1
2926830 1
2927980 1
2929575 1
2931068 1
2932563 1
2933866 1
2938482 1
2939809 1
2943425 1
2945669 1
2946936 1
2947176 1
2947179 1
2949508 1
2949532 1
2957593 1
2963981 1
2966332 1
2972618 1
2976301 1
2978064 1
2978064 1
2978512 1
2989760 1
2991376 1
2991403 1
2993378 1
2993462 1
2997733 1
2998819 1
3000673 1
3007630 1
3008486 1
3009366 1
3011250 1
3015146 1
3020982 1
3022621 1
3022919 1
3024624 1
3032821 1
3034572 1
3036349 1
3036799 1
3038876 1
3039094 1
3046121 1
3046153 1
3055159 1
3056830 1
3057484 1
3063809 1
3064906 1
3066264 1
3074412 1
3079389 1
3082998 1
3089334 1
3094802 1
3094834 1
3096389 1
3096483 1
3096685 1
3098983 1
3105197 1
3105990 1
3110852 1
3111687 1
3112228 1
3112614 1
3119418 1
3119710 1
3121809 1
3122014 1
3125981 1
3126923 1
3133660 1
3146979 1
3149710 1
3161562 1
3161876 1
3161988 1
3162004 1
3163164 1
3164714 1
3167181 1
3174177 1
3174177 1
3175835 1
3178171 1
3178260 1
3179389 1
3188014 1
3191073 1
3191801 1
3192348 1
3192353 1
3199788 1
3199934 1
3201754 1
3205849 1
3210260 1
3214025 1
3221519 1
3222460 1
3233238 1
3234303 1
3237971 1
3238205 1
3238554 1
3240734 1
3261297 1
3261717 1
3262440 1
3264035 1
3266445 1
3266973 1
3272032 1
3273126 1
3273210 1
3276216 1
3276510 1
3276651 1
3279096 1
3281696 1
3284903 1
3285844 1
3287943 1
3292353 1
3292353 1
3294833 1
3298732 1
3298732 1
3311001 1
3319422 1
3320032 1
3320299 1
3323024 1
3323747 1
3324623 1
3327865 1
3330159 1
3331693 1
3336093 1
3344865 1
3345057 1
3345876 1
3346196 1
3347746 1
3354469 1
3361097 1
3364323 1
3366391 1
3367026 1
3368250 1
3368517 1
3374015 1
3375292 1
3380446 1
3384743 1
3387100 1
3392428 1
3405792 1
3407283 1
3407696 1
3411521 1
3425395 1
3430229 1
3432580 1
3432628 1
3433798 1
3436035 1
3436327 1
3436639 1
3437984 1
3438326 1
3442701 1
3443939 1
3445256 1
3448231 1
3453015 1
3454369 1
3457289 1
3461141 1
3468637 1
3485654 1
3487093 1
3491802 1
3492828 1
3493505 1
3494520 1
3496722 1
3499938 1
3504739 1
3505299 1
3509542 1
3513244 1
3516300 1
3516320 1
3516453 1
3516465 1
3517405 1
3517596 1
3517810 1
3518717 1
3518899 1
3519061 1
3522659 1
3523019 1
3523993 1
3526068 1
3526894 1
3534145 1
3536395 1
3542558 1
3544992 1
3547649 1
3548350 1
3567286 1
3578710 1
3581374 1
3581473 1
3595408 1
3599401 1
3603171 1
3604484 1
3606309 1
3613557 1
3614698 1
3620802 1
3625959 1
3637091 1
3641213 1
3649239 1
3652441 1
3654944 1
3656227 1
3656286 1
3657371 1
3665321 1
3665519 1
3665879 1
3671634 1
3675367 1
3676784 1
3683889 1
3686896 1
3688055 1
3692426 1
3697888 1
3699279 1
3699607 1
3700071 1
3700232 1
3701674 1
3704152 1
3705705 1
3711986 1
3716234 1
3717692 1
3718654 1
3721336 1
3723131 1
3723681 1
3724631 1
3726915 1
3729526 1
3731269 1
3731715 1
3732820 1
3736257 1
3739283 1
3740094 1
3741787 1
3742352 1
3743113 1
3744722 1
3745389 1
3746991 1
3750130 1
3752081 1
3758021 1
3758174 1
3760769 1
3767298 1
3771555 1
3773418 1
3774901 1
3775855 1
3778374 1
3779730 1
3782065 1
3782338 1
3787069 1
3788686 1
3789875 1
3792198 1
3797548 1
3797666 1
3797938 1
3798157 1
3799668 1
3801949 1
3802617 1
3812919 1
3813895 1
3814511 1
3820036 1
3825759 1
3833313 1
3834418 1
3836687 1
3837556 1
3851982 1
3854619 1
3856650 1
3861988 1
3863092 1
3864038 1
3866604 1
3866762 1
3868126 1
3869727 1
3869885 1
3870322 1
3870345 1
3873121 1
3874331 1
3876795 1
3877546 1
3878674 1
3887470 1
3891225 1
3895421 1
3898369 1
3911426 1
3912443 1
3916772 1
3916857 1
3925010 1
3929470 1
3936623 1
3937713 1
3940145 1
3942377 1
3946355 1
3948789 1
3954030 1
3964188 1
3973126 1
3973857 1
3974950 1
3975262 1
3976760 1
3978667 1
3979267 1
3983249 1
3984268 1
3990447 1
3991674 1
3994285 1
3994831 1
4004452 1
4008259 1
4012418 1
4013314 1
4015587 1
4015590 1
4016273 1
4016731 1
4017063 1
4018030 1
4019144 1
4020529 1
4021748 1
4023140 1
4023977 1
4024348 1
4024519 1
4025829 1
4026231 1
4027178 1
4027504 1
4028753 1
4028982 1
4029672 1
4029896 1
4029913 1
4033656 1
4037415 1
4039345 1
4039347 1
4040748 1
4041648 1
4047649 1
4050111 1
4051995 1
4055564 1
4065371 1
4071092 1
4072292 1
4073878 1
4075000 1
4075548 1
4084220 1
4086425 1
4087812 1
4092097 1
4093814 1
4093880 1
4102821 1
4114577 1
4115092 1
4116126 1
4117311 1
4117866 1
4120357 1
4121069 1
4129314 1
4131295 1
4137612 1
4138359 1
4142031 1
4160807 1
4162624 1
4164341 1
4166501 1
4166801 1
4168617 1
4169801 1
4172063 1
4177308 1
4177784 1
4190956 1
4194512 1
4195424 1
4195489 1
4196722 1
4197359 1
4199352 1
4199769 1
4200190 1
4201341 1
4202618 1
4202890 1
4205564 1
4206205 1
4206272 1
4206699 1
4210384 1
4211542 1
4214825 1
4216155 1
4217593 1
4219464 1
4219885 1
4221258 1
4223792 1
4230806 1
4235686 1
4241819 1
4249503 1
4250984 1
4251883 1
4253275 1
4254670 1
4270023 1
4270915 1
4277069 1
4277639 1
4278526 1
4285254 1
4286869 1
4298358 1
4298505 1
4301987 1
4309356 1
4311730 1
4316171 1
4320454 1
4333570 1
4335104 1
4336058 1
4336268 1
4341884 1
4342029 1
4345438 1
4348014 1
4348933 1
4349937 1
4351311 1
4368624 1
4369154 1
4371363 1
4375264 1
4377599 1
4378340 1
4378340 1
4379707 1
4384917 1
4385144 1
4391075 1
4396291 1
4396882 1
4402706 1
4403373 1
4410632 1
4417176 1
4418123 1
4418544 1
4422081 1
4429671 1
4429671 1
4432594 1
4434769 1
4437251 1
4442834 1
4442906 1
4445053 1
4463193 1
4464748 1
4465371 1
4468962 1
4474287 1
4474811 1
4481464 1
4482507 1
4483797 1
4485848 1
4486403 1
4488303 1
4495076 1
4496409 1
4497915 1
4506280 1
4508695 1
4518926 1
4519074 1
4520661 1
4533371 1
4533371 1
4535797 1
4537984 1
4546360 1
4547471 1
4549150 1
4552669 1
4553320 1
4556261 1
4560461 1
4562168 1
4562537 1
4564481 1
4567250 1
4573204 1
4578963 1
4579176 1
4579420 1
4586379 1
4587311 1
4591373 1
4595289 1
4595450 1
4596586 1
4598262 1
4602901 1
4607328 1
4607435 1
4618549 1
4618549 1
4620514 1
4630938 1
4637592 1
4640158 1
4651626 1
4652974 1
4654445 1
4657410 1
4659568 1
4660301 1
4668504 1
4670822 1
4671959 1
4672682 1
4676942 1
4678010 1
4680005 1
4680333 1
4680464 1
4682629 1
4683707 1
4686353 1
4690008 1
4691479 1
4692868 1
4702277 1
4703313 1
4704927 1
4706134 1
4706693 1
4723334 1
4728787 1
4728899 1
4729994 1
4733139 1
4735350 1
4735672 1
4736981 1
4736993 1
4738171 1
4738625 1
4739097 1
4742938 1
4747410 1
4747529 1
4760449 1
4763039 1
4763248 1
4770144 1
4771675 1
4771885 1
4773605 1
4773739 1
4780220 1
4784303 1
4787228 1
4788568 1
4790741 1
4791841 1
4796196 1
4798243 1
4798442 1
4800576 1
4800922 1
4802930 1
4804188 1
4804464 1
4805257 1
4806068 1
4806977 1
4807458 1
4807783 1
4808077 1
4809329 1
4813857 1
4815443 1
4815829 1
4816136 1
4818366 1
4818869 1
4820141 1
4823929 1
4825871 1
4826562 1
4831850 1
4832402 1
4832991 1
4833336 1
4833722 1
4834743 1
4835560 1
4837012 1
4839063 1
4842864 1
4843926 1
4865052 1
4865385 1
4870092 1
4874492 1
4879079 1
4879128 1
4881141 1
4881502 1
4881772 1
4884914 1
4890196 1
4895586 1
4895749 1
4896667 1
4898075 1
4900400 1
4900712 1
4900829 1
4914777 1
4928993 1
4929964 1
4932019 1
4935455 1
4946235 1
4950992 1
4957717 1
4958063 1
4958927 1
4960733 1
4961218 1
4962755 1
4962952 1
4963560 1
4963673 1
4965189 1
4965581 1
4969216 1
4974501 1
4975655 1
4980321 1
4983286 1
4983496 1
4986406 1
4986716 1
4989703 1
4990240 1
4991153 1
4994575 1
4997694 1
4998473 1
5003289 1
5004496 1
5007639 1
5017694 1
5023087 1
5026281 1
5027108 1
5030056 1
5030828 1
5039554 1
5042452 1
5047880 1
5054595 1
5062457 1
5068820 1
5070596 1
5070596 1
5075810 1
5082270 1
5090215 1
5094001 1
5102300 1
5109046 1
5110704 1
5110704 1
5112395 1
5113587 1
5113872 1
5114581 1
5114818 1
5115954 1
5119447 1
5125359 1
5138176 1
5138335 1
5146278 1
5162156 1
5169526 1
5169792 1
5183208 1
5185103 1
5187654 1
5191280 1
5194477 1
5196399 1
5204072 1
5204307 1
5208834 1
5210304 1
5210392 1
5210498 1
5210754 1
5211231 1
5211923 1
5212108 1
5238655 1
5239337 1
5240613 1
5241547 1
5242217 1
5242232 1
5258409 1
5258438 1
5259407 1
5263977 1
5265495 1
5268727 1
5277423 1
5277567 1
5280852 1
5283690 1
5286563 1
5289040 1
5289704 1
5296843 1
5297958 1
5298452 1
5300225 1
5316873 1
5328476 1
5330128 1
5330936 1
5331117 1
5331201 1
5337500 1
5346093 1
5346996 1
5347073 1
5350729 1
5353432 1
5354806 1
5358410 1
5360813 1
5364171 1
5367291 1
5373659 1
5374554 1
5376801 1
5376971 1
5382488 1
5382488 1
5398711 1
5405121 1
5414167 1
5417729 1
5418834 1
5421912 1
5423467 1
5423684 1
5427099 1
5430376 1
5437697 1
5438584 1
5442559 1
5449897 1
5450065 1
5453680 1
5458591 1
5463119 1
5468801 1
5468801 1
5470354 1
5474727 1
5478078 1
5479967 1
5483624 1
5483875 1
5486114 1
5486774 1
5489848 1
5493849 1
5495100 1
5508098 1
5517031 1
5520062 1
5526344 1
5528046 1
5529201 1
5531024 1
5531131 1
5535031 1
5535252 1
5536730 1
5539270 1
5548642 1
5549940 1
5550586 1
5551347 1
5554835 1
5556402 1
5561041 1
5569558 1
5572666 1
5575358 1
5575777 1
5576399 1
5586088 1
5586949 1
5587377 1
5590664 1
5591466 1
5597632 1
5607000 1
5607000 1
5607104 1
5607848 1
5609349 1
5610072 1
5612090 1
5612214 1
5618073 1
5620103 1
5620117 1
5628579 1
5628622 1
5630676 1
5636115 1
5639273 1
5639476 1
5640653 1
5641959 1
5643372 1
5643739 1
5643899 1
5652385 1
5657889 1
5659620 1
5659870 1
5660680 1
5661180 1
5662036 1
5662140 1
5662948 1
5663911 1
5665106 1
5672735 1
5677352 1
5681208 1
5681419 1
5682854 1
5682909 1
5683344 1
5683723 1
5684187 1
5684946 1
5690104 1
5692314 1
5694033 1
5694399 1
5695501 1
5698342 1
5701086 1
5702713 1
5710429 1
5710610 1
5711007 1
5716168 1
5724489 1
5737558 1
5750390 1
5757297 1
5758221 1
5761944 1
5765435 1
5772722 1
5783326 1
5786235 1
5795233 1
5800160 1
5805257 1
5805648 1
5806580 1
5808541 1
5815004 1
5815621 1
5819469 1
5819480 1
5819654 1
5820626 1
5821068 1
5821679 1
5822094 1
5823527 1
5826867 1
5828757 1
5840921 1
5850853 1
5852128 1
5854992 1
5863174 1
5864636 1
5869246 1
5891619 1
5894183 1
5894309 1
5894309 1
5894889 1
5897916 1
5906157 1
5906157 1
5907600 1
5910115 1
5910694 1
5915945 1
5916441 1
5918394 1
5920939 1
5921355 1
5921526 1
5922414 1
5923532 1
5924055 1
5925813 1
5932874 1
5933773 1
5948567 1
5952095 1
5955384 1
5955491 1
5958137 1
5966027 1
5969122 1
5969787 1
5969912 1
5970163 1
5973003 1
5977476 1
5978857 1
5979444 1
5984463 1
5984476 1
5989520 1
5994883 1
5996365 1
5998284 1
5998668 1
6003964 1
6004759 1
6005727 1
6006504 1
6015520 1
6023715 1
6026485 1
6027481 1
6031997 1
6033557 1
6034334 1
6034857 1
6039505 1
6041752 1
6044279 1
6045230 1
6045858 1
6045864 1
6050743 1
6055721 1
6061790 1
6064080 1
6065974 1
6070450 1
6070772 1
6071535 1
6074572 1
6077936 1
6085042 1
6097556 1
6100070 1
6101132 1
6118810 1
6119795 1
6120222 1
6120707 1
6121279 1
6123141 1
6127265 1
6130637 1
6133906 1
6133909 1
6143404 1
6148204 1
6151394 1
6151686 1
6151739 1
6153251 1
6163455 1
6163788 1
6167162 1
6182943 1
6185123 1
6187844 1
6191979 1
6192636 1
6199873 1
6201907 1
6226557 1
6228671 1
6230495 1
6232969 1
6234119 1
6240448 1
6244081 1
6253514 1
6254640 1
6257051 1
6259988 1
6260177 1
6261745 1
6264043 1
6264263 1
6264651 1
6265094 1
6271548 1
6272702 1
6273941 1
6274406 1
6276984 1
6277152 1
6277432 1
6279891 1
6280349 1
6282915 1
6286075 1
6286076 1
6294835 1
6295718 1
6297398 1
6300019 1
6303044 1
6309483 1
6311430 1
6317849 1
6323833 1
6324486 1
6328723 1
6332961 1
6333550 1
6336560 1
6338502 1
6339395 1
6339753 1
6340852 1
6345641 1
6347500 1
6348725 1
6355174 1
6355948 1
6357531 1
6371034 1
6376808 1
6378972 1
6380319 1
6389055 1
6394159 1
6394798 1
6395554 1
6400387 1
6404386 1
6404523 1
6406657 1
6407410 1
6408216 1
6412092 1
6413701 1
6415610 1
6419432 1
6422271 1
6422431 1
6423771 1
6429762 1
6430569 1
6430924 1
6433841 1
6434586 1
6440506 1
6447216 1
6453226 1
6454496 1
6455496 1
6466800 1
6469735 1
6474288 1
6492268 1
6493089 1
6505370 1
6506586 1
6515127 1
6524797 1
6537678 1
6539313 1
6539652 1
6540028 1
6543590 1
6544083 1
6544365 1
6550843 1
6551301 1
6551900 1
6554661 1
6557257 1
6559692 1
6568525 1
6569142 1
6569679 1
6572055 1
6574453 1
6575228 1
6576758 1
6577170 1
6580331 1
6582398 1
6583016 1
6583254 1
6588343 1
6591835 1
6600304 1
6605960 1
6605960 1
6609139 1
6611337 1
6612832 1
6613011 1
6620143 1
6620635 1
6625260 1
6626140 1
6626181 1
6626813 1
6627619 1
6627689 1
6629821 1
6630629 1
6633100 1
6638541 1
6638969 1
6640466 1
6645036 1
6646319 1
6647777 1
6652770 1
6653380 1
6653737 1
6656435 1
6661186 1
6666692 1
6667261 1
6668744 1
6683309 1
6687552 1
6693849 1
6694443 1
6696997 1
6697236 1
6697407 1
6697964 1
6700210 1
6712864 1
6717410 1
6721242 1
6721490 1
6724070 1
6727436 1
6728307 1
6731700 1
6738984 1
6748467 1
6750982 1
6756518 1
6758167 1
6760762 1
6761348 1
6765472 1
6769465 1
6769528 1
6769744 1
6770452 1
6773500 1
6775905 1
6776173 1
6779359 1
6783329 1
6787187 1
6790412 1
6791117 1
6792824 1
6796989 1
6797524 1
6798493 1
6804611 1
6806398 1
6817495 1
6826405 1
6829326 1
6832058 1
6837798 1
6838068 1
6843274 1
6848647 1
6850246 1
6851593 1
6855804 1
6856401 1
6856965 1
6858813 1
6860002 1
6860997 1
6866586 1
6868771 1
6873566 1
6876521 1
6878194 1
6879634 1
6885559 1
6890290 1
6894102 1
6894172 1
6896541 1
6897194 1
6897425 1
6900910 1
6909116 1
6916541 1
6918316 1
6925195 1
6925499 1
6930799 1
6930834 1
6931316 1
6931634 1
6934355 1
6934439 1
6934600 1
6938024 1
6938249 1
6938276 1
6938426 1
6944216 1
6950099 1
6953940 1
6953968 1
6960340 1
6969005 1
6975033 1
6976601 1
6982649 1
6985693 1
6987932 1
6988052 1
6995975 1
6996684 1
6998189 1
7010412 1
7010960 1
7011579 1
7013768 1
7014068 1
7023412 1
7025709 1
7026911 1
7027438 1
7029680 1
7031409 1
7032485 1
7035177 1
7036904 1
7043439 1
7044430 1
7044466 1
7048930 1
7057845 1
7061337 1
7068128 1
7068975 1
7073556 1
7079754 1
7085435 1
7087399 1
7087609 1
7100229 1
7102718 1
7104257 1
7108175 1
7111516 1
7112749 1
7113504 1
7115984 1
7117448 1
7118274 1
7119477 1
7123493 1
7123538 1
7129086 1
7129275 1
7133584 1
7133622 1
7135556 1
7137182 1
7138298 1
7140083 1
7140583 1
7141142 1
7146734 1
7151688 1
7155475 1
7156811 1
7157313 1
7168374 1
7168599 1
7174329 1
7175051 1
7175730 1
7176639 1
7182235 1
7182635 1
7183894 1
7189059 1
7189815 1
7189958 1
7193777 1
7193955 1
7193963 1
7194249 1
7196956 1
7210010 1
7212179 1
7214860 1
7218674 1
7229119 1
7229845 1
7231403 1
7233663 1
7233821 1
7236731 1
7237967 1
7247565 1
7247569 1
7252451 1
7258668 1
7264747 1
7268908 1
7272676 1
7279197 1
7284489 1
7290710 1
7292861 1
7306754 1
7307411 1
7310906 1
7314987 1
7323017 1
7323856 1
7324345 1
7326236 1
7326655 1
7329416 1
7332330 1
7336901 1
7337051 1
7341173 1
7341706 1
7343832 1
7344635 1
7344912 1
7345550 1
7347202 1
7349133 1
7355142 1
7356850 1
7365124 1
7366612 1
7370654 1
7373253 1
7374491 1
7377711 1
7380704 1
7382073 1
7386428 1
7388230 1
7393749 1
7394347 1
7394567 1
7399488 1
7404945 1
7411112 1
7411358 1
7412360 1
7414639 1
7415836 1
7418666 1
7419707 1
7420868 1
7421217 1
7425363 1
7426157 1
7428955 1
7438285 1
7438780 1
7440534 1
7442793 1
7446761 1
7447971 1
7456164 1
7456860 1
7460492 1
7467149 1
7474032 1
7478236 1
7486023 1
7493475 1
7494488 1
7506227 1
7514296 1
7524310 1
7524743 1
7526480 1
7532860 1
7534096 1
7536485 1
7536794 1
7538237 1
7538463 1
7540384 1
7540392 1
7542443 1
7542703 1
7548406 1
7548406 1
7548462 1
7551861 1
7552322 1
7552401 1
7556447 1
7563849 1
7564232 1
7565832 1
7567619 1
7578304 1
7580724 1
7584882 1
7585237 1
7591708 1
7591834 1
7594253 1
7596740 1
7604756 1
7609248 1
7610637 1
7612591 1
7613526 1
7615033 1
7625837 1
7629991 1
7631563 1
7635103 1
7635124 1
7636315 1
7636559 1
7641709 1
7646777 1
7648664 1
7651063 1
7656291 1
7656338 1
7656899 1
7659629 1
7661119 1
7670613 1
7671585 1
7676064 1
7681940 1
7683445 1
7684891 1
7685192 1
7685824 1
7691121 1
7695049 1
7698874 1
7700473 1
7706614 1
7708104 1
7708329 1
7708652 1
7709583 1
7710466 1
7710559 1
7712084 1
7712561 1
7715826 1
7716426 1
7723407 1
7730128 1
7735368 1
7735910 1
7745875 1
7752418 1
7757063 1
7762560 1
7763371 1
7765483 1
7772457 1
7776090 1
7778147 1
7783104 1
7784078 1
7785190 1
7792161 1
7793741 1
7803029 1
7803692 1
7810045 1
7811083 1
7812869 1
7817927 1
7818550 1
7827966 1
7828745 1
7829549 1
7831929 1
7833770 1
7837223 1
7847238 1
7854252 1
7854483 1
7854483 1
7856193 1
7856253 1
7859644 1
7861335 1
7863719 1
7864467 1
7867849 1
7869575 1
7869638 1
7870771 1
7874505 1
7875684 1
7877984 1
7879425 1
7881568 1
7889098 1
7889325 1
7890183 1
7890590 1
7894955 1
7899484 1
7900491 1
7904951 1
7907140 1
7910944 1
7913581 1
7915218 1
7919976 1
7921137 1
7925761 1
7928387 1
7929317 1
7934880 1
7942640 1
7942640 1
7948448 1
7953957 1
7968378 1
7971467 1
7975689 1
7978336 1
7983491 1
7984645 1
7984853 1
7993116 1
7995292 1
7997923 1
7998585 1
8001182 1
8003658 1
8005408 1
8005724 1
8008635 1
8011861 1
8013692 1
8014884 1
8016794 1
8021295 1
8021992 1
8023469 1
8026073 1
8030181 1
8032928 1
8037670 1
8041711 1
8047264 1
8053050 1
8053081 1
8053350 1
8056276 1
8056503 1
8060488 1
8064865 1
8066432 1
8072685 1
8076103 1
8078714 1
8080367 1
8082039 1
8083012 1
8087547 1
8088891 1
8089031 1
8093177 1
8097700 1
8098238 1
8100119 1
8101832 1
8104888 1
8106185 1
8106312 1
8107208 1
8113784 1
8114169 1
8115166 1
8119620 1
8121340 1
8128735 1
8131125 1
8131685 1
8132751 1
8135319 1
8138249 1
8138763 1
8140538 1
8142760 1
8143814 1
8150601 1
8151216 1
8153157 1
8157527 1
8165796 1
8167430 1
8173604 1
8177624 1
8179855 1
8185301 1
8187972 1
8189924 1
8190982 1
8194179 1
8197894 1
8201981 1
8208832 1
8211781 1
8222406 1
8223080 1
8229067 1
8235783 1
8237987 1
8246836 1
8250456 1
8253680 1
8255158 1
8258311 1
8259200 1
8263429 1
8270922 1
8272247 1
8278363 1
8288092 1
8288687 1
8288856 1
8289726 1
8294085 1
8294626 1
8299723 1
8300500 1
8300798 1
8310467 1
1920 1
2698 1
2726 1
5266 1
8151 1
11476 1
26251 1
26833 1
29015 1
29221 1
29577 1
32647 1
43853 1
44339 1
44436 1
48810 1
49280 1
53016 1
54372 1
56535 1
59439 1
81819 1
99850 1
100227 1
101983 1
104906 1
110791 1
111807 1
112070 1
112100 1
115827 1
118449 1
119856 1
119902 1
120243 1
120397 1
121628 1
122224 1
124524 1
125088 1
129933 1
131128 1
131442 1
132156 1
133834 1
134074 1
134232 1
135644 1
137257 1
142696 1
150077 1
151209 1
152482 1
153549 1
154258 1
154651 1
155527 1
159737 1
159919 1
160179 1
161109 1
162326 1
162541 1
162602 1
162708 1
164006 1
165691 1
167094 1
167271 1
168246 1
169697 1
170382 1
172202 1
172862 1
175727 1
175727 1
179748 1
181884 1
183659 1
183936 1
186787 1
186795 1
188288 1
197014 1
199864 1
200412 1
201233 1
201937 1
202095 1
207827 1
208408 1
209957 1
211352 1
212409 1
213799 1
215355 1
215556 1
217411 1
218086 1
218086 1
218105 1
221315 1
221580 1
221604 1
221913 1
225205 1
226466 1
227237 1
230910 1
238335 1
253570 1
256153 1
256901 1
258745 1
267136 1
278028 1
282740 1
285523 1
290373 1
291901 1
292971 1
296604 1
297742 1
301631 1
308642 1
309336 1
309929 1
310124 1
311847 1
315868 1
318016 1
318653 1
340403 1
343184 1
347883 1
353560 1
357794 1
359062 1
367821 1
369793 1
382878 1
384252 1
397297 1
404293 1
407788 1
412583 1
430451 1
434003 1
441139 1
442099 1
449199 1
449772 1
453381 1
456809 1
459342 1
462598 1
463804 1
464132 1
467887 1
470245 1
473793 1
482054 1
494456 1
497903 1
500193 1
513918 1
515979 1
522896 1
534279 1
537786 1
539369 1
554123 1
554130 1
554258 1
555823 1
556509 1
556752 1
559490 1
560750 1
564008 1
566097 1
568882 1
574972 1
575520 1
575802 1
578151 1
579708 1
581402 1
583968 1
590520 1
590625 1
591675 1
599553 1
601254 1
605457 1
607092 1
607092 1
610840 1
614632 1
614938 1
621642 1
637577 1
638310 1
640426 1
640463 1
645564 1
651431 1
653922 1
656185 1
658198 1
659932 1
660130 1
661176 1
668898 1
671087 1
671372 1
674331 1
679316 1
680126 1
681350 1
682156 1
682786 1
683139 1
685573 1
693346 1
699429 1
703749 1
709308 1
718330 1
724469 1
728947 1
730730 1
737010 1
745044 1
747271 1
752909 1
756812 1
764765 1
766905 1
771817 1
773992 1
778446 1
779598 1
780409 1
792575 1
793439 1
794433 1
794887 1
795029 1
804170 1
805554 1
810578 1
819056 1
819705 1
820952 1
825861 1
841107 1
841107 1
844280 1
844954 1
845910 1
848294 1
850583 1
850752 1
856831 1
857086 1
857183 1
861275 1
864893 1
865176 1
869781 1
869788 1
870125 1
872366 1
873258 1
878750 1
879031 1
892702 1
904181 1
909824 1
910317 1
910956 1
918260 1
920941 1
922604 1
926690 1
928417 1
929923 1
938819 1
940561 1
942020 1
943500 1
950633 1
953751 1
956508 1
957564 1
960783 1
968113 1
971329 1
972220 1
976487 1
980969 1
981040 1
985827 1
986092 1
986198 1
987949 1
993274 1
994124 1
997693 1
997990 1
998624 1
1007310 1
1009997 1
1021841 1
1022014 1
1023066 1
1029269 1
1030580 1
1044002 1
1044015 1
1046338 1
1051502 1
1052729 1
1054827 1
1055257 1
1056771 1
1063422 1
1063838 1
1066354 1
1068223 1
1070820 1
1071805 1
1071898 1
1072535 1
1078805 1
1079852 1
1080754 1
1080895 1
1082386 1
1088291 1
1093243 1
1095726 1
1096334 1
1096707 1
1098822 1
1099471 1
1105296 1
1105592 1
1107816 1
1115191 1
1117694 1
1120261 1
1126655 1
1127289 1
1131347 1
1134906 1
1141769 1
1142933 1
1144867 1
1147547 1
1156296 1
1159632 1
1167976 1
1173906 1
1174042 1
1179066 1
1184268 1
1184403 1
1187001 1
1188159 1
1189383 1
1190108 1
1199074 1
1200235 1
1201794 1
1209724 1
1210046 1
1211856 1
1214107 1
1216786 1
1216977 1
1220250 1
1240655 1
1241892 1
1242277 1
1242396 1
1244432 1
1247854 1
1248326 1
1248523 1
1249122 1
1249145 1
1257868 1
1258367 1
1261381 1
1262133 1
1264221 1
1267959 1
1272061 1
1274667 1
1275328 1
1276092 1
1279091 1
1279413 1
1279995 1
1280063 1
1281986 1
1284322 1
1289328 1
1290872 1
1295114 1
1296634 1
1300166 1
1303070 1
1306771 1
1314221 1
1317830 1
1320578 1
1323610 1
1326032 1
1327079 1
1329863 1
1329865 1
1334250 1
1337243 1
1340098 1
1344349 1
1347787 1
1348447 1
1351272 1
1354755 1
1355526 1
1355831 1
1359058 1
1367699 1
1368037 1
1370357 1
1371270 1
1371538 1
1372038 1
1376261 1
1376398 1
1378428 1
1379269 1
1379331 1
1381205 1
1386379 1
1389098 1
1390845 1
1393230 1
1393796 1
1395148 1
1395158 1
1396970 1
1397520 1
1397712 1
1398408 1
1399456 1
1399676 1
1400033 1
1400192 1
1400300 1
1404074 1
1407621 1
1414392 1
1417513 1
1420998 1
1423281 1
1425627 1
1426924 1
1427407 1
1428359 1
1432703 1
1434689 1
1441719 1
1443109 1
1443109 1
1446579 1
1446754 1
1459778 1
1459922 1
1460126 1
1463356 1
1463362 1
1463649 1
1468842 1
1470460 1
1472676 1
1473420 1
1474613 1
1475108 1
1480411 1
1480986 1
1481073 1
1484652 1
1484911 1
1484925 1
1485531 1
1486553 1
1490870 1
1494193 1
1494489 1
1495476 1
1495586 1
1495757 1
1496073 1
1497840 1
1497846 1
1506682 1
1512960 1
1523380 1
1528019 1
1537641 1
1542115 1
1545357 1
1546080 1
1549752 1
1549875 1
1550056 1
1553406 1
1553705 1
1559873 1
1564087 1
1564703 1
1570237 1
1570562 1
1570991 1
1570991 1
1575595 1
1575599 1
1575677 1
1576968 1
1576973 1
1577315 1
1578033 1
1582226 1
1583288 1
1586414 1
1591577 1
1593415 1
1603856 1
1604875 1
1606052 1
1608764 1
1610625 1
1610950 1
1613195 1
1615019 1
1619087 1
1619622 1
1619900 1
1621117 1
1621204 1
1622352 1
1624380 1
1627945 1
1628195 1
1631889 1
1633558 1
1636344 1
1641816 1
1646009 1
1646038 1
1648214 1
1659117 1
1659963 1
1661079 1
1662259 1
1663417 1
1666935 1
1668023 1
1670174 1
1670335 1
1683210 1
1686357 1
1689664 1
1694121 1
1695565 1
1697352 1
1706105 1
1717535 1
1721434 1
1721648 1
1727647 1
1729682 1
1730231 1
1730233 1
1730799 1
1734625 1
1741175 1
1741367 1
1742509 1
1743143 1
1743163 1
1744628 1
1744877 1
1746816 1
1748859 1
1750348 1
1760348 1
1766341 1
1769087 1
1771218 1
1771539 1
1774397 1
1774683 1
1775567 1
1776662 1
1776723 1
1784710 1
1785667 1
1787482 1
1788973 1
1789235 1
1790027 1
1791497 1
1792939 1
1793856 1
1795584 1
1800835 1
1801580 1
1806259 1
1807522 1
1807989 1
1808082 1
1808711 1
1809934 1
1810175 1
1812239 1
1815276 1
1817834 1
1818099 1
1821658 1
1824018 1
1826668 1
1830621 1
1832260 1
1832613 1
1834337 1
1834601 1
1837002 1
1853884 1
1854846 1
1855555 1
1855818 1
1855867 1
1861461 1
1863889 1
1866045 1
1866643 1
1876073 1
1876784 1
1880330 1
1881578 1
1885120 1
1891890 1
1894426 1
1901515 1
1906668 1
1906976 1
1907933 1
1910192 1
1914677 1
1915441 1
1918494 1
1919729 1
1920075 1
1920955 1
1926235 1
1927544 1
1929531 1
1933383 1
1936892 1
1938526 1
1939802 1
1941314 1
1942718 1
1943894 1
1947807 1
1948932 1
1949227 1
1950864 1
1951623 1
1951766 1
1952088 1
1958759 1
1965445 1
1967483 1
1970978 1
1978359 1
1979012 1
1979062 1
1979106 1
1979313 1
1994881 1
1998613 1
2000023 1
2002289 1
2003829 1
2013935 1
2015764 1
2015778 1
2022536 1
2024307 1
2029610 1
2032378 1
2037087 1
2039498 1
2052808 1
2055842 1
2072255 1
2080526 1
2081495 1
2082612 1
2085773 1
2092244 1
2097071 1
2097590 1
2098942 1
2099722 1
2099724 1
2107375 1
2107938 1
2113456 1
2125247 1
2138306 1
2144098 1
2150882 1
2170895 1
2170937 1
2175228 1
2178539 1
2189190 1
2189744 1
2192752 1
2194365 1
2201555 1
2202124 1
2203484 1
2205096 1
2209648 1
2210178 1
2211165 1
2219559 1
2220186 1
2223441 1
2224574 1
2227144 1
2227900 1
2233764 1
2234075 1
2234286 1
2236263 1
2241682 1
2246215 1
2246620 1
2247083 1
2248697 1
2250419 1
2256560 1
2261141 1
2262743 1
2268925 1
2270278 1
2271856 1
2275648 1
2275877 1
2277851 1
2278277 1
2279270 1
2279484 1
2284155 1
2284765 1
2292382 1
2295381 1
2296567 1
2300909 1
2301645 1
2302728 1
2303368 1
2304294 1
2305357 1
2306435 1
2306826 1
2309419 1
2311595 1
2319597 1
2319624 1
2319690 1
2326686 1
2326947 1
2327527 1
2327542 1
2329302 1
2331078 1
2335196 1
2337548 1
2340295 1
2340549 1
2345735 1
2347127 1
2352840 1
2355860 1
2360435 1
2360435 1
2360440 1
2368877 1
2370660 1
2373391 1
2377015 1
2399975 1
2406998 1
2409505 1
2411650 1
2415537 1
2417776 1
2418713 1
2420595 1
2420597 1
2420644 1
2421603 1
2423238 1
2424467 1
2424830 1
2430754 1
2430834 1
2431746 1
2432893 1
2433941 1
2437605 1
2438135 1
2438721 1
2440467 1
2442964 1
2443474 1
2444782 1
2446065 1
2450662 1
2450662 1
2454931 1
2456909 1
2460034 1
2462153 1
2464219 1
2469705 1
2472869 1
2476807 1
2477100 1
2480801 1
2481607 1
2482074 1
2484783 1
2484793 1
2486045 1
2486411 1
2492917 1
2496743 1
2497055 1
2498583 1
2504511 1
2516048 1
2517699 1
2523456 1
2532145 1
2532375 1
2532598 1
2534490 1
2538972 1
2542624 1
2544019 1
2550316 1
2557008 1
2560966 1
2561916 1
2562422 1
2564066 1
2565992 1
2566209 1
2567520 1
2570896 1
2576634 1
2577274 1
2587378 1
2590160 1
2590570 1
2592405 1
2603199 1
2605789 1
2608495 1
2608902 1
2613056 1
2621557 1
2625920 1
2632802 1
2634666 1
2634971 1
2636218 1
2636706 1
2645335 1
2649086 1
2650517 1
2651419 1
2654849 1
2664812 1
2665453 1
2667299 1
2668925 1
2669585 1
2669803 1
2672137 1
2673021 1
2673313 1
2674229 1
2678052 1
2678740 1
2683450 1
2683833 1
2684670 1
2684676 1
2684958 1
2684973 1
2685051 1
2689577 1
2698557 1
2701816 1
2702890 1
2706171 1
2713498 1
2720816 1
2728114 1
2729636 1
2730716 1
2731370 1
2732464 1
2741332 1
2744703 1
2747316 1
2748482 1
2749518 1
2759493 1
2763498 1
2771094 1
2772565 1
2772737 1
2772786 1
2775880 1
2783530 1
2784082 1
2784671 1
2785065 1
2785345 1
2790159 1
2796464 1
2797593 1
2801076 1
2801129 1
2801607 1
2803664 1
2806471 1
2806476 1
2807568 1
2810997 1
2814550 1
2814793 1
2817038 1
2817879 1
2818139 1
2825960 1
2827176 1
2840005 1
2840005 1
2843119 1
2843669 1
2846963 1
2852236 1
2860019 1
2860100 1
2861259 1
2861828 1
2864375 1
2865690 1
2869931 1
2870332 1
2870335 1
2877632 1
2878576 1
2880430 1
2883476 1
2886079 1
2888362 1
2894250 1
2895692 1
2900461 1
2900468 1
2906038 1
2906979 1
2911205 1
2912535 1
2915694 1
2927816 1
2927817 1
2928833 1
2930460 1
2936265 1
2943627 1
2947300 1
2950057 1
2953235 1
2961003 1
2961578 1
2963588 1
2967326 1
2968121 1
2969998 1
2971102 1
2974666 1
2975976 1
2977657 1
2991073 1
2995173 1
2995399 1
2996010 1
2998349 1
3001699 1
3003089 1
3004057 1
3004560 1
3009197 1
3011189 1
3012675 1
3013257 1
3019118 1
3025353 1
3033756 1
3036362 1
3037018 1
3054877 1
3060036 1
3060262 1
3061284 1
3062437 1
3073277 1
3073382 1
3077421 1
3077988 1
3079806 1
3082815 1
3086423 1
3087223 1
3087228 1
3089223 1
3090670 1
3100349 1
3105651 1
3106237 1
3106370 1
3107375 1
3109300 1
3113325 1
3115136 1
3116088 1
3118764 1
3120000 1
3122621 1
3123726 1
3126200 1
3126200 1
3127895 1
3130224 1
3143031 1
3146944 1
3148362 1
3151995 1
3154034 1
3158722 1
3159880 1
3161532 1
3161751 1
3161969 1
3166539 1
3172758 1
3177288 1
3178407 1
3184857 1
3191498 1
3191796 1
3198681 1
3203104 1
3204463 1
3204889 1
3208329 1
3216059 1
3216143 1
3226523 1
3227320 1
3234309 1
3235045 1
3238269 1
3239476 1
3241697 1
3246937 1
3251525 1
3255005 1
3255275 1
3260055 1
3260186 1
3261670 1
3262577 1
3266874 1
3269182 1
3269574 1
3273522 1
3276969 1
3279337 1
3280172 1
3284477 1
3289181 1
3296798 1
3297137 1
3298509 1
3306341 1
3311978 1
3315399 1
3317641 1
3318574 1
3323054 1
3325701 1
3328425 1
3328904 1
3334186 1
3334278 1
3336397 1
3340139 1
3342456 1
3343605 1
3345139 1
3347731 1
3348888 1
3353939 1
3358699 1
3361874 1
3365793 1
3369199 1
3391272 1
3393360 1
3394186 1
3394492 1
3402568 1
3407007 1
3408721 1
3408881 1
3409399 1
3410265 1
3415156 1
3432298 1
3432809 1
3436090 1
3437162 1
3440899 1
3454719 1
3455300 1
3456291 1
3460005 1
3473179 1
3475480 1
3479662 1
3481160 1
3481482 1
3489692 1
3494167 1
3498487 1
3500157 1
3501776 1
3505235 1
3505239 1
3505249 1
3507502 1
3508919 1
3513386 1
3516867 1
3518938 1
3527370 1
3527631 1
3529990 1
3530552 1
3531051 1
3533739 1
3534750 1
3538637 1
3541403 1
3541596 1
3542833 1
3544495 1
3550229 1
3551344 1
3557765 1
3558738 1
3563985 1
3568786 1
3571021 1
3573036 1
3577999 1
3578722 1
3582594 1
3590168 1
3596935 1
3597997 1
3602698 1
3605686 1
3606853 1
3616761 1
3630464 1
3632705 1
3633219 1
3635971 1
3641561 1
3645209 1
3647115 1
3648588 1
3653292 1
3659300 1
3660262 1
3664179 1
3666331 1
3673679 1
3676393 1
3678219 1
3684430 1
3688138 1
3689181 1
3689568 1
3693436 1
3696213 1
3698196 1
3699895 1
3700161 1
3701755 1
3703965 1
3707962 1
3717027 1
3719146 1
3720515 1
3723293 1
3728226 1
3728478 1
3729307 1
3730971 1
3731108 1
3732268 1
3735893 1
3740318 1
3740692 1
3742454 1
3743243 1
3745545 1
3746679 1
3749276 1
3751885 1
3751938 1
3752809 1
3756226 1
3756642 1
3758471 1
3761448 1
3764243 1
3766810 1
3768149 1
3771398 1
3774306 1
3774458 1
3790902 1
3794440 1
3798598 1
3801065 1
3801095 1
3801806 1
3804919 1
3810557 1
3813340 1
3815605 1
3817575 1
3818116 1
3837920 1
3839993 1
3840815 1
3851479 1
3852578 1
3855419 1
3859513 1
3859719 1
3861222 1
3861717 1
3862701 1
3863639 1
3865307 1
3866948 1
3868223 1
3868781 1
3869151 1
3869606 1
3870331 1
3870461 1
3870979 1
3871660 1
3874969 1
3877302 1
3878844 1
3885710 1
3896078 1
3896765 1
3896893 1
3898969 1
3905175 1
3911236 1
3911890 1
3912084 1
3913601 1
3914762 1
3927455 1
3927679 1
3929617 1
3931223 1
3931815 1
3940864 1
3941665 1
3943154 1
3948033 1
3956383 1
3956534 1
3956610 1
3956632 1
3970042 1
3971528 1
3973523 1
3973983 1
3981572 1
3986491 1
3988548 1
3989210 1
3990977 1
3991102 1
3992629 1
3996706 1
3997975 1
3998591 1
3998815 1
3998880 1
4002400 1
4005707 1
4006376 1
4008211 1
4009603 1
4010201 1
4011607 1
4014031 1
4014186 1
4014323 1
4014897 1
4019006 1
4020208 1
4020823 1
4021324 1
4021775 1
4025725 1
4025758 1
4028279 1
4028289 1
4029110 1
4029403 1
4030088 1
4030090 1
4031558 1
4032011 1
4036776 1
4037919 1
4040641 1
4041246 1
4041582 1
4041658 1
4044740 1
4045951 1
4049325 1
4050538 1
4055954 1
4059705 1
4060947 1
4063195 1
4064720 1
4067467 1
4071010 1
4073908 1
4076621 1
4078924 1
4079740 1
4082454 1
4082483 1
4088143 1
4092576 1
4097057 1
4101629 1
4103848 1
4105413 1
4106576 1
4108730 1
4110946 1
4111694 1
4111875 1
4116245 1
4116353 1
4116720 1
4120845 1
4131952 1
4134017 1
4136095 1
4136918 1
4138366 1
4140351 1
4140636 1
4140812 1
4150819 1
4153533 1
4157334 1
4163250 1
4165758 1
4179520 1
4180544 1
4180670 1
4189178 1
4189610 1
4190258 1
4191806 1
4192222 1
4192902 1
4198321 1
4201482 1
4202104 1
4204838 1
4206523 1
4207252 1
4209302 1
4218165 1
4218562 1
4219594 1
4219844 1
4220144 1
4220530 1
4222391 1
4223281 1
4228147 1
4228245 1
4233503 1
4233924 1
4236433 1
4236505 1
4240149 1
4242903 1
4246144 1
4252198 1
4255268 1
4256580 1
4257320 1
4260463 1
4261427 1
4266760 1
4270386 1
4273533 1
4275563 1
4278399 1
4278548 1
4279977 1
4289730 1
4293309 1
4302848 1
4309708 1
4310482 1
4313814 1
4319363 1
4321677 1
4321820 1
4325717 1
4326950 1
4330022 1
4340147 1
4341575 1
4344541 1
4346612 1
4349637 1
4349895 1
4350093 1
4353497 1
4353653 1
4361673 1
4365444 1
4368086 1
4373679 1
4374563 1
4376999 1
4379929 1
4380647 1
4382479 1
4382724 1
4387137 1
4389355 1
4389658 1
4393839 1
4397691 1
4401981 1
4403469 1
4404346 1
4413508 1
4413697 1
4415155 1
4415888 1
4416630 1
4420378 1
4421310 1
4421388 1
4422208 1
4422846 1
4424013 1
4425328 1
4425793 1
4427094 1
4436455 1
4440287 1
4445561 1
4445697 1
4445943 1
4446726 1
4450039 1
4452563 1
4455666 1
4464508 1
4466228 1
4466289 1
4468813 1
4469795 1
4474595 1
4476948 1
4482324 1
4487207 1
4487900 1
4488505 1
4494107 1
4495595 1
4497377 1
4505396 1
4510128 1
4517652 1
4526489 1
4530052 1
4531736 1
4532877 1
4533770 1
4539731 1
4541059 1
4551341 1
4551517 1
4553856 1
4558642 1
4558889 1
4559378 1
4559720 1
4562505 1
4568679 1
4579303 1
4580248 1
4581675 1
4585933 1
4585995 1
4589522 1
4593392 1
4593829 1
4602351 1
4618492 1
4620650 1
4633362 1
4634891 1
4650470 1
4656714 1
4657241 1
4663846 1
4664660 1
4668362 1
4670842 1
4671093 1
4671740 1
4676622 1
4676961 1
4676996 1
4677363 1
4678281 1
4683518 1
4685763 1
4686177 1
4686475 1
4688755 1
4691820 1
4692904 1
4696249 1
4698844 1
4701199 1
4702233 1
4709472 1
4710326 1
4717793 1
4722417 1
4724589 1
4725370 1
4730617 1
4733191 1
4734154 1
4734494 1
4737515 1
4742778 1
4744760 1
4744952 1
4746451 1
4755127 1
4760928 1
4761058 1
4761670 1
4763071 1
4767605 1
4769853 1
4769897 1
4771028 1
4771071 1
4771315 1
4778676 1
4781040 1
4781234 1
4783992 1
4785820 1
4790414 1
4792512 1
4792719 1
4794862 1
4798353 1
4798978 1
4800706 1
4801384 1
4801596 1
4802156 1
4808125 1
4813395 1
4813399 1
4815583 1
4815740 1
4816015 1
4816438 1
4823940 1
4824980 1
4828337 1
4837445 1
4838023 1
4841299 1
4843691 1
4845848 1
4846343 1
4847350 1
4856316 1
4857190 1
4861190 1
4863033 1
4863475 1
4865871 1
4869224 1
4869481 1
4870226 1
4871938 1
4876016 1
4878017 1
4878942 1
4880024 1
4880727 1
4881962 1
4882609 1
4883063 1
4883073 1
4889192 1
4892370 1
4893843 1
4894899 1
4894982 1
4897850 1
4898279 1
4899613 1
4900785 1
4901111 1
4901288 1
4905280 1
4911160 1
4916385 1
4917332 1
4917403 1
4923408 1
4924458 1
4927238 1
4945120 1
4948795 1
4950893 1
4958201 1
4961260 1
4962873 1
4963319 1
4969326 1
4972562 1
4979212 1
4980061 1
4986130 1
4992743 1
4994386 1
4998386 1
4998813 1
5001384 1
5005598 1
5009806 1
5009935 1
5009959 1
5016069 1
5016919 1
5020925 1
5024490 1
5027381 1
5027385 1
5030531 1
5033004 1
5034811 1
5035243 1
5035482 1
5036176 1
5039891 1
5044040 1
5044266 1
5044330 1
5045738 1
5047059 1
5049090 1
5049653 1
5057187 1
5060746 1
5078968 1
5079350 1
5081375 1
5081544 1
5081775 1
5086535 1
5088449 1
5089834 1
5090135 1
5090228 1
5092458 1
5093935 1
5096675 1
5110529 1
5112095 1
5115647 1
5116376 1
5122545 1
5132679 1
5135543 1
5135633 1
5137987 1
5146136 1
5146224 1
5146310 1
5146316 1
5149796 1
5152208 1
5154591 1
5156207 1
5156970 1
5163978 1
5167248 1
5170068 1
5170761 1
5178080 1
5189327 1
5204937 1
5207099 1
5213914 1
5220285 1
5226880 1
5229849 1
5231876 1
5234833 1
5246173 1
5248809 1
5250142 1
5253213 1
5258546 1
5260197 1
5260197 1
5262113 1
5262669 1
5269583 1
5270721 1
5271382 1
5273099 1
5276244 1
5277488 1
5278040 1
5278316 1
5280676 1
5282206 1
5288573 1
5289143 1
5291190 1
5294389 1
5310934 1
5311981 1
5315683 1
5316790 1
5325303 1
5325854 1
5326032 1
5330282 1
5330413 1
5340825 1
5340829 1
5343170 1
5346564 1
5347579 1
5347831 1
5349288 1
5351078 1
5351334 1
5357186 1
5357399 1
5363607 1
5364788 1
5367713 1
5367713 1
5380227 1
5393859 1
5400787 1
5406197 1
5413318 1
5428875 1
5429779 1
5438737 1
5439199 1
5443558 1
5444022 1
5452981 1
5453069 1
5454097 1
5456766 1
5457032 1
5462831 1
5468228 1
5471516 1
5472218 1
5472646 1
5472832 1
5477482 1
5479024 1
5487027 1
5488899 1
5491839 1
5495847 1
5495847 1
5496168 1
5498425 1
5503757 1
5510003 1
5527062 1
5533477 1
5534809 1
5535778 1
5537572 1
5540698 1
5550153 1
5563673 1
5567250 1
5568275 1
5582612 1
5590806 1
5593688 1
5596354 1
5596452 1
5598950 1
5599648 1
5605398 1
5607295 1
5607500 1
5608337 1
5609168 1
5611540 1
5613263 1
5613915 1
5619227 1
5624042 1
5638683 1
5650747 1
5658872 1
5660501 1
5661855 1
5666671 1
5667550 1
5668521 1
5669585 1
5671908 1
5673822 1
5675368 1
5676996 1
5679192 1
5679216 1
5680978 1
5682355 1
5682541 1
5684979 1
5688108 1
5693532 1
5698379 1
5699325 1
5700252 1
5701450 1
5705327 1
5708236 1
5709022 1
5709558 1
5710053 1
5710685 1
5712285 1
5715307 1
5721756 1
5729899 1
5732851 1
5741561 1
5747986 1
5750529 1
5752124 1
5756131 1
5765535 1
5765585 1
5768457 1
5771401 1
5787034 1
5792885 1
5796732 1
5801469 1
5805489 1
5805798 1
5806364 1
5807091 1
5807875 1
5810865 1
5810875 1
5811580 1
5822583 1
5823839 1
5824740 1
5825980 1
5827662 1
5835221 1
5836947 1
5839076 1
5844005 1
5846393 1
5851030 1
5851092 1
5856575 1
5857840 1
5860064 1
5860067 1
5861285 1
5873167 1
5874629 1
5875036 1
5876300 1
5876486 1
5876843 1
5878738 1
5879376 1
5879946 1
5881296 1
5881681 1
5889760 1
5889771 1
5889789 1
5890351 1
5892886 1
5901967 1
5902675 1
5904102 1
5916503 1
5918349 1
5919851 1
5921168 1
5923034 1
5930024 1
5930170 1
5935239 1
5936089 1
5941314 1
5941583 1
5943783 1
5948870 1
5949811 1
5952343 1
5952896 1
5968932 1
5969445 1
5971004 1
5973426 1
5976212 1
5979972 1
5980054 1
5985725 1
5985856 1
5993579 1
5998441 1
5999167 1
6003158 1
6013875 1
6015538 1
6022578 1
6025464 1
6029932 1
6031197 1
6032248 1
6036390 1
6051891 1
6056173 1
6058889 1
6064265 1
6071146 1
6071331 1
6075782 1
6076186 1
6077020 1
6083420 1
6085760 1
6097351 1
6099268 1
6099999 1
6100989 1
6101783 1
6109872 1
6116957 1
6118259 1
6119152 1
6122658 1
6123217 1
6127074 1
6140342 1
6148301 1
6148505 1
6152120 1
6154937 1
6157754 1
6159087 1
6159548 1
6163928 1
6170480 1
6179097 1
6180664 1
6184199 1
6184373 1
6185262 1
6186666 1
6187520 1
6192707 1
6194966 1
6197523 1
6227839 1
6228267 1
6228422 1
6230522 1
6233073 1
6235693 1
6246097 1
6247577 1
6249886 1
6254199 1
6261351 1
6262941 1
6270562 1
6273900 1
6280814 1
6281335 1
6291435 1
6293783 1
6294232 1
6294850 1
6299917 1
6300195 1
6300414 1
6302157 1
6311312 1
6311364 1
6312842 1
6316525 1
6319614 1
6323954 1
6324061 1
6330900 1
6335138 1
6336698 1
6338072 1
6341244 1
6343122 1
6343227 1
6353556 1
6353705 1
6354318 1
6355028 1
6358926 1
6361512 1
6366394 1
6368971 1
6372590 1
6372685 1
6378417 1
6378765 1
6379184 1
6380443 1
6382485 1
6388010 1
6389341 1
6395111 1
6396129 1
6397936 1
6398804 1
6400078 1
6402495 1
6408754 1
6417542 1
6419661 1
6421033 1
6422063 1
6422063 1
6425232 1
6428462 1
6428614 1
6430574 1
6431455 1
6432072 1
6435742 1
6449780 1
6450984 1
6455129 1
6456210 1
6458791 1
6458964 1
6459233 1
6465333 1
6477014 1
6479884 1
6480894 1
6484739 1
6487698 1
6490237 1
6495366 1
6500941 1
6501343 1
6501838 1
6502378 1
6502479 1
6505701 1
6509907 1
6515749 1
6516850 1
6520157 1
6520763 1
6521721 1
6522642 1
6523338 1
6524450 1
6527564 1
6530177 1
6532635 1
6534290 1
6534302 1
6536708 1
6543614 1
6545598 1
6550707 1
6552161 1
6552957 1
6556205 1
6557296 1
6558175 1
6561829 1
6561887 1
6563069 1
6574748 1
6577665 1
6578772 1
6579322 1
6583958 1
6584531 1
6595789 1
6595789 1
6597734 1
6598807 1
6600779 1
6615295 1
6617971 1
6621898 1
6624927 1
6628228 1
6628933 1
6630582 1
6630875 1
6631352 1
6631573 1
6632277 1
6632388 1
6637088 1
6638932 1
6640177 1
6643155 1
6643405 1
6644023 1
6649615 1
6651586 1
6652207 1
6655403 1
6659664 1
6663588 1
6666058 1
6667879 1
6671390 1
6671409 1
6671674 1
6674616 1
6674622 1
6687253 1
6695466 1
6698150 1
6704088 1
6706807 1
6709307 1
6709672 1
6712126 1
6712958 1
6723568 1
6725488 1
6730692 1
6733322 1
6736317 1
6740972 1
6741477 1
6742754 1
6743103 1
6751352 1
6753238 1
6754494 1
6756976 1
6757561 1
6766873 1
6767692 1
6769710 1
6773789 1
6774995 1
6786749 1
6788657 1
6790202 1
6790310 1
6801919 1
6806718 1
6807259 1
6810105 1
6813044 1
6814080 1
6821285 1
6821359 1
6824824 1
6827409 1
6828483 1
6829063 1
6831740 1
6834401 1
6835016 1
6835057 1
6837842 1
6843414 1
6845398 1
6849985 1
6851318 1
6852800 1
6860024 1
6860780 1
6863602 1
6864974 1
6865003 1
6866181 1
6869766 1
6870869 1
6872713 1
6877449 1
6878047 1
6890988 1
6894543 1
6897777 1
6898844 1
6899791 1
6901010 1
6903975 1
6904027 1
6905469 1
6913417 1
6914387 1
6915549 1
6917443 1
6920995 1
6921619 1
6924094 1
6926117 1
6926550 1
6926877 1
6927298 1
6928098 1
6933127 1
6934511 1
6934953 1
6935127 1
6935217 1
6935225 1
6935348 1
6937930 1
6951746 1
6954501 1
6955053 1
6955305 1
6961012 1
6973130 1
6979242 1
6981686 1
6983631 1
6985967 1
6991135 1
6992263 1
6994976 1
6995896 1
7000185 1
7001854 1
7002135 1
7018672 1
7019622 1
7021612 1
7021636 1
7024694 1
7027222 1
7027324 1
7027618 1
7029355 1
7030038 1
7035441 1
7040819 1
7041456 1
7052018 1
7052189 1
7052579 1
7054158 1
7055775 1
7057500 1
7057644 1
7057799 1
7058209 1
7058385 1
7059803 1
7060761 1
7060863 1
7062155 1
7070840 1
7071505 1
7072226 1
7073229 1
7079918 1
7083058 1
7086034 1
7087663 1
7090000 1
7095106 1
7100671 1
7105805 1
7110571 1
7113450 1
7114944 1
7115017 1
7116025 1
7116751 1
7120944 1
7123691 1
7129302 1
7130957 1
7132825 1
7136163 1
7144905 1
7146593 1
7159413 1
7167937 1
7168675 1
7174832 1
7177567 1
7183586 1
7184896 1
7184964 1
7187631 1
7194193 1
7195594 1
7202275 1
7205574 1
7206256 1
7207766 1
7212577 1
7224428 1
7225280 1
7227461 1
7237597 1
7238050 1
7245698 1
7247401 1
7248510 1
7249441 1
7250771 1
7250871 1
7267553 1
7272505 1
7275143 1
7275838 1
7282997 1
7285520 1
7290492 1
7291417 1
7292948 1
7294854 1
7295538 1
7295913 1
7298414 1
7299006 1
7309219 1
7310263 1
7311330 1
7314007 1
7314307 1
7316574 1
7320738 1
7322342 1
7326215 1
7326462 1
7326743 1
7327008 1
7332033 1
7332553 1
7333363 1
7337425 1
7341813 1
7342848 1
7343738 1
7344091 1
7347249 1
7357949 1
7359662 1
7363831 1
7364003 1
7364936 1
7367798 1
7368743 1
7380231 1
7380783 1
7385065 1
7386679 1
7387921 1
7397353 1
7401112 1
7401970 1
7406840 1
7408861 1
7412347 1
7413967 1
7418342 1
7423034 1
7425593 1
7427507 1
7428027 1
7428458 1
7431231 1
7434055 1
7434243 1
7434621 1
7435733 1
7439738 1
7444193 1
7444193 1
7448306 1
7450465 1
7455330 1
7456044 1
7460106 1
7460828 1
7465098 1
7466268 1
7468367 1
7472804 1
7473143 1
7476013 1
7477428 1
7481558 1
7482244 1
7483175 1
7486954 1
7491512 1
7492123 1
7503879 1
7504342 1
7514729 1
7518537 1
7519310 1
7525803 1
7526073 1
7527453 1
7529311 1
7538651 1
7545938 1
7546183 1
7552131 1
7554110 1
7556804 1
7558130 1
7558238 1
7566171 1
7582248 1
7587153 1
7588405 1
7588727 1
7590824 1
7594231 1
7601173 1
7602271 1
7604796 1
7605956 1
7606760 1
7608132 1
7612600 1
7612768 1
7619865 1
7630864 1
7636480 1
7642697 1
7646504 1
7646854 1
7653275 1
7655343 1
7657319 1
7663173 1
7676026 1
7677023 1
7678601 1
7679958 1
7684246 1
7686671 1
7690179 1
7690428 1
7693300 1
7696024 1
7696035 1
7703174 1
7703973 1
7706498 1
7707429 1
7709730 1
7709736 1
7710626 1
7712531 1
7714361 1
7717218 1
7722231 1
7731747 1
7733218 1
7738027 1
7739357 1
7739777 1
7739777 1
7746945 1
7747212 1
7756208 1
7758569 1
7760875 1
7762753 1
7767923 1
7772096 1
7772388 1
7773151 1
7780349 1
7780379 1
7780767 1
7792896 1
7793106 1
7793313 1
7797661 1
7827054 1
7827250 1
7829687 1
7829842 1
7833219 1
7834480 1
7835582 1
7838955 1
7840222 1
7845359 1
7847335 1
7850092 1
7854630 1
7856696 1
7856875 1
7859645 1
7859820 1
7861350 1
7862183 1
7863706 1
7865266 1
7874818 1
7878660 1
7879930 1
7881794 1
7888360 1
7890509 1
7892129 1
7892216 1
7899031 1
7901916 1
7904705 1
7904894 1
7908734 1
7912978 1
7914885 1
7917496 1
7918333 1
7922643 1
7922647 1
7923836 1
7925345 1
7925624 1
7926982 1
7942583 1
7952030 1
7956645 1
7960325 1
7965541 1
7965986 1
7966905 1
7967388 1
7968020 1
7969092 1
7971448 1
7971588 1
7972193 1
7974305 1
7975954 1
7980413 1
7984254 1
7988559 1
7994167 1
7994339 1
7996337 1
7996770 1
7999419 1
8003923 1
8005102 1
8006678 1
8007407 1
8008159 1
8008771 1
8010577 1
8011598 1
8013870 1
8014462 1
8015813 1
8016762 1
8019899 1
8023032 1
8028796 1
8031726 1
8032832 1
8036948 1
8037172 1
8039845 1
8040155 1
8041395 1
8042249 1
8056243 1
8058936 1
8061410 1
8061410 1
8061421 1
8063937 1
8065965 1
8066349 1
8071796 1
8073314 1
8077900 1
8078310 1
8078518 1
8079672 1
8081261 1
8082603 1
8083932 1
8097465 1
8098824 1
8101474 1
8102286 1
8106134 1
8109725 1
8110587 1
8113926 1
8125521 1
8126763 1
8129394 1
8131400 1
8131832 1
8136522 1
8140872 1
8140878 1
8143507 1
8147072 1
8149370 1
8149744 1
8151142 1
8152950 1
8159781 1
8161646 1
8166890 1
8171453 1
8180378 1
8186273 1
8190415 1
8191249 1
8194808 1
8199952 1
8211415 1
8212101 1
8219729 1
8220707 1
8222829 1
8224973 1
8225203 1
8229631 1
8235891 1
8239065 1
8250787 1
8265469 1
8265956 1
8270809 1
8276919 1
8283528 1
8284184 1
8286763 1
8287380 1
8287622 1
8293918 1
8297488 1
8297727 1
8303693 1
8306594 1
8312242 1
1882 1
4117 1
9855 1
10147 1
10290 1
10618 1
11024 1
12542 1
18216 1
20691 1
26853 1
27232 1
27289 1
30870 1
32773 1
33177 1
44610 1
45320 1
49392 1
51542 1
53102 1
63364 1
73269 1
81859 1
81871 1
82425 1
83216 1
88602 1
92020 1
98481 1
98562 1
100633 1
102355 1
111423 1
119130 1
120770 1
129139 1
132420 1
132594 1
134155 1
137949 1
139257 1
140021 1
140390 1
142822 1
143825 1
150655 1
152281 1
153497 1
153921 1
155991 1
156242 1
157858 1
165196 1
165928 1
167159 1
169327 1
170159 1
174350 1
175171 1
180386 1
182860 1
183983 1
184789 1
185142 1
186260 1
187856 1
188027 1
191463 1
193030 1
193077 1
195034 1
195429 1
196857 1
197358 1
198496 1
199376 1
199376 1
200510 1
200786 1
203267 1
203451 1
205013 1
205754 1
206680 1
212024 1
216754 1
219192 1
221812 1
222608 1
226373 1
226373 1
229076 1
229594 1
229782 1
230507 1
231276 1
235918 1
245125 1
246656 1
248255 1
249657 1
252540 1
253967 1
256250 1
261164 1
265305 1
265649 1
268304 1
269792 1
270793 1
274603 1
280877 1
282291 1
290564 1
291184 1
291718 1
293890 1
299587 1
308532 1
308955 1
311434 1
311625 1
315730 1
317714 1
318577 1
320093 1
322927 1
329882 1
332696 1
336554 1
339183 1
340561 1
344924 1
347450 1
355208 1
356168 1
364874 1
372470 1
374784 1
376956 1
390411 1
410839 1
412138 1
416273 1
420675 1
425298 1
428307 1
428422 1
431891 1
434099 1
441502 1
442436 1
442536 1
442975 1
443916 1
449270 1
451103 1
454674 1
456648 1
458940 1
469135 1
471815 1
472987 1
473577 1
477076 1
480288 1
482438 1
487211 1
489010 1
495176 1
497880 1
497931 1
498660 1
500229 1
500542 1
500549 1
509126 1
509682 1
509804 1
510272 1
513634 1
516734 1
518692 1
520562 1
520856 1
529168 1
535577 1
536489 1
547199 1
549396 1
549605 1
551957 1
557851 1
558639 1
561616 1
561760 1
565415 1
566139 1
570370 1
571172 1
571833 1
571885 1
572719 1
573410 1
574246 1
574799 1
575467 1
577645 1
579367 1
582104 1
586534 1
591913 1
599888 1
600512 1
605307 1
610395 1
613557 1
617736 1
620603 1
635361 1
640146 1
650827 1
652741 1
671162 1
680838 1
681928 1
682854 1
683225 1
683984 1
689423 1
689798 1
692125 1
693569 1
699149 1
703228 1
709337 1
712334 1
715892 1
716227 1
719326 1
720001 1
722872 1
725056 1
726169 1
729532 1
730252 1
732244 1
734957 1
737364 1
741197 1
743187 1
745354 1
748638 1
752275 1
763895 1
766051 1
767339 1
769354 1
771606 1
773305 1
779358 1
780175 1
781203 1
782790 1
784633 1
789037 1
793745 1
795373 1
803660 1
803807 1
812281 1
812680 1
815064 1
821118 1
829825 1
831781 1
837965 1
838843 1
848228 1
856945 1
861966 1
863731 1
865917 1
866974 1
868559 1
880886 1
880963 1
882102 1
886482 1
892466 1
893012 1
894601 1
897808 1
900047 1
903336 1
906556 1
907000 1
907629 1
911701 1
912784 1
913235 1
917810 1
922952 1
924427 1
931921 1
932718 1
934793 1
938613 1
943743 1
947080 1
951838 1
952078 1
952806 1
953259 1
954375 1
965037 1
965643 1
966204 1
976342 1
980830 1
986451 1
993615 1
995072 1
998339 1
1007916 1
1023277 1
1027687 1
1028717 1
1032269 1
1034188 1
1035380 1
1035641 1
1036164 1
1037464 1
1038495 1
1041799 1
1042120 1
1045913 1
1046802 1
1053211 1
1054511 1
1055248 1
1060496 1
1070301 1
1071462 1
1078138 1
1078261 1
1079517 1
1080935 1
1088736 1
1089964 1
1092661 1
1095767 1
1097316 1
1098578 1
1099099 1
1100273 1
1101076 1
1101604 1
1102164 1
1102319 1
1103088 1
1116666 1
1118188 1
1123665 1
1127493 1
1128388 1
1128388 1
1128388 1
1128388 1
1131137 1
1135955 1
1136719 1
1142077 1
1142788 1
1145962 1
1149461 1
1149764 1
1150568 1
1150607 1
1154318 1
1163799 1
1164051 1
1172151 1
1174077 1
1174404 1
1175057 1
1179830 1
1187656 1
1192100 1
1193750 1
1197214 1
1205129 1
1211676 1
1215190 1
1216270 1
1220099 1
1221389 1
1221473 1
1222863 1
1222965 1
1225984 1
1227118 1
1228514 1
1229613 1
1230389 1
1230551 1
1231998 1
1234081 1
1236515 1
1257192 1
1261756 1
1268810 1
1272763 1
1275449 1
1276986 1
1277642 1
1284114 1
1285347 1
1289689 1
1291536 1
1292822 1
1298778 1
1300124 1
1300783 1
1308535 1
1310042 1
1314675 1
1315485 1
1325172 1
1326066 1
1328978 1
1329209 1
1329695 1
1330657 1
1333251 1
1337570 1
1339603 1
1339997 1
1341435 1
1344411 1
1349549 1
1352972 1
1353522 1
1354861 1
1358841 1
1363589 1
1369898 1
1371492 1
1373668 1
1374156 1
1376008 1
1376583 1
1376645 1
1377488 1
1378871 1
1381521 1
1383186 1
1391933 1
1393364 1
1395018 1
1397328 1
1397383 1
1398296 1
1399829 1
1399862 1
1399892 1
1400658 1
1401021 1
1406360 1
1413961 1
1421579 1
1426034 1
1430170 1
1434744 1
1434750 1
1435332 1
1436664 1
1436889 1
1437774 1
1442074 1
1442381 1
1442823 1
1444364 1
1445755 1
1445928 1
1446109 1
1446955 1
1448134 1
1452669 1
1457743 1
1459284 1
1459397 1
1464030 1
1467658 1
1469642 1
1472429 1
1472454 1
1474004 1
1474630 1
1478783 1
1479403 1
1482750 1
1488184 1
1494427 1
1494503 1
1494633 1
1494705 1
1495457 1
1496003 1
1496253 1
1496259 1
1497033 1
1497199 1
1497543 1
1497871 1
1499327 1
1501085 1
1502207 1
1506208 1
1507403 1
1508677 1
1509789 1
1510617 1
1512013 1
1512095 1
1513486 1
1519334 1
1527902 1
1528575 1
1529680 1
1530527 1
1534406 1
1534838 1
1536162 1
1542856 1
1544162 1
1545272 1
1547526 1
1548677 1
1551370 1
1552421 1
1558461 1
1560401 1
1567190 1
1577049 1
1577049 1
1578219 1
1578276 1
1580922 1
1581638 1
1582283 1
1582434 1
1591374 1
1592933 1
1595759 1
1597314 1
1601479 1
1603991 1
1608919 1
1608919 1
1609636 1
1610564 1
1610564 1
1613137 1
1614279 1
1616229 1
1620801 1
1621387 1
1625754 1
1627346 1
1627488 1
1627805 1
1631680 1
1632814 1
1636377 1
1641352 1
1641434 1
1641473 1
1641489 1
1652102 1
1653891 1
1661852 1
1662496 1
1663135 1
1664646 1
1666603 1
1666884 1
1666893 1
1667072 1
1677188 1
1682456 1
1690867 1
1691433 1
1691900 1
1692005 1
1693519 1
1695048 1
1704559 1
1704760 1
1716684 1
1720664 1
1721943 1
1722734 1
1723267 1
1724478 1
1724862 1
1726946 1
1727237 1
1730800 1
1735895 1
1735957 1
1741916 1
1747249 1
1756825 1
1757490 1
1759697 1
1763192 1
1767063 1
1771497 1
1772064 1
1781643 1
1784646 1
1785134 1
1786143 1
1788161 1
1790187 1
1790519 1
1790832 1
1791661 1
1791700 1
1794772 1
1799656 1
1802991 1
1807793 1
1811531 1
1819946 1
1822750 1
1823206 1
1823872 1
1825907 1
1831458 1
1832882 1
1840808 1
1840823 1
1853065 1
1853775 1
1855524 1
1855876 1
1858230 1
1859455 1
1860130 1
1864647 1
1869888 1
1885982 1
1887097 1
1887415 1
1894725 1
1896645 1
1897703 1
1897850 1
1903435 1
1905953 1
1909248 1
1909638 1
1913499 1
1920895 1
1929950 1
1935767 1
1946043 1
1948451 1
1949936 1
1956724 1
1964284 1
1966920 1
1968049 1
1971683 1
1972421 1
1973395 1
1983291 1
1988520 1
1989506 1
1992889 1
1992989 1
1994015 1
1995004 1
2002449 1
2003145 1
2005506 1
2005599 1
2006841 1
2006850 1
2007932 1
2008670 1
2009513 1
2011282 1
2011956 1
2014755 1
2016832 1
2020942 1
2024538 1
2036036 1
2051349 1
2057105 1
2066150 1
2067202 1
2072920 1
2075546 1
2080576 1
2085911 1
2086572 1
2088246 1
2092901 1
2093183 1
2098422 1
2100133 1
2102705 1
2102935 1
2103169 1
2103863 1
2111847 1
2114322 1
2114740 1
2114746 1
2121425 1
2124908 1
2130628 1
2132694 1
2134820 1
2136507 1
2140805 1
2141731 1
2144154 1
2146229 1
2146352 1
2150065 1
2151804 1
2154154 1
2156038 1
2158471 1
2159668 1
2160176 1
2160644 1
2167254 1
2168213 1
2181996 1
2181996 1
2182979 1
2183615 1
2184177 1
2185029 1
2187246 1
2187972 1
2190012 1
2190035 1
2192702 1
2196468 1
2200248 1
2201476 1
2206166 1
2209029 1
2222801 1
2222809 1
2224860 1
2229811 1
2230613 1
2232549 1
2232591 1
2232743 1
2237118 1
2238101 1
2239941 1
2245902 1
2254685 1
2260172 1
2266618 1
2266738 1
2269855 1
2275602 1
2276801 1
2278706 1
2279878 1
2282040 1
2282825 1
2286422 1
2287937 1
2288498 1
2289377 1
2290050 1
2295165 1
2295237 1
2299017 1
2299498 1
2300301 1
2301884 1
2302468 1
2306357 1
2309280 1
2309518 1
2311215 1
2311328 1
2311937 1
2312393 1
2319084 1
2319975 1
2323386 1
2323464 1
2324126 1
2327429 1
2332713 1
2334430 1
2339050 1
2340377 1
2344155 1
2346468 1
2356139 1
2358864 1
2364152 1
2373191 1
2373599 1
2374363 1
2377325 1
2382648 1
2386679 1
2388317 1
2390802 1
2393501 1
2395476 1
2397984 1
2400023 1
2400023 1
2405022 1
2405315 1
2406688 1
2406918 1
2406918 1
2406924 1
2412312 1
2416419 1
2423784 1
2424266 1
2424884 1
2425238 1
2425372 1
2428636 1
2430208 1
2430376 1
2430741 1
2431303 1
2431440 1
2432217 1
2435581 1
2439628 1
2440427 1
2444536 1
2446555 1
2450827 1
2452994 1
2453710 1
2460481 1
2460594 1
2471234 1
2472592 1
2478165 1
2478937 1
2483844 1
2483981 1
2484157 1
2486263 1
2493374 1
2494647 1
2495419 1
2500909 1
2504860 1
2506096 1
2506440 1
2512262 1
2513642 1
2513698 1
2514850 1
2517862 1
2521540 1
2523166 1
2523540 1
2526723 1
2527966 1
2532511 1
2534419 1
2536833 1
2537188 1
2537994 1
2542139 1
2542733 1
2543248 1
2545031 1
2547056 1
2550245 1
2559864 1
2560899 1
2566075 1
2568032 1
2568621 1
2570123 1
2579422 1
2581426 1
2585062 1
2588634 1
2589327 1
2592127 1
2608766 1
2614965 1
2616686 1
2618209 1
2620324 1
2624766 1
2633683 1
2634914 1
2635203 1
2636758 1
2645943 1
2652886 1
2653857 1
2654721 1
2665404 1
2669030 1
2672274 1
2672508 1
2672508 1
2672595 1
2673461 1
2674520 1
2675669 1
2676256 1
2677536 1
2678520 1
2683339 1
2683940 1
2685113 1
2687531 1
2690022 1
2694488 1
2696688 1
2705293 1
2706144 1
2709441 1
2712092 1
2718123 1
2724529 1
2727061 1
2727943 1
2733523 1
2746927 1
2749417 1
2767538 1
2767901 1
2769548 1
2773559 1
2776928 1
2779561 1
2780022 1
2780726 1
2780885 1
2782384 1
2782423 1
2783123 1
2789762 1
2799688 1
2800178 1
2800766 1
2801907 1
2805738 1
2806818 1
2807929 1
2808342 1
2810610 1
2811814 1
2814755 1
2814932 1
2817813 1
2817978 1
2820870 1
2821857 1
2828265 1
2828689 1
2829028 1
2834158 1
2835977 1
2839443 1
2843049 1
2843873 1
2849086 1
2858833 1
2858890 1
2859513 1
2865176 1
2868745 1
2873923 1
2875414 1
2879029 1
2880775 1
2882572 1
2885371 1
2892467 1
2900325 1
2901231 1
2903129 1
2903283 1
2903826 1
2906556 1
2915476 1
2924607 1
2926931 1
2927796 1
2928401 1
2932570 1
2934606 1
2935407 1
2940491 1
2940626 1
2944496 1
2945616 1
2958445 1
2959437 1
2959745 1
2960497 1
2962505 1
2962719 1
2962934 1
2965129 1
2965362 1
2966419 1
2967571 1
2968632 1
2973581 1
2976398 1
2979399 1
2986299 1
2986478 1
2986668 1
2991432 1
2992208 1
2992465 1
2996820 1
2998408 1
2998571 1
3008648 1
3010307 1
3015957 1
3015993 1
3016583 1
3022712 1
3022736 1
3023635 1
3026509 1
3029857 1
3030035 1
3030270 1
3032612 1
3033210 1
3033712 1
3035970 1
3044855 1
3046511 1
3048063 1
3053601 1
3061813 1
3062436 1
3066238 1
3069245 1
3071074 1
3072477 1
3077468 1
3078164 1
3081542 1
3084825 1
3086086 1
3088703 1
3090536 1
3095488 1
3096748 1
3100466 1
3103022 1
3108275 1
3109930 1
3110317 1
3114549 1
3118283 1
3119672 1
3121806 1
3121915 1
3124662 1
3124946 1
3126503 1
3128915 1
3136356 1
3141510 1
3143403 1
3145186 1
3145272 1
3145286 1
3145427 1
3146762 1
3146938 1
3148557 1
3159463 1
3160162 1
3166551 1
3175446 1
3175555 1
3177755 1
3182180 1
3190611 1
3194746 1
3196387 1
3196699 1
3199163 1
3201835 1
3204610 1
3208485 1
3210289 1
3211733 1
3211931 1
3226112 1
3227248 1
3235932 1
3236509 1
3237897 1
3241048 1
3244160 1
3246089 1
3254642 1
3254657 1
3255157 1
3256157 1
3257880 1
3261088 1
3261398 1
3261566 1
3262029 1
3265451 1
3265836 1
3267339 1
3269943 1
3272189 1
3281126 1
3281715 1
3283221 1
3284357 1
3285657 1
3287095 1
3288228 1
3290300 1
3297868 1
3298438 1
3298647 1
3302944 1
3303917 1
3304133 1
3305341 1
3306909 1
3308694 1
3315537 1
3316558 1
3317529 1
3319158 1
3321082 1
3323173 1
3323727 1
3327571 1
3327918 1
3328121 1
3329403 1
3339532 1
3351469 1
3358738 1
3358738 1
3364172 1
3365236 1
3368011 1
3369434 1
3378246 1
3389017 1
3399629 1
3403629 1
3406666 1
3408411 1
3414088 1
3418631 1
3432798 1
3432798 1
3432897 1
3433316 1
3434128 1
3434839 1
3436208 1
3436216 1
3437676 1
3438191 1
3442072 1
3445478 1
3446560 1
3446612 1
3447364 1
3456527 1
3456609 1
3458631 1
3461102 1
3462728 1
3467413 1
3469650 1
3478391 1
3491948 1
3496543 1
3499368 1
3502908 1
3505697 1
3505893 1
3507420 1
3507437 1
3508089 1
3508504 1
3510433 1
3511839 1
3512950 1
3513727 1
3513788 1
3515836 1
3516634 1
3518123 1
3518510 1
3518817 1
3525554 1
3530031 1
3531244 1
3531841 1
3531866 1
3534660 1
3535284 1
3554238 1
3556521 1
3565519 1
3572331 1
3572338 1
3574901 1
3576431 1
3576547 1
3580513 1
3584536 1
3590866 1
3593949 1
3597784 1
3613949 1
3626215 1
3626941 1
3632571 1
3635952 1
3636409 1
3641052 1
3643990 1
3644235 1
3647017 1
3649923 1
3650869 1
3652293 1
3652822 1
3656945 1
3657517 1
3658927 1
3659773 1
3661204 1
3664946 1
3664956 1
3670069 1
3673036 1
3674174 1
3674174 1
3675022 1
3675945 1
3683766 1
3686119 1
3690290 1
3692316 1
3693212 1
3693448 1
3695000 1
3697080 1
3699289 1
3699356 1
3702873 1
3706771 1
3709284 1
3712025 1
3712508 1
3712521 1
3714400 1
3718250 1
3722607 1
3724440 1
3729116 1
3730149 1
3732723 1
3734714 1
3737316 1
3739119 1
3750799 1
3752365 1
3756085 1
3756527 1
3759063 1
3759535 1
3759836 1
3761168 1
3764753 1
3773449 1
3775222 1
3776756 1
3777000 1
3780011 1
3782388 1
3782513 1
3786216 1
3791734 1
3792106 1
3797373 1
3798090 1
3803583 1
3804640 1
3807549 1
3809796 1
3816321 1
3817360 1
3820337 1
3821361 1
3833448 1
3835318 1
3835434 1
3836232 1
3836496 1
3837602 1
3849542 1
3851630 1
3853731 1
3866268 1
3867059 1
3867732 1
3868364 1
3869121 1
3869758 1
3872078 1
3872559 1
3873133 1
3874497 1
3877086 1
3877771 1
3883495 1
3886720 1
3892381 1
3892726 1
3895626 1
3896567 1
3904813 1
3906332 1
3906332 1
3912990 1
3913981 1
3918382 1
3925456 1
3925886 1
3927210 1
3931525 1
3931715 1
3933388 1
3944277 1
3945289 1
3946243 1
3948193 1
3963333 1
3973163 1
3975857 1
3978945 1
3983045 1
3983340 1
3985695 1
3987255 1
3987258 1
3992017 1
3994765 1
3994840 1
3995696 1
3997440 1
4002178 1
4004232 1
4004421 1
4005233 1
4005334 1
4005353 1
4005354 1
4006591 1
4009093 1
4009218 1
4013190 1
4015156 1
4016536 1
4018065 1
4018582 1
4020176 1
4020388 1
4021807 1
4021884 1
4024676 1
4030389 1
4030828 1
4032267 1
4032520 1
4033446 1
4033614 1
4036110 1
4036110 1
4041234 1
4048576 1
4049668 1
4055229 1
4055984 1
4060720 1
4062936 1
4063052 1
4063105 1
4066889 1
4068853 1
4068853 1
4069777 1
4071044 1
4073713 1
4080937 1
4086611 1
4087270 1
4087468 1
4088431 1
4093788 1
4094418 1
4095656 1
4101627 1
4106965 1
4109433 1
4111824 1
4116700 1
4119761 1
4121958 1
4129758 1
4131391 1
4139959 1
4142245 1
4144494 1
4157459 1
4158375 1
4160967 1
4161627 1
4161890 1
4163057 1
4164953 1
4169477 1
4174636 1
4175577 1
4175980 1
4178633 1
4178932 1
4179589 1
4181052 1
4188786 1
4189413 1
4190542 1
4190936 1
4191504 1
4192285 1
4194080 1
4194614 1
4196489 1
4202764 1
4207572 1
4207879 1
4216014 1
4217070 1
4228236 1
4229872 1
4232880 1
4233008 1
4237372 1
4240144 1
4240884 1
4241951 1
4250205 1
4252978 1
4254294 1
4255999 1
4258711 1
4260810 1
4263136 1
4266672 1
4268085 1
4268639 1
4273049 1
4273220 1
4275809 1
4279057 1
4279597 1
4280476 1
4280630 1
4281330 1
4283784 1
4287867 1
4293321 1
4298284 1
4304787 1
4306337 1
4309657 1
4318262 1
4318687 1
4322845 1
4324133 1
4326382 1
4329451 1
4338706 1
4345923 1
4346849 1
4348577 1
4351437 1
4354163 1
4359763 1
4362699 1
4363453 1
4370941 1
4373584 1
4379454 1
4391163 1
4400398 1
4401010 1
4401207 1
4403515 1
4403988 1
4404817 1
4407590 1
4410330 1
4410438 1
4411407 1
4411583 1
4413155 1
4414642 1
4416388 1
4416933 1
4417230 1
4417804 1
4418348 1
4428184 1
4428547 1
4429435 1
4430007 1
4437889 1
4438472 1
4444917 1
4448759 1
4450809 1
4454087 1
4459050 1
4464485 1
4466663 1
4466979 1
4471090 1
4485513 1
4496458 1
4503339 1
4505058 1
4505568 1
4506225 1
4513584 1
4516518 1
4520455 1
4524521 1
4525524 1
4526319 1
4531234 1
4535074 1
4537052 1
4538916 1
4539962 1
4549882 1
4551880 1
4552859 1
4553019 1
4554974 1
4557346 1
4558753 1
4558922 1
4562998 1
4563042 1
4565595 1
4573917 1
4575820 1
4581927 1
4582226 1
4595402 1
4595721 1
4598866 1
4601106 1
4604299 1
4609011 1
4610759 1
4617407 1
4629944 1
4630607 1
4633675 1
4639832 1
4640045 1
4641829 1
4648536 1
4649670 1
4651589 1
4656001 1
4656100 1
4657846 1
4660433 1
4662052 1
4665062 1
4667286 1
4670407 1
4672409 1
4675591 1
4676123 1
4677225 1
4677799 1
4679191 1
4681108 1
4681547 1
4683915 1
4686196 1
4688946 1
4688970 1
4690593 1
4697675 1
4698187 1
4698997 1
4704590 1
4706769 1
4707474 1
4711474 1
4716163 1
4723492 1
4723508 1
4724098 1
4729224 1
4730424 1
4730930 1
4737059 1
4741986 1
4752939 1
4765405 1
4765613 1
4772224 1
4777378 1
4783387 1
4785091 1
4787451 1
4787709 1
4788214 1
4795917 1
4798189 1
4800396 1
4800976 1
4801591 1
4802530 1
4802617 1
4802714 1
4807093 1
4808245 1
4814450 1
4814653 1
4815553 1
4816736 1
4817569 1
4819526 1
4820464 1
4825514 1
4825534 1
4825646 1
4831420 1
4835444 1
4835458 1
4837474 1
4837480 1
4849276 1
4853887 1
4854690 1
4857951 1
4865246 1
4868830 1
4873937 1
4878887 1
4880832 1
4881692 1
4892328 1
4895719 1
4896389 1
4898360 1
4901345 1
4902291 1
4903500 1
4905625 1
4911263 1
4929901 1
4930425 1
4934310 1
4940261 1
4957820 1
4967843 1
4969413 1
4971013 1
4971712 1
4978029 1
4978648 1
4978648 1
4979647 1
4986007 1
4986070 1
4986642 1
4988528 1
4989459 1
4998744 1
4999162 1
4999181 1
5016420 1
5016970 1
5018546 1
5024833 1
5032214 1
5032685 1
5033335 1
5040350 1
5041478 1
5042200 1
5043012 1
5043301 1
5045042 1
5046210 1
5046236 1
5047794 1
5048336 1
5055958 1
5056245 1
5057351 1
5060370 1
5069258 1
5070362 1
5073874 1
5082176 1
5088918 1
5090037 1
5111894 1
5112603 1
5113661 1
5116396 1
5122397 1
5125177 1
5125177 1
5127263 1
5138084 1
5139198 1
5141984 1
5142262 1
5147846 1
5148776 1
5156986 1
5159360 1
5160498 1
5163252 1
5163420 1
5169014 1
5175900 1
5176478 1
5181261 1
5185190 1
5191374 1
5194536 1
5197674 1
5205502 1
5208028 1
5210764 1
5211381 1
5220327 1
5239548 1
5241633 1
5244703 1
5254036 1
5255660 1
5255989 1
5258349 1
5260942 1
5269698 1
5279425 1
5280867 1
5283442 1
5283983 1
5285881 1
5286301 1
5286575 1
5288456 1
5293575 1
5295670 1
5298904 1
5313521 1
5316241 1
5321153 1
5321887 1
5322244 1
5328959 1
5330351 1
5331402 1
5333464 1
5333990 1
5335734 1
5337825 1
5344884 1
5346518 1
5353816 1
5362351 1
5363774 1
5370210 1
5371951 1
5375844 1
5378664 1
5379454 1
5379728 1
5380096 1
5407572 1
5407749 1
5413574 1
5421794 1
5428484 1
5435836 1
5442886 1
5445967 1
5446782 1
5454946 1
5456498 1
5456719 1
5461257 1
5461593 1
5461929 1
5463203 1
5463874 1
5466691 1
5468387 1
5471330 1
5475663 1
5476021 1
5476021 1
5477131 1
5479520 1
5485798 1
5487858 1
5500841 1
5504833 1
5505115 1
5505779 1
5506859 1
5524943 1
5525666 1
5526762 1
5529293 1
5529915 1
5532892 1
5535222 1
5537209 1
5549095 1
5551634 1
5553095 1
5562092 1
5564531 1
5566736 1
5568986 1
5570140 1
5570807 1
5572515 1
5575608 1
5579406 1
5584069 1
5584195 1
5593817 1
5601830 1
5611042 1
5611258 1
5611451 1
5612354 1
5615407 1
5620701 1
5630081 1
5641740 1
5642402 1
5645126 1
5651610 1
5651888 1
5655120 1
5659840 1
5660820 1
5662197 1
5665391 1
5671166 1
5674494 1
5675070 1
5677772 1
5679662 1
5681278 1
5684493 1
5684599 1
5684599 1
5688011 1
5690470 1
5692114 1
5692392 1
5692458 1
5692829 1
5699785 1
5707486 1
5708698 1
5708921 1
5710055 1
5710702 1
5710766 1
5710995 1
5711346 1
5711576 1
5715959 1
5722364 1
5726528 1
5731356 1
5731574 1
5733262 1
5742049 1
5746364 1
5747651 1
5748659 1
5749477 1
5775983 1
5776845 1
5778938 1
5782777 1
5787917 1
5798202 1
5800318 1
5800833 1
5806339 1
5811881 1
5814612 1
5817244 1
5818777 1
5821382 1
5825421 1
5830776 1
5833389 1
5835607 1
5839196 1
5840672 1
5841112 1
5848328 1
5849075 1
5850749 1
5856961 1
5860977 1
5860977 1
5863281 1
5870785 1
5870976 1
5873739 1
5873835 1
5878148 1
5878155 1
5878889 1
5880364 1
5880466 1
5886642 1
5886642 1
5886642 1
5886642 1
5886893 1
5887695 1
5889584 1
5889810 1
5890206 1
5890478 1
5891701 1
5891902 1
5893802 1
5896344 1
5903169 1
5903977 1
5904447 1
5905165 1
5907796 1
5911219 1
5912807 1
5915325 1
5918642 1
5918734 1
5920530 1
5921226 1
5923972 1
5927911 1
5930590 1
5931113 1
5931241 1
5932899 1
5942827 1
5945033 1
5945110 1
5945447 1
5947409 1
5948844 1
5951639 1
5952320 1
5956813 1
5962437 1
5963196 1
5963828 1
5968370 1
5968548 1
5970469 1
5971828 1
5974857 1
5983703 1
5983986 1
5984639 1
5984674 1
5984738 1
5986118 1
5990716 1
5992068 1
5994933 1
5995272 1
5995651 1
5997863 1
5999486 1
6000053 1
6005259 1
6005352 1
6007196 1
6007447 1
6012400 1
6015325 1
6026166 1
6027079 1
6027963 1
6029461 1
6031102 1
6033714 1
6036730 1
6037271 1
6039452 1
6040047 1
6040411 1
6044784 1
6045055 1
6045834 1
6049906 1
6051241 1
6062503 1
6066300 1
6069159 1
6074640 1
6084800 1
6086402 1
6087858 1
6091562 1
6098425 1
6098661 1
6100854 1
6101059 1
6108386 1
6109608 1
6110191 1
6110988 1
6119770 1
6121461 1
6126236 1
6126333 1
6127137 1
6127336 1
6130413 1
6143743 1
6143800 1
6147835 1
6149691 1
6149745 1
6153231 1
6153311 1
6156301 1
6158931 1
6163427 1
6165844 1
6176141 1
6184376 1
6187675 1
6195773 1
6224757 1
6225134 1
6225154 1
6225301 1
6226852 1
6227171 1
6227271 1
6227954 1
6239057 1
6245928 1
6260144 1
6263231 1
6264993 1
6267983 1
6269015 1
6269763 1
6269924 1
6272202 1
6275764 1
6277620 1
6279540 1
6283281 1
6286303 1
6289786 1
6290748 1
6293472 1
6294085 1
6299119 1
6302242 1
6304828 1
6305207 1
6307883 1
6308219 1
6311454 1
6320954 1
6321500 1
6331995 1
6335500 1
6338041 1
6338266 1
6341526 1
6345562 1
6345628 1
6345684 1
6347281 1
6348728 1
6352638 1
6353756 1
6354484 1
6357457 1
6366306 1
6367115 1
6368941 1
6373310 1
6374507 1
6376916 1
6378605 1
6379776 1
6381323 1
6382100 1
6384308 1
6385056 1
6389120 1
6394396 1
6395757 1
6395970 1
6402518 1
6402615 1
6403578 1
6407593 1
6408139 1
6415116 1
6418223 1
6428110 1
6430790 1
6432005 1
6434776 1
6441661 1
6446722 1
6446722 1
6453969 1
6455376 1
6455441 1
6455777 1
6456362 1
6459419 1
6465925 1
6468845 1
6477815 1
6486331 1
6488685 1
6489260 1
6503114 1
6503655 1
6505328 1
6508726 1
6513153 1
6524876 1
6530831 1
6532353 1
6533528 1
6543129 1
6546664 1
6553396 1
6555049 1
6555981 1
6559852 1
6563469 1
6563698 1
6563802 1
6563924 1
6564580 1
6572243 1
6573615 1
6574388 1
6581512 1
6588464 1
6597468 1
6598083 1
6598978 1
6599069 1
6599245 1
6600342 1
6600754 1
6601121 1
6601764 1
6605203 1
6605780 1
6606856 1
6612378 1
6616643 1
6617120 1
6618564 1
6620291 1
6622132 1
6622489 1
6623455 1
6626588 1
6627828 1
6628823 1
6629592 1
6629930 1
6630046 1
6632314 1
6636861 1
6639377 1
6642768 1
6643132 1
6647765 1
6648131 1
6649646 1
6652809 1
6653941 1
6658438 1
6658438 1
6663567 1
6666321 1
6667415 1
6675213 1
6676153 1
6679307 1
6682269 1
6684652 1
6685611 1
6686482 1
6688198 1
6689146 1
6696899 1
6704207 1
6707290 1
6708942 1
6710469 1
6712583 1
6715883 1
6717480 1
6718158 1
6725329 1
6726053 1
6726456 1
6727190 1
6731239 1
6732890 1
6735396 1
6736570 1
6738833 1
6741808 1
6742138 1
6743334 1
6748086 1
6750162 1
6753086 1
6753736 1
6760468 1
6762500 1
6764026 1
6764234 1
6771501 1
6772653 1
6774441 1
6774581 1
6776134 1
6776201 1
6784445 1
6790576 1
6796039 1
6800352 1
6800954 1
6806368 1
6807146 1
6808651 1
6813074 1
6819666 1
6821254 1
6832345 1
6833569 1
6835191 1
6836117 1
6836325 1
6836708 1
6839359 1
6841372 1
6845435 1
6847075 1
6848930 1
6849487 1
6850842 1
6856445 1
6859716 1
6861738 1
6866575 1
6869954 1
6870247 1
6870276 1
6874564 1
6876482 1
6878014 1
6878685 1
6879137 1
6883821 1
6883935 1
6886294 1
6891583 1
6891852 1
6892663 1
6892862 1
6892939 1
6898149 1
6898968 1
6900955 1
6905713 1
6906917 1
6906997 1
6911122 1
6913832 1
6914722 1
6915719 1
6916956 1
6921321 1
6922777 1
6924505 1
6926270 1
6927442 1
6928102 1
6929271 1
6930982 1
6931213 1
6931355 1
6933422 1
6934992 1
6935803 1
6937514 1
6940665 1
6947592 1
6947704 1
6952875 1
6954083 1
6955311 1
6960614 1
6966532 1
6967585 1
6970408 1
6971021 1
6973485 1
6979918 1
6982824 1
6983984 1
6986879 1
7001598 1
7002033 1
7004341 1
7004671 1
7005276 1
7019059 1
7020326 1
7022023 1
7022299 1
7025149 1
7026919 1
7027528 1
7036555 1
7044599 1
7047265 1
7049292 1
7050750 1
7056332 1
7057187 1
7057310 1
7057701 1
7058589 1
7059174 1
7059799 1
7060972 1
7064169 1
7065769 1
7067555 1
7072737 1
7076841 1
7084700 1
7086972 1
7091429 1
7098257 1
7103542 1
7109297 1
7109610 1
7109622 1
7109898 1
7109901 1
7111514 1
7113248 1
7116095 1
7116379 1
7116672 1
7120593 1
7122797 1
7129746 1
7129796 1
7132934 1
7132943 1
7135474 1
7135601 1
7135810 1
7141193 1
7148193 1
7154109 1
7156296 1
7157447 1
7157687 1
7160653 1
7162793 1
7166560 1
7166658 1
7170399 1
7180410 1
7182401 1
7187984 1
7193556 1
7195800 1
7198185 1
7198344 1
7198407 1
7198407 1
7200444 1
7201961 1
7202491 1
7206330 1
7210829 1
7214060 1
7223654 1
7223714 1
7227903 1
7233528 1
7239041 1
7245118 1
7248410 1
7252235 1
7253714 1
7254659 1
7258933 1
7260216 1
7260723 1
7268775 1
7272265 1
7276851 1
7278320 1
7279683 1
7286322 1
7297175 1
7298189 1
7300847 1
7303471 1
7304295 1
7305800 1
7305913 1
7317496 1
7325017 1
7326528 1
7328268 1
7329425 1
7333149 1
7333330 1
7339483 1
7340156 1
7342302 1
7344812 1
7345635 1
7345719 1
7346208 1
7347191 1
7357550 1
7361337 1
7366117 1
7367108 1
7367752 1
7380155 1
7380157 1
7385008 1
7385215 1
7388386 1
7389692 1
7393137 1
7398226 1
7404614 1
7407338 1
7411681 1
7412965 1
7413896 1
7414989 1
7415492 1
7416749 1
7417387 1
7418140 1
7418771 1
7422127 1
7422600 1
7422767 1
7425770 1
7426954 1
7427108 1
7427887 1
7429540 1
7429788 1
7435516 1
7439892 1
7440411 1
7444344 1
7444778 1
7448902 1
7453518 1
7457423 1
7458048 1
7458968 1
7461145 1
7462273 1
7465603 1
7473929 1
7476336 1
7478196 1
7481592 1
7481592 1
7484093 1
7489255 1
7491463 1
7494652 1
7500579 1
7502689 1
7503264 1
7505676 1
7506107 1
7510496 1
7511193 1
7512030 1
7513876 1
7525580 1
7535402 1
7540702 1
7545623 1
7545803 1
7549134 1
7566659 1
7566843 1
7569856 1
7572381 1
7576744 1
7583927 1
7585115 1
7585321 1
7587803 1
7588452 1
7589013 1
7593905 1
7594447 1
7596407 1
7604342 1
7604397 1
7606132 1
7613120 1
7613786 1
7613938 1
7630685 1
7634032 1
7634839 1
7636283 1
7637844 1
7638612 1
7639474 1
7640207 1
7644775 1
7646327 1
7648871 1
7649084 1
7650690 1
7657909 1
7659910 1
7666265 1
7666376 1
7672519 1
7680781 1
7689886 1
7694610 1
7696581 1
7703822 1
7704337 1
7706554 1
7712465 1
7713496 1
7714989 1
7718851 1
7719898 1
7727225 1
7727743 1
7733707 1
7736112 1
7737041 1
7741644 1
7742985 1
7747405 1
7750012 1
7756440 1
7757487 1
7758703 1
7760439 1
7761908 1
7762824 1
7765162 1
7773000 1
7773873 1
7776517 1
7776579 1
7777014 1
7777498 1
7780120 1
7781798 1
7790465 1
7792500 1
7793524 1
7806181 1
7809933 1
7812732 1
7822362 1
7824932 1
7828342 1
7831550 1
7832187 1
7835757 1
7835912 1
7837919 1
7838658 1
7840526 1
7840982 1
7843882 1
7847899 1
7850402 1
7854575 1
7856183 1
7862833 1
7869482 1
7870405 1
7881261 1
7888370 1
7889932 1
7893840 1
7897454 1
7900815 1
7903818 1
7915826 1
7916123 1
7916123 1
7919869 1
7919888 1
7920001 1
7921791 1
7922253 1
7922999 1
7924770 1
7926350 1
7934839 1
7935407 1
7945609 1
7947232 1
7949924 1
7959194 1
7959790 1
7959940 1
7961086 1
7962063 1
7962491 1
7962781 1
7963701 1
7964590 1
7972178 1
7973153 1
7976742 1
7976995 1
7977800 1
7983027 1
7983027 1
7984539 1
7985547 1
7994283 1
7998001 1
7999364 1
7999884 1
8003617 1
8004051 1
8004267 1
8006667 1
8007846 1
8008665 1
8009254 1
8011070 1
8012411 1
8015903 1
8016228 1
8021923 1
8022142 1
8022781 1
8025921 1
8027997 1
8027997 1
8029827 1
8032407 1
8032811 1
8033330 1
8033594 1
8034651 1
8034913 1
8035947 1
8038547 1
8044826 1
8052751 1
8055489 1
8066659 1
8070345 1
8076795 1
8077662 1
8080649 1
8085957 1
8087094 1
8088415 1
8088958 1
8095573 1
8100737 1
8101115 1
8101761 1
8102257 1
8103876 1
8107032 1
8108157 1
8110061 1
8110360 1
8113858 1
8117057 1
8119753 1
8121314 1
8122243 1
8124120 1
8127521 1
8129402 1
8130805 1
8131751 1
8134020 1
8135420 1
8136053 1
8136422 1
8137980 1
8138808 1
8139046 1
8142999 1
8143556 1
8146617 1
8147740 1
8149723 1
8151296 1
8152722 1
8155026 1
8162642 1
8163329 1
8163502 1
8166564 1
8167964 1
8171444 1
8183925 1
8186739 1
8187357 1
8190080 1
8191130 1
8191130 1
8194066 1
8194301 1
8198238 1
8199850 1
8202083 1
8207662 1
8207912 1
8208547 1
8218791 1
8222270 1
8225157 1
8225884 1
8236505 1
8241610 1
8244672 1
8248184 1
8264056 1
8268632 1
8276670 1
8294151 1
8301920 1
8304119 1
8304130 1
8305811 1
8306881 1
26778 1
29812 1
47481 1
70704 1
81761 1
83320 1
88569 1
132485 1
137216 1
145967 1
149466 1
162760 1
162760 1
167451 1
219071 1
221434 1
228820 1
255497 1
263328 1
282464 1
295602 1
302337 1
306155 1
309014 1
315727 1
316243 1
336173 1
347377 1
359436 1
416034 1
448583 1
459436 1
478582 1
489024 1
500176 1
523032 1
526575 1
536467 1
563432 1
574515 1
582227 1
599171 1
612059 1
645841 1
647845 1
652430 1
658873 1
701691 1
721282 1
745557 1
754937 1
756793 1
778741 1
778762 1
823254 1
833590 1
839551 1
840884 1
865267 1
878881 1
880046 1
881957 1
894898 1
912481 1
916976 1
940938 1
953117 1
959155 1
982432 1
984343 1
1013125 1
1024419 1
1039495 1
1055029 1
1056870 1
1060809 1
1065806 1
1073548 1
1077925 1
1101411 1
1130811 1
1131015 1
1161252 1
1164455 1
1187813 1
1190075 1
1190395 1
1206096 1
1208293 1
1226177 1
1244265 1
1255842 1
1260693 1
1263139 1
1263446 1
1270834 1
1275713 1
1289380 1
1293478 1
1293693 1
1301370 1
1302529 1
1309911 1
1313790 1
1314917 1
1316554 1
1318729 1
1322054 1
1326546 1
1332656 1
1351544 1
1352531 1
1356131 1
1356443 1
1361520 1
1366691 1
1392373 1
1395949 1
1400426 1
1411746 1
1420578 1
1420971 1
1470834 1
1470839 1
1473968 1
1475290 1
1479649 1
1491078 1
1493645 1
1494446 1
1499630 1
1503850 1
1525756 1
1528814 1
1536371 1
1541706 1
1543054 1
1555885 1
1577014 1
1598130 1
1607544 1
1609398 1
1613123 1
1621536 1
1632269 1
1642454 1
1654566 1
1661348 1
1680603 1
1713539 1
1719678 1
1722929 1
1740512 1
1740633 1
1777944 1
1788457 1
1813715 1
1815607 1
1832045 1
1862566 1
1882658 1
1904697 1
1910089 1
1940350 1
1953969 1
1972605 1
1974077 1
1977417 1
1981747 1
1982479 1
1997214 1
2011570 1
2019315 1
2049005 1
2052743 1
2052743 1
2061014 1
2072878 1
2073903 1
2074921 1
2075527 1
2078225 1
2081269 1
2097386 1
2098778 1
2101906 1
2103713 1
2138632 1
2165692 1
2170536 1
2180909 1
2182824 1
2185340 1
2224253 1
2249011 1
2253922 1
2269207 1
2289768 1
2296746 1
2304231 1
2306957 1
2311733 1
2316865 1
2340831 1
2346595 1
2350475 1
2370553 1
2382975 1
2384842 1
2407919 1
2419818 1
2422599 1
2445851 1
2489815 1
2489815 1
2519219 1
2542919 1
2555187 1
2560439 1
2565631 1
2576683 1
2595795 1
2606438 1
2611930 1
2629532 1
2647019 1
2666410 1
2666840 1
2696842 1
2702768 1
2704027 1
2715520 1
2737608 1
2748078 1
2767985 1
2772316 1
2780393 1
2800030 1
2849479 1
2912576 1
2929042 1
2937349 1
2949765 1
2953914 1
2956530 1
2964383 1
2967546 1
2976421 1
2982290 1
2993794 1
2994536 1
3005581 1
3008052 1
3008312 1
3067645 1
3074793 1
3084162 1
3088779 1
3095102 1
3118498 1
3133403 1
3149950 1
3155054 1
3163891 1
3170357 1
3192291 1
3202814 1
3208656 1
3236508 1
3241730 1
3242901 1
3245828 1
3288219 1
3291111 1
3298419 1
3301780 1
3313726 1
3328944 1
3333870 1
3335015 1
3360573 1
3362241 1
3370871 1
3371528 1
3416096 1
3422704 1
3427316 1
3462471 1
3468180 1
3485769 1
3518600 1
3518600 1
3527445 1
3534281 1
3551028 1
3561374 1
3577847 1
3583310 1
3593650 1
3615666 1
3618536 1
3657349 1
3696351 1
3697035 1
3700704 1
3708029 1
3715751 1
3720006 1
3720659 1
3724121 1
3744425 1
3756258 1
3761512 1
3765024 1
3769011 1
3771259 1
3784862 1
3797346 1
3812854 1
3817527 1
3834348 1
3839198 1
3840768 1
3848725 1
3849322 1
3856179 1
3912828 1
3926350 1
3932320 1
3970766 1
3994500 1
4010990 1
4010990 1
4011214 1
4022378 1
4028238 1
4030250 1
4065460 1
4072803 1
4089467 1
4091677 1
4092422 1
4093060 1
4110058 1
4112566 1
4117518 1
4161264 1
4172817 1
4203125 1
4209658 1
4213263 1
4232917 1
4238061 1
4241047 1
4280608 1
4282657 1
4297330 1
4331724 1
4332472 1
4333699 1
4339403 1
4339919 1
4340422 1
4351814 1
4355734 1
4373018 1
4376649 1
4382033 1
4383348 1
4385861 1
4396619 1
4397374 1
4404351 1
4410505 1
4415197 1
4433685 1
4442236 1
4442236 1
4455370 1
4459698 1
4463750 1
4469438 1
4485158 1
4487135 1
4487801 1
4517121 1
4529058 1
4536735 1
4562892 1
4571118 1
4595468 1
4599491 1
4609210 1
4611854 1
4629143 1
4632852 1
4652208 1
4659028 1
4675900 1
4677344 1
4683595 1
4685616 1
4687959 1
4688195 1
4707255 1
4725032 1
4730639 1
4731858 1
4738374 1
4738844 1
4741742 1
4750212 1
4767027 1
4784294 1
4802920 1
4817588 1
4824046 1
4835772 1
4836356 1
4838457 1
4849611 1
4856860 1
4883430 1
4901696 1
4904693 1
4905711 1
4925702 1
4936623 1
4956153 1
4962610 1
4963191 1
4964964 1
4974574 1
4987125 1
5013210 1
5038038 1
5043780 1
5046477 1
5047017 1
5081471 1
5085769 1
5139607 1
5149456 1
5160835 1
5170858 1
5172767 1
5204766 1
5219875 1
5229643 1
5229938 1
5233536 1
5270574 1
5276055 1
5281391 1
5298080 1
5306588 1
5323776 1
5326204 1
5331642 1
5350366 1
5351344 1
5363644 1
5366692 1
5411551 1
5417391 1
5431862 1
5441140 1
5475464 1
5499733 1
5506330 1
5535948 1
5543358 1
5593528 1
5605033 1
5644641 1
5650739 1
5659771 1
5674720 1
5684203 1
5695658 1
5701437 1
5702830 1
5710619 1
5716844 1
5773984 1
5774832 1
5800102 1
5803624 1
5826369 1
5852046 1
5872476 1
5884956 1
5889932 1
5891512 1
5892426 1
5904504 1
5907722 1
5914662 1
5917552 1
5919979 1
5921564 1
5928937 1
5940050 1
5962758 1
5965257 1
5969482 1
6013248 1
6053284 1
6069429 1
6070527 1
6070792 1
6085372 1
6086500 1
6101078 1
6107999 1
6131847 1
6148238 1
6172384 1
6225125 1
6236924 1
6259631 1
6269119 1
6281224 1
6286827 1
6287243 1
6288687 1
6306584 1
6308865 1
6315731 1
6321597 1
6335191 1
6358041 1
6396039 1
6410001 1
6438274 1
6443605 1
6454505 1
6524595 1
6536665 1
6544087 1
6544132 1
6544960 1
6563487 1
6567699 1
6572099 1
6583561 1
6583591 1
6590038 1
6622466 1
6622895 1
6624877 1
6628950 1
6638522 1
6646090 1
6677603 1
6688044 1
6689561 1
6700614 1
6734374 1
6758917 1
6778531 1
6779694 1
6807317 1
6834563 1
6850147 1
6851006 1
6851386 1
6862461 1
6864123 1
6871113 1
6892532 1
6893316 1
6910641 1
6919071 1
6919163 1
6920408 1
6929150 1
6941136 1
6986356 1
6986827 1
6991429 1
6994872 1
6995004 1
6999741 1
7007561 1
7017524 1
7027159 1
7052057 1
7061841 1
7062766 1
7071036 1
7080078 1
7083475 1
7101440 1
7114541 1
7115873 1
7117807 1
7119694 1
7120632 1
7125440 1
7125904 1
7137164 1
7153262 1
7166789 1
7170872 1
7175473 1
7213475 1
7226939 1
7230787 1
7232252 1
7233728 1
7276584 1
7294997 1
7311694 1
7314192 1
7339901 1
7340224 1
7345949 1
7352410 1
7376860 1
7395408 1
7399105 1
7411078 1
7420656 1
7441491 1
7445642 1
7457102 1
7484550 1
7502590 1
7503414 1
7505339 1
7511923 1
7533742 1
7538390 1
7546111 1
7589614 1
7595022 1
7608769 1
7625946 1
7633082 1
7648916 1
7667836 1
7672485 1
7676234 1
7681038 1
7708309 1
7709643 1
7741594 1
7747240 1
7748686 1
7755091 1
7764466 1
7803306 1
7816264 1
7841614 1
7841796 1
7850786 1
7852562 1
7855713 1
7874039 1
7874241 1
7886317 1
7887160 1
7893116 1
7894312 1
7920096 1
7947017 1
7949459 1
7966208 1
7968427 1
7991283 1
7994054 1
7994727 1
7998321 1
8004202 1
8014435 1
8023621 1
8034210 1
8043675 1
8066955 1
8072220 1
8074120 1
8087755 1
8095836 1
8104603 1
8140707 1
8148733 1
8150759 1
8153018 1
8183122 1
8184151 1
8191232 1
8202995 1
8223905 1
8251852 1
8256388 1
8272136 1
8277042 1
8288128 1
8293330 1
