1854 1
4327 1
8609 1
9253 1
14694 1
18813 1
24814 1
26566 1
32011 1
32601 1
32601 1
32799 1
36627 1
45366 1
45366 1
46554 1
46616 1
47849 1
49339 1
53491 1
61680 1
62391 1
69143 1
77839 1
78458 1
86833 1
95536 1
98895 1
99542 1
99589 1
100292 1
102367 1
103160 1
104829 1
105461 1
108322 1
109202 1
109208 1
109232 1
110827 1
112346 1
112684 1
113379 1
115507 1
116668 1
121326 1
121656 1
123473 1
125207 1
126794 1
131059 1
131576 1
132559 1
135551 1
136966 1
138503 1
141385 1
141969 1
142974 1
147076 1
148254 1
148622 1
149953 1
150291 1
151131 1
152784 1
153088 1
153237 1
155458 1
155638 1
156065 1
163148 1
166654 1
168899 1
171459 1
172081 1
172284 1
174255 1
175947 1
176303 1
180566 1
182360 1
182517 1
185664 1
186572 1
194291 1
196738 1
197354 1
199200 1
202839 1
203289 1
204209 1
205291 1
208319 1
210740 1
214543 1
215200 1
217876 1
219308 1
220845 1
222070 1
224362 1
225338 1
225338 1
227780 1
228375 1
228610 1
230070 1
235010 1
237617 1
247321 1
248071 1
252871 1
265204 1
268309 1
270216 1
270575 1
272317 1
272813 1
273460 1
275156 1
278750 1
278750 1
282375 1
283568 1
283704 1
286553 1
295061 1
306581 1
312052 1
315704 1
315704 1
315704 1
321359 1
321874 1
322859 1
326810 1
326815 1
331124 1
333563 1
344270 1
346153 1
348671 1
356150 1
362219 1
370391 1
370611 1
375337 1
377432 1
378866 1
380402 1
393632 1
416580 1
425082 1
427807 1
428339 1
428860 1
430318 1
433840 1
438203 1
438766 1
439245 1
441188 1
444332 1
449589 1
451125 1
451447 1
454606 1
454779 1
456013 1
460092 1
460172 1
462191 1
463569 1
465447 1
471659 1
474327 1
477657 1
482768 1
484268 1
486727 1
499665 1
502999 1
506680 1
507560 1
512764 1
515195 1
515918 1
516678 1
524345 1
526138 1
527785 1
536101 1
546295 1
550164 1
555045 1
557363 1
561179 1
565040 1
565356 1
565838 1
566085 1
570051 1
570685 1
572210 1
572309 1
573569 1
577315 1
582850 1
583918 1
585568 1
589690 1
593007 1
593007 1
598688 1
598688 1
600592 1
600844 1
606855 1
612003 1
612654 1
613879 1
613928 1
618207 1
621220 1
623980 1
628524 1
628683 1
633760 1
641163 1
646336 1
646810 1
650879 1
654986 1
658023 1
667818 1
668919 1
672010 1
673481 1
674815 1
677613 1
677697 1
678491 1
679549 1
682282 1
683603 1
690409 1
692300 1
700312 1
708175 1
715110 1
716163 1
716311 1
716311 1
721643 1
724286 1
724860 1
725404 1
726475 1
727743 1
728680 1
734653 1
737517 1
742440 1
747476 1
751109 1
753279 1
753541 1
760072 1
761602 1
763304 1
764831 1
768787 1
772027 1
773228 1
775149 1
776087 1
778148 1
778873 1
780511 1
782278 1
787329 1
795756 1
800705 1
801426 1
801844 1
809365 1
819166 1
825008 1
826508 1
826601 1
827318 1
831201 1
831417 1
834945 1
836638 1
837079 1
839315 1
840345 1
846697 1
846935 1
848242 1
848926 1
851118 1
853975 1
854441 1
855293 1
860741 1
860903 1
862185 1
863702 1
863702 1
866787 1
871387 1
871540 1
879025 1
879276 1
890158 1
893525 1
899653 1
909362 1
910642 1
911871 1
912472 1
912864 1
912960 1
913042 1
913266 1
914290 1
915359 1
915426 1
915970 1
916370 1
921599 1
925981 1
927056 1
929745 1
929883 1
933182 1
933182 1
937668 1
943115 1
944549 1
946174 1
947471 1
952003 1
955970 1
956748 1
958373 1
959082 1
962591 1
966977 1
969723 1
972881 1
987229 1
987268 1
991518 1
991518 1
993139 1
999744 1
1006495 1
1007296 1
1008438 1
1011305 1
1011607 1
1013977 1
1017887 1
1018518 1
1018781 1
1020285 1
1020405 1
1022641 1
1025309 1
1029019 1
1030846 1
1030877 1
1038154 1
1042072 1
1045681 1
1048063 1
1049849 1
1059800 1
1060031 1
1061362 1
1066527 1
1066945 1
1069609 1
1069669 1
1070249 1
1070945 1
1073373 1
1073846 1
1076356 1
1077305 1
1079081 1
1080114 1
1086404 1
1088818 1
1091257 1
1091941 1
1094625 1
1100144 1
1100743 1
1100743 1
1101082 1
1101734 1
1103066 1
1103284 1
1103686 1
1104446 1
1106893 1
1107399 1
1107911 1
1112877 1
1113609 1
1113992 1
1114595 1
1114595 1
1115864 1
1118155 1
1136703 1
1136703 1
1137007 1
1137286 1
1140307 1
1141881 1
1146097 1
1148424 1
1151010 1
1153824 1
1154749 1
1155913 1
1161104 1
1162339 1
1165946 1
1172880 1
1174482 1
1176241 1
1177413 1
1193480 1
1195734 1
1199388 1
1200786 1
1204136 1
1205088 1
1205462 1
1207928 1
1209493 1
1209787 1
1211627 1
1215574 1
1218521 1
1222098 1
1222815 1
1225217 1
1225745 1
1225769 1
1225812 1
1225931 1
1230069 1
1230294 1
1238972 1
1240118 1
1240831 1
1240971 1
1241927 1
1241946 1
1249112 1
1249713 1
1253002 1
1254526 1
1255761 1
1263141 1
1270563 1
1274344 1
1275600 1
1275608 1
1277387 1
1280182 1
1287467 1
1289049 1
1290477 1
1292793 1
1292840 1
1296667 1
1302776 1
1304188 1
1305778 1
1307694 1
1307695 1
1307970 1
1309790 1
1311222 1
1314257 1
1315042 1
1316533 1
1316535 1
1323819 1
1324066 1
1330083 1
1333485 1
1335050 1
1343697 1
1344037 1
1348651 1
1349594 1
1349694 1
1350534 1
1351460 1
1355573 1
1366572 1
1370857 1
1371901 1
1373216 1
1373912 1
1376509 1
1379791 1
1379984 1
1385341 1
1386556 1
1386997 1
1387631 1
1389466 1
1390630 1
1391509 1
1395806 1
1397273 1
1397451 1
1399985 1
1400233 1
1401350 1
1413753 1
1419972 1
1423100 1
1427387 1
1433974 1
1442393 1
1443885 1
1445096 1
1452009 1
1456798 1
1459820 1
1460291 1
1460551 1
1464652 1
1470107 1
1471393 1
1472709 1
1479878 1
1480429 1
1482266 1
1482660 1
1483714 1
1491705 1
1493066 1
1493083 1
1499225 1
1500363 1
1503569 1
1504955 1
1505719 1
1506061 1
1506800 1
1509577 1
1509681 1
1511900 1
1512031 1
1514096 1
1514254 1
1514254 1
1518042 1
1519850 1
1520772 1
1521571 1
1523819 1
1525244 1
1528686 1
1533715 1
1537930 1
1538684 1
1542381 1
1546430 1
1546881 1
1547965 1
1552212 1
1553624 1
1555020 1
1555020 1
1559231 1
1560663 1
1566641 1
1566710 1
1568423 1
1568584 1
1570451 1
1575881 1
1580917 1
1584580 1
1588697 1
1588803 1
1590774 1
1591994 1
1593864 1
1599315 1
1601901 1
1603657 1
1606371 1
1609040 1
1609079 1
1609446 1
1610532 1
1611350 1
1611550 1
1612100 1
1615730 1
1619231 1
1623587 1
1624020 1
1626834 1
1627409 1
1629242 1
1629546 1
1629784 1
1629917 1
1632645 1
1638073 1
1639644 1
1639837 1
1641834 1
1641914 1
1642340 1
1642598 1
1648197 1
1652662 1
1659266 1
1660080 1
1661757 1
1663748 1
1664765 1
1666873 1
1669383 1
1670755 1
1671255 1
1672224 1
1672232 1
1672790 1
1673328 1
1673637 1
1673883 1
1676159 1
1676418 1
1676418 1
1677286 1
1685596 1
1689611 1
1693162 1
1693821 1
1694495 1
1694501 1
1699471 1
1700115 1
1700465 1
1701069 1
1702042 1
1702671 1
1704292 1
1705609 1
1705916 1
1708002 1
1709748 1
1713065 1
1715527 1
1722378 1
1724028 1
1729224 1
1730130 1
1730308 1
1733538 1
1733954 1
1739077 1
1740923 1
1745868 1
1748938 1
1751387 1
1759150 1
1759873 1
1761875 1
1765525 1
1766887 1
1768749 1
1769523 1
1771597 1
1771673 1
1778124 1
1779834 1
1782178 1
1785118 1
1787612 1
1789222 1
1790684 1
1793463 1
1801562 1
1802927 1
1809299 1
1815488 1
1816044 1
1820467 1
1825985 1
1826727 1
1827332 1
1830932 1
1831493 1
1831838 1
1845059 1
1846080 1
1847217 1
1848190 1
1849532 1
1850184 1
1853004 1
1853431 1
1853849 1
1856968 1
1859410 1
1860397 1
1864900 1
1868845 1
1869096 1
1873452 1
1877388 1
1877472 1
1880739 1
1882530 1
1891102 1
1897171 1
1899674 1
1905379 1
1905613 1
1905869 1
1909538 1
1911519 1
1911935 1
1913401 1
1914817 1
1919044 1
1919451 1
1928954 1
1932085 1
1935259 1
1940267 1
1941704 1
1949096 1
1958589 1
1962970 1
1964793 1
1968587 1
1969643 1
1983081 1
1987390 1
1994256 1
1995319 1
1999536 1
2001875 1
2003359 1
2005726 1
2006990 1
2011952 1
2016578 1
2016759 1
2020667 1
2021425 1
2022187 1
2025359 1
2027217 1
2027923 1
2028602 1
2031170 1
2037037 1
2039994 1
2041966 1
2047426 1
2047663 1
2050826 1
2060515 1
2062545 1
2064502 1
2068939 1
2069975 1
2078343 1
2079154 1
2083791 1
2089546 1
2089583 1
2095097 1
2095221 1
2096993 1
2100615 1
2102392 1
2104440 1
2104607 1
2108840 1
2108842 1
2109638 1
2110990 1
2114909 1
2116315 1
2118244 1
2120258 1
2121215 1
2126925 1
2136303 1
2139702 1
2140152 1
2141872 1
2142407 1
2143650 1
2151620 1
2151872 1
2154644 1
2157197 1
2158918 1
2164905 1
2186152 1
2194164 1
2209896 1
2213433 1
2215684 1
2215804 1
2221380 1
2227744 1
2228499 1
2231187 1
2231591 1
2231895 1
2233378 1
2237375 1
2239214 1
2250956 1
2258642 1
2259354 1
2260604 1
2261055 1
2263321 1
2265488 1
2270502 1
2272760 1
2273799 1
2274166 1
2278158 1
2282222 1
2282347 1
2282773 1
2286637 1
2291085 1
2293840 1
2294236 1
2297907 1
2305001 1
2310881 1
2313726 1
2316844 1
2318073 1
2319023 1
2322877 1
2328855 1
2332212 1
2334408 1
2340555 1
2341813 1
2354362 1
2358071 1
2372606 1
2375216 1
2376187 1
2377629 1
2387910 1
2389878 1
2390019 1
2390516 1
2391923 1
2392831 1
2396681 1
2396864 1
2397185 1
2402175 1
2407254 1
2408026 1
2408366 1
2409319 1
2412332 1
2418834 1
2423140 1
2423352 1
2428810 1
2428902 1
2430786 1
2437506 1
2441824 1
2441853 1
2442629 1
2450065 1
2454036 1
2460441 1
2462365 1
2465334 1
2467862 1
2471412 1
2473733 1
2485897 1
2489042 1
2492787 1
2510607 1
2512462 1
2514057 1
2520759 1
2521898 1
2522610 1
2524375 1
2525447 1
2529321 1
2530773 1
2530773 1
2531398 1
2539048 1
2541489 1
2552022 1
2553950 1
2554099 1
2558754 1
2563270 1
2563665 1
2565080 1
2567245 1
2568449 1
2569882 1
2570798 1
2571176 1
2581634 1
2582976 1
2586780 1
2588487 1
2589405 1
2589653 1
2590019 1
2594288 1
2605208 1
2605773 1
2606642 1
2608073 1
2608957 1
2609629 1
2611691 1
2616405 1
2623866 1
2636957 1
2637260 1
2637934 1
2643037 1
2643041 1
2643197 1
2645433 1
2647293 1
2648823 1
2650151 1
2665393 1
2666761 1
2671849 1
2676287 1
2676767 1
2681321 1
2687172 1
2693634 1
2697275 1
2701758 1
2703377 1
2721201 1
2728112 1
2731320 1
2731478 1
2731698 1
2735384 1
2736216 1
2736430 1
2741754 1
2747845 1
2761106 1
2761982 1
2769512 1
2772032 1
2773955 1
2773959 1
2776166 1
2776403 1
2777166 1
2777166 1
2782674 1
2785479 1
2787294 1
2788865 1
2789785 1
2789928 1
2790680 1
2796956 1
2800044 1
2800477 1
2806161 1
2809055 1
2817574 1
2817778 1
2827397 1
2828928 1
2841929 1
2842848 1
2843696 1
2850616 1
2858896 1
2859151 1
2863786 1
2864590 1
2866786 1
2867157 1
2867711 1
2870594 1
2874507 1
2878864 1
2879632 1
2880943 1
2882235 1
2882365 1
2883258 1
2889471 1
2891021 1
2895893 1
2897503 1
2900745 1
2907248 1
2910350 1
2915116 1
2919860 1
2919996 1
2926127 1
2927951 1
2929199 1
2929482 1
2931439 1
2932146 1
2938031 1
2939914 1
2944383 1
2946560 1
2949532 1
2953146 1
2955731 1
2958177 1
2963567 1
2964976 1
2966212 1
2966258 1
2969470 1
2974989 1
2976857 1
2983088 1
2993378 1
2998819 1
3000923 1
3003214 1
3005921 1
3006542 1
3007201 1
3008364 1
3008554 1
3009366 1
3013343 1
3015146 1
3015728 1
3015891 1
3017760 1
3024624 1
3026527 1
3030691 1
3048418 1
3049768 1
3049982 1
3053951 1
3055159 1
3056830 1
3058123 1
3058785 1
3065450 1
3066928 1
3077639 1
3077686 1
3080896 1
3082987 1
3084664 1
3084869 1
3091966 1
3092992 1
3093638 1
3093770 1
3094834 1
3096483 1
3104868 1
3105732 1
3106253 1
3106584 1
3107806 1
3111148 1
3112614 1
3112751 1
3113184 1
3121809 1
3122014 1
3122140 1
3125417 1
3125984 1
3125984 1
3128033 1
3134022 1
3134380 1
3144322 1
3144393 1
3146365 1
3146781 1
3149401 1
3150434 1
3151160 1
3152262 1
3153428 1
3156832 1
3159331 1
3159890 1
3161988 1
3162004 1
3162845 1
3163750 1
3179389 1
3180585 1
3181743 1
3183519 1
3184146 1
3189359 1
3190928 1
3192348 1
3192450 1
3193657 1
3195508 1
3198512 1
3198621 1
3204143 1
3204862 1
3209479 1
3209580 1
3209929 1
3210441 1
3210783 1
3212160 1
3217219 1
3221519 1
3222007 1
3226699 1
3231720 1
3231878 1
3233083 1
3233238 1
3234983 1
3238205 1
3241368 1
3248589 1
3250757 1
3253439 1
3260240 1
3261789 1
3262553 1
3265081 1
3266445 1
3266664 1
3269441 1
3271276 1
3272662 1
3275512 1
3276510 1
3278178 1
3281696 1
3288610 1
3289899 1
3290392 1
3291238 1
3291851 1
3294648 1
3294833 1
3295645 1
3303658 1
3303658 1
3305366 1
3307895 1
3308681 1
3308941 1
3309024 1
3311334 1
3312884 1
3319422 1
3326947 1
3329667 1
3330213 1
3337062 1
3337062 1
3342623 1
3342632 1
3345057 1
3348319 1
3350490 1
3358563 1
3359382 1
3361328 1
3361380 1
3363252 1
3364323 1
3366388 1
3374573 1
3382616 1
3382616 1
3384828 1
3385020 1
3390380 1
3390599 1
3392401 1
3396507 1
3406969 1
3407696 1
3413163 1
3415080 1
3415106 1
3418506 1
3427971 1
3430229 1
3432469 1
3432481 1
3438326 1
3439243 1
3440133 1
3441042 1
3451622 1
3454413 1
3462506 1
3467497 1
3468851 1
3470115 1
3473063 1
3476269 1
3477902 1
3479766 1
3480191 1
3480767 1
3489795 1
3493505 1
3496908 1
3498125 1
3500975 1
3502488 1
3504739 1
3505299 1
3506589 1
3509012 1
3509952 1
3510882 1
3511302 1
3512672 1
3516465 1
3517261 1
3517810 1
3518581 1
3518899 1
3521396 1
3521741 1
3522255 1
3523019 1
3525813 1
3540066 1
3544992 1
3554116 1
3554116 1
3554116 1
3554116 1
3559354 1
3559796 1
3560153 1
3567707 1
3573385 1
3576773 1
3577603 1
3581374 1
3584005 1
3589692 1
3603889 1
3606309 1
3612683 1
3613523 1
3618138 1
3618545 1
3622506 1
3630976 1
3633972 1
3636092 1
3636655 1
3640263 1
3640442 1
3643072 1
3644191 1
3649626 1
3651979 1
3652670 1
3653449 1
3654944 1
3655701 1
3656170 1
3656230 1
3658598 1
3658599 1
3658832 1
3659637 1
3675371 1
3675724 1
3683067 1
3688592 1
3691181 1
3699274 1
3700717 1
3701252 1
3703763 1
3718875 1
3721645 1
3729526 1
3732642 1
3732816 1
3736239 1
3739283 1
3739431 1
3741834 1
3743759 1
3744722 1
3746009 1
3748662 1
3757532 1
3758174 1
3759807 1
3768710 1
3771923 1
3773418 1
3777132 1
3778692 1
3780337 1
3783420 1
3783990 1
3784225 1
3784370 1
3789143 1
3789875 1
3790778 1
3797798 1
3801569 1
3801949 1
3803848 1
3806946 1
3811886 1
3828121 1
3830294 1
3835231 1
3840713 1
3843263 1
3845994 1
3846267 1
3852158 1
3852763 1
3855260 1
3856650 1
3857460 1
3860958 1
3863407 1
3865238 1
3866762 1
3867844 1
3871542 1
3872882 1
3874105 1
3874331 1
3874416 1
3876155 1
3877909 1
3878987 1
3879174 1
3880991 1
3895133 1
3898421 1
3898758 1
3899727 1
3908225 1
3909139 1
3911137 1
3916857 1
3917577 1
3918059 1
3936940 1
3937263 1
3937713 1
3942377 1
3944846 1
3945823 1
3946406 1
3947520 1
3951002 1
3952761 1
3956225 1
3961342 1
3961585 1
3962253 1
3970101 1
3973435 1
3973857 1
3976168 1
3976760 1
3983291 1
3985362 1
3985885 1
3987598 1
3994732 1
3996720 1
4001321 1
4003024 1
4006440 1
4015467 1
4018433 1
4020584 1
4021155 1
4021748 1
4023140 1
4025083 1
4025184 1
4025958 1
4026677 1
4027010 1
4027881 1
4031792 1
4033600 1
4035758 1
4037415 1
4039352 1
4040059 1
4044450 1
4045455 1
4047464 1
4049603 1
4055322 1
4056095 1
4062985 1
4063277 1
4065885 1
4068697 1
4069044 1
4069070 1
4070203 1
4070599 1
4070864 1
4072181 1
4073750 1
4073878 1
4075000 1
4077822 1
4078947 1
4078979 1
4083980 1
4084396 1
4092097 1
4093814 1
4102039 1
4102821 1
4105357 1
4111179 1
4115178 1
4116220 1
4138211 1
4144358 1
4144542 1
4144590 1
4153662 1
4158436 1
4160807 1
4164058 1
4166801 1
4172063 1
4174782 1
4179525 1
4179827 1
4186558 1
4186909 1
4190218 1
4190353 1
4193381 1
4194957 1
4195401 1
4195477 1
4195734 1
4196722 1
4196922 1
4197110 1
4198407 1
4199582 1
4199769 1
4199971 1
4209596 1
4210384 1
4210574 1
4210574 1
4210955 1
4216155 1
4218440 1
4220725 1
4225188 1
4226163 1
4231951 1
4233723 1
4237022 1
4240840 1
4241040 1
4241073 1
4243995 1
4246599 1
4252379 1
4258863 1
4258896 1
4259751 1
4261287 1
4262307 1
4262443 1
4264713 1
4267468 1
4268058 1
4270023 1
4271573 1
4271777 1
4274891 1
4282817 1
4286433 1
4291844 1
4296400 1
4297985 1
4316369 1
4324864 1
4337336 1
4337896 1
4340198 1
4341884 1
4342290 1
4342915 1
4342915 1
4343789 1
4345890 1
4346253 1
4346860 1
4347712 1
4351311 1
4352114 1
4356825 1
4357750 1
4357926 1
4359930 1
4362184 1
4369458 1
4370226 1
4373982 1
4374015 1
4375264 1
4375424 1
4375424 1
4378340 1
4378340 1
4379429 1
4379707 1
4380384 1
4382634 1
4384917 1
4385609 1
4392679 1
4392741 1
4393711 1
4396882 1
4397363 1
4399323 1
4400013 1
4400054 1
4400667 1
4401918 1
4403152 1
4404724 1
4404769 1
4409250 1
4414617 1
4416553 1
4416741 1
4418544 1
4422561 1
4422573 1
4432801 1
4438454 1
4440804 1
4441028 1
4445053 1
4445234 1
4449655 1
4460003 1
4461646 1
4468699 1
4470012 1
4470094 1
4474287 1
4474636 1
4474650 1
4477722 1
4477885 1
4478706 1
4479133 1
4481464 1
4482680 1
4487361 1
4488303 1
4492246 1
4494981 1
4496159 1
4496406 1
4496409 1
4500096 1
4501900 1
4503092 1
4505014 1
4505247 1
4508695 1
4508716 1
4513853 1
4516137 1
4519478 1
4519601 1
4524293 1
4525288 1
4534985 1
4535885 1
4536380 1
4541852 1
4546360 1
4552669 1
4556209 1
4562168 1
4564111 1
4577546 1
4578673 1
4591606 1
4595174 1
4603688 1
4605237 1
4609609 1
4609625 1
4614576 1
4617316 1
4617890 1
4618843 1
4622864 1
4633514 1
4633529 1
4634413 1
4635578 1
4647927 1
4648421 1
4648526 1
4651724 1
4661314 1
4661905 1
4667929 1
4673965 1
4674563 1
4680571 1
4682629 1
4684547 1
4685034 1
4687240 1
4692868 1
4693351 1
4697100 1
4702710 1
4704927 1
4715567 1
4717773 1
4722351 1
4726099 1
4726157 1
4731776 1
4732847 1
4735588 1
4735672 1
4735703 1
4736608 1
4736981 1
4736993 1
4737860 1
4738171 1
4738660 1
4747807 1
4748592 1
4756881 1
4763248 1
4769372 1
4775624 1
4775954 1
4775962 1
4787541 1
4787648 1
4791505 1
4794415 1
4798243 1
4799944 1
4800666 1
4802801 1
4805957 1
4806068 1
4807458 1
4809329 1
4811235 1
4811905 1
4812031 1
4812170 1
4816646 1
4816906 1
4821805 1
4823146 1
4823929 1
4832402 1
4835289 1
4835742 1
4838897 1
4839063 1
4845983 1
4846995 1
4847637 1
4859924 1
4867375 1
4869085 1
4869944 1
4870779 1
4871044 1
4872761 1
4873684 1
4879079 1
4879974 1
4881893 1
4883234 1
4884562 1
4891454 1
4894748 1
4894934 1
4896369 1
4896667 1
4896809 1
4898544 1
4900040 1
4900668 1
4909194 1
4915614 1
4923802 1
4927244 1
4931008 1
4931230 1
4943356 1
4944963 1
4950992 1
4951071 1
4951184 1
4952027 1
4957596 1
4959604 1
4960733 1
4964847 1
4966746 1
4967270 1
4970114 1
4971750 1
4974501 1
4975655 1
4976599 1
4980582 1
4983496 1
4990745 1
4999662 1
4999840 1
5000761 1
5004123 1
5004496 1
5006103 1
5016755 1
5022283 1
5022723 1
5033027 1
5035871 1
5037234 1
5043706 1
5045225 1
5049452 1
5049673 1
5050636 1
5052833 1
5054595 1
5074658 1
5074956 1
5075810 1
5078551 1
5082270 1
5088068 1
5092346 1
5104559 1
5107161 1
5109046 1
5110000 1
5114344 1
5115702 1
5115954 1
5117869 1
5135743 1
5136665 1
5137538 1
5146278 1
5154834 1
5168462 1
5172230 1
5173292 1
5179351 1
5189293 1
5194567 1
5195722 1
5198477 1
5200106 1
5201806 1
5210754 1
5211231 1
5221436 1
5221672 1
5223499 1
5234544 1
5239157 1
5239660 1
5241547 1
5242094 1
5242398 1
5244102 1
5245415 1
5252981 1
5258689 1
5258748 1
5260226 1
5262081 1
5267183 1
5268571 1
5268798 1
5273792 1
5280852 1
5284540 1
5289704 1
5291132 1
5291201 1
5291805 1
5293403 1
5293943 1
5294124 1
5298452 1
5299624 1
5306652 1
5313145 1
5317605 1
5321936 1
5323227 1
5323293 1
5323334 1
5330716 1
5331445 1
5340382 1
5345604 1
5347073 1
5349024 1
5350638 1
5351195 1
5351389 1
5352777 1
5356422 1
5357574 1
5363446 1
5376801 1
5382566 1
5383102 1
5405105 1
5406704 1
5413673 1
5414167 1
5418372 1
5419508 1
5421912 1
5424978 1
5426766 1
5427099 1
5429978 1
5430376 1
5436312 1
5437381 1
5440559 1
5441130 1
5442559 1
5445673 1
5446948 1
5448200 1
5450065 1
5453680 1
5460599 1
5465266 1
5477204 1
5480996 1
5485539 1
5486774 1
5487440 1
5493849 1
5495306 1
5497820 1
5497905 1
5502921 1
5509199 1
5512877 1
5515596 1
5525690 1
5526344 1
5527291 1
5529315 1
5530925 1
5531024 1
5531298 1
5531840 1
5540156 1
5540853 1
5549732 1
5552142 1
5553615 1
5556458 1
5557953 1
5565790 1
5567182 1
5567669 1
5575298 1
5578854 1
5579482 1
5590008 1
5591466 1
5592405 1
5595630 1
5596312 1
5596597 1
5597632 1
5600227 1
5600387 1
5607388 1
5619048 1
5619699 1
5621539 1
5625156 1
5628579 1
5628622 1
5628858 1
5636230 1
5639273 1
5640054 1
5642982 1
5644443 1
5646448 1
5648090 1
5649161 1
5649666 1
5651220 1
5653616 1
5656626 1
5657889 1
5658263 1
5659021 1
5659023 1
5659620 1
5659623 1
5662948 1
5664808 1
5665003 1
5665031 1
5666055 1
5666128 1
5667969 1
5669558 1
5672735 1
5677352 1
5678312 1
5681225 1
5682909 1
5688264 1
5692585 1
5693820 1
5694099 1
5694399 1
5697318 1
5703068 1
5709177 1
5709852 1
5710418 1
5710429 1
5712919 1
5714114 1
5716168 1
5717701 1
5720293 1
5721352 1
5724375 1
5724704 1
5727252 1
5740835 1
5752175 1
5757188 1
5757506 1
5786235 1
5787100 1
5791073 1
5800160 1
5803280 1
5805829 1
5806214 1
5806580 1
5806961 1
5809094 1
5809761 1
5810816 1
5819594 1
5820626 1
5822374 1
5822593 1
5823527 1
5823941 1
5826867 1
5827693 1
5852128 1
5852397 1
5852428 1
5852788 1
5862582 1
5869246 1
5869662 1
5882170 1
5882479 1
5889900 1
5894183 1
5894304 1
5894684 1
5895340 1
5895526 1
5902268 1
5903591 1
5909212 1
5914214 1
5914214 1
5916592 1
5919696 1
5921140 1
5921355 1
5923532 1
5924112 1
5927083 1
5928644 1
5929769 1
5934248 1
5938319 1
5942366 1
5945350 1
5946236 1
5948808 1
5949265 1
5951213 1
5952095 1
5955394 1
5962761 1
5969122 1
5969787 1
5969912 1
5970012 1
5970163 1
5972883 1
5979921 1
5980496 1
5983204 1
5984080 1
5986598 1
5992189 1
5994194 1
5996037 1
5996365 1
5998284 1
6001671 1
6005727 1
6010096 1
6010422 1
6011423 1
6011584 1
6019067 1
6022528 1
6025754 1
6028611 1
6042555 1
6042762 1
6046943 1
6048047 1
6052155 1
6052702 1
6055567 1
6058475 1
6059592 1
6060830 1
6063635 1
6066366 1
6073079 1
6085307 1
6085872 1
6092285 1
6096252 1
6102550 1
6104281 1
6106418 1
6115270 1
6121279 1
6121347 1
6123057 1
6129564 1
6130928 1
6138164 1
6141310 1
6143316 1
6148096 1
6148688 1
6151285 1
6152464 1
6153360 1
6154364 1
6154785 1
6155861 1
6162694 1
6163455 1
6167348 1
6180217 1
6182640 1
6184699 1
6186626 1
6186918 1
6187831 1
6197761 1
6198467 1
6199873 1
6200207 1
6207481 1
6233164 1
6238856 1
6240448 1
6244081 1
6254049 1
6254640 1
6256206 1
6256700 1
6262236 1
6264043 1
6265094 1
6265121 1
6267185 1
6269966 1
6272246 1
6274179 1
6276653 1
6276984 1
6279322 1
6280986 1
6290887 1
6293774 1
6294715 1
6296222 1
6297398 1
6299411 1
6300019 1
6300423 1
6300663 1
6300783 1
6302024 1
6302024 1
6302024 1
6302024 1
6302925 1
6304667 1
6305353 1
6307672 1
6310973 1
6311080 1
6312453 1
6313574 1
6316099 1
6324486 1
6332961 1
6337565 1
6339753 1
6341741 1
6341901 1
6345799 1
6346306 1
6348259 1
6350821 1
6351573 1
6353730 1
6357100 1
6359782 1
6363385 1
6365142 1
6366602 1
6367557 1
6372026 1
6377408 1
6377957 1
6379240 1
6380541 1
6383443 1
6384217 1
6395554 1
6396344 1
6407635 1
6412092 1
6417041 1
6417888 1
6418639 1
6421336 1
6422084 1
6423319 1
6424447 1
6425538 1
6426568 1
6428681 1
6434476 1
6435920 1
6436512 1
6448264 1
6452738 1
6452750 1
6455435 1
6459912 1
6464926 1
6466800 1
6471148 1
6480172 1
6480792 1
6481780 1
6481943 1
6485012 1
6485213 1
6485426 1
6489970 1
6497573 1
6498260 1
6498292 1
6501331 1
6501788 1
6502133 1
6503721 1
6505172 1
6507862 1
6508047 1
6509971 1
6516979 1
6520116 1
6520760 1
6521807 1
6529652 1
6532744 1
6533474 1
6535299 1
6535591 1
6537496 1
6538293 1
6540925 1
6544365 1
6547481 1
6547906 1
6554864 1
6559340 1
6559653 1
6569142 1
6572055 1
6579001 1
6581543 1
6582019 1
6582398 1
6584709 1
6584852 1
6586307 1
6587194 1
6591511 1
6593661 1
6598480 1
6598595 1
6601047 1
6602881 1
6605844 1
6609139 1
6615818 1
6618039 1
6618039 1
6626181 1
6628575 1
6629270 1
6629450 1
6631660 1
6633100 1
6638132 1
6638541 1
6639912 1
6640385 1
6646725 1
6647777 1
6648905 1
6650833 1
6651878 1
6656800 1
6680937 1
6687141 1
6690609 1
6692073 1
6692443 1
6696997 1
6697964 1
6712560 1
6714920 1
6721490 1
6723659 1
6726623 1
6727436 1
6728278 1
6730449 1
6731052 1
6732493 1
6732728 1
6732803 1
6733095 1
6738015 1
6738579 1
6739128 1
6741667 1
6746087 1
6748195 1
6748256 1
6750873 1
6750982 1
6754268 1
6764484 1
6766694 1
6769744 1
6769872 1
6771008 1
6771479 1
6773309 1
6773392 1
6773566 1
6776173 1
6776982 1
6779281 1
6783331 1
6787877 1
6787918 1
6790412 1
6795650 1
6796531 1
6798222 1
6805761 1
6805976 1
6807636 1
6811639 1
6816214 1
6818728 1
6821490 1
6825455 1
6826604 1
6835589 1
6849386 1
6849452 1
6849533 1
6852311 1
6859651 1
6860002 1
6862790 1
6865687 1
6868771 1
6870333 1
6871251 1
6871808 1
6872755 1
6873140 1
6877391 1
6878556 1
6879634 1
6882444 1
6883380 1
6885193 1
6889212 1
6892978 1
6893119 1
6895276 1
6896497 1
6897837 1
6898029 1
6902064 1
6911801 1
6920621 1
6922439 1
6922868 1
6924140 1
6927682 1
6931108 1
6931316 1
6931418 1
6932535 1
6932984 1
6934418 1
6934495 1
6940462 1
6944414 1
6944690 1
6945053 1
6946914 1
6946914 1
6950099 1
6950860 1
6952418 1
6954685 1
6957423 1
6957423 1
6957854 1
6958050 1
6958059 1
6960355 1
6962753 1
6973209 1
6975025 1
6975033 1
6980769 1
6981661 1
6983209 1
6985738 1
6987932 1
6995060 1
6998189 1
6999160 1
6999877 1
7002478 1
7003530 1
7010960 1
7016402 1
7021649 1
7030310 1
7032485 1
7034971 1
7035161 1
7037371 1
7046267 1
7046613 1
7050480 1
7051053 1
7051498 1
7057845 1
7057962 1
7059040 1
7059438 1
7061687 1
7065194 1
7067164 1
7068812 1
7068889 1
7069290 1
7070023 1
7073922 1
7074154 1
7076929 1
7077348 1
7078380 1
7079817 1
7080817 1
7093077 1
7096491 1
7098360 1
7102718 1
7103392 1
7106800 1
7106834 1
7107832 1
7110908 1
7111339 1
7112266 1
7113504 1
7114187 1
7114260 1
7115357 1
7116110 1
7116999 1
7118274 1
7123538 1
7123668 1
7123708 1
7123759 1
7124109 1
7124483 1
7124483 1
7124705 1
7127620 1
7129059 1
7130557 1
7131440 1
7134420 1
7142342 1
7143332 1
7147092 1
7149670 1
7151551 1
7162540 1
7164338 1
7165278 1
7165319 1
7166055 1
7166417 1
7166979 1
7170186 1
7171742 1
7173607 1
7175730 1
7179857 1
7180480 1
7182649 1
7189755 1
7191889 1
7192729 1
7193494 1
7193777 1
7194249 1
7208052 1
7209894 1
7212234 1
7222007 1
7223127 1
7223854 1
7224329 1
7225302 1
7228452 1
7232136 1
7233731 1
7234003 1
7247566 1
7247681 1
7251261 1
7251450 1
7254855 1
7255759 1
7256874 1
7261571 1
7264747 1
7265313 1
7266630 1
7266856 1
7271423 1
7273374 1
7275780 1
7276229 1
7278540 1
7279018 1
7279840 1
7281793 1
7289135 1
7289365 1
7292775 1
7293861 1
7293932 1
7308040 1
7310014 1
7314001 1
7317440 1
7318314 1
7321836 1
7323855 1
7323856 1
7323923 1
7325882 1
7327084 1
7338141 1
7339213 1
7339521 1
7344912 1
7346307 1
7349571 1
7355859 1
7356334 1
7357390 1
7367730 1
7371267 1
7374334 1
7376124 1
7377711 1
7379886 1
7381259 1
7381627 1
7382253 1
7390391 1
7391883 1
7394567 1
7394573 1
7394968 1
7397303 1
7404573 1
7405423 1
7406129 1
7411358 1
7412900 1
7414699 1
7417258 1
7419378 1
7420330 1
7420576 1
7421060 1
7421217 1
7422325 1
7424778 1
7429190 1
7433176 1
7436511 1
7437990 1
7438780 1
7440377 1
7441151 1
7448442 1
7454160 1
7454760 1
7455601 1
7457556 1
7457943 1
7461708 1
7465005 1
7467149 1
7475467 1
7485275 1
7486023 1
7494483 1
7498373 1
7501071 1
7501449 1
7506216 1
7506216 1
7506216 1
7506216 1
7506216 1
7506750 1
7508575 1
7510317 1
7510576 1
7513421 1
7513842 1
7515169 1
7524797 1
7527410 1
7530233 1
7530371 1
7531852 1
7534213 1
7536485 1
7538353 1
7540435 1
7542101 1
7542703 1
7543973 1
7544860 1
7545840 1
7552322 1
7553970 1
7556427 1
7556540 1
7558006 1
7563849 1
7567619 1
7571915 1
7578304 1
7578574 1
7585237 1
7589351 1
7589508 1
7590098 1
7591834 1
7592905 1
7595906 1
7595985 1
7596740 1
7597501 1
7601113 1
7609001 1
7609248 1
7610637 1
7612698 1
7615169 1
7618262 1
7623536 1
7624442 1
7630405 1
7636405 1
7645863 1
7646777 1
7648787 1
7650324 1
7651720 1
7652676 1
7654718 1
7655692 1
7655696 1
7656291 1
7656338 1
7656611 1
7657141 1
7662035 1
7662690 1
7666775 1
7667021 1
7669294 1
7670613 1
7675974 1
7679165 1
7682836 1
7689956 1
7697032 1
7705095 1
7705175 1
7706896 1
7708583 1
7710233 1
7715825 1
7720568 1
7723495 1
7723495 1
7726896 1
7728669 1
7729908 1
7730128 1
7731930 1
7740060 1
7742161 1
7743518 1
7748807 1
7750621 1
7754069 1
7756820 1
7758160 1
7759307 1
7761057 1
7763744 1
7770426 1
7773227 1
7774497 1
7776090 1
7777503 1
7789269 1
7792161 1
7793741 1
7794667 1
7801644 1
7803526 1
7811538 1
7811656 1
7816399 1
7826443 1
7830294 1
7831044 1
7836258 1
7837223 1
7837820 1
7840962 1
7841391 1
7846761 1
7848130 1
7849253 1
7852852 1
7854252 1
7854331 1
7857795 1
7861335 1
7862680 1
7864274 1
7869575 1
7870771 1
7873152 1
7874598 1
7875684 1
7875960 1
7876506 1
7877907 1
7884134 1
7884216 1
7888073 1
7889251 1
7890756 1
7892402 1
7902572 1
7909029 1
7911000 1
7913581 1
7918057 1
7922918 1
7924269 1
7925050 1
7925050 1
7925123 1
7928387 1
7928566 1
7930438 1
7931600 1
7939481 1
7943342 1
7947455 1
7951009 1
7957255 1
7957720 1
7959085 1
7959844 1
7960166 1
7964834 1
7970446 1
7971062 1
7971223 1
7975195 1
7980836 1
7981818 1
7991871 1
7997648 1
7998438 1
8001008 1
8001182 1
8001970 1
8003956 1
8010522 1
8011033 1
8011658 1
8011871 1
8012219 1
8012960 1
8013692 1
8016618 1
8017688 1
8022532 1
8025056 1
8025586 1
8029305 1
8031657 1
8036914 1
8038458 1
8041179 1
8047002 1
8052677 1
8053001 1
8053350 1
8053457 1
8056503 1
8057377 1
8059113 1
8059601 1
8062036 1
8064865 1
8064962 1
8068178 1
8071443 1
8076103 1
8077637 1
8078714 1
8081179 1
8081862 1
8086401 1
8086681 1
8087442 1
8087547 1
8087592 1
8088240 1
8088444 1
8088891 1
8089769 1
8091576 1
8093698 1
8094921 1
8095632 1
8096078 1
8098003 1
8098003 1
8098238 1
8098508 1
8098666 1
8101079 1
8101856 1
8102130 1
8102920 1
8103533 1
8103976 1
8106688 1
8108248 1
8108581 1
8110869 1
8110871 1
8111036 1
8112050 1
8112065 1
8114169 1
8115166 1
8116247 1
8116603 1
8116627 1
8117717 1
8119620 1
8121340 1
8123469 1
8123566 1
8123583 1
8124592 1
8127969 1
8131685 1
8136145 1
8137761 1
8138249 1
8142153 1
8143752 1
8145524 1
8147896 1
8148192 1
8148663 1
8148922 1
8150894 1
8151205 1
8151697 1
8151956 1
8154604 1
8154702 1
8162150 1
8162706 1
8163653 1
8164006 1
8165238 1
8166633 1
8167349 1
8167420 1
8170373 1
8178786 1
8183583 1
8185301 1
8188020 1
8188712 1
8189924 1
8190376 1
8192009 1
8196807 1
8197712 1
8199596 1
8205379 1
8205680 1
8210216 1
8211352 1
8217969 1
8221084 1
8239682 1
8240205 1
8244488 1
8244758 1
8256066 1
8261232 1
8262360 1
8264418 1
8266524 1
8271935 1
8272247 1
8274082 1
8275490 1
8276090 1
8276411 1
8278491 1
8284162 1
8290156 1
8294431 1
8294552 1
8302695 1
8304551 1
8304742 1
8304789 1
8308772 1
1473 1
2698 1
2726 1
4620 1
13017 1
15355 1
20545 1
23366 1
26833 1
29180 1
29221 1
31106 1
31106 1
32818 1
36299 1
38797 1
39940 1
40754 1
42385 1
44339 1
44436 1
45523 1
47423 1
51509 1
51817 1
52367 1
52479 1
61583 1
62608 1
68258 1
68573 1
88235 1
100019 1
100227 1
101625 1
101779 1
101983 1
102987 1
103123 1
103358 1
104773 1
104906 1
108895 1
109198 1
110670 1
110798 1
115836 1
116270 1
118183 1
118449 1
120043 1
120397 1
120446 1
121628 1
123140 1
123531 1
123791 1
124524 1
125995 1
128188 1
129933 1
129969 1
131295 1
132156 1
135644 1
138425 1
139340 1
141066 1
141412 1
141651 1
142137 1
142696 1
144744 1
145019 1
150659 1
152491 1
155374 1
155717 1
158891 1
164749 1
165691 1
167511 1
167920 1
169382 1
172145 1
174033 1
175727 1
175727 1
177228 1
177495 1
179175 1
181737 1
181884 1
182347 1
187697 1
189660 1
195200 1
195335 1
198312 1
201535 1
204814 1
206432 1
214361 1
214429 1
214758 1
214927 1
215501 1
215642 1
218925 1
220222 1
221315 1
222639 1
224458 1
228861 1
229137 1
229311 1
229756 1
230919 1
231157 1
237240 1
248287 1
248466 1
254024 1
254024 1
258745 1
260772 1
263278 1
264972 1
268002 1
268187 1
269851 1
273758 1
276666 1
278099 1
278475 1
288438 1
288535 1
290304 1
290520 1
293971 1
294378 1
295849 1
296604 1
297742 1
300220 1
302242 1
303559 1
305205 1
307290 1
308384 1
308642 1
315405 1
315599 1
317216 1
320453 1
321830 1
327377 1
338634 1
345404 1
350274 1
357326 1
359062 1
359965 1
365197 1
365760 1
367620 1
368260 1
379926 1
379928 1
380143 1
382571 1
384530 1
390182 1
412583 1
420519 1
422570 1
423496 1
424940 1
425953 1
427772 1
430319 1
437893 1
438394 1
438909 1
440702 1
443000 1
445519 1
448557 1
450610 1
451562 1
452661 1
454158 1
454307 1
454321 1
456405 1
459450 1
459478 1
459478 1
460369 1
462117 1
463281 1
469883 1
474295 1
475308 1
475308 1
475761 1
477066 1
478474 1
480904 1
482456 1
494208 1
495102 1
497615 1
500028 1
501596 1
501766 1
502511 1
503962 1
504775 1
512345 1
513366 1
515278 1
515371 1
520298 1
520475 1
520829 1
525696 1
525696 1
529251 1
529944 1
536422 1
538561 1
539369 1
546956 1
550219 1
551695 1
552112 1
552119 1
557301 1
557540 1
563783 1
564008 1
565140 1
565823 1
566097 1
566786 1
566830 1
567134 1
572654 1
573315 1
582685 1
587194 1
593091 1
597584 1
600662 1
601718 1
601718 1
601718 1
614632 1
620005 1
645748 1
647396 1
648197 1
651431 1
651855 1
654455 1
654870 1
655500 1
655957 1
658643 1
659932 1
660130 1
661762 1
663041 1
675753 1
677462 1
677710 1
680797 1
684362 1
685329 1
698094 1
701892 1
703749 1
704012 1
706211 1
708151 1
717220 1
718330 1
718710 1
719650 1
719909 1
722577 1
723481 1
733928 1
739421 1
742621 1
743799 1
744648 1
747113 1
752909 1
752917 1
756264 1
763339 1
763783 1
768707 1
774207 1
774207 1
775584 1
778463 1
779244 1
784644 1
793439 1
796895 1
796958 1
801833 1
802761 1
803025 1
803569 1
806068 1
811097 1
811399 1
812301 1
813838 1
819705 1
823529 1
823556 1
825324 1
825407 1
825409 1
825932 1
829129 1
831465 1
831610 1
832409 1
834395 1
843432 1
843606 1
844227 1
844280 1
845048 1
847033 1
848294 1
852185 1
855870 1
858871 1
860531 1
861275 1
862412 1
863904 1
869788 1
870243 1
870469 1
872422 1
873258 1
874630 1
878220 1
880657 1
881421 1
884741 1
890152 1
890288 1
890368 1
890875 1
892147 1
897837 1
898032 1
901970 1
902919 1
904130 1
904181 1
907547 1
908921 1
911812 1
911918 1
912178 1
912244 1
913412 1
914346 1
920363 1
921546 1
924259 1
929151 1
930841 1
931533 1
932412 1
933339 1
934425 1
943500 1
946345 1
946798 1
949535 1
963140 1
967585 1
979454 1
980957 1
980969 1
983752 1
984634 1
984784 1
986092 1
986097 1
986321 1
996537 1
999803 1
1001919 1
1005059 1
1008076 1
1017450 1
1017939 1
1018397 1
1028816 1
1029269 1
1030580 1
1032153 1
1035935 1
1036029 1
1039167 1
1039167 1
1044002 1
1044015 1
1045492 1
1047117 1
1047137 1
1048725 1
1049832 1
1050617 1
1054827 1
1056562 1
1056720 1
1063263 1
1067522 1
1068497 1
1068846 1
1070416 1
1072178 1
1077182 1
1078101 1
1078680 1
1078805 1
1080754 1
1082434 1
1087125 1
1089893 1
1100602 1
1101002 1
1103143 1
1104727 1
1105296 1
1105592 1
1107629 1
1107800 1
1107844 1
1111002 1
1112298 1
1116311 1
1117694 1
1118439 1
1118650 1
1124739 1
1133213 1
1136266 1
1141038 1
1141672 1
1144867 1
1147905 1
1150314 1
1150554 1
1156296 1
1163401 1
1165582 1
1167062 1
1170608 1
1174042 1
1175120 1
1178948 1
1184519 1
1185242 1
1186749 1
1188159 1
1189057 1
1189247 1
1189391 1
1190844 1
1192524 1
1200946 1
1206501 1
1207147 1
1209125 1
1209724 1
1209998 1
1216132 1
1217457 1
1218392 1
1220725 1
1221090 1
1225893 1
1226120 1
1230711 1
1230718 1
1234764 1
1235917 1
1237153 1
1237774 1
1240258 1
1240655 1
1242068 1
1242392 1
1246167 1
1256789 1
1257715 1
1258686 1
1261247 1
1261381 1
1272061 1
1272431 1
1276092 1
1283412 1
1289152 1
1289281 1
1289997 1
1290872 1
1294586 1
1296257 1
1300473 1
1301073 1
1301890 1
1301890 1
1303412 1
1306675 1
1307483 1
1308326 1
1311003 1
1313182 1
1313301 1
1317830 1
1319639 1
1320244 1
1321155 1
1326032 1
1326289 1
1329112 1
1329865 1
1331022 1
1331966 1
1333539 1
1335803 1
1336208 1
1336370 1
1338902 1
1339892 1
1341269 1
1343250 1
1343256 1
1348278 1
1348447 1
1349080 1
1355342 1
1363336 1
1365050 1
1365308 1
1369484 1
1369484 1
1370351 1
1371270 1
1376123 1
1379063 1
1380794 1
1386880 1
1388810 1
1393796 1
1394222 1
1395578 1
1399421 1
1400300 1
1402515 1
1409321 1
1411141 1
1418925 1
1422827 1
1431090 1
1431104 1
1433693 1
1437195 1
1441719 1
1444653 1
1445955 1
1445975 1
1449553 1
1450414 1
1451965 1
1457986 1
1461659 1
1461823 1
1462186 1
1463171 1
1463362 1
1472122 1
1472208 1
1472676 1
1474403 1
1474619 1
1474867 1
1475108 1
1476645 1
1477840 1
1483301 1
1484911 1
1486400 1
1486744 1
1489502 1
1492046 1
1495476 1
1509449 1
1513924 1
1515337 1
1527478 1
1529919 1
1530494 1
1531149 1
1532510 1
1532605 1
1533740 1
1536674 1
1537285 1
1538757 1
1546052 1
1546080 1
1546916 1
1546916 1
1561710 1
1562638 1
1564087 1
1566280 1
1570303 1
1571740 1
1575595 1
1577315 1
1578033 1
1579430 1
1595777 1
1598287 1
1604807 1
1606052 1
1606128 1
1609939 1
1613834 1
1617740 1
1622352 1
1623164 1
1624170 1
1625572 1
1630145 1
1633211 1
1635300 1
1636117 1
1637995 1
1640140 1
1641318 1
1642346 1
1642369 1
1644066 1
1650242 1
1651078 1
1653569 1
1655159 1
1657418 1
1659963 1
1660866 1
1661079 1
1662259 1
1662932 1
1662984 1
1664423 1
1665445 1
1665783 1
1668358 1
1668358 1
1669729 1
1670123 1
1670174 1
1670335 1
1670425 1
1670810 1
1671339 1
1672951 1
1673669 1
1674716 1
1675461 1
1675469 1
1675570 1
1683210 1
1684310 1
1685731 1
1686357 1
1687227 1
1690380 1
1691996 1
1693768 1
1694121 1
1698956 1
1699684 1
1700031 1
1702170 1
1703425 1
1704082 1
1708790 1
1712111 1
1714326 1
1714749 1
1715307 1
1719822 1
1724063 1
1724625 1
1729765 1
1729866 1
1730231 1
1730520 1
1730734 1
1731274 1
1731326 1
1742433 1
1743143 1
1743163 1
1747253 1
1754079 1
1755437 1
1759534 1
1759534 1
1762322 1
1770716 1
1774397 1
1778074 1
1781320 1
1782860 1
1783664 1
1785704 1
1786119 1
1790666 1
1790915 1
1791497 1
1797495 1
1798287 1
1802767 1
1804057 1
1807525 1
1809168 1
1809934 1
1814110 1
1816843 1
1818145 1
1818266 1
1830116 1
1834601 1
1842280 1
1842893 1
1853874 1
1854704 1
1854993 1
1857063 1
1857302 1
1860720 1
1861893 1
1866045 1
1866643 1
1868766 1
1873774 1
1874625 1
1874728 1
1876073 1
1878930 1
1880515 1
1895365 1
1897660 1
1900464 1
1904767 1
1904895 1
1907933 1
1909149 1
1909639 1
1910199 1
1931419 1
1931876 1
1934737 1
1938502 1
1938502 1
1941192 1
1941192 1
1943894 1
1946799 1
1950468 1
1952088 1
1953705 1
1958759 1
1964207 1
1965140 1
1967483 1
1970978 1
1975354 1
1980097 1
1983109 1
1991194 1
1992252 1
1996358 1
1996426 1
1996630 1
1996751 1
1998705 1
2005050 1
2010521 1
2012594 1
2013387 1
2039775 1
2042216 1
2045199 1
2047429 1
2054636 1
2055098 1
2055842 1
2067488 1
2067842 1
2070081 1
2074314 1
2078669 1
2082612 1
2083632 1
2089217 1
2089791 1
2094308 1
2097805 1
2099720 1
2099724 1
2102294 1
2110836 1
2111819 1
2112132 1
2113485 1
2122658 1
2125874 1
2136227 1
2141432 1
2147761 1
2149832 1
2151160 1
2152799 1
2154059 1
2163588 1
2163621 1
2165383 1
2174040 1
2177342 1
2181735 1
2182131 1
2186652 1
2189190 1
2190773 1
2191530 1
2192187 1
2194365 1
2194745 1
2195653 1
2196940 1
2196971 1
2198201 1
2198663 1
2199944 1
2203484 1
2204616 1
2205134 1
2205715 1
2209648 1
2210178 1
2211155 1
2228487 1
2229204 1
2231472 1
2234247 1
2235408 1
2246306 1
2246620 1
2250922 1
2253704 1
2255052 1
2258751 1
2265162 1
2269426 1
2270549 1
2274231 1
2277734 1
2278660 1
2281296 1
2284155 1
2285564 1
2286757 1
2288649 1
2289717 1
2290677 1
2299108 1
2299988 1
2300336 1
2300896 1
2300909 1
2301454 1
2301645 1
2302232 1
2302870 1
2303368 1
2305662 1
2307137 1
2308750 1
2311304 1
2315998 1
2316059 1
2316059 1
2321883 1
2324986 1
2328048 1
2332002 1
2332018 1
2332131 1
2333538 1
2334267 1
2334390 1
2335376 1
2335617 1
2335709 1
2336349 1
2336827 1
2337496 1
2347610 1
2351701 1
2357027 1
2357694 1
2357990 1
2358104 1
2365882 1
2367113 1
2370025 1
2371164 1
2374943 1
2377015 1
2386824 1
2387528 1
2389577 1
2390740 1
2405343 1
2406998 1
2415247 1
2415868 1
2419345 1
2420595 1
2420937 1
2424467 1
2431366 1
2431746 1
2434734 1
2438335 1
2439574 1
2439828 1
2440848 1
2441530 1
2441996 1
2444782 1
2456909 1
2456912 1
2461146 1
2462619 1
2464006 1
2470461 1
2476996 1
2478008 1
2478008 1
2481141 1
2486877 1
2486877 1
2488125 1
2494564 1
2509418 1
2509438 1
2522879 1
2524482 1
2524484 1
2525177 1
2528738 1
2530534 1
2531042 1
2532435 1
2534368 1
2545831 1
2548190 1
2549354 1
2549382 1
2551373 1
2552427 1
2557446 1
2560966 1
2562422 1
2563812 1
2564618 1
2566209 1
2568384 1
2569312 1
2579109 1
2586186 1
2588035 1
2588984 1
2589568 1
2590570 1
2591613 1
2591623 1
2592405 1
2592771 1
2599704 1
2607232 1
2608388 1
2608495 1
2608686 1
2608738 1
2612305 1
2616003 1
2619859 1
2620926 1
2621169 1
2621557 1
2622857 1
2623782 1
2626469 1
2626700 1
2627140 1
2634235 1
2634348 1
2634666 1
2634971 1
2639983 1
2643709 1
2645804 1
2653911 1
2655051 1
2674220 1
2675796 1
2677888 1
2684973 1
2689577 1
2695375 1
2695375 1
2701816 1
2706171 1
2710551 1
2710553 1
2716609 1
2721573 1
2721953 1
2722670 1
2729708 1
2734987 1
2735825 1
2737026 1
2739726 1
2740150 1
2741750 1
2744783 1
2756300 1
2758550 1
2759493 1
2767642 1
2767949 1
2769484 1
2769560 1
2769567 1
2769929 1
2772695 1
2773401 1
2775293 1
2776070 1
2783049 1
2784082 1
2786314 1
2789771 1
2791879 1
2795648 1
2796464 1
2801845 1
2804187 1
2807568 1
2810978 1
2812883 1
2814258 1
2817038 1
2819862 1
2820660 1
2823711 1
2823756 1
2826283 1
2830698 1
2832470 1
2834993 1
2843119 1
2843669 1
2844233 1
2848246 1
2851170 1
2851621 1
2854659 1
2854666 1
2856245 1
2856452 1
2859926 1
2861259 1
2865690 1
2876026 1
2878197 1
2878576 1
2881724 1
2884438 1
2886079 1
2890821 1
2895692 1
2908348 1
2910659 1
2911205 1
2911490 1
2911706 1
2911935 1
2912970 1
2913767 1
2925755 1
2927817 1
2928241 1
2930876 1
2932609 1
2933723 1
2941244 1
2941694 1
2950057 1
2950383 1
2957915 1
2961006 1
2961741 1
2963791 1
2964137 1
2965884 1
2966460 1
2966806 1
2968121 1
2969998 1
2970165 1
2971102 1
2974848 1
2988250 1
2994677 1
3000999 1
3001437 1
3002461 1
3004717 1
3009370 1
3011221 1
3011280 1
3011364 1
3012475 1
3013899 1
3015665 1
3017140 1
3024516 1
3027649 1
3029472 1
3034320 1
3038819 1
3045301 1
3046977 1
3047335 1
3049815 1
3053005 1
3059376 1
3060056 1
3060914 1
3061029 1
3069775 1
3071471 1
3072031 1
3072031 1
3073277 1
3073382 1
3076981 1
3077283 1
3077988 1
3078380 1
3078542 1
3087228 1
3088258 1
3096478 1
3100615 1
3103128 1
3103128 1
3105651 1
3106370 1
3109664 1
3111436 1
3116717 1
3118376 1
3120723 1
3121311 1
3129506 1
3132046 1
3134291 1
3139294 1
3140232 1
3140243 1
3142055 1
3152325 1
3156955 1
3161317 1
3161751 1
3161969 1
3164382 1
3171065 1
3172600 1
3178407 1
3178527 1
3181261 1
3183763 1
3185202 1
3188372 1
3188734 1
3191498 1
3193739 1
3194529 1
3198681 1
3199551 1
3200730 1
3201370 1
3205510 1
3206586 1
3206586 1
3206586 1
3206586 1
3206690 1
3206698 1
3210575 1
3216059 1
3218163 1
3224591 1
3225759 1
3240022 1
3250023 1
3250298 1
3252004 1
3255275 1
3260364 1
3264755 1
3265023 1
3267140 1
3268742 1
3269225 1
3273522 1
3273598 1
3276969 1
3285954 1
3285972 1
3289181 1
3291082 1
3293410 1
3297202 1
3297243 1
3297243 1
3301484 1
3301995 1
3302163 1
3304324 1
3309373 1
3332938 1
3342456 1
3353939 1
3354057 1
3355093 1
3358686 1
3358691 1
3358717 1
3361003 1
3366472 1
3369720 1
3373213 1
3381042 1
3383015 1
3383239 1
3385923 1
3387723 1
3387743 1
3388938 1
3394182 1
3394428 1
3394492 1
3396725 1
3405662 1
3407007 1
3408881 1
3408965 1
3417032 1
3418544 1
3419837 1
3419837 1
3425058 1
3431466 1
3431742 1
3437162 1
3443094 1
3444693 1
3445188 1
3447727 1
3454719 1
3457260 1
3457647 1
3460005 1
3468686 1
3472739 1
3481160 1
3481633 1
3485110 1
3486119 1
3486919 1
3493256 1
3497782 1
3498487 1
3500389 1
3500755 1
3501592 1
3501776 1
3502993 1
3503340 1
3507502 1
3511573 1
3512469 1
3513545 1
3513663 1
3513750 1
3513819 1
3516867 1
3517539 1
3518938 1
3524681 1
3526369 1
3526674 1
3527631 1
3533342 1
3533739 1
3534139 1
3544495 1
3544767 1
3545980 1
3551344 1
3551932 1
3552849 1
3553378 1
3559978 1
3561004 1
3561004 1
3580312 1
3582855 1
3584706 1
3588370 1
3589584 1
3590168 1
3595668 1
3599090 1
3601986 1
3602929 1
3607356 1
3615151 1
3625393 1
3628478 1
3628786 1
3630277 1
3632049 1
3636673 1
3636822 1
3640052 1
3640163 1
3643817 1
3648466 1
3650608 1
3653283 1
3653292 1
3659214 1
3660262 1
3661641 1
3673679 1
3674112 1
3676735 1
3677100 1
3677730 1
3678219 1
3681306 1
3682342 1
3685998 1
3686167 1
3686624 1
3686992 1
3686992 1
3688138 1
3689181 1
3692127 1
3692189 1
3692912 1
3698692 1
3699003 1
3700888 1
3713770 1
3716912 1
3717264 1
3717328 1
3735893 1
3736063 1
3736984 1
3737950 1
3740027 1
3742454 1
3742912 1
3743243 1
3743668 1
3745206 1
3748460 1
3749490 1
3757801 1
3761837 1
3762061 1
3762846 1
3773882 1
3774306 1
3778016 1
3778103 1
3782169 1
3789165 1
3790902 1
3791498 1
3792147 1
3794440 1
3799070 1
3799079 1
3801502 1
3808625 1
3810788 1
3815723 1
3818116 1
3820266 1
3823686 1
3824561 1
3828233 1
3830037 1
3837753 1
3838141 1
3839589 1
3839993 1
3849024 1
3853751 1
3855404 1
3857972 1
3859513 1
3861193 1
3863261 1
3865307 1
3869922 1
3870020 1
3870331 1
3870627 1
3870979 1
3873651 1
3873721 1
3874409 1
3877247 1
3882922 1
3885580 1
3893674 1
3895102 1
3896078 1
3904718 1
3905703 1
3908053 1
3910821 1
3915007 1
3919748 1
3926733 1
3929730 1
3932441 1
3934973 1
3936614 1
3938803 1
3940704 1
3940864 1
3941669 1
3943154 1
3944649 1
3944824 1
3948767 1
3955670 1
3959424 1
3960815 1
3961492 1
3966268 1
3967070 1
3967150 1
3972636 1
3973102 1
3973523 1
3975690 1
3978783 1
3982705 1
3993756 1
3994169 1
3994899 1
3996914 1
3998880 1
4001103 1
4005378 1
4006686 1
4006755 1
4007608 1
4009012 1
4009603 1
4011608 1
4015846 1
4016716 1
4018901 1
4020421 1
4023495 1
4025758 1
4030616 1
4036689 1
4037727 1
4040294 1
4041658 1
4044912 1
4047368 1
4049169 1
4053401 1
4054124 1
4057693 1
4063195 1
4064720 1
4064941 1
4072435 1
4073908 1
4075733 1
4076134 1
4079740 1
4085279 1
4087346 1
4091770 1
4093840 1
4095097 1
4097607 1
4101570 1
4105930 1
4106576 1
4110412 1
4112564 1
4114828 1
4119149 1
4125684 1
4129278 1
4130634 1
4133397 1
4133937 1
4136918 1
4140636 1
4143890 1
4145521 1
4156228 1
4158061 1
4165758 1
4169313 1
4170601 1
4175117 1
4175557 1
4179271 1
4180670 1
4184809 1
4188946 1
4189686 1
4192222 1
4193059 1
4194091 1
4196057 1
4196958 1
4198321 1
4203496 1
4207252 1
4208210 1
4211861 1
4212945 1
4213603 1
4213782 1
4213936 1
4214607 1
4215982 1
4216137 1
4217863 1
4219509 1
4219861 1
4221117 1
4225176 1
4225519 1
4225965 1
4234227 1
4241971 1
4243454 1
4249045 1
4249987 1
4252682 1
4252724 1
4254659 1
4256290 1
4256460 1
4256643 1
4257386 1
4257960 1
4260463 1
4261427 1
4263658 1
4264794 1
4266760 1
4270386 1
4273533 1
4275563 1
4280061 1
4281848 1
4282552 1
4282552 1
4285597 1
4288762 1
4289882 1
4291235 1
4291318 1
4292462 1
4298092 1
4298111 1
4298995 1
4299293 1
4302170 1
4313063 1
4313814 1
4313911 1
4317306 1
4319076 1
4320313 1
4321762 1
4322592 1
4325717 1
4332644 1
4333441 1
4335770 1
4335853 1
4336229 1
4340147 1
4340468 1
4342885 1
4344541 1
4347472 1
4351107 1
4354378 1
4358441 1
4358814 1
4365438 1
4365444 1
4365667 1
4366183 1
4368086 1
4371860 1
4372196 1
4374748 1
4376999 1
4379440 1
4379929 1
4381238 1
4381820 1
4382700 1
4389355 1
4389512 1
4395647 1
4400202 1
4400220 1
4400814 1
4400911 1
4400911 1
4401281 1
4403469 1
4403646 1
4409644 1
4413124 1
4413508 1
4415155 1
4415268 1
4416089 1
4417950 1
4424207 1
4426576 1
4427094 1
4430975 1
4443548 1
4445943 1
4455859 1
4458875 1
4466289 1
4471829 1
4473425 1
4477134 1
4487207 1
4491246 1
4491328 1
4492273 1
4496037 1
4496943 1
4501934 1
4504932 1
4509281 1
4513336 1
4515692 1
4519899 1
4520029 1
4522097 1
4524141 1
4531057 1
4531736 1
4532693 1
4532877 1
4534061 1
4549948 1
4551341 1
4551517 1
4553856 1
4554569 1
4557114 1
4557228 1
4572880 1
4576055 1
4579587 1
4591145 1
4593829 1
4594027 1
4596530 1
4601331 1
4613469 1
4617753 1
4627952 1
4645311 1
4646818 1
4646818 1
4647676 1
4651554 1
4653220 1
4662921 1
4663500 1
4667279 1
4668900 1
4669198 1
4670842 1
4671273 1
4671596 1
4672837 1
4678264 1
4679357 1
4683518 1
4683619 1
4692261 1
4697412 1
4699428 1
4701199 1
4704404 1
4708578 1
4710085 1
4714042 1
4716395 1
4718640 1
4722404 1
4725042 1
4725147 1
4725370 1
4730052 1
4731817 1
4732119 1
4735099 1
4735398 1
4737342 1
4738922 1
4740799 1
4741327 1
4745433 1
4752101 1
4761670 1
4761939 1
4763492 1
4765565 1
4765565 1
4766304 1
4766958 1
4767555 1
4767821 1
4771071 1
4777726 1
4778676 1
4779435 1
4779452 1
4785469 1
4786191 1
4786233 1
4792719 1
4806637 1
4806834 1
4806834 1
4809748 1
4813847 1
4814103 1
4815583 1
4818773 1
4823940 1
4824018 1
4825095 1
4829151 1
4841299 1
4842129 1
4846343 1
4854945 1
4862336 1
4863475 1
4865871 1
4866427 1
4870428 1
4878563 1
4878563 1
4881962 1
4883271 1
4884378 1
4889512 1
4897850 1
4899111 1
4904293 1
4908746 1
4909751 1
4910368 1
4910482 1
4930706 1
4933391 1
4936997 1
4937042 1
4937386 1
4943594 1
4945120 1
4950531 1
4959232 1
4960754 1
4969117 1
4970604 1
4973832 1
4974268 1
4974623 1
4979947 1
4981311 1
4981525 1
4984815 1
4986821 1
4987610 1
4998813 1
4999298 1
5000126 1
5000624 1
5000690 1
5003368 1
5011145 1
5011531 1
5016069 1
5016919 1
5018793 1
5019235 1
5027385 1
5030531 1
5032777 1
5035243 1
5043914 1
5045492 1
5045738 1
5049331 1
5052053 1
5052573 1
5055162 1
5056370 1
5056980 1
5066186 1
5070019 1
5075222 1
5076984 1
5078968 1
5080433 1
5086535 1
5089834 1
5090125 1
5091141 1
5094407 1
5103968 1
5112095 1
5117678 1
5122570 1
5130142 1
5139834 1
5156207 1
5157429 1
5160584 1
5168033 1
5170674 1
5170761 1
5172669 1
5172671 1
5174142 1
5177687 1
5183330 1
5189327 1
5194915 1
5196554 1
5196626 1
5199474 1
5199506 1
5201554 1
5202125 1
5206592 1
5208277 1
5210845 1
5217453 1
5219477 1
5231646 1
5232563 1
5235741 1
5240463 1
5242545 1
5250384 1
5252732 1
5258395 1
5261095 1
5265344 1
5266478 1
5269993 1
5270421 1
5275948 1
5276118 1
5276184 1
5283627 1
5285509 1
5294215 1
5294389 1
5299199 1
5306880 1
5310874 1
5312761 1
5313886 1
5317019 1
5317460 1
5318078 1
5322662 1
5324790 1
5330413 1
5331357 1
5331750 1
5340825 1
5340836 1
5342674 1
5343170 1
5349249 1
5351078 1
5351493 1
5352905 1
5373043 1
5382270 1
5383335 1
5406197 1
5422102 1
5430702 1
5433071 1
5435798 1
5447949 1
5448450 1
5452981 1
5458130 1
5460870 1
5462483 1
5462483 1
5462831 1
5464145 1
5464145 1
5464240 1
5464477 1
5466689 1
5468228 1
5471938 1
5472832 1
5473647 1
5475488 1
5476904 1
5477482 1
5479805 1
5482643 1
5485713 1
5487908 1
5488063 1
5492889 1
5502757 1
5503081 1
5503902 1
5504602 1
5505120 1
5505954 1
5506722 1
5508607 1
5515189 1
5518656 1
5519486 1
5520057 1
5523138 1
5526624 1
5532747 1
5534415 1
5534809 1
5549208 1
5550460 1
5560169 1
5567645 1
5568031 1
5570942 1
5571751 1
5590301 1
5592384 1
5592663 1
5592663 1
5594349 1
5595864 1
5596361 1
5599756 1
5602086 1
5604194 1
5604710 1
5604809 1
5607487 1
5609845 1
5611540 1
5621316 1
5623993 1
5624281 1
5643877 1
5644373 1
5652287 1
5653582 1
5653582 1
5654337 1
5655490 1
5657036 1
5657036 1
5658872 1
5668521 1
5669585 1
5674271 1
5675368 1
5676996 1
5679216 1
5680731 1
5682355 1
5682541 1
5682597 1
5684979 1
5685321 1
5687061 1
5688309 1
5689282 1
5693154 1
5693229 1
5703467 1
5708110 1
5709475 1
5709558 1
5710053 1
5714632 1
5715552 1
5715653 1
5716252 1
5716387 1
5722953 1
5723150 1
5723253 1
5729893 1
5730674 1
5730871 1
5733748 1
5735706 1
5741573 1
5741961 1
5745701 1
5745860 1
5745912 1
5747126 1
5747814 1
5752011 1
5763007 1
5765535 1
5765585 1
5767613 1
5768457 1
5770482 1
5772160 1
5773303 1
5785593 1
5786853 1
5792806 1
5792885 1
5796891 1
5804161 1
5804519 1
5805645 1
5805798 1
5807091 1
5808240 1
5809267 1
5809267 1
5811580 1
5811935 1
5823548 1
5824917 1
5827662 1
5840776 1
5840873 1
5842318 1
5842471 1
5848738 1
5850221 1
5854610 1
5858963 1
5860395 1
5860538 1
5861964 1
5862853 1
5865506 1
5867778 1
5869034 1
5873553 1
5876843 1
5877311 1
5877311 1
5879075 1
5881296 1
5881554 1
5884217 1
5889846 1
5890986 1
5894389 1
5896446 1
5902675 1
5904715 1
5904715 1
5912508 1
5913224 1
5914301 1
5920257 1
5920308 1
5921448 1
5922733 1
5923235 1
5923886 1
5926610 1
5935239 1
5938238 1
5939599 1
5941314 1
5947521 1
5947620 1
5947766 1
5950649 1
5951157 1
5951490 1
5952822 1
5954932 1
5964956 1
5968446 1
5971139 1
5971305 1
5984204 1
5987490 1
5989647 1
5994671 1
5998553 1
6000194 1
6004252 1
6004343 1
6005661 1
6015538 1
6020022 1
6020022 1
6020210 1
6022045 1
6023370 1
6024418 1
6025590 1
6030848 1
6032960 1
6034156 1
6036038 1
6037497 1
6045044 1
6045226 1
6045586 1
6051891 1
6054111 1
6058268 1
6058986 1
6060903 1
6064265 1
6097148 1
6100051 1
6100989 1
6101249 1
6101575 1
6103262 1
6106525 1
6108377 1
6110043 1
6117513 1
6118259 1
6122366 1
6122518 1
6122658 1
6133320 1
6138697 1
6142333 1
6144426 1
6144894 1
6154937 1
6155231 1
6155348 1
6157462 1
6158022 1
6161987 1
6165867 1
6166802 1
6167141 1
6167359 1
6167751 1
6170480 1
6184373 1
6185704 1
6188333 1
6188333 1
6190568 1
6191702 1
6193649 1
6195331 1
6196524 1
6197516 1
6197523 1
6198083 1
6198840 1
6199103 1
6199158 1
6202949 1
6228267 1
6239482 1
6239482 1
6240726 1
6245913 1
6247345 1
6247577 1
6254940 1
6259085 1
6264582 1
6271178 1
6273900 1
6274907 1
6275742 1
6277331 1
6281335 1
6282714 1
6286172 1
6294425 1
6295748 1
6296345 1
6304226 1
6309204 1
6314964 1
6314968 1
6316525 1
6318012 1
6318898 1
6323957 1
6325184 1
6328824 1
6330707 1
6331038 1
6331810 1
6338072 1
6338495 1
6339651 1
6343449 1
6345142 1
6345818 1
6346431 1
6349225 1
6353556 1
6354246 1
6354318 1
6355028 1
6358851 1
6360493 1
6361076 1
6368700 1
6368729 1
6368967 1
6370844 1
6372685 1
6375928 1
6376654 1
6380107 1
6383087 1
6392950 1
6399432 1
6400078 1
6400592 1
6406514 1
6408754 1
6409361 1
6409558 1
6411193 1
6414324 1
6415496 1
6418939 1
6419193 1
6419661 1
6420119 1
6421033 1
6425232 1
6426123 1
6428252 1
6428462 1
6428909 1
6431276 1
6435698 1
6441607 1
6441908 1
6445552 1
6446076 1
6446852 1
6447063 1
6449780 1
6452270 1
6459233 1
6461888 1
6473058 1
6479884 1
6480091 1
6481005 1
6483851 1
6484861 1
6487926 1
6488237 1
6489239 1
6490237 1
6491279 1
6491383 1
6500875 1
6504040 1
6504377 1
6508258 1
6509907 1
6513962 1
6514293 1
6518901 1
6520157 1
6520596 1
6524735 1
6527272 1
6530177 1
6533562 1
6534302 1
6534538 1
6534871 1
6534871 1
6535681 1
6536708 1
6537944 1
6538542 1
6539023 1
6543692 1
6543736 1
6550276 1
6550454 1
6557553 1
6558589 1
6558589 1
6560474 1
6561609 1
6574748 1
6578486 1
6581629 1
6582049 1
6582074 1
6584684 1
6589606 1
6591623 1
6598807 1
6600435 1
6601530 1
6601682 1
6607337 1
6614601 1
6621248 1
6624250 1
6624927 1
6625702 1
6625952 1
6626036 1
6626610 1
6627120 1
6628232 1
6631573 1
6632388 1
6633192 1
6639820 1
6640773 1
6641539 1
6642626 1
6647652 1
6649369 1
6655677 1
6664119 1
6669645 1
6671393 1
6674777 1
6677239 1
6679232 1
6681812 1
6681812 1
6681812 1
6681812 1
6683795 1
6686112 1
6690855 1
6692501 1
6692933 1
6699763 1
6703353 1
6704064 1
6704088 1
6707422 1
6707422 1
6710718 1
6712958 1
6715702 1
6716718 1
6720165 1
6730595 1
6733289 1
6733558 1
6736495 1
6741477 1
6744915 1
6750807 1
6753126 1
6754148 1
6756013 1
6759500 1
6760340 1
6760756 1
6760862 1
6762419 1
6762760 1
6766542 1
6766873 1
6767080 1
6769412 1
6769710 1
6770254 1
6772215 1
6772222 1
6778864 1
6779461 1
6783519 1
6783932 1
6787911 1
6788657 1
6805629 1
6806718 1
6807069 1
6807235 1
6807905 1
6811887 1
6814080 1
6817076 1
6818324 1
6819180 1
6821379 1
6830393 1
6831642 1
6837501 1
6844763 1
6845417 1
6845911 1
6851290 1
6851622 1
6854213 1
6855930 1
6867824 1
6867849 1
6869766 1
6869955 1
6878225 1
6879273 1
6882596 1
6885306 1
6887026 1
6887094 1
6888268 1
6889441 1
6892112 1
6894532 1
6894628 1
6896757 1
6897777 1
6898238 1
6898844 1
6901010 1
6902461 1
6903975 1
6904936 1
6905469 1
6914387 1
6917441 1
6918271 1
6918896 1
6920941 1
6922447 1
6924321 1
6925648 1
6926550 1
6927151 1
6927171 1
6927642 1
6928222 1
6929206 1
6930182 1
6931877 1
6932505 1
6936475 1
6937954 1
6938089 1
6940284 1
6943881 1
6945986 1
6949352 1
6951746 1
6954316 1
6955046 1
6955670 1
6960645 1
6962631 1
6969968 1
6970346 1
6973130 1
6979242 1
6982059 1
6984762 1
6989037 1
6991797 1
6994455 1
6995490 1
7007208 1
7010314 1
7018207 1
7027987 1
7028121 1
7028195 1
7029427 1
7030038 1
7030255 1
7042157 1
7043075 1
7044005 1
7044184 1
7046911 1
7052579 1
7054158 1
7056150 1
7056166 1
7056842 1
7057916 1
7063161 1
7066469 1
7066470 1
7071904 1
7072043 1
7076735 1
7077832 1
7077921 1
7078594 1
7078658 1
7082611 1
7082638 1
7084800 1
7086713 1
7086911 1
7087663 1
7089901 1
7095106 1
7102428 1
7107968 1
7108193 1
7108319 1
7109968 1
7110571 1
7110751 1
7111800 1
7111938 1
7113184 1
7113584 1
7113907 1
7115017 1
7115904 1
7116025 1
7116751 1
7117303 1
7119425 1
7119724 1
7120947 1
7121353 1
7123387 1
7123691 1
7123697 1
7123830 1
7123851 1
7123954 1
7123983 1
7124428 1
7124430 1
7124738 1
7126612 1
7129221 1
7129527 1
7129951 1
7130752 1
7131514 1
7137385 1
7141514 1
7149645 1
7157725 1
7159713 1
7165896 1
7166539 1
7167937 1
7168675 1
7169925 1
7170462 1
7172160 1
7175195 1
7175419 1
7177204 1
7182468 1
7184520 1
7186175 1
7189259 1
7191157 1
7193139 1
7208220 1
7211150 1
7212577 1
7218841 1
7220296 1
7225270 1
7225530 1
7229903 1
7231186 1
7233691 1
7235659 1
7237159 1
7237640 1
7239701 1
7242267 1
7245027 1
7249362 1
7249365 1
7253451 1
7256053 1
7257280 1
7265130 1
7266911 1
7267553 1
7272761 1
7273098 1
7273979 1
7275838 1
7276528 1
7276799 1
7279444 1
7279789 1
7281260 1
7283333 1
7286306 1
7295538 1
7301561 1
7310263 1
7312645 1
7314640 1
7315265 1
7315342 1
7316297 1
7316988 1
7320811 1
7322203 1
7330640 1
7331850 1
7332540 1
7332680 1
7334851 1
7341813 1
7341831 1
7343884 1
7344474 1
7347121 1
7348669 1
7356371 1
7357780 1
7360483 1
7361185 1
7365805 1
7368106 1
7369871 1
7370436 1
7372524 1
7372524 1
7375524 1
7375916 1
7381103 1
7386679 1
7401649 1
7410862 1
7412148 1
7412947 1
7413967 1
7415590 1
7415822 1
7416292 1
7416498 1
7416634 1
7418894 1
7418949 1
7419852 1
7420184 1
7423034 1
7433197 1
7433734 1
7434243 1
7436190 1
7436844 1
7439253 1
7442013 1
7445527 1
7459849 1
7460057 1
7466803 1
7471087 1
7472804 1
7473143 1
7476972 1
7479182 1
7479770 1
7482873 1
7490140 1
7492123 1
7494958 1
7498583 1
7501311 1
7507200 1
7507492 1
7508139 1
7513449 1
7514012 1
7521785 1
7523486 1
7526668 1
7526738 1
7534226 1
7534742 1
7535019 1
7535406 1
7538472 1
7541123 1
7545938 1
7549807 1
7554110 1
7558897 1
7566691 1
7574311 1
7582248 1
7584107 1
7588450 1
7595376 1
7595568 1
7600236 1
7600701 1
7602959 1
7615225 1
7632155 1
7634867 1
7635186 1
7635511 1
7638004 1
7638788 1
7641811 1
7649726 1
7653275 1
7656280 1
7658523 1
7660350 1
7660775 1
7663522 1
7666986 1
7671867 1
7677023 1
7678601 1
7679958 1
7681298 1
7684246 1
7685907 1
7689747 1
7693117 1
7695050 1
7695158 1
7697873 1
7699156 1
7702013 1
7703174 1
7704462 1
7710717 1
7731747 1
7737674 1
7743649 1
7747138 1
7756860 1
7758569 1
7760875 1
7767993 1
7769307 1
7770490 1
7771240 1
7772388 1
7772602 1
7773746 1
7777977 1
7780349 1
7785664 1
7787113 1
7789614 1
7792896 1
7793625 1
7800877 1
7803658 1
7807513 1
7823837 1
7835501 1
7838955 1
7842013 1
7842108 1
7848198 1
7850092 1
7853727 1
7853907 1
7854353 1
7854586 1
7855265 1
7855278 1
7855880 1
7859820 1
7865133 1
7871595 1
7871623 1
7873251 1
7873251 1
7874131 1
7874494 1
7876511 1
7878660 1
7879930 1
7886359 1
7889778 1
7894344 1
7894645 1
7896752 1
7898083 1
7898311 1
7901799 1
7904369 1
7904369 1
7904705 1
7905480 1
7905567 1
7905699 1
7906346 1
7910384 1
7911175 1
7911969 1
7915226 1
7917496 1
7922643 1
7924297 1
7924558 1
7925345 1
7931339 1
7937692 1
7937692 1
7940444 1
7940561 1
7941431 1
7944655 1
7946274 1
7950249 1
7950540 1
7965357 1
7965541 1
7965736 1
7968958 1
7969091 1
7969092 1
7971458 1
7971588 1
7974305 1
7979519 1
7980427 1
7986855 1
7988636 1
7990584 1
7994911 1
7994930 1
7996082 1
7996337 1
7996800 1
7997313 1
7998551 1
7999294 1
7999435 1
8000196 1
8001653 1
8003321 1
8005086 1
8005361 1
8005767 1
8006678 1
8007407 1
8009999 1
8010406 1
8010843 1
8014043 1
8015622 1
8017391 1
8019990 1
8020440 1
8021844 1
8024461 1
8027546 1
8028476 1
8028796 1
8034363 1
8036105 1
8036114 1
8037179 1
8041119 1
8041395 1
8041458 1
8042029 1
8043002 1
8044636 1
8046939 1
8048690 1
8050257 1
8053195 1
8058936 1
8059930 1
8061421 1
8063937 1
8065965 1
8066490 1
8066918 1
8067350 1
8067520 1
8071088 1
8071617 1
8072953 1
8079464 1
8086417 1
8091868 1
8095406 1
8096154 1
8097465 1
8098824 1
8099755 1
8101474 1
8102212 1
8107210 1
8110408 1
8112615 1
8114416 1
8119308 1
8123095 1
8123744 1
8125521 1
8125811 1
8127249 1
8130438 1
8131832 1
8132798 1
8132861 1
8133094 1
8133153 1
8135514 1
8135583 1
8139416 1
8142345 1
8143702 1
8144130 1
8144783 1
8145130 1
8149000 1
8149000 1
8149254 1
8149486 1
8150500 1
8156292 1
8156850 1
8156889 1
8157143 1
8160791 1
8163283 1
8171015 1
8172595 1
8172804 1
8175055 1
8178599 1
8182357 1
8194808 1
8196322 1
8198735 1
8203642 1
8215805 1
8216542 1
8216617 1
8217427 1
8222462 1
8223404 1
8223993 1
8225203 1
8226169 1
8229180 1
8235560 1
8241714 1
8254921 1
8255244 1
8257982 1
8265233 1
8265956 1
8269342 1
8270613 1
8270885 1
8271716 1
8275160 1
8284678 1
8287370 1
8287481 1
8287622 1
8294448 1
8297206 1
8297488 1
8308506 1
8308506 1
1735 1
3613 1
4117 1
9500 1
18216 1
22014 1
24768 1
25439 1
26853 1
30210 1
35545 1
35970 1
36153 1
37328 1
42204 1
44610 1
46266 1
48692 1
49364 1
52441 1
54287 1
61404 1
70967 1
76889 1
80883 1
81862 1
82425 1
83094 1
94160 1
97669 1
98738 1
99567 1
99669 1
100633 1
100800 1
103897 1
105175 1
105564 1
105571 1
106582 1
106782 1
110934 1
111423 1
113085 1
115967 1
117507 1
117747 1
129139 1
132420 1
135359 1
136061 1
138972 1
139315 1
140390 1
141755 1
142052 1
143081 1
144475 1
146642 1
149516 1
150655 1
150980 1
152517 1
153497 1
154917 1
157093 1
157766 1
159285 1
169949 1
171476 1
173526 1
175171 1
179662 1
180189 1
180386 1
183983 1
185142 1
185290 1
186618 1
187277 1
187829 1
187856 1
188027 1
192504 1
193030 1
196857 1
198496 1
200315 1
202984 1
205424 1
205754 1
206408 1
209114 1
210412 1
212012 1
212024 1
212170 1
213242 1
215752 1
215924 1
216148 1
222042 1
222608 1
223640 1
224283 1
226609 1
227846 1
229076 1
231113 1
236780 1
240212 1
240668 1
241366 1
244808 1
245036 1
254214 1
256245 1
259261 1
259261 1
262405 1
262405 1
262546 1
265305 1
265447 1
266222 1
268818 1
271417 1
274586 1
278792 1
282027 1
286277 1
308024 1
308955 1
311763 1
315643 1
315730 1
319516 1
330708 1
331432 1
334407 1
340000 1
341301 1
341301 1
343949 1
346200 1
348238 1
351799 1
352130 1
353568 1
362223 1
362290 1
371031 1
374286 1
380815 1
384470 1
392221 1
400659 1
402136 1
407181 1
407339 1
425298 1
425610 1
431891 1
433251 1
437427 1
437517 1
443520 1
448842 1
449270 1
451103 1
457812 1
458940 1
469135 1
470678 1
471815 1
472600 1
474789 1
475273 1
475356 1
482388 1
482438 1
482601 1
483155 1
483765 1
484070 1
484145 1
486550 1
489565 1
490339 1
491788 1
491960 1
494515 1
495176 1
495751 1
498275 1
501720 1
501799 1
502992 1
505642 1
507239 1
509796 1
513634 1
517462 1
525972 1
541660 1
547199 1
552318 1
557881 1
558913 1
558972 1
561616 1
561760 1
563372 1
564265 1
566599 1
567800 1
567820 1
569350 1
569748 1
571620 1
571896 1
572971 1
573192 1
573981 1
574246 1
574799 1
576589 1
579367 1
581315 1
582407 1
583884 1
589517 1
600512 1
610382 1
613557 1
621658 1
650827 1
653011 1
658804 1
659720 1
659827 1
660187 1
660614 1
662328 1
666694 1
671162 1
671317 1
679053 1
681928 1
684190 1
689423 1
694735 1
709337 1
709896 1
711358 1
715091 1
716601 1
719326 1
720824 1
721354 1
722872 1
724724 1
725964 1
726646 1
729525 1
730192 1
730748 1
741826 1
743334 1
744379 1
748873 1
755000 1
755954 1
758619 1
763895 1
764235 1
764359 1
766051 1
774491 1
775529 1
781756 1
782266 1
782400 1
785463 1
786211 1
787135 1
791820 1
793934 1
800478 1
813118 1
814438 1
814923 1
816440 1
824508 1
827476 1
832269 1
835965 1
838843 1
844035 1
844683 1
847720 1
849537 1
851203 1
860951 1
861377 1
862317 1
863280 1
863444 1
864283 1
864283 1
865684 1
868559 1
869828 1
871942 1
873094 1
880886 1
885687 1
888674 1
891316 1
893287 1
896520 1
897552 1
897808 1
906556 1
910191 1
911472 1
911701 1
917705 1
918432 1
919485 1
919586 1
921711 1
923614 1
928902 1
929797 1
931360 1
932720 1
935083 1
935128 1
935650 1
936285 1
936579 1
941594 1
944281 1
946453 1
951106 1
954880 1
961633 1
966104 1
966204 1
966279 1
966549 1
968185 1
972223 1
976342 1
978662 1
979290 1
980830 1
983408 1
987437 1
995072 1
998339 1
998826 1
998999 1
1004385 1
1009124 1
1013546 1
1014028 1
1017317 1
1017633 1
1018411 1
1018815 1
1023510 1
1032611 1
1037707 1
1044146 1
1044288 1
1045949 1
1047987 1
1049214 1
1050028 1
1054274 1
1069772 1
1070146 1
1072606 1
1078138 1
1078261 1
1079026 1
1079991 1
1080517 1
1080935 1
1081994 1
1082639 1
1084407 1
1085352 1
1088136 1
1090899 1
1098578 1
1099188 1
1100200 1
1101076 1
1102164 1
1106530 1
1107554 1
1107682 1
1108079 1
1109608 1
1121521 1
1121628 1
1127493 1
1127928 1
1128388 1
1128388 1
1128388 1
1128388 1
1131137 1
1131288 1
1131375 1
1132059 1
1135955 1
1139791 1
1142077 1
1148021 1
1150568 1
1154318 1
1159558 1
1160560 1
1160755 1
1162711 1
1163010 1
1163014 1
1166425 1
1167653 1
1167653 1
1174404 1
1174417 1
1174462 1
1176886 1
1178024 1
1183692 1
1186732 1
1187393 1
1187452 1
1188783 1
1189776 1
1189776 1
1193073 1
1194401 1
1194534 1
1198925 1
1199678 1
1199950 1
1206030 1
1206244 1
1207084 1
1207879 1
1208015 1
1218885 1
1219184 1
1220099 1
1222149 1
1225984 1
1226253 1
1230003 1
1230551 1
1232857 1
1233079 1
1238940 1
1255989 1
1257775 1
1263719 1
1264669 1
1269480 1
1272763 1
1273029 1
1273385 1
1274381 1
1275653 1
1275731 1
1277961 1
1278704 1
1283659 1
1294387 1
1298270 1
1301864 1
1302350 1
1302981 1
1310042 1
1310437 1
1316713 1
1320056 1
1320056 1
1321762 1
1324741 1
1324748 1
1327972 1
1328553 1
1328978 1
1333642 1
1335071 1
1343980 1
1344411 1
1345446 1
1347675 1
1349549 1
1350717 1
1350992 1
1352074 1
1353993 1
1357235 1
1359168 1
1359597 1
1361947 1
1365902 1
1367275 1
1368004 1
1368147 1
1368152 1
1371068 1
1371382 1
1372659 1
1373262 1
1376065 1
1391753 1
1392560 1
1397328 1
1398880 1
1399862 1
1400658 1
1411802 1
1412937 1
1416836 1
1417886 1
1417893 1
1421579 1
1424267 1
1427449 1
1428253 1
1431068 1
1431903 1
1433498 1
1435753 1
1437774 1
1442658 1
1442823 1
1444511 1
1446119 1
1448045 1
1450476 1
1452314 1
1461836 1
1470508 1
1470510 1
1470922 1
1471195 1
1478437 1
1481846 1
1483734 1
1486925 1
1488184 1
1495457 1
1495578 1
1507474 1
1507793 1
1508423 1
1509467 1
1510120 1
1511863 1
1513805 1
1514535 1
1525890 1
1526624 1
1532119 1
1536162 1
1542403 1
1543250 1
1543677 1
1546927 1
1549111 1
1550895 1
1554668 1
1562585 1
1564027 1
1566650 1
1579415 1
1580396 1
1580396 1
1582434 1
1586494 1
1591235 1
1592942 1
1593081 1
1595249 1
1595358 1
1597314 1
1598667 1
1599607 1
1599971 1
1609636 1
1615496 1
1615817 1
1620801 1
1623096 1
1625374 1
1625796 1
1627346 1
1628472 1
1632814 1
1641473 1
1642752 1
1648353 1
1648688 1
1650364 1
1652102 1
1654240 1
1658126 1
1661852 1
1663135 1
1663458 1
1668345 1
1668410 1
1670257 1
1675459 1
1675647 1
1676422 1
1677145 1
1677188 1
1687528 1
1690867 1
1696651 1
1700018 1
1701470 1
1703443 1
1705152 1
1707199 1
1708726 1
1710925 1
1714163 1
1716695 1
1717385 1
1717607 1
1717607 1
1724862 1
1726946 1
1728027 1
1728335 1
1729075 1
1729979 1
1730800 1
1732320 1
1734281 1
1756825 1
1757490 1
1758819 1
1761290 1
1766400 1
1767063 1
1767998 1
1771168 1
1771564 1
1773866 1
1780174 1
1784013 1
1784646 1
1785339 1
1785558 1
1786143 1
1790832 1
1793790 1
1796401 1
1797745 1
1797763 1
1806864 1
1820611 1
1821166 1
1823619 1
1824239 1
1829390 1
1832218 1
1834768 1
1836009 1
1839608 1
1843662 1
1843665 1
1846800 1
1849667 1
1855226 1
1856556 1
1858477 1
1859656 1
1880548 1
1885982 1
1886210 1
1894911 1
1895290 1
1897703 1
1898932 1
1903525 1
1908295 1
1911931 1
1912901 1
1917235 1
1920895 1
1927530 1
1932921 1
1940613 1
1946043 1
1947173 1
1948363 1
1948917 1
1951869 1
1956724 1
1959695 1
1960873 1
1964259 1
1964406 1
1969860 1
1971683 1
1975619 1
1975619 1
1976871 1
1978835 1
1980405 1
1986098 1
1986657 1
1987987 1
1992296 1
1992989 1
1999162 1
2001714 1
2002449 1
2004873 1
2010762 1
2011024 1
2011853 1
2014755 1
2016527 1
2017041 1
2017503 1
2019672 1
2021449 1
2022974 1
2024538 1
2025277 1
2036897 1
2039217 1
2055462 1
2058515 1
2059031 1
2064260 1
2065431 1
2067091 1
2083549 1
2085911 1
2087795 1
2089810 1
2094138 1
2098422 1
2100133 1
2101410 1
2102359 1
2104170 1
2104856 1
2105140 1
2106689 1
2106932 1
2111386 1
2115748 1
2117357 1
2120224 1
2121425 1
2121676 1
2123808 1
2130326 1
2130342 1
2130954 1
2132882 1
2139471 1
2141731 1
2143226 1
2144154 1
2149974 1
2150632 1
2154154 1
2156038 1
2158471 1
2158704 1
2160163 1
2160696 1
2160994 1
2163976 1
2173361 1
2175255 1
2183687 1
2185251 1
2190012 1
2197355 1
2205321 1
2206352 1
2210215 1
2216543 1
2217029 1
2229045 1
2233929 1
2235790 1
2237260 1
2237643 1
2239570 1
2240386 1
2240522 1
2240721 1
2245897 1
2248548 1
2248655 1
2249109 1
2258296 1
2258502 1
2258835 1
2259290 1
2260172 1
2261386 1
2263264 1
2268183 1
2269855 1
2269942 1
2274143 1
2274990 1
2284337 1
2286092 1
2290060 1
2291604 1
2298085 1
2298362 1
2300305 1
2301670 1
2302532 1
2316226 1
2316432 1
2323334 1
2324126 1
2325557 1
2331812 1
2334393 1
2334393 1
2334430 1
2335757 1
2339769 1
2339840 1
2339919 1
2340377 1
2344170 1
2357183 1
2358827 1
2358864 1
2362581 1
2375500 1
2377226 1
2377907 1
2378533 1
2382913 1
2384010 1
2385213 1
2385266 1
2385308 1
2386547 1
2387022 1
2388317 1
2390860 1
2396815 1
2398176 1
2398488 1
2400023 1
2400023 1
2403092 1
2405315 1
2405740 1
2406178 1
2406688 1
2406929 1
2407419 1
2409825 1
2412312 1
2422473 1
2422606 1
2423158 1
2423784 1
2425372 1
2425487 1
2431440 1
2431988 1
2432217 1
2433200 1
2435037 1
2438277 1
2438299 1
2441134 1
2445742 1
2451866 1
2453173 1
2464319 1
2464319 1
2467089 1
2468211 1
2469929 1
2476097 1
2477193 1
2478847 1
2483698 1
2485301 1
2485929 1
2486685 1
2488931 1
2493291 1
2493850 1
2502996 1
2506233 1
2514867 1
2521516 1
2522890 1
2523166 1
2525105 1
2525268 1
2525397 1
2531123 1
2534329 1
2534942 1
2536859 1
2537695 1
2550010 1
2553918 1
2562411 1
2568008 1
2568032 1
2575011 1
2578702 1
2581216 1
2583190 1
2584792 1
2585421 1
2585575 1
2588273 1
2588895 1
2589403 1
2590410 1
2592305 1
2592798 1
2594652 1
2594802 1
2606062 1
2608766 1
2616686 1
2620448 1
2622263 1
2622738 1
2631242 1
2631792 1
2633683 1
2634584 1
2646460 1
2646469 1
2647117 1
2651071 1
2652886 1
2653857 1
2654721 1
2657673 1
2660676 1
2665074 1
2673461 1
2680188 1
2680222 1
2683305 1
2684136 1
2684347 1
2701667 1
2705444 1
2708971 1
2712092 1
2725606 1
2727061 1
2727943 1
2741363 1
2741769 1
2742104 1
2753165 1
2755575 1
2760987 1
2766048 1
2769548 1
2773559 1
2775873 1
2778373 1
2779798 1
2780726 1
2781151 1
2782334 1
2783480 1
2784005 1
2788332 1
2788645 1
2796004 1
2801157 1
2801907 1
2808342 1
2811814 1
2813623 1
2814932 1
2817978 1
2820629 1
2822745 1
2826315 1
2829028 1
2832225 1
2834158 1
2838229 1
2843049 1
2849963 1
2853495 1
2854675 1
2857389 1
2857389 1
2859332 1
2860742 1
2863647 1
2864884 1
2865176 1
2870050 1
2873145 1
2877600 1
2879029 1
2880582 1
2880775 1
2882758 1
2885736 1
2885831 1
2900373 1
2902301 1
2906161 1
2911877 1
2912515 1
2915233 1
2915476 1
2919643 1
2919647 1
2926540 1
2928401 1
2930172 1
2931771 1
2931883 1
2934801 1
2935828 1
2936747 1
2937556 1
2940491 1
2949289 1
2950575 1
2950731 1
2951157 1
2951883 1
2957148 1
2958346 1
2959745 1
2962934 1
2964841 1
2966885 1
2967571 1
2968632 1
2971223 1
2972410 1
2972439 1
3001657 1
3004683 1
3005054 1
3005238 1
3009728 1
3012058 1
3015957 1
3018623 1
3019124 1
3020250 1
3023635 1
3031133 1
3031842 1
3032360 1
3039042 1
3039237 1
3039608 1
3041740 1
3048063 1
3049604 1
3050908 1
3062838 1
3069245 1
3072252 1
3072424 1
3075772 1
3079080 1
3082642 1
3084825 1
3087868 1
3089148 1
3094197 1
3095848 1
3097038 1
3097578 1
3099152 1
3102472 1
3105530 1
3105530 1
3108022 1
3111635 1
3113956 1
3114762 1
3116814 1
3118018 1
3118179 1
3119246 1
3121915 1
3124313 1
3125400 1
3125642 1
3129045 1
3136356 1
3143057 1
3145186 1
3145286 1
3145427 1
3147011 1
3148557 1
3149638 1
3150973 1
3158323 1
3160613 1
3162858 1
3166551 1
3169154 1
3177497 1
3180531 1
3183057 1
3184622 1
3188652 1
3190611 1
3190824 1
3192695 1
3201483 1
3204114 1
3204133 1
3205065 1
3206038 1
3206340 1
3210452 1
3210507 1
3214367 1
3214589 1
3221195 1
3221840 1
3236509 1
3238658 1
3239221 1
3251216 1
3251362 1
3252419 1
3252548 1
3256157 1
3260374 1
3260842 1
3261566 1
3262029 1
3262731 1
3262899 1
3265451 1
3270677 1
3272895 1
3274551 1
3274551 1
3281085 1
3282995 1
3283221 1
3286722 1
3298438 1
3299071 1
3300375 1
3300460 1
3305066 1
3305341 1
3311792 1
3312474 1
3313920 1
3314447 1
3315537 1
3316895 1
3321012 1
3321082 1
3323701 1
3326681 1
3326837 1
3328020 1
3328121 1
3329114 1
3331487 1
3334746 1
3336152 1
3336414 1
3337007 1
3340189 1
3340607 1
3343023 1
3343300 1
3349644 1
3351469 1
3353404 1
3354554 1
3355042 1
3359469 1
3361514 1
3364040 1
3364172 1
3365352 1
3365844 1
3368491 1
3371777 1
3380838 1
3382393 1
3382650 1
3382866 1
3390170 1
3392992 1
3394980 1
3399629 1
3402067 1
3402961 1
3403113 1
3408411 1
3408936 1
3414712 1
3417767 1
3423521 1
3427250 1
3432547 1
3434648 1
3436208 1
3436216 1
3442079 1
3444258 1
3444967 1
3448784 1
3448928 1
3456503 1
3462728 1
3469866 1
3478391 1
3482690 1
3491390 1
3496543 1
3500484 1
3501253 1
3504005 1
3507420 1
3507605 1
3507905 1
3508504 1
3511645 1
3513788 1
3515218 1
3516634 1
3517247 1
3518510 1
3528040 1
3528344 1
3535984 1
3536427 1
3537035 1
3537957 1
3538911 1
3539342 1
3544729 1
3546583 1
3547562 1
3549300 1
3554316 1
3557822 1
3564419 1
3565519 1
3573546 1
3574189 1
3580513 1
3582281 1
3583329 1
3586019 1
3586541 1
3589832 1
3590852 1
3590852 1
3591619 1
3591842 1
3596690 1
3597909 1
3603196 1
3605425 1
3620559 1
3632981 1
3639751 1
3640999 1
3641156 1
3642138 1
3646750 1
3650019 1
3652293 1
3652822 1
3652900 1
3656945 1
3657278 1
3658547 1
3663796 1
3667146 1
3667947 1
3670312 1
3670312 1
3671210 1
3675339 1
3675348 1
3675945 1
3678002 1
3678105 1
3680920 1
3682531 1
3683666 1
3683786 1
3689881 1
3697312 1
3699731 1
3706249 1
3708031 1
3712521 1
3714986 1
3716099 1
3716600 1
3723528 1
3740921 1
3741193 1
3741954 1
3742983 1
3743810 1
3744278 1
3745640 1
3749246 1
3753430 1
3756207 1
3758805 1
3759004 1
3759090 1
3759535 1
3759880 1
3762511 1
3763331 1
3768567 1
3771721 1
3772980 1
3773818 1
3774472 1
3775387 1
3775792 1
3778490 1
3779904 1
3780011 1
3782388 1
3782513 1
3784457 1
3786404 1
3788441 1
3789147 1
3789298 1
3791792 1
3804640 1
3807549 1
3809796 1
3815450 1
3816750 1
3820337 1
3824340 1
3824513 1
3832381 1
3834868 1
3836232 1
3838261 1
3838753 1
3845676 1
3846359 1
3851685 1
3860207 1
3861338 1
3864772 1
3867059 1
3868364 1
3869000 1
3869758 1
3873133 1
3874041 1
3874449 1
3874590 1
3877086 1
3877472 1
3883495 1
3885759 1
3890520 1
3895015 1
3896421 1
3907457 1
3910951 1
3918236 1
3919349 1
3925456 1
3932520 1
3935549 1
3941435 1
3943213 1
3945289 1
3947235 1
3952795 1
3963338 1
3964672 1
3969726 1
3973163 1
3975330 1
3988089 1
3988804 1
3991803 1
3994765 1
3996403 1
3997440 1
4001954 1
4010725 1
4013705 1
4018065 1
4019056 1
4019675 1
4020388 1
4021278 1
4022531 1
4024530 1
4031417 1
4033841 1
4035282 1
4036639 1
4036805 1
4041234 1
4047820 1
4051565 1
4059464 1
4060151 1
4060317 1
4062936 1
4063105 1
4063389 1
4066094 1
4066150 1
4066401 1
4066602 1
4066889 1
4067355 1
4070683 1
4071044 1
4071968 1
4087468 1
4088212 1
4094560 1
4096182 1
4101289 1
4101924 1
4101965 1
4105800 1
4116949 1
4131144 1
4133201 1
4138636 1
4139844 1
4141694 1
4145057 1
4148898 1
4148898 1
4148954 1
4150770 1
4157227 1
4160816 1
4167424 1
4172116 1
4172500 1
4173186 1
4173915 1
4175736 1
4175999 1
4177385 1
4180314 1
4181832 1
4184006 1
4186974 1
4187923 1
4188786 1
4189076 1
4189261 1
4190894 1
4190936 1
4191971 1
4193238 1
4194521 1
4194583 1
4194614 1
4196422 1
4198572 1
4200279 1
4202908 1
4203752 1
4204922 1
4205988 1
4207879 1
4213429 1
4214091 1
4214555 1
4215663 1
4217070 1
4224751 1
4224751 1
4229841 1
4234708 1
4237372 1
4241951 1
4242306 1
4246726 1
4247977 1
4250039 1
4250525 1
4252041 1
4253932 1
4253932 1
4255169 1
4259448 1
4259473 1
4259838 1
4260609 1
4260667 1
4261205 1
4262664 1
4270098 1
4273049 1
4273220 1
4276721 1
4277864 1
4278799 1
4278980 1
4279215 1
4280475 1
4280476 1
4280615 1
4281055 1
4286973 1
4302307 1
4311758 1
4318262 1
4318687 1
4320342 1
4323288 1
4331566 1
4332759 1
4333795 1
4336193 1
4337337 1
4339020 1
4341559 1
4345923 1
4345924 1
4346849 1
4347243 1
4347872 1
4351090 1
4356664 1
4357501 1
4365726 1
4366165 1
4366722 1
4367352 1
4369473 1
4370444 1
4377378 1
4380594 1
4385463 1
4389684 1
4394890 1
4399292 1
4400708 1
4405064 1
4405788 1
4407590 1
4409214 1
4410438 1
4411381 1
4411407 1
4411877 1
4415198 1
4416933 1
4418147 1
4427204 1
4427955 1
4428547 1
4431018 1
4434185 1
4438472 1
4439679 1
4441818 1
4442518 1
4442518 1
4449467 1
4449467 1
4449661 1
4450500 1
4471778 1
4474326 1
4477783 1
4479554 1
4481122 1
4482346 1
4485703 1
4488555 1
4488624 1
4505368 1
4509954 1
4513207 1
4516362 1
4516372 1
4516906 1
4519282 1
4521869 1
4530559 1
4531234 1
4531565 1
4534257 1
4535074 1
4538151 1
4538921 1
4542326 1
4543933 1
4544601 1
4544764 1
4545571 1
4549717 1
4549882 1
4554520 1
4554974 1
4562177 1
4564077 1
4571632 1
4574871 1
4576394 1
4579561 1
4586414 1
4593180 1
4593815 1
4595721 1
4596164 1
4603806 1
4607470 1
4608906 1
4610242 1
4611977 1
4612945 1
4616145 1
4620580 1
4621219 1
4622424 1
4634890 1
4641628 1
4646739 1
4648536 1
4649667 1
4650016 1
4650016 1
4651677 1
4656001 1
4658105 1
4661520 1
4664916 1
4669438 1
4669822 1
4671776 1
4671786 1
4674968 1
4676123 1
4680019 1
4680569 1
4681108 1
4681274 1
4682388 1
4683331 1
4684473 1
4687874 1
4690865 1
4692801 1
4694583 1
4695426 1
4695659 1
4701129 1
4707474 1
4709086 1
4712791 1
4713576 1
4714938 1
4715137 1
4715309 1
4720364 1
4723492 1
4723569 1
4730424 1
4731358 1
4732324 1
4734780 1
4735425 1
4738168 1
4739423 1
4739440 1
4740389 1
4743451 1
4751012 1
4752432 1
4754562 1
4763773 1
4765405 1
4772606 1
4776253 1
4776349 1
4776349 1
4777378 1
4784124 1
4787451 1
4790706 1
4795917 1
4800098 1
4805519 1
4806043 1
4806520 1
4807093 1
4814384 1
4824050 1
4824741 1
4825244 1
4825627 1
4825957 1
4830484 1
4834480 1
4850584 1
4853452 1
4854566 1
4858391 1
4859642 1
4859856 1
4863394 1
4865246 1
4865332 1
4871927 1
4878887 1
4880914 1
4880921 1
4883687 1
4884303 1
4886272 1
4889280 1
4892577 1
4895074 1
4897517 1
4898115 1
4898124 1
4901353 1
4906185 1
4907760 1
4908071 1
4908991 1
4910091 1
4920982 1
4926408 1
4929901 1
4936964 1
4938513 1
4954358 1
4956277 1
4960219 1
4962215 1
4964262 1
4968521 1
4985892 1
4986007 1
4987815 1
4988528 1
4989742 1
4990924 1
4998765 1
5000303 1
5002369 1
5004354 1
5011205 1
5012923 1
5016420 1
5019948 1
5024304 1
5025642 1
5027488 1
5028847 1
5029827 1
5030721 1
5031434 1
5032200 1
5034785 1
5040912 1
5043012 1
5047081 1
5047414 1
5047794 1
5048089 1
5048336 1
5049757 1
5051988 1
5052206 1
5053426 1
5055246 1
5055703 1
5055958 1
5056235 1
5056245 1
5057351 1
5063741 1
5070368 1
5074823 1
5075780 1
5075957 1
5079060 1
5085117 1
5085744 1
5090258 1
5112603 1
5116438 1
5118339 1
5118789 1
5126106 1
5133896 1
5135606 1
5136865 1
5139198 1
5143865 1
5151000 1
5158404 1
5160349 1
5160498 1
5163252 1
5178332 1
5183620 1
5185242 1
5186102 1
5186165 1
5197940 1
5201320 1
5202218 1
5202993 1
5202996 1
5216635 1
5220886 1
5221846 1
5226810 1
5229166 1
5229838 1
5230827 1
5233101 1
5234902 1
5239639 1
5244533 1
5247446 1
5248784 1
5251444 1
5252248 1
5255989 1
5260129 1
5260161 1
5260942 1
5262352 1
5267639 1
5274383 1
5281187 1
5281188 1
5281372 1
5284006 1
5286575 1
5294708 1
5298477 1
5299945 1
5321485 1
5322244 1
5322372 1
5322441 1
5327561 1
5332278 1
5335734 1
5337825 1
5339665 1
5346636 1
5350205 1
5350222 1
5350340 1
5350886 1
5351340 1
5351475 1
5354831 1
5363774 1
5369693 1
5373846 1
5375643 1
5376329 1
5377769 1
5383457 1
5384113 1
5384383 1
5385969 1
5414768 1
5414930 1
5416905 1
5424090 1
5428484 1
5430563 1
5430640 1
5436063 1
5439870 1
5440106 1
5442070 1
5442886 1
5443186 1
5445422 1
5446152 1
5446754 1
5451462 1
5454171 1
5455621 1
5457674 1
5459433 1
5461593 1
5463458 1
5463875 1
5475923 1
5479520 1
5489213 1
5490498 1
5494931 1
5498954 1
5503070 1
5504833 1
5505115 1
5505795 1
5511035 1
5516231 1
5524472 1
5525088 1
5525088 1
5525669 1
5525853 1
5532892 1
5534716 1
5537209 1
5538567 1
5540195 1
5542742 1
5553318 1
5562536 1
5563149 1
5570924 1
5579406 1
5582889 1
5586045 1
5586920 1
5587954 1
5590111 1
5590608 1
5592093 1
5600644 1
5600916 1
5605046 1
5605680 1
5605888 1
5607374 1
5608660 1
5608818 1
5609787 1
5611258 1
5613975 1
5615337 1
5616592 1
5620701 1
5621794 1
5634073 1
5639599 1
5642715 1
5654811 1
5657001 1
5662521 1
5663542 1
5676515 1
5676695 1
5679934 1
5680937 1
5681278 1
5681766 1
5682190 1
5691053 1
5691522 1
5692056 1
5692829 1
5694878 1
5700487 1
5701137 1
5701510 1
5706683 1
5711346 1
5718365 1
5722364 1
5723329 1
5724254 1
5725951 1
5730732 1
5732439 1
5744294 1
5747385 1
5747651 1
5748659 1
5755297 1
5764030 1
5764354 1
5765974 1
5767544 1
5769268 1
5772523 1
5774533 1
5775567 1
5777647 1
5779265 1
5782287 1
5786278 1
5790430 1
5790853 1
5798988 1
5800318 1
5808110 1
5809585 1
5811881 1
5812363 1
5816308 1
5819850 1
5820233 1
5822743 1
5823609 1
5824515 1
5824957 1
5835141 1
5840995 1
5851224 1
5860811 1
5861077 1
5861607 1
5861614 1
5864912 1
5869634 1
5870785 1
5876038 1
5878148 1
5879016 1
5882908 1
5882911 1
5884432 1
5888513 1
5890837 1
5891701 1
5892669 1
5892679 1
5893973 1
5894535 1
5896344 1
5898341 1
5903033 1
5903767 1
5903940 1
5907796 1
5908855 1
5909566 1
5920147 1
5921396 1
5921786 1
5926558 1
5928069 1
5929851 1
5932899 1
5938642 1
5942827 1
5943388 1
5948666 1
5956813 1
5957118 1
5958406 1
5963394 1
5968370 1
5973565 1
5976357 1
5981990 1
5982041 1
5982326 1
5989278 1
5992068 1
5992667 1
5994933 1
6001771 1
6007196 1
6011052 1
6014173 1
6017801 1
6017925 1
6022019 1
6022397 1
6023335 1
6027080 1
6028957 1
6029996 1
6030151 1
6030151 1
6030153 1
6037271 1
6038741 1
6039993 1
6045834 1
6051598 1
6064229 1
6068569 1
6069159 1
6069234 1
6071238 1
6071603 1
6073071 1
6084539 1
6093677 1
6096807 1
6098425 1
6098447 1
6102928 1
6108074 1
6108532 1
6109802 1
6111285 1
6113737 1
6115562 1
6115562 1
6117094 1
6119770 1
6120795 1
6121461 1
6124213 1
6126210 1
6126236 1
6127130 1
6130413 1
6138058 1
6142887 1
6150908 1
6153231 1
6153311 1
6155331 1
6157922 1
6176700 1
6184760 1
6194944 1
6195476 1
6200903 1
6224757 1
6225134 1
6225605 1
6226852 1
6235588 1
6239807 1
6239810 1
6264993 1
6266102 1
6269924 1
6276370 1
6298162 1
6298162 1
6299461 1
6300706 1
6304718 1
6313257 1
6319545 1
6331995 1
6333057 1
6338264 1
6341713 1
6353110 1
6354484 1
6354945 1
6362985 1
6368059 1
6368941 1
6369832 1
6370481 1
6373095 1
6380464 1
6385046 1
6386484 1
6390036 1
6393618 1
6395951 1
6402615 1
6408971 1
6415319 1
6415367 1
6418223 1
6419504 1
6419881 1
6421413 1
6422414 1
6424074 1
6426362 1
6426845 1
6440773 1
6442160 1
6443616 1
6444951 1
6447668 1
6455791 1
6455914 1
6457624 1
6457779 1
6459376 1
6459419 1
6466107 1
6472499 1
6474870 1
6480864 1
6484328 1
6486331 1
6487482 1
6489332 1
6491413 1
6500598 1
6503655 1
6505328 1
6505640 1
6511806 1
6514739 1
6517304 1
6519460 1
6521829 1
6525541 1
6530831 1
6531008 1
6532510 1
6533843 1
6539605 1
6543019 1
6543129 1
6547531 1
6548573 1
6550392 1
6553396 1
6559852 1
6572243 1
6573615 1
6580522 1
6581420 1
6582098 1
6582439 1
6582982 1
6597481 1
6600342 1
6605203 1
6605780 1
6607161 1
6607291 1
6608448 1
6611202 1
6618875 1
6621062 1
6621999 1
6622905 1
6623517 1
6623677 1
6624366 1
6626482 1
6627828 1
6629759 1
6631940 1
6632314 1
6633064 1
6644200 1
6645256 1
6646232 1
6647765 1
6650720 1
6652822 1
6654427 1
6665700 1
6666844 1
6667056 1
6667626 1
6671451 1
6673634 1
6677671 1
6678588 1
6680812 1
6684652 1
6686838 1
6691260 1
6694493 1
6695435 1
6697370 1
6698257 1
6698285 1
6700291 1
6708942 1
6711029 1
6711482 1
6712368 1
6712949 1
6715593 1
6717480 1
6717518 1
6718158 1
6721489 1
6732890 1
6733010 1
6733543 1
6735396 1
6735888 1
6736851 1
6740687 1
6744960 1
6745002 1
6750280 1
6750358 1
6753288 1
6762476 1
6763206 1
6767332 1
6770220 1
6770471 1
6772743 1
6774581 1
6776201 1
6777891 1
6778272 1
6780062 1
6781846 1
6782561 1
6784213 1
6788615 1
6794371 1
6805771 1
6807972 1
6812776 1
6813578 1
6815251 1
6817164 1
6817444 1
6825563 1
6831842 1
6833944 1
6835958 1
6836325 1
6837466 1
6837831 1
6844306 1
6844991 1
6847282 1
6847282 1
6847456 1
6848930 1
6849487 1
6849798 1
6856553 1
6859716 1
6862853 1
6863131 1
6866565 1
6868587 1
6874612 1
6878300 1
6878992 1
6879967 1
6882283 1
6882402 1
6887030 1
6890205 1
6890372 1
6890467 1
6892663 1
6894382 1
6894921 1
6896801 1
6898149 1
6899448 1
6899801 1
6906804 1
6908413 1
6909144 1
6915260 1
6921345 1
6921358 1
6922777 1
6924162 1
6924166 1
6924293 1
6924925 1
6926026 1
6926817 1
6927339 1
6929446 1
6929996 1
6930027 1
6930982 1
6931213 1
6931509 1
6933422 1
6934992 1
6936368 1
6936368 1
6937195 1
6940330 1
6940530 1
6945636 1
6946252 1
6954485 1
6955311 1
6960502 1
6960614 1
6961083 1
6966308 1
6970555 1
6972797 1
6972797 1
6974132 1
6974806 1
6974813 1
6975803 1
6975803 1
6979918 1
6986162 1
6989211 1
6990372 1
6994405 1
6996244 1
6998621 1
6999352 1
7002591 1
7004341 1
7005276 1
7005382 1
7023510 1
7024375 1
7026919 1
7029949 1
7030050 1
7040138 1
7043142 1
7044355 1
7044490 1
7047533 1
7049998 1
7050750 1
7050756 1
7051021 1
7053664 1
7056802 1
7056944 1
7057047 1
7057187 1
7057310 1
7065753 1
7067107 1
7068991 1
7069598 1
7073072 1
7074447 1
7075274 1
7076841 1
7076867 1
7076870 1
7076981 1
7084214 1
7101225 1
7101359 1
7102865 1
7103558 1
7104482 1
7106115 1
7107099 1
7107099 1
7107353 1
7108380 1
7108492 1
7108492 1
7108777 1
7109173 1
7109334 1
7109610 1
7109898 1
7109901 1
7110158 1
7111434 1
7111514 1
7113248 1
7114554 1
7116095 1
7117074 1
7117636 1
7121077 1
7121955 1
7123667 1
7123667 1
7123667 1
7123667 1
7124150 1
7124742 1
7127263 1
7127849 1
7129850 1
7129993 1
7135601 1
7136130 1
7154109 1
7154391 1
7155318 1
7160389 1
7166658 1
7170399 1
7172607 1
7173342 1
7176469 1
7180350 1
7182473 1
7190072 1
7190355 1
7192953 1
7194788 1
7195800 1
7196140 1
7197929 1
7198478 1
7199406 1
7205247 1
7205560 1
7206005 1
7206729 1
7211527 1
7220888 1
7221658 1
7222603 1
7223719 1
7223886 1
7226531 1
7230041 1
7232202 1
7235583 1
7235838 1
7235982 1
7241416 1
7242630 1
7246266 1
7249453 1
7249887 1
7249919 1
7250839 1
7250877 1
7254105 1
7256889 1
7257513 1
7265163 1
7266501 1
7268775 1
7270470 1
7271252 1
7273931 1
7279505 1
7279505 1
7280732 1
7287848 1
7291620 1
7298520 1
7298669 1
7303471 1
7304295 1
7311623 1
7312202 1
7313839 1
7314932 1
7315298 1
7321569 1
7329142 1
7333177 1
7338354 1
7338719 1
7338728 1
7340056 1
7344812 1
7346208 1
7349556 1
7350910 1
7357550 1
7362964 1
7364494 1
7371156 1
7372822 1
7375425 1
7380157 1
7381528 1
7382837 1
7385215 1
7387103 1
7388611 1
7388611 1
7391725 1
7392332 1
7393934 1
7394184 1
7395442 1
7396123 1
7403020 1
7407338 1
7408701 1
7409568 1
7413896 1
7415183 1
7415435 1
7417129 1
7419769 1
7420941 1
7425960 1
7426991 1
7429398 1
7433109 1
7436050 1
7436965 1
7438757 1
7439159 1
7440996 1
7441209 1
7441674 1
7443604 1
7444763 1
7457453 1
7458892 1
7461754 1
7461755 1
7462273 1
7467227 1
7481592 1
7481592 1
7485427 1
7487641 1
7487641 1
7489255 1
7490619 1
7491492 1
7492223 1
7493628 1
7494652 1
7504416 1
7506107 1
7509035 1
7512030 1
7513698 1
7518975 1
7522608 1
7531252 1
7532836 1
7533272 1
7535486 1
7538694 1
7540471 1
7541895 1
7542887 1
7548513 1
7549011 1
7554879 1
7554879 1
7556060 1
7556946 1
7558237 1
7564324 1
7566843 1
7569339 1
7574372 1
7576122 1
7579281 1
7581216 1
7584771 1
7584771 1
7585115 1
7587787 1
7589726 1
7593138 1
7593703 1
7594556 1
7594666 1
7595014 1
7595017 1
7595129 1
7597445 1
7604397 1
7605652 1
7606970 1
7613938 1
7617507 1
7622428 1
7636751 1
7641073 1
7646219 1
7656314 1
7659910 1
7665965 1
7666265 1
7670651 1
7673755 1
7676474 1
7677443 1
7680232 1
7683392 1
7687497 1
7694009 1
7694134 1
7694610 1
7697788 1
7697955 1
7698335 1
7707506 1
7708913 1
7713464 1
7714432 1
7716463 1
7717423 1
7723529 1
7724596 1
7725205 1
7728284 1
7730001 1
7734014 1
7737041 1
7755769 1
7759498 1
7762824 1
7769903 1
7770743 1
7770938 1
7773873 1
7777446 1
7781798 1
7787722 1
7788297 1
7790747 1
7790953 1
7792706 1
7793517 1
7810441 1
7811254 1
7814181 1
7828124 1
7828342 1
7830899 1
7831843 1
7833846 1
7840321 1
7841670 1
7844751 1
7854575 1
7855224 1
7855793 1
7857657 1
7857988 1
7860315 1
7861500 1
7862628 1
7863125 1
7866460 1
7869482 1
7870405 1
7876374 1
7877861 1
7883858 1
7883929 1
7888370 1
7888563 1
7889932 1
7891677 1
7891699 1
7894558 1
7897800 1
7899880 1
7899887 1
7900815 1
7903818 1
7907350 1
7912521 1
7913363 1
7915044 1
7922138 1
7922766 1
7923557 1
7923605 1
7924552 1
7925309 1
7926350 1
7927121 1
7927222 1
7930082 1
7931423 1
7932610 1
7933730 1
7935992 1
7937658 1
7939634 1
7945622 1
7946654 1
7948530 1
7949902 1
7956881 1
7957820 1
7958348 1
7963322 1
7965396 1
7970835 1
7972716 1
7972879 1
7976715 1
7979107 1
7987153 1
7990014 1
7990162 1
7995259 1
7997996 1
7999548 1
8001059 1
8002517 1
8004026 1
8004051 1
8004312 1
8004887 1
8007132 1
8008095 1
8012955 1
8016390 1
8017217 1
8018333 1
8019778 1
8022781 1
8024188 1
8025921 1
8026942 1
8028806 1
8033330 1
8033594 1
8034913 1
8035274 1
8037730 1
8038551 1
8039153 1
8039520 1
8039700 1
8039968 1
8040553 1
8042180 1
8043406 1
8047047 1
8053170 1
8053279 1
8054087 1
8055489 1
8060216 1
8061663 1
8061824 1
8065390 1
8065654 1
8066659 1
8067974 1
8068429 1
8070186 1
8073230 1
8076541 1
8076795 1
8077213 1
8079793 1
8080980 1
8082072 1
8084649 1
8085957 1
8086586 1
8088415 1
8088505 1
8091668 1
8093040 1
8093180 1
8093200 1
8094137 1
8094945 1
8095504 1
8095573 1
8095661 1
8100280 1
8100705 1
8101115 1
8101761 1
8104695 1
8105835 1
8108703 1
8108859 1
8109595 1
8109672 1
8110907 1
8112984 1
8113858 1
8114064 1
8114219 1
8115140 1
8118546 1
8126707 1
8127521 1
8130809 1
8132850 1
8133696 1
8135427 1
8137773 1
8137980 1
8138617 1
8138808 1
8142938 1
8144346 1
8148458 1
8149237 1
8150105 1
8151785 1
8154366 1
8155026 1
8155684 1
8156375 1
8158562 1
8161916 1
8167964 1
8174744 1
8182667 1
8194066 1
8198021 1
8198238 1
8200586 1
8201437 1
8203356 1
8204675 1
8206959 1
8207912 1
8213351 1
8217271 1
8219519 1
8222098 1
8222287 1
8236386 1
8242927 1
8250141 1
8255440 1
8266817 1
8269941 1
8274983 1
8276670 1
8277238 1
8282979 1
8285640 1
8287830 1
8294203 1
8294662 1
8295985 1
8299806 1
8300549 1
8305811 1
8309424 1
8310211 1
15608 1
26778 1
52177 1
55328 1
95811 1
128040 1
129455 1
135393 1
136375 1
143911 1
148822 1
150336 1
159490 1
171954 1
179435 1
201816 1
209822 1
237002 1
249384 1
270928 1
290911 1
291332 1
313792 1
315620 1
316071 1
316243 1
347444 1
350475 1
356609 1
383427 1
387192 1
426531 1
436449 1
441192 1
441479 1
446426 1
457911 1
459436 1
478582 1
479042 1
479117 1
482529 1
501843 1
515056 1
532783 1
541038 1
551653 1
560272 1
560552 1
560555 1
563432 1
647845 1
648782 1
663374 1
690344 1
706533 1
716753 1
788976 1
798342 1
798415 1
807877 1
812157 1
824415 1
833500 1
834452 1
839551 1
852481 1
856016 1
894841 1
902051 1
902677 1
912481 1
915664 1
916120 1
924990 1
926820 1
928698 1
980517 1
987432 1
1009653 1
1011297 1
1013125 1
1024419 1
1030238 1
1050631 1
1055195 1
1063301 1
1066473 1
1070324 1
1073548 1
1080153 1
1080330 1
1083726 1
1084738 1
1097637 1
1100108 1
1107387 1
1108312 1
1141124 1
1175483 1
1178606 1
1184553 1
1192567 1
1192680 1
1199914 1
1201996 1
1205152 1
1208292 1
1208293 1
1218982 1
1222416 1
1238349 1
1257756 1
1274036 1
1274981 1
1274981 1
1275717 1
1285709 1
1286757 1
1289736 1
1298533 1
1298897 1
1301370 1
1301853 1
1302287 1
1302522 1
1308865 1
1320286 1
1322054 1
1329032 1
1331639 1
1348942 1
1355265 1
1356443 1
1356970 1
1391361 1
1426552 1
1439010 1
1445916 1
1450274 1
1458497 1
1473968 1
1494446 1
1494536 1
1495867 1
1496348 1
1503850 1
1505514 1
1506904 1
1511103 1
1519235 1
1533502 1
1543118 1
1561216 1
1577748 1
1611575 1
1642526 1
1657522 1
1662840 1
1663935 1
1663935 1
1676487 1
1699393 1
1700983 1
1715790 1
1721023 1
1728350 1
1731960 1
1740052 1
1749960 1
1790841 1
1793603 1
1804948 1
1814084 1
1816748 1
1820834 1
1821008 1
1821576 1
1828923 1
1842641 1
1852801 1
1882658 1
1885230 1
1922174 1
1934744 1
1953969 1
1975356 1
1977417 1
1980759 1
1999507 1
1999690 1
2008464 1
2011570 1
2013509 1
2018934 1
2019315 1
2021942 1
2041558 1
2067891 1
2101906 1
2107675 1
2142985 1
2143890 1
2147604 1
2149804 1
2158242 1
2171155 1
2185340 1
2248028 1
2249011 1
2253922 1
2258482 1
2259778 1
2265256 1
2276071 1
2284227 1
2303374 1
2329290 1
2335176 1
2350477 1
2373180 1
2377481 1
2387412 1
2387412 1
2399161 1
2403886 1
2422599 1
2430275 1
2431606 1
2437779 1
2453713 1
2469306 1
2479594 1
2486643 1
2495998 1
2519118 1
2521194 1
2526058 1
2526463 1
2550322 1
2551435 1
2555187 1
2573966 1
2587121 1
2606435 1
2625257 1
2625439 1
2627991 1
2629532 1
2636214 1
2644614 1
2644928 1
2666377 1
2666840 1
2696842 1
2699938 1
2704027 1
2713274 1
2714387 1
2729232 1
2733927 1
2737129 1
2748078 1
2751717 1
2754208 1
2784280 1
2785021 1
2791621 1
2796173 1
2816821 1
2818380 1
2824150 1
2832768 1
2834488 1
2858422 1
2868492 1
2914727 1
2932992 1
2933025 1
2973762 1
2974055 1
2982290 1
2996638 1
3067645 1
3084162 1
3085134 1
3098039 1
3098325 1
3118498 1
3126368 1
3155054 1
3162185 1
3170357 1
3170471 1
3175163 1
3175166 1
3186185 1
3192291 1
3194266 1
3194284 1
3204028 1
3210605 1
3222564 1
3228948 1
3233202 1
3235240 1
3242990 1
3242990 1
3245828 1
3255294 1
3265961 1
3265961 1
3267107 1
3276292 1
3282554 1
3284612 1
3291111 1
3291971 1
3308902 1
3319875 1
3321481 1
3328657 1
3345543 1
3359643 1
3360573 1
3385278 1
3391663 1
3403944 1
3419977 1
3444759 1
3449441 1
3453297 1
3468180 1
3473124 1
3483488 1
3512228 1
3512228 1
3513999 1
3517883 1
3521361 1
3521449 1
3526955 1
3539385 1
3549964 1
3550799 1
3557730 1
3561562 1
3592051 1
3593224 1
3615666 1
3623885 1
3626589 1
3640947 1
3651693 1
3655468 1
3659642 1
3660357 1
3677400 1
3679473 1
3700704 1
3712574 1
3717358 1
3727957 1
3731602 1
3747846 1
3756628 1
3760908 1
3761204 1
3762920 1
3776581 1
3807529 1
3809378 1
3834159 1
3838861 1
3847098 1
3849322 1
3851811 1
3855305 1
3870413 1
3875896 1
3910744 1
3926380 1
3926428 1
3929480 1
3930745 1
3937432 1
3937485 1
3938291 1
3942553 1
3944856 1
3945467 1
3964210 1
3982714 1
3986725 1
3988844 1
4011549 1
4013100 1
4022378 1
4024943 1
4029407 1
4031378 1
4034003 1
4036667 1
4056249 1
4056472 1
4069189 1
4078882 1
4081785 1
4086596 1
4093060 1
4104185 1
4114723 1
4117472 1
4140861 1
4142013 1
4142854 1
4152965 1
4159640 1
4163917 1
4173382 1
4196395 1
4203869 1
4204050 1
4204830 1
4205718 1
4207361 1
4211289 1
4215404 1
4229611 1
4234507 1
4254791 1
4272207 1
4274214 1
4284925 1
4297330 1
4316969 1
4328021 1
4333699 1
4339919 1
4343676 1
4345505 1
4351920 1
4353041 1
4355076 1
4363162 1
4372037 1
4375150 1
4381447 1
4396619 1
4404356 1
4429502 1
4485158 1
4515406 1
4521241 1
4526753 1
4561907 1
4574128 1
4616684 1
4621750 1
4659028 1
4678679 1
4685616 1
4688195 1
4690630 1
4707258 1
4715925 1
4724158 1
4725032 1
4745082 1
4771199 1
4772274 1
4781739 1
4785904 1
4788570 1
4792476 1
4801913 1
4835772 1
4845774 1
4850778 1
4867357 1
4883361 1
4887251 1
4893079 1
4898892 1
4901274 1
4911787 1
4961079 1
4972520 1
5032786 1
5037392 1
5044630 1
5046477 1
5047193 1
5081261 1
5081287 1
5081471 1
5089317 1
5109633 1
5109633 1
5115238 1
5131220 1
5134352 1
5183426 1
5229643 1
5239561 1
5250614 1
5265388 1
5287556 1
5291346 1
5301603 1
5320760 1
5335278 1
5340917 1
5350041 1
5351344 1
5366692 1
5380073 1
5380073 1
5386719 1
5421798 1
5431862 1
5433388 1
5448836 1
5494963 1
5499733 1
5527045 1
5535948 1
5536665 1
5543562 1
5552614 1
5567869 1
5574827 1
5592135 1
5605033 1
5645266 1
5646265 1
5647186 1
5675547 1
5675996 1
5680508 1
5686068 1
5688594 1
5700239 1
5701437 1
5701883 1
5723206 1
5734890 1
5742009 1
5749098 1
5757215 1
5765251 1
5774832 1
5790677 1
5808984 1
5825495 1
5856977 1
5858909 1
5870413 1
5872476 1
5873711 1
5876678 1
5886612 1
5892426 1
5904333 1
5914379 1
5914704 1
5917552 1
5922351 1
5923203 1
5926281 1
5959773 1
5960527 1
5961091 1
5976472 1
6004488 1
6056066 1
6071212 1
6085372 1
6099499 1
6108780 1
6130295 1
6141126 1
6144597 1
6144908 1
6225914 1
6239764 1
6248247 1
6260939 1
6264333 1
6264708 1
6281224 1
6344171 1
6354720 1
6362515 1
6363643 1
6371936 1
6376462 1
6381546 1
6395985 1
6396039 1
6396543 1
6397489 1
6402527 1
6409494 1
6410001 1
6414029 1
6491132 1
6499766 1
6507272 1
6518004 1
6521449 1
6528084 1
6533064 1
6543587 1
6544087 1
6544132 1
6557188 1
6570947 1
6571651 1
6608934 1
6617245 1
6618534 1
6623287 1
6627725 1
6630492 1
6630510 1
6638115 1
6638522 1
6645708 1
6646090 1
6647332 1
6649484 1
6671448 1
6690340 1
6694868 1
6700315 1
6703639 1
6716834 1
6731905 1
6734374 1
6735129 1
6735193 1
6740295 1
6758340 1
6768788 1
6792027 1
6803468 1
6820786 1
6822562 1
6827119 1
6838264 1
6847081 1
6850147 1
6851006 1
6852537 1
6855983 1
6870467 1
6892532 1
6898311 1
6908616 1
6933999 1
6935114 1
6937176 1
6940261 1
6957218 1
6965456 1
6991429 1
7005266 1
7007561 1
7024454 1
7024833 1
7027159 1
7031004 1
7040984 1
7042226 1
7047867 1
7052057 1
7057278 1
7065867 1
7067043 1
7083475 1
7105718 1
7121549 1
7123560 1
7123738 1
7123886 1
7136228 1
7137164 1
7137647 1
7142821 1
7153262 1
7161736 1
7164010 1
7168743 1
7175473 1
7178890 1
7184200 1
7211614 1
7212710 1
7224579 1
7226939 1
7232252 1
7248541 1
7267253 1
7294708 1
7313752 1
7314192 1
7337118 1
7340224 1
7356071 1
7376861 1
7384057 1
7387439 1
7389068 1
7390058 1
7391288 1
7420089 1
7421402 1
7423392 1
7433018 1
7434439 1
7440503 1
7441491 1
7445642 1
7477010 1
7502590 1
7509837 1
7511923 1
7538390 1
7538891 1
7540727 1
7540727 1
7547011 1
7571090 1
7574754 1
7591623 1
7602993 1
7604368 1
7648916 1
7665971 1
7734519 1
7826380 1
7847390 1
7855713 1
7855862 1
7856310 1
7884848 1
7885512 1
7895264 1
7899087 1
7914603 1
7916563 1
7919036 1
7939656 1
7940002 1
7947017 1
7949456 1
7968233 1
7998321 1
8000027 1
8008720 1
8020736 1
8028891 1
8045388 1
8056214 1
8062054 1
8068216 1
8070390 1
8076679 1
8089182 1
8095741 1
8095836 1
8106083 1
8106132 1
8113482 1
8121023 1
8122411 1
8131712 1
8132395 1
8147864 1
8150640 1
8150759 1
8152223 1
8152882 1
8153018 1
8156430 1
8156831 1
8159672 1
8164967 1
8180710 1
8190599 1
8191493 1
8226125 1
8237871 1
8250507 1
8255140 1
8255363 1
8283511 1
8311800 1
