1368 1
7166 1
9253 1
16623 1
23993 1
27635 1
31745 1
32601 1
35571 1
35571 1
37606 1
39349 1
47506 1
49457 1
50276 1
56109 1
56314 1
65941 1
69114 1
90892 1
97793 1
99764 1
102992 1
103103 1
111234 1
111402 1
114471 1
118310 1
119567 1
134155 1
135929 1
138870 1
148605 1
154622 1
157580 1
160705 1
166654 1
166985 1
167949 1
168482 1
170513 1
171095 1
172081 1
175950 1
183909 1
185362 1
191702 1
192591 1
195612 1
196964 1
201942 1
202345 1
202348 1
207262 1
211843 1
217320 1
217324 1
223427 1
224665 1
229983 1
235010 1
237832 1
257461 1
261042 1
272317 1
273952 1
275316 1
281337 1
283704 1
284487 1
297279 1
301672 1
314981 1
326492 1
327868 1
330657 1
339098 1
358547 1
361597 1
365719 1
367821 1
385213 1
387151 1
404293 1
439245 1
439489 1
450059 1
451125 1
456488 1
456720 1
458570 1
459445 1
459450 1
480904 1
486975 1
497749 1
499665 1
500807 1
503092 1
513918 1
514546 1
515775 1
522717 1
524569 1
529249 1
530708 1
542274 1
555045 1
559425 1
567134 1
573810 1
577364 1
578034 1
579250 1
586285 1
589690 1
594893 1
597584 1
601209 1
609027 1
609181 1
619626 1
620563 1
622069 1
625057 1
634440 1
645615 1
648880 1
651062 1
652706 1
661892 1
670588 1
673622 1
677726 1
678941 1
684179 1
691383 1
693681 1
699642 1
706417 1
711453 1
716182 1
719942 1
720999 1
722066 1
724377 1
724612 1
726151 1
727867 1
731631 1
758447 1
758885 1
759026 1
769527 1
769588 1
773288 1
775267 1
782992 1
789950 1
801334 1
803330 1
805625 1
816793 1
819618 1
822676 1
823254 1
829545 1
843030 1
843480 1
847585 1
849767 1
852185 1
852269 1
853088 1
856183 1
869250 1
871387 1
871768 1
882616 1
889719 1
891172 1
892021 1
893581 1
905139 1
912960 1
915708 1
917978 1
924681 1
924814 1
925876 1
929883 1
937668 1
939263 1
944879 1
954986 1
955053 1
961389 1
963715 1
964068 1
966964 1
971749 1
987229 1
997693 1
999554 1
1007296 1
1016848 1
1025227 1
1028624 1
1031434 1
1037304 1
1041708 1
1042166 1
1045909 1
1051481 1
1062386 1
1063947 1
1063974 1
1066527 1
1072052 1
1072766 1
1073846 1
1083512 1
1088297 1
1089112 1
1093349 1
1096009 1
1101971 1
1102372 1
1103004 1
1103762 1
1104707 1
1105453 1
1113992 1
1117350 1
1127289 1
1131462 1
1141096 1
1148069 1
1151010 1
1152343 1
1156628 1
1159949 1
1163541 1
1170354 1
1171444 1
1172700 1
1174722 1
1176957 1
1177571 1
1179501 1
1185776 1
1195371 1
1198281 1
1201245 1
1222815 1
1223614 1
1224998 1
1225931 1
1226603 1
1227518 1
1230294 1
1236815 1
1242004 1
1242004 1
1253002 1
1265529 1
1266017 1
1272273 1
1275150 1
1277387 1
1281033 1
1289152 1
1294393 1
1296964 1
1297823 1
1297876 1
1297994 1
1306668 1
1312762 1
1315042 1
1317129 1
1325112 1
1326225 1
1327110 1
1332443 1
1338507 1
1338808 1
1343215 1
1357798 1
1358144 1
1361982 1
1365470 1
1365782 1
1369484 1
1370406 1
1373225 1
1373912 1
1376509 1
1379269 1
1400864 1
1405959 1
1406349 1
1409597 1
1414666 1
1416118 1
1422391 1
1422918 1
1424195 1
1424779 1
1431945 1
1433048 1
1437952 1
1441165 1
1443271 1
1443857 1
1444760 1
1444912 1
1445389 1
1445626 1
1445928 1
1446579 1
1446682 1
1446821 1
1446900 1
1446955 1
1447386 1
1451039 1
1452009 1
1452887 1
1463311 1
1467362 1
1470326 1
1475608 1
1484184 1
1487688 1
1487749 1
1503240 1
1508211 1
1519833 1
1520269 1
1523151 1
1523819 1
1526624 1
1528814 1
1533454 1
1544783 1
1550061 1
1550648 1
1552691 1
1555710 1
1556675 1
1557107 1
1560401 1
1567634 1
1568423 1
1570991 1
1571187 1
1574711 1
1579586 1
1583676 1
1598124 1
1598675 1
1602367 1
1602823 1
1609046 1
1617741 1
1619414 1
1621188 1
1623155 1
1627205 1
1631418 1
1634648 1
1637798 1
1640140 1
1641729 1
1642024 1
1652220 1
1663417 1
1666873 1
1667566 1
1670579 1
1672790 1
1673919 1
1675545 1
1676335 1
1676418 1
1678561 1
1682258 1
1686553 1
1686783 1
1689390 1
1693162 1
1697763 1
1702671 1
1714236 1
1714478 1
1717570 1
1724587 1
1729870 1
1733326 1
1737834 1
1738156 1
1746625 1
1748772 1
1759873 1
1761140 1
1778124 1
1778994 1
1787612 1
1789232 1
1790865 1
1799459 1
1804450 1
1817210 1
1817433 1
1831304 1
1836637 1
1843416 1
1844902 1
1849895 1
1851908 1
1852225 1
1863846 1
1865818 1
1868297 1
1872270 1
1875730 1
1881578 1
1882286 1
1890452 1
1892462 1
1895615 1
1898224 1
1898226 1
1904904 1
1905279 1
1912385 1
1912726 1
1915685 1
1918873 1
1918879 1
1919769 1
1926306 1
1937943 1
1948253 1
1955294 1
1955507 1
1967946 1
1970794 1
1990849 1
1996201 1
1996506 1
1996509 1
2000984 1
2002922 1
2006978 1
2007330 1
2010571 1
2011896 1
2014662 1
2019960 1
2022187 1
2023098 1
2027513 1
2028594 1
2028602 1
2033247 1
2041979 1
2044990 1
2047345 1
2049574 1
2057356 1
2069850 1
2069975 1
2079579 1
2080438 1
2080526 1
2083661 1
2090235 1
2092114 1
2093942 1
2094801 1
2098682 1
2100019 1
2103689 1
2104803 1
2108779 1
2112719 1
2138750 1
2139036 1
2139628 1
2143203 1
2149390 1
2151144 1
2156038 1
2167683 1
2171320 1
2172637 1
2174953 1
2175361 1
2186378 1
2191559 1
2191665 1
2194164 1
2203086 1
2204417 1
2211081 1
2213438 1
2216981 1
2221518 1
2222358 1
2225638 1
2230379 1
2234880 1
2239214 1
2248012 1
2249170 1
2249365 1
2250956 1
2261141 1
2261832 1
2262315 1
2263310 1
2267589 1
2268912 1
2269638 1
2273073 1
2276431 1
2278133 1
2282064 1
2282099 1
2283941 1
2284790 1
2290314 1
2302468 1
2303651 1
2306826 1
2310881 1
2313625 1
2315998 1
2322386 1
2335533 1
2337775 1
2340102 1
2341813 1
2349784 1
2351049 1
2358279 1
2360212 1
2366203 1
2370957 1
2377629 1
2384074 1
2384075 1
2384474 1
2384761 1
2396681 1
2415537 1
2418171 1
2420018 1
2420614 1
2421972 1
2424422 1
2427347 1
2433636 1
2444324 1
2444782 1
2450943 1
2458315 1
2462897 1
2467862 1
2470907 1
2473733 1
2482368 1
2489836 1
2491543 1
2493113 1
2493850 1
2495048 1
2497653 1
2499403 1
2499403 1
2499845 1
2506429 1
2507468 1
2518786 1
2531769 1
2548061 1
2551326 1
2556372 1
2557008 1
2558754 1
2561196 1
2566209 1
2568696 1
2568786 1
2579492 1
2582976 1
2587702 1
2595298 1
2597679 1
2609416 1
2617132 1
2620718 1
2625742 1
2635783 1
2636957 1
2637260 1
2637318 1
2639553 1
2643037 1
2651071 1
2651419 1
2667308 1
2674028 1
2677663 1
2678740 1
2679576 1
2684520 1
2685018 1
2695564 1
2702795 1
2719502 1
2719502 1
2726229 1
2731250 1
2737431 1
2747093 1
2756179 1
2759582 1
2769412 1
2771589 1
2776704 1
2787294 1
2789373 1
2789764 1
2789928 1
2790194 1
2801269 1
2801511 1
2811459 1
2811459 1
2812638 1
2814550 1
2817919 1
2819782 1
2829028 1
2834352 1
2837809 1
2839419 1
2849691 1
2851022 1
2852407 1
2863890 1
2865673 1
2867157 1
2870669 1
2872625 1
2882105 1
2886586 1
2887770 1
2891080 1
2891879 1
2895093 1
2899376 1
2902359 1
2917335 1
2917738 1
2930089 1
2933089 1
2934793 1
2941816 1
2945644 1
2951247 1
2964907 1
2965717 1
2966045 1
2969470 1
2969998 1
2973134 1
2978512 1
2979834 1
2987771 1
2989792 1
2997407 1
3001699 1
3013077 1
3013997 1
3015146 1
3017770 1
3019124 1
3024624 1
3025983 1
3035964 1
3050195 1
3055990 1
3058785 1
3060205 1
3063423 1
3063809 1
3074083 1
3077285 1
3078842 1
3086459 1
3097919 1
3100349 1
3100569 1
3106253 1
3107375 1
3109166 1
3118754 1
3119049 1
3124481 1
3125319 1
3126400 1
3135680 1
3138901 1
3152505 1
3161697 1
3163132 1
3175064 1
3176888 1
3178171 1
3182534 1
3191073 1
3191498 1
3193658 1
3199934 1
3201471 1
3202735 1
3205366 1
3206237 1
3209250 1
3214025 1
3221519 1
3228029 1
3235422 1
3236142 1
3236449 1
3240856 1
3256957 1
3261566 1
3271542 1
3273126 1
3274961 1
3278057 1
3278627 1
3283712 1
3291238 1
3300474 1
3302734 1
3303187 1
3304323 1
3311001 1
3313898 1
3321521 1
3327635 1
3355526 1
3364172 1
3364323 1
3367322 1
3373128 1
3384743 1
3385792 1
3386229 1
3402816 1
3407283 1
3420157 1
3430229 1
3432277 1
3433519 1
3436327 1
3436756 1
3450590 1
3450875 1
3456503 1
3457289 1
3462268 1
3468851 1
3473063 1
3489795 1
3494044 1
3496908 1
3512672 1
3516300 1
3523019 1
3523775 1
3523993 1
3526068 1
3529344 1
3530262 1
3538815 1
3540783 1
3542418 1
3550660 1
3555616 1
3560995 1
3564581 1
3577314 1
3579241 1
3581374 1
3584200 1
3597097 1
3599939 1
3603171 1
3606309 1
3610736 1
3613877 1
3616761 1
3619553 1
3625959 1
3635997 1
3645240 1
3645915 1
3647017 1
3648851 1
3658598 1
3669037 1
3669626 1
3675022 1
3687547 1
3707080 1
3707080 1
3708957 1
3717477 1
3718279 1
3718459 1
3718654 1
3729584 1
3730269 1
3739283 1
3741834 1
3742969 1
3747720 1
3748002 1
3752081 1
3767298 1
3772217 1
3778122 1
3789141 1
3799647 1
3805604 1
3811114 1
3819714 1
3819730 1
3822499 1
3825304 1
3827585 1
3835236 1
3843625 1
3846120 1
3848797 1
3851134 1
3852158 1
3854287 1
3854287 1
3854287 1
3854287 1
3854287 1
3854287 1
3854287 1
3854287 1
3856510 1
3859095 1
3861697 1
3862859 1
3864344 1
3865708 1
3869700 1
3872868 1
3873121 1
3874878 1
3877145 1
3882101 1
3885631 1
3885961 1
3887411 1
3894665 1
3895693 1
3898635 1
3906754 1
3936822 1
3937432 1
3940636 1
3940636 1
3941045 1
3945887 1
3948789 1
3957743 1
3961593 1
3962245 1
3972987 1
3974725 1
3975690 1
3983249 1
3985950 1
3988324 1
3990447 1
3991102 1
3998805 1
4001220 1
4010201 1
4018390 1
4023140 1
4024524 1
4028743 1
4033505 1
4050111 1
4059687 1
4071367 1
4076041 1
4078617 1
4082483 1
4084082 1
4090959 1
4104592 1
4110905 1
4115092 1
4116696 1
4117311 1
4142517 1
4145034 1
4151050 1
4170088 1
4174636 1
4175672 1
4175980 1
4183524 1
4185842 1
4187048 1
4187220 1
4190956 1
4195424 1
4197952 1
4199685 1
4199769 1
4201482 1
4205564 1
4213753 1
4219464 1
4219885 1
4224191 1
4227808 1
4228330 1
4235653 1
4236505 1
4248668 1
4254994 1
4262307 1
4263395 1
4273021 1
4284830 1
4293552 1
4299046 1
4336489 1
4339544 1
4341856 1
4342290 1
4345392 1
4352031 1
4366388 1
4369154 1
4370851 1
4385144 1
4400703 1
4403398 1
4416553 1
4417512 1
4417538 1
4421478 1
4424808 1
4437251 1
4439738 1
4449672 1
4464280 1
4465444 1
4465997 1
4474811 1
4476607 1
4477999 1
4479713 1
4481242 1
4488303 1
4489955 1
4493577 1
4494733 1
4495076 1
4495913 1
4498518 1
4500954 1
4501252 1
4501457 1
4502846 1
4513336 1
4513853 1
4518940 1
4525288 1
4528013 1
4528929 1
4530851 1
4536192 1
4541463 1
4543689 1
4545232 1
4545685 1
4546360 1
4552669 1
4552810 1
4553320 1
4560461 1
4565484 1
4565974 1
4567250 1
4588733 1
4591418 1
4591606 1
4592663 1
4593635 1
4606681 1
4611309 1
4616532 1
4620514 1
4628040 1
4629505 1
4636773 1
4637279 1
4641224 1
4641877 1
4651035 1
4654263 1
4659980 1
4670241 1
4670822 1
4671735 1
4671959 1
4671983 1
4672161 1
4674177 1
4674427 1
4679120 1
4684547 1
4684769 1
4686595 1
4686989 1
4687750 1
4699295 1
4701049 1
4701132 1
4715904 1
4729994 1
4731776 1
4734542 1
4735425 1
4737286 1
4741873 1
4742140 1
4743684 1
4752354 1
4752373 1
4753235 1
4761271 1
4761479 1
4764285 1
4764873 1
4765787 1
4767358 1
4767624 1
4787451 1
4787828 1
4796273 1
4798978 1
4802801 1
4804464 1
4804467 1
4804904 1
4806068 1
4821677 1
4823929 1
4825544 1
4826366 1
4834175 1
4835564 1
4841299 1
4843926 1
4844578 1
4848154 1
4854275 1
4874750 1
4878838 1
4879383 1
4881412 1
4882866 1
4883305 1
4885355 1
4892231 1
4892273 1
4895586 1
4899613 1
4899886 1
4904324 1
4906111 1
4906446 1
4907018 1
4915614 1
4922521 1
4923720 1
4928201 1
4944970 1
4946235 1
4948140 1
4949984 1
4951184 1
4959604 1
4962952 1
4967778 1
4971819 1
4974501 1
4975655 1
4978611 1
4982029 1
4987018 1
4987303 1
4989928 1
4991153 1
4992362 1
4994582 1
4997002 1
4999662 1
5003891 1
5006100 1
5006366 1
5008323 1
5014929 1
5031963 1
5037894 1
5043706 1
5057939 1
5060746 1
5066634 1
5074287 1
5076381 1
5086409 1
5102300 1
5111323 1
5123393 1
5139922 1
5159577 1
5174142 1
5181542 1
5193155 1
5206761 1
5210848 1
5222101 1
5236698 1
5239821 1
5239931 1
5243002 1
5245861 1
5263759 1
5268107 1
5268727 1
5275515 1
5275862 1
5275891 1
5280607 1
5283690 1
5292342 1
5296843 1
5315683 1
5323227 1
5323829 1
5326480 1
5329541 1
5330128 1
5331642 1
5334232 1
5334537 1
5349893 1
5349965 1
5352974 1
5360977 1
5363607 1
5364171 1
5370574 1
5374006 1
5376971 1
5382566 1
5385743 1
5394918 1
5416681 1
5417664 1
5418192 1
5419795 1
5421526 1
5422102 1
5426452 1
5426830 1
5430376 1
5438737 1
5439664 1
5442559 1
5447726 1
5449356 1
5452432 1
5454792 1
5458130 1
5463481 1
5463667 1
5463702 1
5473422 1
5478157 1
5479967 1
5480508 1
5483875 1
5489227 1
5492540 1
5492556 1
5493088 1
5498191 1
5510920 1
5516626 1
5516743 1
5525425 1
5529315 1
5533241 1
5535031 1
5536601 1
5548642 1
5553603 1
5556402 1
5556458 1
5573973 1
5579566 1
5585014 1
5593739 1
5594923 1
5599676 1
5601625 1
5605734 1
5618073 1
5618253 1
5625156 1
5626665 1
5628858 1
5630426 1
5640988 1
5651008 1
5656327 1
5666887 1
5670856 1
5679827 1
5682703 1
5683723 1
5684348 1
5688264 1
5691345 1
5704192 1
5709177 1
5711007 1
5711284 1
5712418 1
5715959 1
5716168 1
5716705 1
5734026 1
5742637 1
5755198 1
5757071 1
5764354 1
5764880 1
5765435 1
5774247 1
5774816 1
5776461 1
5781901 1
5782450 1
5786235 1
5796855 1
5805257 1
5816022 1
5818553 1
5820626 1
5821679 1
5822374 1
5827662 1
5836441 1
5843564 1
5849554 1
5852128 1
5858175 1
5860439 1
5861379 1
5867267 1
5869388 1
5869566 1
5869915 1
5872947 1
5874945 1
5879268 1
5881909 1
5882085 1
5883649 1
5890773 1
5891374 1
5896829 1
5899331 1
5901393 1
5903819 1
5904178 1
5908318 1
5909459 1
5911391 1
5913664 1
5918296 1
5919275 1
5920172 1
5921355 1
5924112 1
5927911 1
5930669 1
5933873 1
5938238 1
5939832 1
5949896 1
5949896 1
5951001 1
5951450 1
5954521 1
5955384 1
5955559 1
5961826 1
5963015 1
5964133 1
5969122 1
5969912 1
5976357 1
5979588 1
5982045 1
5986062 1
5987543 1
5994194 1
5994877 1
5994933 1
5998262 1
5998553 1
5999773 1
6011423 1
6011584 1
6012755 1
6021222 1
6031997 1
6033557 1
6034334 1
6043408 1
6049620 1
6050796 1
6064265 1
6066366 1
6068605 1
6074487 1
6074784 1
6079954 1
6089491 1
6099545 1
6102550 1
6107106 1
6115275 1
6119455 1
6120133 1
6122640 1
6122821 1
6123217 1
6131736 1
6140774 1
6141019 1
6149318 1
6151224 1
6153360 1
6167348 1
6171510 1
6179153 1
6197049 1
6197873 1
6207116 1
6224901 1
6227874 1
6230230 1
6235436 1
6252153 1
6256109 1
6256700 1
6262236 1
6271048 1
6272702 1
6276984 1
6281335 1
6297249 1
6300016 1
6313509 1
6330184 1
6334919 1
6338309 1
6338810 1
6339170 1
6340317 1
6342712 1
6348728 1
6354266 1
6357552 1
6363143 1
6371182 1
6382100 1
6384030 1
6390654 1
6396027 1
6396039 1
6399459 1
6400078 1
6401646 1
6401863 1
6402091 1
6404430 1
6405115 1
6406336 1
6411860 1
6416232 1
6418639 1
6421413 1
6422063 1
6423854 1
6430920 1
6432178 1
6432756 1
6459500 1
6459703 1
6471148 1
6482475 1
6483032 1
6500882 1
6502378 1
6503642 1
6504523 1
6508457 1
6528150 1
6530010 1
6534339 1
6540925 1
6541301 1
6544223 1
6547850 1
6549215 1
6550187 1
6551323 1
6554681 1
6573615 1
6577170 1
6578530 1
6578536 1
6578644 1
6583254 1
6586270 1
6586666 1
6590486 1
6605379 1
6605844 1
6606229 1
6613011 1
6617695 1
6626140 1
6630607 1
6631289 1
6638132 1
6640393 1
6645861 1
6646363 1
6650079 1
6652022 1
6654135 1
6659743 1
6659831 1
6661026 1
6675973 1
6676183 1
6676830 1
6685246 1
6687141 1
6687472 1
6687678 1
6702610 1
6703105 1
6711409 1
6714596 1
6723968 1
6739736 1
6740769 1
6744299 1
6751210 1
6757052 1
6757208 1
6761348 1
6763441 1
6763618 1
6763708 1
6769465 1
6769758 1
6769872 1
6773309 1
6783331 1
6787877 1
6793500 1
6794098 1
6794605 1
6797292 1
6800352 1
6802762 1
6804338 1
6805244 1
6816494 1
6822498 1
6834100 1
6835589 1
6837345 1
6843272 1
6843533 1
6844570 1
6845464 1
6849386 1
6849452 1
6849766 1
6854843 1
6856401 1
6860002 1
6864412 1
6868144 1
6874665 1
6875284 1
6882444 1
6883821 1
6885250 1
6885630 1
6886004 1
6894283 1
6894382 1
6895792 1
6896254 1
6899140 1
6900856 1
6902632 1
6912103 1
6920621 1
6925876 1
6927689 1
6931108 1
6932987 1
6935319 1
6944160 1
6958059 1
6960574 1
6967311 1
6977783 1
6982645 1
6985967 1
6993441 1
6994696 1
6995083 1
6998189 1
7005004 1
7007764 1
7009895 1
7010412 1
7010772 1
7026911 1
7029680 1
7037371 1
7051498 1
7059203 1
7062502 1
7063142 1
7065252 1
7068130 1
7068666 1
7071505 1
7071705 1
7073556 1
7078006 1
7101197 1
7108175 1
7113504 1
7115984 1
7116025 1
7116428 1
7123012 1
7123708 1
7128351 1
7130558 1
7131374 1
7132038 1
7133666 1
7135549 1
7137097 1
7137170 1
7138965 1
7140089 1
7142247 1
7142821 1
7154530 1
7155318 1
7155475 1
7155942 1
7164338 1
7165278 1
7168557 1
7171346 1
7174417 1
7183726 1
7185505 1
7189202 1
7196333 1
7209864 1
7214369 1
7217046 1
7227850 1
7232053 1
7232289 1
7233731 1
7241447 1
7247565 1
7266630 1
7274852 1
7278350 1
7278896 1
7279683 1
7294652 1
7296009 1
7303517 1
7306874 1
7310013 1
7311623 1
7314640 1
7318402 1
7320666 1
7321642 1
7322067 1
7323852 1
7323870 1
7326215 1
7332269 1
7339896 1
7344912 1
7349676 1
7349683 1
7354108 1
7354108 1
7354347 1
7356699 1
7358729 1
7359512 1
7366481 1
7366894 1
7375916 1
7376681 1
7380704 1
7382253 1
7382947 1
7386428 1
7392187 1
7404144 1
7404573 1
7408861 1
7419707 1
7425363 1
7428027 1
7431263 1
7431735 1
7433906 1
7435106 1
7436218 1
7444047 1
7452467 1
7456164 1
7457102 1
7458191 1
7466377 1
7475534 1
7478319 1
7492776 1
7501746 1
7506216 1
7506227 1
7508587 1
7513857 1
7514296 1
7521070 1
7523894 1
7527410 1
7530708 1
7534096 1
7536815 1
7539488 1
7540384 1
7552310 1
7557031 1
7558263 1
7558672 1
7567619 1
7568069 1
7571915 1
7572652 1
7585972 1
7589351 1
7589756 1
7592854 1
7607204 1
7621685 1
7628370 1
7635828 1
7638912 1
7644370 1
7646421 1
7648088 1
7652676 1
7657431 1
7657431 1
7658652 1
7667813 1
7670780 1
7672910 1
7673615 1
7685192 1
7686972 1
7694613 1
7695049 1
7697032 1
7708652 1
7709979 1
7720931 1
7724568 1
7729555 1
7729908 1
7742161 1
7743518 1
7746192 1
7746995 1
7752418 1
7761911 1
7763371 1
7768908 1
7772096 1
7773502 1
7774940 1
7776090 1
7778147 1
7790160 1
7803405 1
7808649 1
7834900 1
7842992 1
7848198 1
7848327 1
7850786 1
7861167 1
7861747 1
7864968 1
7865133 1
7869575 1
7869934 1
7872090 1
7873998 1
7885939 1
7893707 1
7897846 1
7904124 1
7904951 1
7911000 1
7911222 1
7911566 1
7913632 1
7925761 1
7934880 1
7945977 1
7952839 1
7955215 1
7957720 1
7957925 1
7964739 1
7964834 1
7972170 1
7982729 1
7993116 1
7995530 1
8013692 1
8015813 1
8016320 1
8019092 1
8021992 1
8027732 1
8037670 1
8047943 1
8052155 1
8053001 1
8053081 1
8072914 1
8076103 1
8081501 1
8083911 1
8095406 1
8095689 1
8096745 1
8099118 1
8101699 1
8115494 1
8126328 1
8127154 1
8134395 1
8135788 1
8136053 1
8136145 1
8147053 1
8151947 1
8153018 1
8155674 1
8166356 1
8178786 1
8190010 1
8192039 1
8194179 1
8194845 1
8206254 1
8220371 1
8226125 1
8250787 1
8255696 1
8256615 1
8266701 1
8269774 1
8270922 1
8272531 1
8275490 1
8277825 1
8283915 1
8294626 1
8297528 1
8300500 1
8301920 1
8301973 1
8302498 1
8308931 1
9731 1
12790 1
29577 1
40013 1
47423 1
49889 1
51733 1
54475 1
64459 1
72232 1
80515 1
86641 1
100019 1
109769 1
112518 1
116270 1
118171 1
119937 1
121612 1
129488 1
135275 1
138425 1
139145 1
139904 1
140187 1
143892 1
144430 1
146253 1
150077 1
153407 1
154816 1
155717 1
159700 1
159919 1
160937 1
167241 1
169697 1
171409 1
172017 1
174046 1
175727 1
175962 1
177495 1
179175 1
181737 1
182598 1
188362 1
193778 1
195335 1
200412 1
204425 1
204490 1
205060 1
208327 1
213057 1
213799 1
214987 1
215355 1
215394 1
217233 1
221315 1
221434 1
221604 1
221614 1
225205 1
247979 1
265680 1
268574 1
269136 1
269537 1
275976 1
279860 1
285523 1
285625 1
285890 1
287125 1
290373 1
303483 1
311220 1
317140 1
320920 1
322919 1
325572 1
325667 1
327762 1
338634 1
344924 1
352368 1
358017 1
358897 1
365760 1
366213 1
372728 1
375502 1
382878 1
385708 1
399085 1
407788 1
411492 1
424119 1
424335 1
425787 1
436936 1
441850 1
442610 1
443956 1
450319 1
451103 1
451252 1
453381 1
461013 1
461901 1
461901 1
462117 1
462137 1
464132 1
470668 1
482142 1
488577 1
490292 1
494456 1
496000 1
497112 1
500101 1
502890 1
504775 1
518692 1
520298 1
531849 1
534430 1
535405 1
543652 1
547431 1
549640 1
557301 1
566786 1
571373 1
575520 1
580001 1
585923 1
586882 1
600976 1
635654 1
642075 1
644571 1
646567 1
650557 1
655500 1
661176 1
662121 1
664152 1
665858 1
665858 1
672321 1
674523 1
680693 1
702051 1
721778 1
722799 1
730035 1
730730 1
735115 1
738191 1
747499 1
750900 1
752171 1
758857 1
765010 1
766809 1
768528 1
772897 1
773812 1
773992 1
777226 1
782400 1
784692 1
787411 1
789568 1
793423 1
793439 1
796666 1
801618 1
802740 1
806805 1
809245 1
812696 1
814963 1
817163 1
826216 1
834395 1
844280 1
871197 1
874630 1
884812 1
890442 1
891156 1
896139 1
901845 1
918113 1
918843 1
919646 1
929409 1
929923 1
932228 1
937820 1
938875 1
940408 1
943247 1
966314 1
983323 1
983442 1
984919 1
985978 1
986236 1
987949 1
988945 1
1004771 1
1005677 1
1006036 1
1008644 1
1017450 1
1024775 1
1027804 1
1029269 1
1032773 1
1035563 1
1052571 1
1055248 1
1063838 1
1078732 1
1089169 1
1094206 1
1098565 1
1103753 1
1104727 1
1107844 1
1116311 1
1118550 1
1122064 1
1124739 1
1135955 1
1136266 1
1147393 1
1149656 1
1151340 1
1155773 1
1160770 1
1163411 1
1172491 1
1180769 1
1180981 1
1186749 1
1190108 1
1195090 1
1196537 1
1197745 1
1199783 1
1206409 1
1212405 1
1220725 1
1222732 1
1237774 1
1248523 1
1249122 1
1253268 1
1257715 1
1258621 1
1265729 1
1269941 1
1270589 1
1273379 1
1274697 1
1275328 1
1278660 1
1280628 1
1283412 1
1285097 1
1292698 1
1299762 1
1300473 1
1307483 1
1320240 1
1323171 1
1325172 1
1335527 1
1336370 1
1338902 1
1338904 1
1341269 1
1344566 1
1349080 1
1353323 1
1356536 1
1359404 1
1362802 1
1369113 1
1370657 1
1380707 1
1380794 1
1381181 1
1386399 1
1393230 1
1393247 1
1395889 1
1401220 1
1404074 1
1407621 1
1408536 1
1412420 1
1416879 1
1417100 1
1417513 1
1421579 1
1424080 1
1444705 1
1451906 1
1452287 1
1456055 1
1458573 1
1466080 1
1475108 1
1476106 1
1477140 1
1481314 1
1482189 1
1490870 1
1493083 1
1520461 1
1521618 1
1528292 1
1533740 1
1545000 1
1550056 1
1553092 1
1558010 1
1558556 1
1564018 1
1566650 1
1567747 1
1571740 1
1577315 1
1581807 1
1582368 1
1586414 1
1590636 1
1595374 1
1600047 1
1602998 1
1603759 1
1606123 1
1608489 1
1611832 1
1619900 1
1625017 1
1629546 1
1630406 1
1641228 1
1646462 1
1655098 1
1660907 1
1662932 1
1662951 1
1667193 1
1668680 1
1670123 1
1673878 1
1675469 1
1682456 1
1683210 1
1686357 1
1689336 1
1694193 1
1703586 1
1706315 1
1721150 1
1722546 1
1730231 1
1731274 1
1739184 1
1744516 1
1744877 1
1745015 1
1748083 1
1748677 1
1748859 1
1753218 1
1756947 1
1759697 1
1759752 1
1766255 1
1774742 1
1775567 1
1780317 1
1780837 1
1781320 1
1788161 1
1790599 1
1792939 1
1794006 1
1795584 1
1797539 1
1808711 1
1817525 1
1818395 1
1822444 1
1826668 1
1831336 1
1843301 1
1847912 1
1863889 1
1866025 1
1871102 1
1874625 1
1875814 1
1876784 1
1879442 1
1879760 1
1880330 1
1883991 1
1888884 1
1894426 1
1902019 1
1903201 1
1907624 1
1908327 1
1909280 1
1909638 1
1914622 1
1927498 1
1933383 1
1936694 1
1937527 1
1937536 1
1941314 1
1942109 1
1942206 1
1942584 1
1948162 1
1949370 1
1949738 1
1952088 1
1954043 1
1955398 1
1960224 1
1962266 1
1969863 1
1970978 1
1976492 1
1978174 1
1979313 1
1992556 1
1996426 1
2000830 1
2006990 1
2007140 1
2014900 1
2015764 1
2017559 1
2033432 1
2033799 1
2039490 1
2053111 1
2069540 1
2070168 1
2073317 1
2081269 1
2081495 1
2084622 1
2092527 1
2101006 1
2101303 1
2106411 1
2111161 1
2117998 1
2121676 1
2121676 1
2123431 1
2137784 1
2138306 1
2138697 1
2139261 1
2142357 1
2148243 1
2165433 1
2170536 1
2172163 1
2173154 1
2182379 1
2184948 1
2185654 1
2190555 1
2192752 1
2192823 1
2196468 1
2198113 1
2198556 1
2201555 1
2204253 1
2209648 1
2211755 1
2223441 1
2228487 1
2232732 1
2234286 1
2234467 1
2235127 1
2237922 1
2248282 1
2249011 1
2268925 1
2269292 1
2269963 1
2275477 1
2278277 1
2278660 1
2279483 1
2285918 1
2288649 1
2293063 1
2295487 1
2295579 1
2298462 1
2300868 1
2301645 1
2328903 1
2332554 1
2334267 1
2337435 1
2339688 1
2340770 1
2344967 1
2352840 1
2361925 1
2363360 1
2365060 1
2367135 1
2385478 1
2390709 1
2391369 1
2396977 1
2402175 1
2406130 1
2406799 1
2407184 1
2408190 1
2424467 1
2426329 1
2427280 1
2435505 1
2447883 1
2450065 1
2458116 1
2458222 1
2461806 1
2461873 1
2470258 1
2475009 1
2475999 1
2476713 1
2478222 1
2479752 1
2480801 1
2485190 1
2491784 1
2497891 1
2511794 1
2524484 1
2526221 1
2526615 1
2529942 1
2531191 1
2533780 1
2535512 1
2537922 1
2542633 1
2544232 1
2552063 1
2558575 1
2559776 1
2563807 1
2564066 1
2569188 1
2575439 1
2576634 1
2577269 1
2582083 1
2582508 1
2589833 1
2591623 1
2598244 1
2607200 1
2608662 1
2615828 1
2620220 1
2621605 1
2622858 1
2623381 1
2623770 1
2634135 1
2634235 1
2640018 1
2645335 1
2645804 1
2646986 1
2647864 1
2648545 1
2651530 1
2651726 1
2658979 1
2660355 1
2666462 1
2667066 1
2673625 1
2676897 1
2684291 1
2684958 1
2684973 1
2685118 1
2686775 1
2703512 1
2710769 1
2718878 1
2745778 1
2764265 1
2768737 1
2769640 1
2779491 1
2780488 1
2780488 1
2783530 1
2789167 1
2789762 1
2792592 1
2794245 1
2794326 1
2796464 1
2801076 1
2801129 1
2801845 1
2808815 1
2810997 1
2814258 1
2817473 1
2823046 1
2834713 1
2837128 1
2849357 1
2851216 1
2857658 1
2858740 1
2860958 1
2865690 1
2879632 1
2882235 1
2886878 1
2891853 1
2894250 1
2906893 1
2912535 1
2913248 1
2913462 1
2924862 1
2925474 1
2926127 1
2926241 1
2929847 1
2931460 1
2950057 1
2959454 1
2959454 1
2961578 1
2966680 1
2970165 1
2970754 1
2975976 1
2976251 1
3006388 1
3010095 1
3014073 1
3014574 1
3015245 1
3016756 1
3020063 1
3026527 1
3028027 1
3029472 1
3029945 1
3033756 1
3034572 1
3058569 1
3070477 1
3073277 1
3074046 1
3080956 1
3081785 1
3083721 1
3087892 1
3093207 1
3094022 1
3094329 1
3097543 1
3098983 1
3104104 1
3104585 1
3112751 1
3126432 1
3132046 1
3132374 1
3133108 1
3144084 1
3150150 1
3154691 1
3157423 1
3160512 1
3161532 1
3161751 1
3163948 1
3171065 1
3172357 1
3172758 1
3175465 1
3177285 1
3179590 1
3179756 1
3180472 1
3188976 1
3192036 1
3194839 1
3195558 1
3198681 1
3206687 1
3217340 1
3220103 1
3222483 1
3237265 1
3244031 1
3244077 1
3246937 1
3246937 1
3248380 1
3259789 1
3264847 1
3267050 1
3269407 1
3273291 1
3279817 1
3280172 1
3286581 1
3286595 1
3287095 1
3288670 1
3297243 1
3297243 1
3302343 1
3303480 1
3306421 1
3307400 1
3327527 1
3331897 1
3332296 1
3341020 1
3343055 1
3344865 1
3349146 1
3351152 1
3358699 1
3359063 1
3359831 1
3370108 1
3370108 1
3380615 1
3394185 1
3394492 1
3396507 1
3404042 1
3407007 1
3411760 1
3417148 1
3420497 1
3423797 1
3429977 1
3432298 1
3432809 1
3435535 1
3448593 1
3453844 1
3458281 1
3477170 1
3478817 1
3479008 1
3494424 1
3511675 1
3513041 1
3513660 1
3514183 1
3515926 1
3535575 1
3538637 1
3538890 1
3539167 1
3554073 1
3557449 1
3559414 1
3570691 1
3571021 1
3584409 1
3594988 1
3597758 1
3600049 1
3600049 1
3602698 1
3602929 1
3605355 1
3607356 1
3615159 1
3625393 1
3627872 1
3638817 1
3644235 1
3649321 1
3653292 1
3654665 1
3656286 1
3657017 1
3661002 1
3665519 1
3672574 1
3673706 1
3677445 1
3678301 1
3683848 1
3692764 1
3693298 1
3693436 1
3698662 1
3708759 1
3719146 1
3720515 1
3737983 1
3741300 1
3745206 1
3747044 1
3751938 1
3757691 1
3761053 1
3772725 1
3775855 1
3788216 1
3790902 1
3794289 1
3796101 1
3802588 1
3810131 1
3815605 1
3818093 1
3818362 1
3837463 1
3843639 1
3846458 1
3859574 1
3863078 1
3863531 1
3863994 1
3867673 1
3869758 1
3873891 1
3878336 1
3879468 1
3896893 1
3913040 1
3931815 1
3932732 1
3934973 1
3943129 1
3948578 1
3956383 1
3970709 1
3972280 1
3973399 1
3983191 1
4009295 1
4011607 1
4017088 1
4020823 1
4021748 1
4037827 1
4040500 1
4040641 1
4043690 1
4044740 1
4045951 1
4047276 1
4054251 1
4065018 1
4069777 1
4073908 1
4077642 1
4080937 1
4082155 1
4089641 1
4097057 1
4103848 1
4104579 1
4105413 1
4107538 1
4116245 1
4120357 1
4123033 1
4128694 1
4129439 1
4131952 1
4137612 1
4143129 1
4146003 1
4158061 1
4169313 1
4173217 1
4175375 1
4181647 1
4188077 1
4191806 1
4195734 1
4197271 1
4202659 1
4204235 1
4210984 1
4229936 1
4237196 1
4243871 1
4250156 1
4250315 1
4252158 1
4258013 1
4259483 1
4260451 1
4261580 1
4266760 1
4270915 1
4273208 1
4278446 1
4279740 1
4287027 1
4287486 1
4288355 1
4294850 1
4294850 1
4294872 1
4295203 1
4311225 1
4313703 1
4315614 1
4320313 1
4321960 1
4325114 1
4329289 1
4332488 1
4334056 1
4334441 1
4338769 1
4341575 1
4348455 1
4349895 1
4355205 1
4358446 1
4359893 1
4362686 1
4379929 1
4385720 1
4389355 1
4396003 1
4397691 1
4406841 1
4410464 1
4414727 1
4415008 1
4415254 1
4421816 1
4425328 1
4428738 1
4431704 1
4438472 1
4448727 1
4451448 1
4470094 1
4480823 1
4486012 1
4496943 1
4502285 1
4505396 1
4513906 1
4519851 1
4523966 1
4527696 1
4530985 1
4535532 1
4541059 1
4553019 1
4562747 1
4566017 1
4579112 1
4580246 1
4591169 1
4594027 1
4594651 1
4596164 1
4597971 1
4601399 1
4613190 1
4618172 1
4620655 1
4620790 1
4622720 1
4628567 1
4629898 1
4630820 1
4632403 1
4634413 1
4643837 1
4645968 1
4655086 1
4656715 1
4659855 1
4660926 1
4663846 1
4664453 1
4667581 1
4676622 1
4677225 1
4678010 1
4678357 1
4681120 1
4683999 1
4684400 1
4692904 1
4701143 1
4701199 1
4706693 1
4710326 1
4710865 1
4722417 1
4729224 1
4730860 1
4749474 1
4753082 1
4754486 1
4761187 1
4765431 1
4767046 1
4769853 1
4771071 1
4771885 1
4774730 1
4776372 1
4778676 1
4792705 1
4795445 1
4800706 1
4801869 1
4808125 1
4812126 1
4826686 1
4829036 1
4832018 1
4833094 1
4836468 1
4838381 1
4838647 1
4840250 1
4845078 1
4846343 1
4853303 1
4854964 1
4859816 1
4871569 1
4878572 1
4880500 1
4881692 1
4882030 1
4883063 1
4883790 1
4885498 1
4885560 1
4896369 1
4898246 1
4899708 1
4900712 1
4900785 1
4901705 1
4905897 1
4912178 1
4916370 1
4917315 1
4945470 1
4945527 1
4945704 1
4947861 1
4948795 1
4950381 1
4955372 1
4977889 1
4984531 1
4984561 1
4986982 1
4989331 1
4990771 1
4990787 1
4996833 1
4996964 1
5000126 1
5008783 1
5009935 1
5011531 1
5030798 1
5035243 1
5035679 1
5045492 1
5045738 1
5055162 1
5078176 1
5078968 1
5096675 1
5109163 1
5109454 1
5112095 1
5122545 1
5132533 1
5134152 1
5135302 1
5135633 1
5137538 1
5139547 1
5139663 1
5139884 1
5141447 1
5146927 1
5147143 1
5151672 1
5152684 1
5156207 1
5157429 1
5158380 1
5159526 1
5163690 1
5183489 1
5186130 1
5189209 1
5190462 1
5193139 1
5194253 1
5195657 1
5214985 1
5220630 1
5226880 1
5251438 1
5258546 1
5258748 1
5264734 1
5272447 1
5276184 1
5279738 1
5283843 1
5283930 1
5289591 1
5292495 1
5294041 1
5297278 1
5298645 1
5313415 1
5323252 1
5327770 1
5347686 1
5366408 1
5375011 1
5378320 1
5379860 1
5400787 1
5401041 1
5402754 1
5418645 1
5429348 1
5433173 1
5437993 1
5444968 1
5447054 1
5459051 1
5460870 1
5461009 1
5462701 1
5472600 1
5474352 1
5487605 1
5492627 1
5503757 1
5504059 1
5507865 1
5508607 1
5516181 1
5516949 1
5531950 1
5534809 1
5544592 1
5547941 1
5550850 1
5556943 1
5566337 1
5569763 1
5569965 1
5571642 1
5580235 1
5580403 1
5589459 1
5605106 1
5605398 1
5607719 1
5609168 1
5616829 1
5620103 1
5630979 1
5636878 1
5639542 1
5641991 1
5643877 1
5645661 1
5646185 1
5651523 1
5652843 1
5657314 1
5661677 1
5661971 1
5675368 1
5677652 1
5677754 1
5681661 1
5681798 1
5684181 1
5685580 1
5693834 1
5697202 1
5698726 1
5705327 1
5706454 1
5710053 1
5716330 1
5719441 1
5720236 1
5721847 1
5723150 1
5723253 1
5725642 1
5725675 1
5741561 1
5741573 1
5742001 1
5742289 1
5750390 1
5751717 1
5757465 1
5761860 1
5761944 1
5765535 1
5765585 1
5777571 1
5785388 1
5789970 1
5790909 1
5798988 1
5806438 1
5806789 1
5807869 1
5840582 1
5847919 1
5851661 1
5859983 1
5860367 1
5861167 1
5870218 1
5874498 1
5876731 1
5880442 1
5880469 1
5883923 1
5884210 1
5888544 1
5891341 1
5892054 1
5894458 1
5902550 1
5902675 1
5914379 1
5914866 1
5917552 1
5919870 1
5922269 1
5924570 1
5927615 1
5929062 1
5932916 1
5933233 1
5933642 1
5937149 1
5949596 1
5970038 1
5982862 1
5989901 1
5993579 1
6003514 1
6017633 1
6017683 1
6022241 1
6032248 1
6033789 1
6041310 1
6050271 1
6054489 1
6057094 1
6060903 1
6066440 1
6075134 1
6086940 1
6100011 1
6103268 1
6106409 1
6106586 1
6114253 1
6114420 1
6123057 1
6124405 1
6129959 1
6135673 1
6136021 1
6139214 1
6140342 1
6140578 1
6146180 1
6149116 1
6153996 1
6158866 1
6158878 1
6165867 1
6183681 1
6188292 1
6195607 1
6197516 1
6197711 1
6227748 1
6227854 1
6228263 1
6229254 1
6229702 1
6239403 1
6251532 1
6254713 1
6257758 1
6259888 1
6265741 1
6266255 1
6277946 1
6281394 1
6294425 1
6300683 1
6302157 1
6305604 1
6311005 1
6313144 1
6314178 1
6314843 1
6314968 1
6315515 1
6318792 1
6339289 1
6344118 1
6344728 1
6348142 1
6356265 1
6364860 1
6375741 1
6378417 1
6381116 1
6382887 1
6388010 1
6389341 1
6396129 1
6396591 1
6412092 1
6416116 1
6419661 1
6436001 1
6436529 1
6439583 1
6449318 1
6455129 1
6459054 1
6459619 1
6459739 1
6465803 1
6474733 1
6477014 1
6484013 1
6484082 1
6490711 1
6492061 1
6492837 1
6492956 1
6493628 1
6501343 1
6503883 1
6507416 1
6531125 1
6534402 1
6538484 1
6539103 1
6550532 1
6554610 1
6560287 1
6568829 1
6572243 1
6575299 1
6577219 1
6583480 1
6583623 1
6591623 1
6595983 1
6609080 1
6617831 1
6619199 1
6621416 1
6621898 1
6624681 1
6633100 1
6638932 1
6644422 1
6647342 1
6655008 1
6657429 1
6663295 1
6663694 1
6671409 1
6675584 1
6675817 1
6677761 1
6687776 1
6692080 1
6692501 1
6692933 1
6703184 1
6703296 1
6704088 1
6719332 1
6733289 1
6735296 1
6736317 1
6741667 1
6747849 1
6751352 1
6753126 1
6754494 1
6755213 1
6755399 1
6759500 1
6779461 1
6783123 1
6783435 1
6790310 1
6792842 1
6793714 1
6796765 1
6800978 1
6808713 1
6812841 1
6812841 1
6813044 1
6824824 1
6829996 1
6833550 1
6834401 1
6834635 1
6838865 1
6843212 1
6844763 1
6845168 1
6845911 1
6847181 1
6849363 1
6849655 1
6849985 1
6850454 1
6851290 1
6851930 1
6854288 1
6865003 1
6866805 1
6867824 1
6868481 1
6869955 1
6873566 1
6878649 1
6879611 1
6891583 1
6891917 1
6892362 1
6892730 1
6892846 1
6894351 1
6897827 1
6899080 1
6904936 1
6915649 1
6916106 1
6916956 1
6928222 1
6930203 1
6930367 1
6935127 1
6943881 1
6944414 1
6944424 1
6950750 1
6954720 1
6955046 1
6958757 1
6965269 1
6973894 1
6986768 1
6991844 1
6993000 1
6993828 1
6995347 1
7000650 1
7001510 1
7002135 1
7004747 1
7010131 1
7018692 1
7026812 1
7027187 1
7053664 1
7054158 1
7058326 1
7060863 1
7065965 1
7066469 1
7066470 1
7073229 1
7073540 1
7081367 1
7086034 1
7087663 1
7090000 1
7099146 1
7100229 1
7101978 1
7108193 1
7108777 1
7111933 1
7114944 1
7120592 1
7123179 1
7124539 1
7126467 1
7136377 1
7137182 1
7143402 1
7153740 1
7153740 1
7154249 1
7159773 1
7163216 1
7172028 1
7175374 1
7175486 1
7180293 1
7191192 1
7200721 1
7205215 1
7220687 1
7225530 1
7225712 1
7235254 1
7243903 1
7249441 1
7250871 1
7271304 1
7279665 1
7283333 1
7293256 1
7295538 1
7302354 1
7305662 1
7305800 1
7307556 1
7311330 1
7311694 1
7312618 1
7316688 1
7321025 1
7322203 1
7324729 1
7332549 1
7333519 1
7338354 1
7338958 1
7341428 1
7341689 1
7341739 1
7342049 1
7347202 1
7347784 1
7356163 1
7359334 1
7361609 1
7372573 1
7374808 1
7375524 1
7378183 1
7378999 1
7379667 1
7380076 1
7382533 1
7385244 1
7390436 1
7392066 1
7393419 1
7393482 1
7395213 1
7399105 1
7400443 1
7401970 1
7403479 1
7406544 1
7412403 1
7414049 1
7425593 1
7435497 1
7441261 1
7459183 1
7459849 1
7463989 1
7464098 1
7465098 1
7466268 1
7466803 1
7472804 1
7482180 1
7485632 1
7490140 1
7506750 1
7512540 1
7514012 1
7514803 1
7518810 1
7525803 1
7526738 1
7533885 1
7535406 1
7535406 1
7540889 1
7554351 1
7555523 1
7558184 1
7573616 1
7585143 1
7589043 1
7594231 1
7599794 1
7605980 1
7613107 1
7622687 1
7631268 1
7638845 1
7639979 1
7641517 1
7642697 1
7643816 1
7654163 1
7671867 1
7694124 1
7696653 1
7697408 1
7700281 1
7702013 1
7705803 1
7705803 1
7728613 1
7735058 1
7738027 1
7744842 1
7746945 1
7756208 1
7760875 1
7761195 1
7761767 1
7777296 1
7791480 1
7795274 1
7796083 1
7800524 1
7800877 1
7801368 1
7819909 1
7825340 1
7826124 1
7829687 1
7830291 1
7833368 1
7835501 1
7835582 1
7842013 1
7849209 1
7851355 1
7852334 1
7857299 1
7869530 1
7871009 1
7871292 1
7880844 1
7886546 1
7889775 1
7890509 1
7891435 1
7900281 1
7903818 1
7911798 1
7915394 1
7924436 1
7925050 1
7925050 1
7929991 1
7931339 1
7931647 1
7936464 1
7937151 1
7945455 1
7950674 1
7957758 1
7969675 1
7971458 1
7979621 1
7983491 1
7984853 1
8000017 1
8006936 1
8007356 1
8013980 1
8015449 1
8024461 1
8029891 1
8034069 1
8037926 1
8042644 1
8044326 1
8045178 1
8052841 1
8053195 1
8053984 1
8061410 1
8066786 1
8072685 1
8073314 1
8080336 1
8082991 1
8083932 1
8084649 1
8098897 1
8103119 1
8103706 1
8107598 1
8108982 1
8110587 1
8113227 1
8113926 1
8123012 1
8124657 1
8125414 1
8127249 1
8140002 1
8142355 1
8143507 1
8144346 1
8153111 1
8164487 1
8171015 1
8179667 1
8203042 1
8203061 1
8212101 1
8215625 1
8216409 1
8219729 1
8226169 1
8238429 1
8257910 1
8264219 1
8267515 1
8276411 1
8280208 1
8289077 1
8297727 1
8300379 1
8309905 1
5823 1
44610 1
45662 1
52144 1
57234 1
58115 1
59147 1
76047 1
78458 1
81871 1
93462 1
94767 1
97452 1
98738 1
101625 1
115734 1
120077 1
122254 1
122508 1
127444 1
128540 1
139257 1
143081 1
143835 1
144588 1
146926 1
148453 1
149891 1
154157 1
156242 1
158076 1
163973 1
166487 1
168808 1
170159 1
173272 1
174350 1
175779 1
176126 1
176919 1
179786 1
180007 1
180832 1
183626 1
186260 1
192096 1
192707 1
208014 1
208926 1
213724 1
214429 1
216759 1
216933 1
217139 1
218644 1
219007 1
219585 1
220155 1
220590 1
221689 1
225232 1
226609 1
238745 1
244837 1
245036 1
245115 1
248631 1
253967 1
256250 1
262690 1
283079 1
289179 1
289765 1
290894 1
294465 1
303376 1
304056 1
304486 1
315759 1
333877 1
334179 1
334891 1
335939 1
339183 1
341899 1
345001 1
349740 1
352455 1
354683 1
362601 1
381930 1
382822 1
384470 1
385167 1
387960 1
387986 1
416207 1
416273 1
420675 1
424044 1
425578 1
425610 1
432471 1
436181 1
437727 1
451235 1
452141 1
453106 1
454158 1
459360 1
463281 1
468332 1
474654 1
482054 1
487177 1
489097 1
490339 1
501096 1
501796 1
502608 1
509804 1
511139 1
511418 1
512501 1
513658 1
521515 1
526791 1
535739 1
536101 1
537740 1
544820 1
547125 1
547199 1
550449 1
551288 1
551543 1
564265 1
574799 1
582376 1
582826 1
587353 1
587501 1
587531 1
599888 1
607062 1
610143 1
615081 1
617500 1
622942 1
626558 1
640112 1
643151 1
646692 1
650642 1
650827 1
652036 1
652741 1
654288 1
663452 1
665153 1
669845 1
671601 1
672204 1
672221 1
679160 1
692880 1
699145 1
711356 1
719087 1
729532 1
729945 1
743334 1
743503 1
743503 1
748638 1
766507 1
766522 1
769336 1
769354 1
771095 1
771629 1
786256 1
793934 1
801587 1
809402 1
825407 1
832497 1
837450 1
837965 1
847709 1
848826 1
850261 1
855751 1
862317 1
865176 1
866830 1
871682 1
875813 1
885687 1
886482 1
892334 1
896814 1
897043 1
897135 1
912244 1
913756 1
916988 1
917798 1
926094 1
930515 1
931533 1
931921 1
935888 1
943889 1
951838 1
954707 1
963841 1
966110 1
973430 1
975689 1
981395 1
981469 1
985827 1
986092 1
987059 1
987265 1
987265 1
987932 1
987986 1
992577 1
994214 1
998999 1
1002789 1
1007916 1
1007922 1
1008034 1
1009391 1
1015240 1
1017317 1
1018815 1
1019482 1
1032611 1
1038569 1
1044560 1
1047401 1
1050470 1
1051600 1
1054059 1
1054274 1
1060496 1
1064761 1
1064806 1
1070319 1
1077637 1
1078324 1
1079991 1
1084364 1
1089558 1
1095304 1
1098822 1
1101928 1
1103494 1
1107481 1
1108952 1
1109388 1
1110089 1
1117455 1
1121409 1
1131553 1
1141137 1
1145641 1
1148424 1
1149687 1
1161163 1
1164037 1
1164770 1
1166516 1
1170043 1
1171078 1
1172151 1
1174077 1
1174127 1
1174404 1
1178461 1
1181520 1
1184367 1
1184402 1
1189232 1
1190075 1
1191700 1
1195212 1
1195837 1
1201444 1
1203162 1
1203471 1
1207998 1
1211531 1
1219933 1
1226892 1
1233228 1
1242690 1
1249392 1
1250071 1
1255958 1
1259039 1
1259727 1
1261537 1
1261756 1
1268208 1
1272755 1
1272755 1
1284853 1
1286757 1
1294543 1
1295517 1
1300531 1
1307223 1
1309930 1
1315485 1
1316986 1
1320695 1
1321762 1
1323247 1
1332079 1
1332222 1
1334640 1
1336178 1
1341435 1
1345446 1
1348447 1
1359597 1
1368514 1
1370141 1
1379445 1
1382579 1
1383186 1
1385324 1
1387247 1
1390306 1
1402369 1
1412412 1
1417416 1
1420308 1
1421746 1
1424267 1
1425838 1
1435753 1
1442051 1
1444783 1
1444919 1
1450476 1
1451676 1
1452669 1
1460170 1
1461836 1
1463230 1
1463528 1
1466631 1
1470179 1
1475790 1
1478160 1
1478576 1
1480393 1
1482483 1
1494456 1
1494705 1
1495264 1
1496259 1
1506415 1
1508677 1
1515429 1
1521643 1
1524566 1
1525850 1
1528686 1
1530527 1
1534406 1
1534638 1
1540518 1
1544834 1
1552417 1
1553251 1
1558072 1
1559275 1
1562671 1
1563510 1
1569829 1
1578292 1
1585566 1
1586826 1
1589974 1
1591235 1
1593421 1
1598667 1
1599601 1
1606052 1
1613766 1
1618026 1
1618110 1
1621032 1
1624471 1
1635673 1
1640555 1
1641109 1
1641434 1
1646213 1
1647875 1
1647966 1
1648924 1
1649374 1
1651307 1
1652702 1
1658198 1
1661671 1
1666893 1
1667993 1
1668804 1
1670469 1
1673650 1
1676159 1
1678409 1
1695764 1
1704760 1
1706636 1
1714199 1
1714284 1
1715010 1
1717471 1
1717825 1
1724862 1
1725905 1
1727622 1
1731960 1
1732320 1
1734938 1
1741309 1
1742747 1
1745608 1
1747231 1
1761495 1
1762270 1
1764604 1
1765149 1
1767063 1
1788125 1
1788483 1
1788483 1
1791987 1
1806864 1
1818878 1
1832539 1
1834601 1
1844842 1
1846357 1
1852254 1
1852896 1
1854293 1
1858631 1
1861058 1
1868720 1
1873063 1
1885982 1
1886024 1
1892204 1
1894731 1
1897420 1
1897703 1
1899520 1
1920123 1
1921423 1
1926600 1
1937376 1
1941740 1
1962499 1
1969960 1
1970200 1
1975521 1
1978960 1
1986217 1
1997980 1
2003145 1
2007932 1
2010762 1
2016454 1
2021475 1
2022275 1
2026444 1
2029168 1
2046931 1
2056566 1
2061194 1
2063674 1
2063966 1
2064500 1
2065511 1
2067622 1
2073746 1
2074235 1
2075150 1
2078316 1
2082612 1
2090545 1
2091006 1
2093784 1
2096928 1
2106418 1
2117867 1
2118760 1
2132043 1
2139471 1
2159298 1
2160176 1
2164016 1
2164306 1
2166621 1
2185642 1
2186496 1
2193327 1
2195088 1
2195088 1
2201250 1
2201476 1
2206881 1
2210762 1
2216543 1
2230613 1
2235242 1
2235790 1
2236087 1
2248655 1
2251664 1
2265052 1
2266126 1
2267652 1
2268584 1
2272519 1
2276139 1
2279037 1
2280513 1
2292465 1
2294450 1
2297930 1
2300862 1
2304720 1
2319976 1
2323530 1
2325140 1
2332713 1
2333965 1
2335632 1
2336298 1
2339769 1
2340377 1
2341318 1
2349762 1
2354569 1
2382648 1
2387022 1
2396321 1
2398287 1
2410547 1
2411563 1
2411771 1
2424595 1
2425372 1
2440294 1
2443187 1
2444615 1
2458140 1
2458765 1
2469070 1
2485280 1
2485301 1
2491354 1
2494417 1
2505019 1
2506096 1
2506478 1
2508239 1
2509548 1
2512262 1
2513130 1
2514104 1
2514889 1
2523309 1
2524597 1
2532088 1
2532511 1
2532938 1
2534942 1
2543631 1
2547056 1
2556567 1
2557371 1
2560605 1
2561329 1
2563843 1
2564124 1
2565465 1
2566075 1
2566240 1
2570123 1
2579422 1
2588133 1
2594802 1
2607715 1
2634584 1
2636758 1
2638579 1
2640800 1
2647117 1
2651072 1
2651780 1
2656041 1
2661618 1
2663415 1
2664947 1
2684136 1
2688703 1
2689373 1
2694488 1
2696842 1
2706688 1
2713424 1
2720459 1
2721603 1
2728772 1
2731151 1
2731363 1
2753927 1
2757557 1
2760985 1
2764066 1
2773559 1
2782384 1
2786314 1
2788645 1
2795957 1
2800391 1
2801872 1
2805297 1
2810610 1
2816821 1
2829622 1
2833056 1
2833453 1
2835977 1
2849574 1
2849884 1
2850173 1
2852327 1
2857751 1
2858890 1
2863075 1
2875365 1
2877422 1
2882254 1
2885736 1
2886383 1
2888378 1
2889405 1
2903826 1
2906550 1
2914500 1
2914598 1
2915476 1
2915581 1
2916010 1
2918705 1
2920533 1
2923002 1
2923620 1
2940082 1
2940333 1
2940491 1
2947222 1
2955522 1
2960497 1
2964137 1
2971372 1
2971585 1
2972618 1
2989759 1
2992208 1
2998146 1
3008486 1
3011189 1
3020485 1
3023635 1
3036033 1
3042205 1
3044882 1
3048063 1
3050775 1
3058289 1
3067870 1
3076380 1
3077438 1
3086546 1
3094371 1
3095482 1
3098007 1
3101032 1
3108030 1
3108955 1
3114554 1
3117235 1
3125876 1
3131540 1
3145007 1
3146125 1
3146125 1
3154398 1
3161988 1
3166961 1
3167039 1
3174592 1
3175072 1
3182193 1
3187288 1
3194328 1
3194746 1
3195306 1
3195820 1
3196387 1
3198010 1
3199333 1
3201835 1
3221595 1
3221840 1
3223903 1
3227008 1
3236645 1
3246089 1
3249818 1
3250905 1
3256157 1
3260101 1
3260520 1
3268828 1
3271472 1
3271710 1
3272668 1
3276034 1
3277891 1
3281126 1
3285530 1
3293048 1
3316558 1
3320991 1
3321603 1
3327961 1
3328320 1
3329721 1
3334944 1
3336152 1
3339518 1
3339532 1
3343300 1
3383436 1
3384087 1
3384337 1
3391878 1
3392992 1
3393407 1
3395483 1
3407885 1
3413100 1
3414088 1
3426403 1
3432897 1
3433287 1
3433299 1
3436208 1
3442072 1
3445874 1
3449189 1
3450577 1
3451862 1
3452409 1
3455355 1
3467413 1
3469469 1
3470524 1
3472105 1
3472352 1
3472765 1
3472974 1
3473056 1
3478730 1
3487755 1
3493505 1
3494319 1
3496543 1
3504005 1
3508190 1
3508540 1
3512950 1
3513788 1
3520263 1
3532448 1
3536286 1
3543415 1
3546736 1
3547833 1
3553090 1
3563164 1
3572631 1
3578722 1
3589692 1
3590269 1
3594436 1
3600818 1
3611871 1
3612683 1
3620682 1
3630241 1
3640337 1
3640999 1
3641561 1
3643990 1
3652078 1
3655587 1
3662201 1
3665162 1
3670519 1
3676513 1
3683666 1
3693212 1
3697983 1
3700622 1
3704709 1
3708031 1
3709870 1
3722559 1
3731560 1
3731935 1
3750502 1
3750799 1
3756085 1
3771052 1
3777924 1
3780683 1
3786216 1
3788415 1
3789972 1
3790355 1
3792741 1
3802495 1
3808500 1
3813401 1
3815944 1
3821045 1
3828398 1
3831407 1
3832381 1
3836496 1
3837327 1
3846400 1
3863054 1
3864488 1
3867059 1
3868662 1
3872078 1
3873901 1
3877768 1
3882288 1
3884018 1
3897900 1
3898867 1
3900423 1
3907343 1
3909168 1
3914762 1
3919057 1
3927210 1
3936082 1
3953952 1
3959452 1
3969578 1
3973163 1
3973435 1
3975677 1
3996293 1
4002178 1
4002388 1
4010831 1
4013601 1
4015156 1
4021807 1
4026943 1
4028392 1
4029489 1
4029672 1
4032267 1
4033167 1
4045642 1
4048455 1
4051275 1
4056126 1
4066131 1
4066401 1
4068570 1
4071957 1
4088143 1
4088212 1
4089931 1
4094548 1
4109839 1
4117472 1
4136064 1
4137067 1
4137685 1
4143315 1
4143453 1
4150688 1
4157034 1
4172098 1
4172500 1
4174246 1
4178633 1
4183086 1
4184736 1
4188786 1
4189962 1
4190687 1
4192876 1
4196385 1
4197861 1
4206150 1
4207729 1
4208171 1
4211024 1
4212501 1
4214102 1
4214525 1
4221423 1
4225005 1
4228236 1
4251141 1
4253928 1
4255169 1
4258331 1
4262048 1
4268154 1
4273049 1
4273690 1
4273898 1
4275446 1
4275809 1
4279536 1
4279597 1
4280475 1
4283784 1
4290923 1
4298111 1
4298284 1
4301932 1
4306350 1
4311758 1
4325209 1
4326766 1
4331566 1
4335962 1
4337850 1
4342885 1
4345813 1
4349982 1
4351437 1
4357078 1
4363131 1
4369782 1
4386660 1
4396249 1
4399291 1
4403205 1
4410438 1
4423381 1
4425358 1
4427204 1
4438926 1
4447536 1
4447675 1
4450809 1
4454087 1
4459757 1
4466289 1
4470117 1
4470616 1
4472443 1
4502328 1
4504434 1
4512814 1
4515518 1
4524553 1
4525691 1
4534780 1
4537464 1
4538916 1
4541402 1
4549717 1
4554520 1
4558753 1
4569197 1
4575820 1
4578742 1
4579561 1
4581465 1
4587395 1
4589341 1
4597055 1
4609011 1
4617376 1
4620347 1
4633129 1
4640766 1
4654792 1
4659595 1
4661121 1
4662052 1
4672116 1
4673346 1
4683331 1
4685730 1
4690522 1
4694345 1
4695939 1
4697489 1
4700885 1
4707141 1
4710764 1
4714933 1
4715112 1
4730424 1
4734010 1
4740941 1
4742698 1
4761420 1
4761865 1
4765613 1
4775807 1
4776500 1
4779954 1
4786233 1
4787709 1
4792115 1
4798189 1
4798919 1
4799066 1
4802702 1
4804932 1
4808245 1
4812031 1
4814103 1
4816121 1
4825649 1
4826562 1
4826807 1
4836326 1
4838259 1
4853887 1
4854566 1
4862969 1
4863186 1
4869224 1
4870165 1
4874868 1
4878887 1
4883430 1
4883612 1
4897775 1
4905145 1
4905821 1
4911600 1
4913501 1
4920970 1
4921958 1
4923057 1
4923465 1
4929901 1
4936672 1
4945120 1
4947649 1
4948065 1
4953140 1
4954750 1
4957717 1
4965364 1
4965973 1
4967398 1
4972756 1
4973948 1
4979363 1
4979534 1
4980061 1
4981642 1
4988528 1
4990924 1
4993847 1
5013312 1
5013361 1
5013881 1
5014300 1
5016970 1
5018173 1
5019450 1
5025912 1
5028849 1
5030721 1
5032464 1
5036920 1
5037727 1
5038130 1
5042089 1
5043301 1
5044232 1
5048048 1
5048955 1
5049757 1
5051383 1
5051804 1
5064068 1
5069258 1
5069962 1
5074527 1
5078703 1
5085637 1
5091378 1
5109762 1
5119324 1
5139198 1
5147952 1
5151559 1
5157358 1
5157699 1
5160195 1
5163756 1
5163978 1
5169346 1
5172608 1
5180996 1
5187137 1
5188114 1
5202270 1
5208028 1
5221572 1
5221854 1
5226443 1
5229938 1
5230592 1
5233877 1
5235442 1
5238926 1
5239548 1
5241899 1
5251914 1
5257802 1
5257964 1
5262247 1
5268174 1
5268936 1
5275069 1
5276110 1
5283442 1
5283948 1
5285889 1
5306518 1
5313521 1
5315329 1
5316241 1
5319046 1
5326036 1
5332529 1
5335734 1
5338604 1
5354797 1
5355475 1
5360900 1
5362257 1
5366618 1
5368376 1
5376726 1
5378303 1
5381687 1
5383251 1
5407749 1
5410634 1
5414256 1
5416554 1
5417226 1
5423831 1
5424870 1
5427099 1
5430738 1
5436063 1
5443500 1
5451016 1
5455834 1
5456719 1
5463472 1
5475663 1
5476030 1
5492568 1
5494931 1
5494963 1
5505259 1
5506879 1
5509791 1
5511035 1
5516803 1
5518568 1
5520901 1
5526489 1
5527573 1
5529982 1
5536827 1
5539226 1
5552070 1
5559501 1
5571836 1
5576958 1
5579607 1
5579932 1
5592506 1
5605375 1
5605377 1
5605888 1
5611258 1
5613975 1
5616367 1
5618635 1
5619931 1
5630070 1
5635120 1
5636801 1
5639632 1
5643050 1
5645561 1
5647178 1
5657735 1
5662642 1
5663771 1
5664808 1
5676419 1
5679470 1
5684503 1
5688373 1
5689567 1
5691658 1
5692646 1
5699910 1
5700520 1
5701510 1
5703081 1
5710766 1
5716293 1
5716530 1
5716583 1
5719353 1
5719856 1
5736431 1
5742049 1
5746364 1
5761878 1
5765825 1
5766151 1
5768936 1
5775453 1
5782141 1
5783943 1
5788652 1
5789216 1
5796261 1
5796920 1
5798940 1
5802145 1
5809585 1
5811881 1
5819567 1
5823616 1
5824016 1
5824586 1
5840731 1
5853262 1
5857100 1
5862112 1
5864880 1
5871212 1
5874030 1
5874649 1
5878148 1
5881330 1
5882908 1
5885886 1
5890639 1
5892696 1
5897916 1
5906788 1
5912508 1
5912872 1
5916085 1
5916854 1
5921226 1
5929262 1
5929778 1
5936019 1
5936252 1
5942827 1
5962349 1
5963828 1
5964670 1
5968548 1
5970505 1
5984182 1
5984674 1
5985139 1
5986953 1
5987430 1
5992024 1
5999038 1
5999081 1
6003929 1
6006192 1
6006901 1
6019272 1
6027079 1
6028957 1
6029461 1
6033212 1
6033621 1
6034670 1
6040275 1
6045055 1
6054385 1
6060097 1
6067429 1
6069159 1
6078884 1
6085372 1
6089102 1
6092508 1
6092824 1
6097915 1
6098447 1
6111741 1
6113543 1
6116425 1
6126210 1
6126236 1
6138102 1
6143375 1
6151394 1
6160085 1
6164018 1
6164018 1
6171422 1
6173921 1
6178372 1
6179100 1
6181281 1
6182640 1
6184376 1
6187799 1
6190391 1
6198326 1
6207045 1
6208148 1
6224634 1
6225628 1
6227954 1
6238942 1
6239801 1
6239807 1
6253796 1
6261351 1
6268623 1
6269924 1
6277632 1
6286303 1
6290748 1
6306043 1
6314985 1
6320954 1
6325994 1
6326813 1
6327501 1
6331995 1
6337999 1
6341526 1
6344431 1
6345562 1
6353756 1
6356537 1
6365674 1
6366088 1
6366381 1
6374904 1
6378255 1
6379240 1
6380178 1
6381323 1
6381435 1
6389200 1
6392250 1
6399362 1
6401332 1
6405148 1
6408139 1
6411366 1
6415116 1
6426123 1
6435298 1
6449353 1
6450984 1
6459751 1
6468845 1
6475124 1
6475537 1
6477282 1
6478223 1
6487874 1
6488993 1
6498770 1
6499367 1
6500193 1
6500598 1
6501120 1
6501444 1
6504973 1
6505640 1
6517537 1
6520135 1
6523338 1
6528738 1
6530583 1
6533528 1
6535681 1
6554981 1
6557406 1
6558761 1
6563469 1
6565526 1
6577860 1
6580081 1
6581512 1
6586411 1
6590745 1
6598172 1
6600754 1
6602158 1
6606083 1
6609990 1
6611015 1
6619877 1
6622724 1
6625800 1
6628933 1
6631595 1
6635234 1
6640333 1
6641695 1
6644485 1
6645945 1
6646090 1
6656263 1
6658056 1
6667626 1
6672901 1
6674976 1
6679871 1
6684345 1
6686417 1
6686806 1
6686838 1
6695435 1
6698517 1
6717593 1
6719900 1
6741808 1
6743021 1
6743334 1
6748222 1
6750162 1
6750753 1
6751300 1
6753086 1
6753736 1
6755844 1
6760603 1
6762500 1
6763124 1
6766486 1
6768919 1
6788615 1
6789971 1
6797217 1
6798110 1
6803552 1
6811887 1
6813278 1
6817998 1
6818168 1
6819534 1
6825563 1
6825704 1
6832345 1
6842510 1
6842846 1
6844422 1
6847654 1
6848233 1
6848647 1
6860490 1
6863081 1
6865335 1
6868180 1
6869490 1
6869495 1
6869862 1
6869954 1
6870262 1
6870276 1
6874122 1
6888376 1
6892112 1
6899336 1
6900066 1
6906917 1
6922330 1
6922841 1
6924205 1
6926209 1
6928098 1
6930945 1
6931154 1
6931418 1
6937195 1
6937514 1
6937861 1
6938021 1
6940330 1
6949302 1
6958847 1
6961067 1
6961069 1
6962631 1
6965494 1
6976198 1
6979918 1
6982824 1
6983285 1
6988052 1
6988112 1
7007561 1
7018118 1
7020726 1
7020726 1
7027577 1
7031410 1
7034718 1
7036904 1
7036904 1
7037758 1
7038564 1
7039596 1
7044355 1
7047401 1
7047550 1
7049030 1
7050932 1
7053714 1
7054080 1
7057916 1
7059718 1
7064936 1
7065769 1
7066336 1
7069391 1
7075551 1
7086972 1
7101295 1
7102375 1
7109901 1
7119694 1
7121742 1
7124742 1
7126124 1
7134738 1
7136640 1
7141344 1
7146884 1
7148193 1
7154312 1
7158874 1
7164042 1
7166327 1
7168374 1
7173342 1
7175473 1
7186550 1
7187348 1
7187984 1
7196016 1
7198407 1
7212564 1
7215274 1
7226961 1
7230399 1
7231103 1
7234573 1
7239607 1
7257811 1
7259761 1
7271243 1
7273459 1
7274614 1
7275454 1
7280732 1
7283483 1
7291017 1
7292068 1
7292861 1
7293835 1
7294824 1
7295581 1
7301932 1
7303471 1
7304170 1
7310263 1
7314307 1
7318111 1
7318712 1
7319829 1
7321569 1
7323054 1
7325077 1
7326524 1
7326743 1
7333544 1
7333917 1
7336270 1
7336901 1
7338644 1
7342302 1
7351069 1
7364105 1
7367594 1
7367970 1
7372679 1
7372822 1
7376860 1
7381528 1
7384023 1
7389543 1
7390831 1
7391316 1
7391891 1
7393137 1
7396432 1
7399641 1
7399699 1
7405097 1
7412965 1
7415492 1
7420979 1
7422767 1
7424950 1
7426524 1
7433060 1
7437872 1
7439232 1
7439916 1
7441525 1
7450696 1
7452117 1
7461904 1
7462263 1
7473300 1
7473929 1
7474058 1
7474514 1
7483372 1
7493503 1
7494444 1
7501691 1
7505676 1
7509442 1
7510496 1
7511193 1
7513449 1
7520540 1
7534828 1
7538025 1
7538689 1
7540705 1
7542363 1
7551298 1
7555737 1
7561493 1
7569218 1
7576044 1
7576190 1
7576552 1
7581276 1
7595314 1
7599342 1
7600169 1
7604502 1
7607163 1
7607242 1
7613786 1
7617006 1
7622696 1
7627327 1
7634369 1
7634839 1
7637844 1
7642169 1
7642951 1
7649381 1
7654515 1
7663432 1
7664348 1
7666278 1
7671230 1
7672053 1
7682836 1
7691088 1
7701203 1
7705954 1
7715127 1
7717218 1
7727225 1
7729474 1
7729708 1
7730327 1
7730444 1
7733451 1
7733707 1
7739329 1
7751938 1
7755265 1
7756440 1
7767184 1
7785351 1
7785469 1
7787294 1
7790465 1
7801745 1
7810119 1
7810441 1
7828181 1
7828814 1
7838396 1
7838654 1
7838658 1
7840321 1
7844101 1
7850143 1
7850232 1
7854575 1
7862833 1
7870405 1
7872064 1
7877984 1
7881794 1
7888370 1
7892895 1
7893359 1
7893712 1
7895338 1
7897454 1
7897455 1
7900401 1
7905538 1
7907325 1
7915683 1
7918198 1
7919976 1
7922258 1
7929238 1
7931375 1
7933730 1
7937711 1
7938123 1
7938827 1
7943916 1
7956881 1
7957460 1
7958348 1
7959790 1
7960663 1
7962781 1
7964923 1
7970088 1
7970802 1
7974305 1
7980021 1
7982002 1
7995107 1
7997194 1
7997996 1
7998438 1
7999884 1
8004212 1
8005724 1
8008771 1
8012411 1
8027166 1
8028051 1
8028955 1
8029363 1
8033542 1
8035508 1
8035951 1
8050838 1
8053170 1
8054171 1
8054634 1
8057062 1
8059699 1
8063184 1
8064884 1
8075338 1
8077269 1
8077662 1
8082969 1
8083686 1
8090841 1
8102257 1
8105782 1
8107032 1
8107784 1
8113059 1
8115660 1
8117338 1
8118518 1
8133133 1
8135427 1
8139870 1
8141451 1
8150386 1
8151216 1
8151296 1
8155236 1
8155684 1
8156067 1
8156984 1
8157870 1
8171453 1
8185731 1
8186980 1
8190722 1
8191299 1
8195213 1
8202524 1
8207506 1
8214048 1
8218791 1
8219507 1
8219516 1
8220112 1
8222791 1
8223824 1
8227025 1
8237443 1
8242926 1
8248184 1
8257706 1
8276919 1
8285640 1
8286089 1
8293486 1
8294085 1
8298168 1
8301288 1
8301288 1
13498 1
26778 1
48272 1
50778 1
55328 1
61583 1
68408 1
116769 1
119574 1
150898 1
152974 1
169949 1
177555 1
209114 1
216597 1
224641 1
249736 1
276620 1
280877 1
296499 1
302755 1
305685 1
308955 1
316243 1
322669 1
325006 1
334407 1
340403 1
348238 1
362290 1
389307 1
486521 1
496157 1
506266 1
535577 1
551957 1
558882 1
582227 1
632301 1
652430 1
660370 1
676752 1
687177 1
712040 1
727754 1
728021 1
728960 1
734278 1
773940 1
812611 1
820168 1
847890 1
850265 1
856016 1
869828 1
872175 1
890359 1
909541 1
920136 1
927717 1
937938 1
950386 1
965169 1
980383 1
985353 1
1011297 1
1030580 1
1035263 1
1046013 1
1061122 1
1063301 1
1066752 1
1074133 1
1081664 1
1085352 1
1099188 1
1099477 1
1102459 1
1103686 1
1106849 1
1116620 1
1133557 1
1167798 1
1171967 1
1180305 1
1189176 1
1190395 1
1202506 1
1219275 1
1231370 1
1268389 1
1274667 1
1297507 1
1298533 1
1300166 1
1304643 1
1305705 1
1314257 1
1314917 1
1322532 1
1333022 1
1333634 1
1361520 1
1369898 1
1374169 1
1429974 1
1437230 1
1445916 1
1446578 1
1448641 1
1458895 1
1470508 1
1471311 1
1471844 1
1474461 1
1493076 1
1515770 1
1519235 1
1539186 1
1555885 1
1570497 1
1571276 1
1592433 1
1597314 1
1599763 1
1606984 1
1609710 1
1609837 1
1636487 1
1639990 1
1654566 1
1662007 1
1697420 1
1704007 1
1725861 1
1773384 1
1788103 1
1789858 1
1790408 1
1793603 1
1794128 1
1803221 1
1822725 1
1862303 1
1869338 1
1882658 1
1889289 1
1901099 1
1910199 1
1935917 1
1945282 1
1949101 1
1952856 1
1963293 1
1969505 1
1971683 1
1981747 1
1997210 1
2016848 1
2019672 1
2020704 1
2036036 1
2058515 1
2070136 1
2072878 1
2078225 1
2097386 1
2120007 1
2130628 1
2157422 1
2209075 1
2233949 1
2298362 1
2299108 1
2305799 1
2312995 1
2377481 1
2386942 1
2391848 1
2396661 1
2431606 1
2433156 1
2442379 1
2445851 1
2453962 1
2528424 1
2529346 1
2542733 1
2562039 1
2572632 1
2614508 1
2616510 1
2617056 1
2635203 1
2648384 1
2654721 1
2665074 1
2667553 1
2669803 1
2674644 1
2675598 1
2676050 1
2730095 1
2731246 1
2733538 1
2739095 1
2762816 1
2779714 1
2804757 1
2818737 1
2821857 1
2832225 1
2850201 1
2858422 1
2870375 1
2884438 1
2889975 1
2909896 1
2932570 1
2939087 1
2939384 1
2959779 1
2960920 1
2961280 1
2972410 1
2974155 1
2974369 1
3010110 1
3027782 1
3099528 1
3103022 1
3105197 1
3108022 1
3113534 1
3126703 1
3192291 1
3201957 1
3204572 1
3234428 1
3252231 1
3255927 1
3271158 1
3271586 1
3278688 1
3283734 1
3285749 1
3296148 1
3296373 1
3296374 1
3296798 1
3370871 1
3397064 1
3422704 1
3427315 1
3429582 1
3444971 1
3449117 1
3485590 1
3515218 1
3517247 1
3517418 1
3537509 1
3537741 1
3572970 1
3616007 1
3631603 1
3646750 1
3660026 1
3665932 1
3695902 1
3713735 1
3721891 1
3776335 1
3801666 1
3803419 1
3821689 1
3832499 1
3839992 1
3846808 1
3847098 1
3865620 1
3874365 1
3881261 1
3965365 1
3995696 1
3995705 1
4009550 1
4024676 1
4028238 1
4028528 1
4040441 1
4065460 1
4091677 1
4092097 1
4093060 1
4093097 1
4110058 1
4113183 1
4141245 1
4142854 1
4154877 1
4165039 1
4209658 1
4211289 1
4221347 1
4278320 1
4278406 1
4297330 1
4308365 1
4318687 1
4331724 1
4333699 1
4348885 1
4349707 1
4396549 1
4442236 1
4459698 1
4465831 1
4475641 1
4513584 1
4519525 1
4530854 1
4536735 1
4551613 1
4579443 1
4581084 1
4608510 1
4611265 1
4611854 1
4622206 1
4640780 1
4651462 1
4669526 1
4703527 1
4724158 1
4741742 1
4763840 1
4769670 1
4802042 1
4824046 1
4826728 1
4891576 1
4906796 1
4923430 1
4931194 1
4936964 1
4942803 1
4948199 1
4960033 1
4979912 1
4992720 1
5112603 1
5118339 1
5131229 1
5164504 1
5169792 1
5183330 1
5194551 1
5201463 1
5242335 1
5247324 1
5276278 1
5281391 1
5284661 1
5325627 1
5334964 1
5355878 1
5370405 1
5381887 1
5421794 1
5422653 1
5441885 1
5468801 1
5469437 1
5483453 1
5492744 1
5543562 1
5555291 1
5557965 1
5561420 1
5586045 1
5589106 1
5639525 1
5650138 1
5675547 1
5686783 1
5696644 1
5709756 1
5729899 1
5752311 1
5761346 1
5765703 1
5768939 1
5805582 1
5824515 1
5841112 1
5842232 1
5844059 1
5852046 1
5868489 1
5874629 1
5878494 1
5879541 1
5891398 1
5900012 1
5918734 1
5920020 1
5945447 1
5952098 1
5962758 1
5973604 1
5992756 1
6008515 1
6024141 1
6026166 1
6039475 1
6045834 1
6045864 1
6049906 1
6055373 1
6056066 1
6064905 1
6065102 1
6099042 1
6128878 1
6146664 1
6157346 1
6158022 1
6185469 1
6193717 1
6224757 1
6227385 1
6234802 1
6236924 1
6260559 1
6269161 1
6271533 1
6279354 1
6281224 1
6308865 1
6310992 1
6354720 1
6356498 1
6362515 1
6366306 1
6376394 1
6380961 1
6384308 1
6385586 1
6406558 1
6437473 1
6472819 1
6475108 1
6497573 1
6502532 1
6518632 1
6524595 1
6526004 1
6527224 1
6557718 1
6558640 1
6575643 1
6587125 1
6599846 1
6610921 1
6614601 1
6619504 1
6619977 1
6649813 1
6710211 1
6718525 1
6756313 1
6758340 1
6766438 1
6775280 1
6791666 1
6796385 1
6803051 1
6834089 1
6834609 1
6841569 1
6892532 1
6892663 1
6897251 1
6900955 1
6903010 1
6907797 1
6908873 1
6924556 1
6926500 1
6943989 1
6947141 1
6971219 1
6974806 1
6988238 1
6991429 1
7055290 1
7060520 1
7061320 1
7063489 1
7082769 1
7105805 1
7107668 1
7109685 1
7118248 1
7122051 1
7126043 1
7156296 1
7168743 1
7178890 1
7188912 1
7193244 1
7211614 1
7230787 1
7231501 1
7236909 1
7253556 1
7289284 1
7291120 1
7293558 1
7303711 1
7330640 1
7333810 1
7337400 1
7339832 1
7340224 1
7341009 1
7394567 1
7395408 1
7401865 1
7439350 1
7441447 1
7494807 1
7542607 1
7550820 1
7573411 1
7584199 1
7585217 1
7595022 1
7619477 1
7625946 1
7636316 1
7648916 1
7668106 1
7704579 1
7707397 1
7741348 1
7761492 1
7822169 1
7832198 1
7849051 1
7849591 1
7849598 1
7869315 1
7888685 1
7892981 1
7894312 1
7901236 1
7909106 1
7920253 1
7931573 1
7944744 1
7948253 1
7950763 1
7992648 1
7997420 1
8007332 1
8027216 1
8031377 1
8058010 1
8060290 1
8061698 1
8084066 1
8100737 1
8108898 1
8109672 1
8112446 1
8118499 1
8119308 1
8163329 1
8189949 1
8218697 1
8255363 1
8265792 1
8288159 1
8298615 1
